07285 75631 96565 68353 50679 29068 23028 40446 68510 06009
80534 79595 64848 99365 62486 05141 68954 55466 45126 07509
92225 79505 77208 71467 12947 12643 83541 60962 73512 89820
54683 51543 34166 12433 14049 38886 43050 94095 89133 22138
84507 82644 84687 32055 54927 80715 44772 67704 80612 74885
61514 41999 21910 28784 95418 41256 34224 72739 84076 61165
88943 41359 86464 98367 62138 79785 07015 38622 66442 96156
43474 26170 75472 95680 63684 41011 89941 21490 15045 29512
69632 77099 23829 38507 86707 63377 07840 70800 87330 71265
52286 91086 97950 18429 61822 40730 36735 88396 13756 15332
22787 78642 77772 10121 76381 23100 56658 37725 75027 86561
85834 41220 33922 10434 56676 22411 84639 49801 67940 00536
95028 12286 15757 21008 50703 68108 38796 97139 23171 22182
38204 76491 17304 79100 92848 33490 91674 70218 67585 21138
67250 34236 55203 49152 62609 24053 30255 23937 01970 33334
69520 19033 57810 59933 21218 73574 47135 70958 49968 70460
38983 16634 95273 28660 10849 60357 98294 11977 35727 55905
93451 52509 89083 55498 39091 52358 75709 86311 84887 65400
60071 36498 99846 32012 93082 19416 83384 70291 55724 38363
97517 83039 41007 90468 77740 28687 94318 27189 71005 56249
77218 55701 75657 89361 87696 74055 60550 57792 82236 38454
38981 72266 15923 44513 70411 27302 99687 37833 97327 38933
25968 58219 33637 42055 15709 56828 33115 37340 22859 71833
84217 69593 35044 20767 68531 88629 44795 72925 10096 93625
58559 15116 78177 65808 39897 87439 46251 13113 89193 82987
48883 90458 24000 14646 66706 49467 15761 15399 53261 35226
13582 96723 06911 94819 83714 14847 75266 09110 22832 39781
34965 19216 32224 48302 69290 47895 66105 05843 30349 98950
16111 62281 25729 29264 78089 81671 76442 45448 55003 34555
43187 00082 10735 10227 08584 25249 20170 47784 69637 39676
76408 81058 44693 48987 60000 29778 89305 91624 56436 64325
17648 36012 49328 57001 39006 17725 87288 70755 45650 20284
84187 86673 22681 59513 41227 19977 15932 50276 00148 94494
28470 85981 46887 96526 83309 99072 68594 10443 22297 64710
32520 34280 33138 18892 50457 62285 16021 43205 77321 82631
72983 92653 81977 76237 15789 34917 72664 74138 72429 64946
91976 65849 28033 78321 78945 91715 80807 64573 86686 43958
12574 76597 52792 24038 13195 48433 48836 54989 52854 39693
74178 87228 65544 22198 77896 54704 74769 59606 86495 32801
21104 29105 60070 96119 11219 76564 99864 62081 11412 50809
14859 21332 59404 74898 88502 14248 41458 53089 54361 67804
23071 32298 32219 26269 82051 67802 34648 83850 17540 64319
78877 94303 67869 37702 46053 71892 51417 97485 03339 72105
63101 64794 75862 57782 26340 48541 57588 86134 98842 90611
04796 00310 58430 38204 34584 45079 80056 52036 27458 97488
69426 44565 84715 85622 27677 11642 68956 32190 19246 39078
92375 32565 35718 66316 83790 18973 46744 26097 33396 60079
16411 53628 21165 71080 33164 34249 92764 20229 12198 17817
96925 72652 70033 30532 25127 07569 89684 34762 53767 44866
15498 60307 74444 07643 78542 19767 98088 41792 19130 41021
58232 18353 71144 52703 43990 39625 92915 84655 58711 50297
63465 40940 19988 23053 81113 60999 38258 96950 30294 71856
59925 93748 51656 96651 16062 40665 28847 80710 86105 75462
30137 57974 79245 66512 70717 79725 21095 58767 91733 32374
26248 97979 65869 46678 33432 21872 30686 50050 72467 22478
58331 98467 58808 37849 72404 48870 34327 27805 20077 87640
26554 56279 76823 71043 96203 70593 88734 48146 33618 99793
54160 47853 64751 19378 22140 58008 83278 77744 35921 95634
79980 92110 68420 89208 69344 14780 03364 25843 26871 28930
47101 52064 72777 98169 29522 48064 17884 00276 22224 88635
20293 72689 66756 27375 33605 20112 83836 01720 29014 58456
35939 14237 48815 13902 55007 04366 92537 97463 09667 13023
20761 95964 21672 10198 05167 84266 75319 47263 52810 83020
13939 57992 46454 56095 51478 68229 94426 35695 15664 71661
29947 76891 14069 39033 64184 29189 69577 07715 94798 25627
67257 10717 86348 72831 24514 40947 72924 43782 18230 89184
45899 75727 71217 14612 58960 52885 12169 29239 99139 46025
67021 89949 15475 56684 48518 36042 53124 92081 24939 16208
62098 27014 48490 31245 56085 14370 10558 57055 53654 85776
94726 78158 80540 27415 45436 59737 68468 41044 93325 69453
11800 72217 11793 15392 38185 82158 02393 59784 07259 96611
13821 40159 74706 20187 84559 07559 34704 44188 01130 21148
09892 88296 50158 89857 74585 84509 96731 05792 25097 39400
22146 62305 60660 48195 19465 83999 80101 13144 81596 14378
67303 51074 54330 16990 31066 27753 19838 78337 14539 57046
18489 72179 13764 41888 92500 34762 48132 53673 02353 59909
16700 75990 85707 92463 66766 30420 59040 38474 88948 98876
76424 69050 57407 35210 82557 40729 38063 23851 37030 83229
58560 74717 88783 23535 96802 45695 32221 22013 63275 30335
92985 85156 50295 98932 90249 75872 12163 38089 17400 63432
97388 18867 96885 78708 92291 33291 68805 43914 17237 40023
99462 55831 42020 18641 40969 77168 77524 72342 33727 22571
18871 68374 14768 22537 57016 35467 96090 05895 33204 88835
81319 42600 14659 29677 92573 05279 24250 35873 64445 81705
64119 66977 49990 84233 49250 27538 76248 06549 69042 77716
15012 00288 84672 28709 11154 75833 25495 04948 44137 45203
17872 82875 21304 27103 81404 09165 41915 95569 34722 38486
27094 96793 28297 04037 31900 35061 04661 26488 22437 16990
83105 64630 61518 46135 56221 14981 03361 60143 47888 71666
14779 09132 34857 87701 04597 18275 91826 76391 67623 76053
91216 18256 23971 20882 04869 59440 55734 15341 03528 57337
22167 29181 15143 77013 16533 29582 95749 85109 55708 81293
89519 66191 46572 81412 52486 81846 53241 42412 66422 20567
21818 89176 90478 91846 10174 74275 55153 65553 80600 51894
58292 58997 70119 10636 96877 15123 33902 22884 55862 00930
70670 97484 64710 23171 00513 10047 39028 07843 31376 19081
88001 64431 57280 19708 39036 76308 48556 14707 55982 90899
51036 19855 69986 70074 51124 87400 90312 03041 67679 38935
44548 66035 68635 86058 26702 34577 67300 11896 12799 40120
15232 51144 08894 48625 76338 47774 39925 92949 01208 43932
95496 92520 33617 72567 56355 63106 13014 39927 75661 91014
85585 90155 43891 20740 63600 12242 18501 81668 95872 50010
15657 74957 84760 41446 80214 80169 76064 12118 58996 85281
80928 10662 12404 46460 23970 80151 59145 54920 88471 98321
85405 25652 23456 47088 12730 11830 45980 23552 12701 62503
77382 10456 43731 08179 09332 43700 26522 30012 94930 69360
27836 39217 47884 77394 11212 89361 63013 92468 46410 82744
98091 56226 64369 62423 12013 24291 00134 20369 82143 96954
81925 80559 25620 06609 88755 56325 28072 93573 83771 99827
04098 79311 61179 94434 11508 45721 83596 19788 80498 68969
30114 02813 99807 42204 40676 45666 22144 64502 49559 70237
84446 43157	87298 50296	97373 98418 30032 96989 89104 86409
95320 83564 82417 08426 34714 51111 98805 35721 41269 16399
40097 46586 49262 75090 65143 81768 35226 17243 04569 92054
18368 56602 59473 56986 77014 11847 11320 26403 20807 56046
64104 44592 15934 63241 90171 90666 57621 13084 68543 56998
18697 31004 37185 11413 38024 94928 69008 68060 46574 38480
54158 21797 88383 54293 18230 64733 56507 71107 25181 96177
35559 97411 79007 91073 94772 98655 33052 81106 60396 91439
42073 53779 57990 94051 58075 70368 22825 96479 38965 19748
48814 52603 13844 91520 36924 84388 63451 95605 32656 49698
70188 26880 26965 48983 76935 60511 11489 99227 56575 62051
74199 40035 94159 80964 78756 81912 68786 89830 13567 62704
43588 56546 87372 22830 84460 48152 57831 89262 77658 66137
66199 26943 68250 98498 02009 76667 78165 29455 53800 97974
20338 79686 01653 96941 24439 84246 12971 45650 46828 41023
63336 28663 62582 42743 46621 85201 67919 00080 19581 01632
86268 61810 56061 57530 57229 29980 03058 44093 78342 08519
29541 57484 02686 26893 86571 14483 89473 86848 96838 19730
76485 07970 89336 15970 76186 05649 00629 85020 13972 08097
40362 45540 74550 01073 84428 33217 16289 05706 34712 58143
45103 05004 67366 44666 72261 31498 95616 82042 24699 69081
88169 99297 50638 92622 28552 51399 84883 97039 32515 31668
62805 38794 84473 03120 81835 30471 68512 88595 92749 88674
13205 71979 20938 10107 98588 74629 79820 89343 20096 31150
76675 44950 75530 33481 43003 79175 19244 88930 78254 51607
65442 22881 53208 43439 34256 36735 47653 11991 40693 08931
57260 63558 77844 41030 37184 72906 91563 26214 16305 11200
82475 96759 37544 09796 30027 99191 11338 59602 35680 79122
59654 83301 38260 49311 82055 21736 66131 07724 94987 33053
02110 30396 76102 97712 86507 29712 95603 45158 56195 32269
81289 14817 34174 96544 57966 42658 49245 14591 98315 72418
60426 17135 42877 87451 31240 80633 89981 24692 46807 79241
85052 28801 87788 24902 87583 88616 44860 35291 18005 07484
98163 18232 45748 66191 73812 28296 65307 99338 09612 60717
99796 17641 10039 37332 58663 27174 47849 71753 43283 46096
28122 16164 23601 42794 12385 41239 94336 20578 75682 11783
50757 31312 92828 21231 64964 00232 25573 23655 52898 65763
36342 53654 22542 91496 65190 40790 59819 00836 26156 90146
41369 54356 31402 03379 88016 68219 40517 02267 44620 12835
31744 04515 63606 23265 25558 02790 22889 95443 50148 50565
36855 76193 29021 85021 91845 48659 93217 35808 91086 46516
36076 35426 93521 61359 45764 14855 34406 93548 66569 63601
03898 92736 25313 36040 47657 10568 50996 90825 67510 36792
67053 40508 47589 86180 16690 78653 55970 44095 78346 30037
57677 65120 49441 31943 37029 24785 95291 76486 50501 28535
41851 26575 55620 34137 54897 80831 92207 13849 92958 16193
56260 50207 77978 90926 61266 34269 59833 82796 20784 73535
76504 87689 64853 55849 73426 36802 67473 33831 32042 88019
03475 38332 70137 64583 09173 04251 84712 70931 03617 61888
05270 32870 47722 78292 51052 83794 21335 05195 71505 57393
57695 64170 42664 50928 98855 89934 39580 58528 16416 52387
24681 05089 20369 93256 11151 25071 04117 14650 97958 19183
96585 75601 11380 73651 62272 59125 31411 51909 83845 47064
48072 58296 03475 88942 09567 69372 04298 08001 72409 82559
34033 87991 61989 26802 60591 80668 67764 44426 34724 53286
20824 79258 42355 13515 89342 93185 38537 07139 81602 43074
94586 28031 04077 80501 88527 38733 14108 57671 76899 02223
50965 39599 58255 16643 76243 97564 63096 07713 71078 19843
64967 43296 49434 61542 87997 86206 08135 45476 48032 10591
61383 07577 68037 98166 93057 36032 37816 32874 13684 17762
01960 04800 44335 94601 16853 66163 40305 70431 93689 38047
91314 78303 53662 45769 85946 93376 34996 24609 85789 54390
97708 09937 05137 88702 47375 95884 99853 28010 43906 94783
35488 01869 97497 80468 08328 44908 71471 77213 37853 04253
47253 55121 58364 63257 13405 10261 34301 19368 95390 87505
17039 81210 37093 44195 73698 74573 57255 20312 83838 29799
20113 63189 26815 21081 91950 86130 86542 44711 40550 52571
93814 54331 79820 03155 13322 18946 18059 09409 48138 45021
33668 33628 07591 18160 27474 75721 99817 77639 20206 43720
72229 91314 38008 31619 10644 79104 69732 73338 00250 61829
15017 70382 65163 30465 43138 44586 87089 47240 63859 15253
78551 60252 94407 25454 09438 44266 51225 90280 29510 91552
77357 53998 50157 53515 84517 47622 99028 45461 32328 81321
90485 09069 48015 36835 82979 75278 18676 69876 68482 26560
26378 51213 27971 02002 87282 45049 92669 20328 68763 14792
61728 37542 43529 01392 00285 05826 50822 67867 89205 49806
62945 49597 43499 94656 46706 44280 35189 79973 87167 14414
57632 69729 38289 12502 56064 54807 94300 21965 29452 06108
10422 79071 01378 14686 30358 05502 56833 01196 28615 38697
71160 47140 95176 71839 99258 72560 70616 51395 13014 85214
55621 25613 90805 18947 83741 35165 67864 37779 37441 32488
58294 79294 44320 30774 65921 70574 56025 71725 52040 26252
55880 66132 23116 07560 70390 99150 10620 06722 91706 15903
47097 99439 84986 79658 01458 13997 37428 47882 82747 63975
97945 96416 14447 60839 46693 45534 94216 44123 27482 13162
69198 46056 96658 44206 53611 32538 79227 31884 33402 08635
68026 36492 35204 72340 16243 05384 07839 51765 15532 26980
17819 68745 18932 26747 75649 63431 86815 63828 09405 28980
55600 93542 28189 50861 54911 37614 76775 17648 65181 32111