07285 75631 96565 68353 50679 29068 23028 40446 68510 06009
80534 79595 64848 99365 62486 05141 68954 55466 45126 07509
92225 79505 77208 71467 12947 12643 83541 60962 73512 89820
54683 51543 34166 12433 14049 38886 43050 94095 89133 22138
84507 82644 84687 32055 54927 80715 44772 67704 80612 74885
61514 41999 21910 28784 95418 41256 34224 72739 84076 61165
88943 41359 86464 98367 62138 79785 07015 38622 66442 96156
43474 26170 75472 95680 63684 41011 89941 21490 15045 29512
69632 77099 23829 38507 86707 63377 07840 70800 87330 71265
52286 91086 97950 18429 61822 40730 36735 88396 13756 15332
22787 78642 77772 10121 76381 23100 56658 37725 75027 86561
85834 41220 33922 10434 56676 22411 84639 49801 67940 00536
95028 12286 15757 21008 50703 68108 38796 97139 23171 22182
38204 76491 17304 79100 92848 33490 91674 70218 67585 21138
67250 34236 55203 49152 62609 24053 30255 23937 01970 33334
69520 19033 57810 59933 21218 73574 47135 70958 49968 70460
38983 16634 95273 28660 10849 60357 98294 11977 35727 55905
93451 52509 89083 55498 39091 52358 75709 86311 84887 65400
60071 36498 99846 32012 93082 19416 83384 70291 55724 38363
97517 83039 41007 90468 77740 28687 94318 27189 71005 56249
77218 55701 75657 89361 87696 74055 60550 57792 82236 38454
38981 72266 15923 44513 70411 27302 99687 37833 97327 38933
25968 58219 33637 42055 15709 56828 33115 37340 22859 71833
84217 69593 35044 20767 68531 88629 44795 72925 10096 93625
58559 15116 78177 65808 39897 87439 46251 13113 89193 82987
48883 90458 24000 14646 66706 49467 15761 15399 53261 35226
13582 96723 06911 94819 83714 14847 75266 09110 22832 39781
34965 19216 32224 48302 69290 47895 66105 05843 30349 98950
16111 62281 25729 29264 78089 81671 76442 45448 55003 34555
43187 00082 10735 10227 08584 25249 20170 47784 69637 39676
76408 81058 44693 48987 60000 29778 89305 91624 56436 64325
17648 36012 49328 57001 39006 17725 87288 70755 45650 20284
84187 86673 22681 59513 41227 19977 15932 50276 00148 94494
28470 85981 46887 96526 83309 99072 68594 10443 22297 64710
32520 34280 33138 18892 50457 62285 16021 43205 77321 82631
72983 92653 81977 76237 15789 34917 72664 74138 72429 64946
91976 65849 28033 78321 78945 91715 80807 64573 86686 43958
12574 76597 52792 24038 13195 48433 48836 54989 52854 39693
74178 87228 65544 22198 77896 54704 74769 59606 86495 32801
21104 29105 60070 96119 11219 76564 99864 62081 11412 50809
14859 21332 59404 74898 88502 14248 41458 53089 54361 67804
23071 32298 32219 26269 82051 67802 34648 83850 17540 64319
78877 94303 67869 37702 46053 71892 51417 97485 03339 72105
63101 64794 75862 57782 26340 48541 57588 86134 98842 90611
04796 00310 58430 38204 34584 45079 80056 52036 27458 97488
69426 44565 84715 85622 27677 11642 68956 32190 19246 39078
92375 32565 35718 66316 83790 18973 46744 26097 33396 60079
16411 53628 21165 71080 33164 34249 92764 20229 12198 17817
96925 72652 70033 30532 25127 07569 89684 34762 53767 44866
15498 60307 74444 07643 78542 19767 98088 41792 19130 41021
58232 18353 71144 52703 43990 39625 92915 84655 58711 50297
63465 40940 19988 23053 81113 60999 38258 96950 30294 71856
59925 93748 51656 96651 16062 40665 28847 80710 86105 75462
30137 57974 79245 66512 70717 79725 21095 58767 91733 32374
26248 97979 65869 46678 33432 21872 30686 50050 72467 22478
58331 98467 58808 37849 72404 48870 34327 27805 20077 87640
26554 56279 76823 71043 96203 70593 88734 48146 33618 99793
54160 47853 64751 19378 22140 58008 83278 77744 35921 95634
79980 92110 68420 89208 69344 14780 03364 25843 26871 28930
47101 52064 72777 98169 29522 48064 17884 00276 22224 88635
20293 72689 66756 27375 33605 20112 83836 01720 29014 58456
35939 14237 48815 13902 55007 04366 92537 97463 09667 13023
20761 95964 21672 10198 05167 84266 75319 47263 52810 83020
13939 57992 46454 56095 51478 68229 94426 35695 15664 71661
29947 76891 14069 39033 64184 29189 69577 07715 94798 25627
67257 10717 86348 72831 24514 40947 72924 43782 18230 89184
45899 75727 71217 14612 58960 52885 12169 29239 99139 46025
67021 89949 15475 56684 48518 36042 53124 92081 24939 16208
62098 27014 48490 31245 56085 14370 10558 57055 53654 85776
94726 78158 80540 27415 45436 59737 68468 41044 93325 69453
11800 72217 11793 15392 38185 82158 02393 59784 07259 96611
13821 40159 74706 20187 84559 07559 34704 44188 01130 21148
09892 88296 50158 89857 74585 84509 96731 05792 25097 39400
22146 62305 60660 48195 19465 83999 80101 13144 81596 14378
67303 51074 54330 16990 31066 27753 19838 78337 14539 57046
18489 72179 13764 41888 92500 34762 48132 53673 02353 59909
16700 75990 85707 92463 66766 30420 59040 38474 88948 98876
76424 69050 57407 35210 82557 40729 38063 23851 37030 83229
58560 74717 88783 23535 96802 45695 32221 22013 63275 30335
92985 85156 50295 98932 90249 75872 12163 38089 17400 63432
97388 18867 96885 78708 92291 33291 68805 43914 17237 40023
99462 55831 42020 18641 40969 77168 77524 72342 33727 22571
18871 68374 14768 22537 57016 35467 96090 05895 33204 88835
81319 42600 14659 29677 92573 05279 24250 35873 64445 81705
64119 66977 49990 84233 49250 27538 76248 06549 69042 77716
15012 00288 84672 28709 11154 75833 25495 04948 44137 45203
17872 82875 21304 27103 81404 09165 41915 95569 34722 38486
27094 96793 28297 04037 31900 35061 04661 26488 22437 16990
83105 64630 61518 46135 56221 14981 03361 60143 47888 71666
14779 09132 34857 87701 04597 18275 91826 76391 67623 76053
91216 18256 23971 20882 04869 59440 55734 15341 03528 57337
22167 29181 15143 77013 16533 29582 95749 85109 55708 81293
89519 66191 46572 81412 52486 81846 53241 42412 66422 20567
21818 89176 90478 91846 10174 74275 55153 65553 80600 51894
58292 58997 70119 10636 96877 15123 33902 22884 55862 00930
70670 97484 64710 23171 00513 10047 39028 07843 31376 19081
88001 64431 57280 19708 39036 76308 48556 14707 55982 90899
51036 19855 69986 70074 51124 87400 90312 03041 67679 38935
44548 66035 68635 86058 26702 34577 67300 11896 12799 40120
15232 51144 08894 48625 76338 47774 39925 92949 01208 43932
95496 92520 33617 72567 56355 63106 13014 39927 75661 91014
85585 90155 43891 20740 63600 12242 18501 81668 95872 50010
15657 74957 84760 41446 80214 80169 76064 12118 58996 85281
80928 10662 12404 46460 23970 80151 59145 54920 88471 98321
85405 25652 23456 47088 12730 11830 45980 23552 12701 62503
77382 10456 43731 08179 09332 43700 26522 30012 94930 69360
27836 39217 47884 77394 11212 89361 63013 92468 46410 82744
98091 56226 64369 62423 12013 24291 00134 20369 82143 96954
81925 80559 25620 06609 88755 56325 28072 93573 83771 99827
04098 79311 61179 94434 11508 45721 83596 19788 80498 68969
30114 02813 99807 42204 40676 45666 22144 64502 49559 70237
84446 43157	87298 50296	97373 98418 30032 96989 89104 86409
95320 83564 82417 08426 34714 51111 98805 35721 41269 16399
40097 46586 49262 75090 65143 81768 35226 17243 04569 92054
18368 56602 59473 56986 77014 11847 11320 26403 20807 56046
64104 44592 15934 63241 90171 90666 57621 13084 68543 56998
18697 31004 37185 11413 38024 94928 69008 68060 46574 38480
54158 21797 88383 54293 18230 64733 56507 71107 25181 96177
35559 97411 79007 91073 94772 98655 33052 81106 60396 91439
42073 53779 57990 94051 58075 70368 22825 96479 38965 19748
48814 52603 13844 91520 36924 84388 63451 95605 32656 49698
70188 26880 26965 48983 76935 60511 11489 99227 56575 62051
74199 40035 94159 80964 78756 81912 68786 89830 13567 62704
43588 56546 87372 22830 84460 48152 57831 89262 77658 66137
66199 26943 68250 98498 02009 76667 78165 29455 53800 97974
20338 79686 01653 96941 24439 84246 12971 45650 46828 41023
63336 28663 62582 42743 46621 85201 67919 00080 19581 01632
86268 61810 56061 57530 57229 29980 03058 44093 78342 08519
29541 57484 02686 26893 86571 14483 89473 86848 96838 19730
76485 07970 89336 15970 76186 05649 00629 85020 13972 08097
40362 45540 74550 01073 84428 33217 16289 05706 34712 58143
45103 05004 67366 44666 72261 31498 95616 82042 24699 69081
88169 99297 50638 92622 28552 51399 84883 97039 32515 31668
62805 38794 84473 03120 81835 30471 68512 88595 92749 88674
13205 71979 20938 10107 98588 74629 79820 89343 20096 31150
76675 44950 75530 33481 43003 79175 19244 88930 78254 51607
65442 22881 53208 43439 34256 36735 47653 11991 40693 08931
57260 63558 77844 41030 37184 72906 91563 26214 16305 11200
82475 96759 37544 09796 30027 99191 11338 59602 35680 79122
59654 83301 38260 49311 82055 21736 66131 07724 94987 33053
02110 30396 76102 97712 86507 29712 95603 45158 56195 32269
81289 14817 34174 96544 57966 42658 49245 14591 98315 72418
60426 17135 42877 87451 31240 80633 89981 24692 46807 79241
85052 28801 87788 24902 87583 88616 44860 35291 18005 07484
98163 18232 45748 66191 73812 28296 65307 99338 09612 60717
99796 17641 10039 37332 58663 27174 47849 71753 43283 46096
28122 16164 23601 42794 12385 41239 94336 20578 75682 11783
50757 31312 92828 21231 64964 00232 25573 23655 52898 65763
36342 53654 22542 91496 65190 40790 59819 00836 26156 90146
41369 54356 31402 03379 88016 68219 40517 02267 44620 12835
31744 04515 63606 23265 25558 02790 22889 95443 50148 50565
36855 76193 29021 85021 91845 48659 93217 35808 91086 46516
36076 35426 93521 61359 45764 14855 34406 93548 66569 63601
03898 92736 25313 36040 47657 10568 50996 90825 67510 36792
67053 40508 47589 86180 16690 78653 55970 44095 78346 30037
57677 65120 49441 31943 37029 24785 95291 76486 50501 28535
41851 26575 55620 34137 54897 80831 92207 13849 92958 16193
56260 50207 77978 90926 61266 34269 59833 82796 20784 73535
76504 87689 64853 55849 73426 36802 67473 33831 32042 88019
03475 38332 70137 64583 09173 04251 84712 70931 03617 61888
05270 32870 47722 78292 51052 83794 21335 05195 71505 57393
57695 64170 42664 50928 98855 89934 39580 58528 16416 52387
24681 05089 20369 93256 11151 25071 04117 14650 97958 19183
96585 75601 11380 73651 62272 59125 31411 51909 83845 47064
48072 58296 03475 88942 09567 69372 04298 08001 72409 82559
34033 87991 61989 26802 60591 80668 67764 44426 34724 53286
20824 79258 42355 13515 89342 93185 38537 07139 81602 43074
94586 28031 04077 80501 88527 38733 14108 57671 76899 02223
50965 39599 58255 16643 76243 97564 63096 07713 71078 19843
64967 43296 49434 61542 87997 86206 08135 45476 48032 10591
61383 07577 68037 98166 93057 36032 37816 32874 13684 17762
01960 04800 44335 94601 16853 66163 40305 70431 93689 38047
91314 78303 53662 45769 85946 93376 34996 24609 85789 54390
97708 09937 05137 88702 47375 95884 99853 28010 43906 94783
35488 01869 97497 80468 08328 44908 71471 77213 37853 04253
47253 55121 58364 63257 13405 10261 34301 19368 95390 87505
17039 81210 37093 44195 73698 74573 57255 20312 83838 29799
20113 63189 26815 21081 91950 86130 86542 44711 40550 52571
93814 54331 79820 03155 13322 18946 18059 09409 48138 45021
33668 33628 07591 18160 27474 75721 99817 77639 20206 43720
72229 91314 38008 31619 10644 79104 69732 73338 00250 61829
15017 70382 65163 30465 43138 44586 87089 47240 63859 15253
78551 60252 94407 25454 09438 44266 51225 90280 29510 91552
77357 53998 50157 53515 84517 47622 99028 45461 32328 81321
90485 09069 48015 36835 82979 75278 18676 69876 68482 26560
26378 51213 27971 02002 87282 45049 92669 20328 68763 14792
61728 37542 43529 01392 00285 05826 50822 67867 89205 49806
62945 49597 43499 94656 46706 44280 35189 79973 87167 14414
57632 69729 38289 12502 56064 54807 94300 21965 29452 06108
10422 79071 01378 14686 30358 05502 56833 01196 28615 38697
71160 47140 95176 71839 99258 72560 70616 51395 13014 85214
55621 25613 90805 18947 83741 35165 67864 37779 37441 32488
58294 79294 44320 30774 65921 70574 56025 71725 52040 26252
55880 66132 23116 07560 70390 99150 10620 06722 91706 15903
47097 99439 84986 79658 01458 13997 37428 47882 82747 63975
97945 96416 14447 60839 46693 45534 94216 44123 27482 13162
69198 46056 96658 44206 53611 32538 79227 31884 33402 08635
68026 36492 35204 72340 16243 05384 07839 51765 15532 26980
17819 68745 18932 26747 75649 63431 86815 63828 09405 28980
55600 93542 28189 50861 54911 37614 76775 17648 65181 32111
22136 96130 23463 58330 59179 69896 13698 62284 99673 69498
28908 10121 57574 95548 74458 25168 68918 27272 10507 17714
27650 14150 09682 84497 07054 02620 79675 29505 40273 10712
30244 72307 98563 61097 04466 70979 33150 20277 00213 13714
74885 76186 60529 02160 70443 66786 15578 43230 19896 24726
89825 87771 78559 78712 29355 30691 83275 68667 77790 59732
57191 52931 42248 30738 54680 86635 21038 35587 10736 99035
86288 97291 71720 31500 00484 05058 24328 17743 47285 51437
91744 86445 33740 39391 68323 34260 35038 66134 66309 68155
23536 29175 86747 80311 92644 10654 18319 99540 47269 45186
46767 89854 65771 44622 54794 57381 13847 39847 61396 81306
98198 82406 80455 49548 65083 08899 86113 15853 15414 32990
29485 76547 14955 28170 66471 90359 79985 26470 60940 30018
15638 03538 02901 05009 46064 24099 68251 20968 66934 15792
86301 71634 17391 22749 14371 60142 08348 60844 67082 84292
69125 95212 98520 65128 05181 33314 70054 07256 16112 36295
57212 32749 85348 53132 25490 90113 47834 68716 57155 35902
04078 82130 86926 00252 43022 88933 28311 96123 50030 07131
96650 80292 54104 72723 84520 40683 12646 36049 46032 38747
25211 21575 46984 28659 44712 50454 86762 54348 90658 93571
66847 07692 45266 38563 39340 00787 94321 96734 40416 48849
89110 38921 78308 38776 74909 60944 86903 05223 34035 52648
28156 80800 61943 35040 97649 86828 51165 79108 85694 27029
88480 11105 04544 81916 02635 82422 35609 76488 44497 81263
62153 56203 36499 39766 00293 77379 74739 53234 60565 10464
47980 37939 00564 04526 48359 48195 86984 43033 11234 62153
88762 55070 11820 96786 77525 84728 99096 76703 61475 25090
66528 25913 46611 81871 20010 77400 31749 28919 79076 57228
66900 45252 25471 87382 91167 26625 32606 24121 95609 24689
85365 16234 75107 40934 74214 34633 19863 55417 07629 97878
83463 95175 45811 19602 29222 11205 40075 12200 06015 49137
60917 55073 14226 54210 78235 09109 75419 34062 19624 07850
18705 16733 34100 01758 36716 24254 07396 54873 88624 48841
41538 11326 34745 17109 94513 25666 34487 38904 00677 66314
07193 94306 67343 43555 50604 60292 52658 81240 55485 08499
61532 03075 63012 54829 40314 57259 29396 21005 37971 77559
98759 99942 89620 44843 68862 50299 37701 68985 10965 06589
17588 48779 33126 34150 15322 81771 73819 70057 07799 24969
20941 07036 90625 25382 23523 56424 19516 47968 93042 70900
15060 74250 88620 09375 80192 43537 59144 92327 57681 19529
81200 10237 98223 80176 31533 10859 86535 81678 79628 29816
70205 86571 85314 03661 20313 86356 80689 63590 64173 21770
33174 78072 03398 26917 72268 04841 44089 58465 60876 01610
43542 02940 93939 19806 86046 43241 64663 68504 42339 38465
61258 34273 83514 49182 13763 58148 59171 61937 50102 89249
83579 49203 45413 48640 39516 52448 16400 21077 30043 99355
82700 76057 06315 17814 58941 55606 21046 44749 49590 82505
77757 44397 56842 49355 23629 10730 66465 05647 99352 19049
38639 64466 64910 07893 88416 32806 46852 41183 54989 47709
20907 30419 81715 77403 94303 14705 47377 28479 09866 97020
90030 28970 94173 73226 09557 73969 91319 30050 39240 85842
10569 25206 97613 43844 16253 35388 92934 22205 53716 20712
48026 82309 95630 30269 99146 12775 61188 00479 05535 95480
58801 69530 87039 51345 40844 69043 40805 11900 64337 93311
83499 69267 45728 75490 79526 30894 55652 35113 09302 94225
95157 70538 04164 18027 79743 63743 65309 68136 21630 51422
99525 89332 08382 79042 92536 01427 53464 64645 89889 91443
32745 08138 17313 69451 02425 58381 93090 51571 68822 76049
75183 44033 22438 45036 98586 96913 21540 30464 01824 65924
94899 78550 36886 49783 82546 68265 77740 63684 71505 85639
37008 65650 90886 15553 11370 58441 45940 71754 17017 32750
65473 18715 41225 75931 46817 24192 31096 28789 89095 04989
01318 29736 50227 35408 90552 16494 01934 37148 94771 22562
37109 36526 97412 12867 23181 41685 91723 76864 81966 03888
78060 74849 74575 86492 83797 01894 54432 99814 24051 34370
24384 06597 37065 18156 00770 55714 04831 69439 89591 48288
50053 38009 21255 24881 95649 69863 53857 69098 19211 55417
15028 79589 64058 16373 64183 16885 33537 51212 07880 82167
98132 39035 31001 39768 80737 99683 05254 09754 76362 95313
06835 31963 39914 31103 05224 91953 65791 04282 01835 93403
50783 19721 19879 40098 74621 23383 09063 61426 15346 47016
22626 73443 49184 76407 84275 42245 48460 19893 81582 59713
81516 84789 28800 49749 23878 93628 07903 00336 99367 02550
09251 61936 61921 59297 35725 32644 91272 31173 14187 25367
27197 30841 16329 41165 77662 12031 63071 05350 94887 89210
32130 67924 25211 11369 19999 35383 62737 28423 69470 79082
41207 12759 54771 58509 56335 87487 22435 92101 00714 29878
47062 73943 17142 68119 28122 33721 60406 85969 30239 94237
07136 81569 02356 46064 47509 34998 79783 74744 05898 22704
17253 38701 22522 26827 88705 04917 82081 97895 22590 46966
32678 12905 87573 37286 04634 46466 59444 38532 47984 61816
00808 12417 69180 65517 16861 84400 56654 36547 47332 03541
75660 19931 29773 76237 04609 92330 13423 29412 62111 15036
62928 52620 76642 93822 34013 39474 10079 46919 90692 25004
73788 10156 15720 05414 61060 92623 70685 22320 54373 87520
79861 33522 00411 58433 65376 24550 31694 16007 92572 47766
31537 36591 33535 79088 52332 07324 73507 27458 91800 79784
63815 95942 26513 90017 60242 57499 61425 15741 14103 27736
40939 34567 25396 55823 16623 52634 86542 51791 19992 47805
91022 15507 76099 17457 60117 35924 07964 55090 10447 77790
63849 97120 05894 68056 94296 40072 43836 46993 05975 22098
64452 65889 72476 83108 48563 87736 00890 69526 36345 10646
50000 09459 67823 21127 34595 03541 41173 52044 97788 83338
44848 53851 85897 41905 14595 20850 56903 54588 24635 98578
90786 89808 80203 75342 60929 56800 64772 50181 41884 45645
42399 91389 21218 21593 92097 51679 87796 34809 22073 71369
25055 62834 14538 39803 31834 78162 86220 02364 96022 63859
38218 00412 52802 22276 24390 36498 99066 38999 50520 50842
49501 51683 89962 84599 18755 83487 36546 86854 05055 33814
54422 40356 39567 93589 57881 79597 40464 22156 92333 22322
81127 91654 01790 71415 87717 85170 96994 51014 27734 53654
07855 99558 96291 31666 58523 02837 30837 47234 74714 97882
17209 70671 20148 65343 04817 03783 34690 24298 44599 72026
16211 40292 73294 58747 97357 51757 21459 66990 44781 42178
88964 38265 73759 27966 65345 08334 32813 96152 85263 69645
57375 03303 54278 34668 64033 87548 77598 97304 66301 60125
91611 94736 35967 85740 08696 85148 73774 34412 02929 20103
02723 00541 02274 02609 84003 46353 05021 90339 27933 03922
47450 37794 00999 09023 11813 82172 96260 98895 95466 10625
44458 14179 97023 48245 87198 23560 60491 66315 47268 80454
46864 39708 38771 36445 11639 77180 93008 64053 57405 64685
67550 74997 16817 43162 19928 78983 89350 23419 26153 72267
18088 49387 56491 21915 77031 10979 36740 12689 33875 97227
47568 32811 73134 76380 25923 80599 11144 73968 27864 02000
95297 94465 54448 06027 10652 51007 58447 73732 71439 61912
54824 83793 26029 31880 54019 90573 01508 62604 62620 91121
95698 96290 76253 20065 50540 74720 37531 75461 80237 11044
33575 32238 38477 23019 60458 64003 83153 76770 69707 86494
24981 97057 32288 64544 99467 37071 49144 16791 11581 67725
12935 68668 39416 28389 57864 49960 92632 32402 66916 42972
33294 18778 21535 58009 28995 63371 35269 68825 37015 09661
49077 22796 32567 12072 53348 96141 04045 19343 27310 39700
82280 79640 03290 34405 75442 19265 15753 18843 16034 50496
92766 07995 38487 96948 20065 53337 99742 38334 19956 90747
24374 58357 29285 07548 77499 17770 19033 38008 16545 48720
32320 23105 96851 90030 54443 28106 41200 00498 62318 55678
44451 36089 67198 41477 49588 26484 94399 66814 21379 47468
25197 28438 14290 37975 35091 80761 77787 36333 33044 33930
79302 12652 07380 58855 32977 09930 63019 94928 95149 79484
92077 43260 70024 26776 82499 53794 63669 75338 22758 66521
91597 31075 18903 75174 16557 97583 68513 39815 05181 94931
50074 84477 41872 74471 04584 75798 33410 57883 14960 75869
92449 88856 48966 03255 02127 40228 70741 02110 04227 28348
98224 16512 85464 65824 36810 62205 61646 07571 38125 52685
26501 52008 10760 47166 39615 88617 71889 43886 32318 84622
84919 21512 11557 32902 59744 60678 79155 86801 75162 31720
69314 84620 82271 34552 11230 96751 92413 45657 56243 81983
27008 41871 35813 28008 14563 86455 91806 09942 51357 49530
07838 60973 53124 31327 95577 99571 42796 46953 59030 10949
89007 99608 76971 51071 15510 76009 95903 41358 84092 49306
05563 03267 42495 50547 14473 33565 96946 52784 73408 08760
34514 39429 44100 71281 84799 71567 30886 85528 74722 76742
01876 15909 49538 84438 28955 91247 84667 36159 42863 62071
39245 10085 32038 68751 87715 98639 72712 81717 34118 25639
38448 58432 34693 72017 91489 56665 44907 81098 40554 77028
20760 58300 13435 40774 15932 83155 62197 53509 81842 51896
16111 41782 95485 96992 81737 99118 74637 27114 53091 51504
94906 60533 42101 74455 49341 86163 42364 65949 18501 53625
08183 87898 95306 84489 66958 57747 96737 48164 14044 34788
74256 85165 34695 18390 51040 05693 72271 39308 18249 72984
94687 66678 85703 89602 99788 40611 27787 17325 34905 48685
27786 46854 06463 08414 40106 25399 52311 64136 44153 86026
16558 95796 42904 91348 27624 94647 56964 30673 34489 88231
75117 30948 74944 11679 09728 33802 80772 37027 35767 53164
33972 54136 21511 90014 10879 34214 62698 85330 55249 84302
11226 11439 31039 27872 62870 17697 30075 52687 53711 59213
73983 98471 81255 02720 96850 59048 56876 78562 28258 25094
03219 12964 97988 98692 85231 27122 78793 44728 10976 04577
93012 90978 51212 04089 96585 42222 10111 38854 46930 06590
57837 64691 94205 17036 08967 85599 43555 32948 63043 32013
80456 70805 37083 92732 23954 05951 10455 81367 47905 36032
34223 50516 10976 28302 52152 56319 78540 62246 24076 77316
16364 92147 73717 28219 17051 34748 90422 58188 82543 30246
56937 30335 15255 47894 15519 22758 08989 75373 16020 18352
52104 66693 07730 98839 97848 81050 23082 96367 11078 49247
00863 98295 90527 42334 35955 94545 31209 12176 94177 85155
44299 21037 01729 02864 75509 75733 24612 59068 13256 56840
96066 06897 44584 88373 52505 56330 35910 16525 92403 54342
02887 95654 94930 87619 47689 19350 04774 72921 22083 70525
75040 01855 34879 08949 97988 79362 97058 76148 21750 88073
30901 10173 63636 94113 14664 27220 92773 28056 73549 53559
15772 19665 81065 13977 81702 14469 26034 99575 23445 57570
03532 46005 25415 87021 70085 90223 06077 77084 64933 71561
03281 92571 80895 60504 35204 00617 04736 76439 17834 33168
35217 64425 04173 35444 88406 32956 90369 34981 64031 08378
60258 53435 53131 10812 58484 50353 54542 94886 53066 67863
52345 00970 45083 76297 30844 90016 52228 11161 19401 77104
60463 40173 46931 88073 83763 06906 55749 70850 69952 55222
77007 11512 00940 67932 36018 75817 96135 23074 25507 19215
82692 50843 46450 42489 01248 21290 64396 12938 77329 45044
54338 03358 65914 47314 48310 64727 48731 70625 68019 80085
58904 33540 63558 95645 70870 66691 75355 18431 45870 08824
78276 98812 75897 11320 58798 20198 13762 04589 52876 19626
60155 49975 61236 04578 88954 34955 38732 74363 95294 83944
34824 54533 08959 33083 20439 62645 30912 46488 80829 39367
30660 86771 56179 26751 20119 43978 02845 26799 35646 62440
86014 19562 17774 92363 63754 73883 90575 70432 58136 85951
23752 40989 99262 65088 12678 42152 80831 71793 52026 95162
50480 99904 83090 56069 24803 73276 43257 06634 91984 12459
22089 12405 86179 58033 72786 61985 69231 98318 80336 19304
39685 28392 17391 66353 14860 77937 64007 75352 27264 61745
30582 31116 55939 75192 99942 67216 60598 38934 13049 45189
42376 42188 59251 23432 86438 45932 85305 26324 51134 57463
93521 50578 69040 94196 93595 41974 78616 20270 67269 21682
91992 66696 84089 35156 43804 73325 67947 09768 96246 12926
24229 33537 73435 79887 05673 14546 69143 72123 15967 05807
59671 16297 03450 58150 26072 89288 10907 36741 99430 46149
64311 20265 40641 59991 73658 11953 48859 48248 25404 28947
47956 89589 36423 39733 25402 84720 59887 079635 6905 65260
43650 36394 66584 53987 31226 20577 35974 26344 37211 57041
64909 36424 11668 94753 24375 56441 43566 02678 20334 42649
12519 35909 42422 78355 45390 72527 48556 72439 07145 46543
10710 43719 17721 78834 53597 33632 61490 14209 95323 70622
75806 23354 33788 81095 28154 88145 24634 04188 62621 99777
15554 37468 96668 66667 55256 91488 13115 49661 34525 86523
50348 83748 78084 33421 32295 83283 14313 30534 53754 38094
34307 40890 86445 20619 91256 24777 70967 36297 86192 37321
62637 87055 15224 62145 67886 44407 67970 39407 73331 88581
24680 13690 77536 40930 16977 97631 91566 20070 25573 80424
68057 93926 76735 88468 17588 33803 59673 36126 67665 60096
98844 72289 64597 97663 72874 40080 58866 59846 28548 46318
07671 74471 78344 65663 69271 39479 95787 15287 73824 33398
97910 40933 39908 31162 67753 90379 79081 42100 69570 33368
55800 25613 93201 52251 91016 02391 32166 52746 55364 74289
24768 24698 54043 52777 20389 71613 49712 56307 53230 54793
42417 32031 64914 24369 23170 78712 73846 65408 27887 28597
49502 57854 54936 80704 44888 42824 05727 73049 02101 09395
78596 20643 41489 00558 54146 88642 50671 27394 04767 93825
24467 22229 77204 15927 66769 45371 27588 38336 99495 27122
53558 57881 46088 11451 78971 78483 99831 34619 48246 23868
04464 50522 75457 62526 29908 75269 41846 69626 86179 36912
82666 94443 16690 64586 37600 85699 16276 15597 74327 74900
06706 35313 89209 42428 53544 74402 85134 96311 99289 97822
87591 74878 06855 31837 53803 09147 70995 18199 82342 89796
68702 73727 79539 45016 62913 81028 14715 90204 11545 99630
10091 15886 17751 75105 18314 65150 35279 46438 96879 77194
08743 65686 70507 69243 79363 94410 20607 41330 68905 60368
36479 96727 31699 33364 98225 13759 30491 26618 53992 36229
97416 84459 65925 96181 82076 97122 03142 89215 28852 28942
55201 41500 88584 60385 18075 80009 71759 48899 28489 56450
59012 77290 05516 23276 89700 61348 20620 88639 50218 80364
20364 67526 38298 92215 86746 44085 86148 51896 78919 83657
70566 77845 21270 73810 62178 70538 74167 88788 11958 06294
67220 66157 28213 25100 78801 74391 52389 68433 60041 35096
91005 77287 27143 61057 76329 15541 03376 97184 61329 18919
16851 38835 64191 53346 99631 39589 20171 98676 70940 89565
50017 26138 16975 26899 90721 27238 85662 05746 49409 86927
15564 02049 34876 15536 07385 70955 08129 78400 00742 14652
64515 84466 69841 00562 01987 28701 80184 24057 35507 16718
75670 62760 82984 50638 91102 65294 03333 50592 61285 73557
35769 98085 02560 26147 55000 01405 34882 83823 90884 68939
86130 48194 11125 33761 72840 78958 88580 66755 23058 43464
03020 20296 08591 05807 79660 68138 11586 58705 22901 10055
04657 35027 74004 16694 19869 91779 64052 55215 39235 70788
75146 16067 48944 41712 23187 41256 95743 39187 78337 46543
47976 99410 46725 02702 39305 77731 36047 59808 82295 56074
21925 07789 06482 56204 93120 46604 62258 51641 38914 30595
91091 37363 88891 55263 56203 74862 18806 85872 10744 23764
99958 42715 57799 12387 17795 07009 52405 72278 50024 63512
08389 80411 96689 30125 00163 85724 98162 93978 21396 99418
93778 48621 11562 98776 62859 87594 37042 53578 64758 31353
44388 98227 13483 19737 41203 06058 77191 67410 20311 27994
10801 45581 98330 76226 29173 31851 54973 20149 03068 33902
73864 51191 25824 77386 09939 67172 70122 66857 06797 97398
43254 54030 03121 10300 01315 78038 90394 73452 55562 52270
51575 88711 00030 49433 09412 67065 40280 35210 03822 62196
23719 57492 13553 94283 15477 66920 13530 31323 82923 86847
87040 36165 97318 62536 20687 93312 21539 61096 88887 63207
30521 75476 99747 11964 84104 68986 30867 96267 57714 61025
25105 28468 62039 30358 30784 13025 41453 84601 13586 93793
63557 72953 08751 93095 77009 82353 25014 89264 55793 91539
56569 40449 89411 05292 46163 78687 74180 18219 55982 58976
61569 35580 27365 75065 65025 59689 05012 39448 73108 12828
78811 26112 06800 36328 03587 17687 96062 91924 43084 85193
74600 80151 51453 65745 52859 45609 58432 22482 59548 56225
88772 25950 82033 60867 93178 21565 75176 36939 24082 37644
04148 72523 11952 51354 98940 03794 84627 61663 71959 88011
80373 51981 43234 54158 19616 78682 23601 29000 89884 73291
31094 67906 79947 73825 90967 42445 15738 52305 47654 38515
47294 39203 21859 80228 53179 46984 39376 30801 52062 24910
87814 12466 98049 02898 94521 68614 37513 49627 06269 57640
04521 74011 50307 29031 73574 61561 88181 62443 12666 14603
13618 40458 76463 09821 66735 24911 11152 54012 39705 85127
22054 48586 01404 80530 13748 76245 10000 81430 90886 87987
73258 72646 60712 96523 94826 43283 12045 84205 97265 89247
28927 84832 76487 18253 92634 15735 39909 11316 97434 68855
59581 42341 48106 17755 02765 87000 95673 79776 64837 51532
83541 24828 79280 13954 85509 94682 72386 26674 78349 91821
07433 14220 61153 91821 02347 71020 12575 09536 18157 82409
90696 05171 82606 95751 82689 88092 87153 41033 72260 19963
35414 70662 19872 14774 26686 48214 02680 50660 87312 53111
47004 24470 93118 66981 00679 03546 53163 08499 27574 76615
83589 91460 83455 65286 30543 57716 98945 67697 65068 21865
13803 37576 36964 37847 88567 17203 79481 58839 23147 67870
63845 50167 73788 08661 49115 23504 38277 81758 15821 24079
75971 35687 06906 80493 48191 49205 07417 79710 07028 95582
53768 83794 76484 47276 77799 46382 98272 90332 52535 68780
32078 60000 24135 61735 68389 14937 91505 01573 51077 44796
21799 79542 40166 12534 26186 16310 09860 80603 14256 27133
57410 50671 58570 48290 48821 25939 10618 98890 93338 87167
58261 12616 85879 59553 97432 39038 29994 68769 94614 11544
43275 00938 39987 69875 72713 65353 87844 76424 91024 35683
60755 61842 05033 06418 46758 29762 35320 68810 99370 61245
08558 68742 92734 15748 38977 51199 40305 73390 01795 23863
74334 61361 54143 42336 63599 73320 85194 89318 91794 32567
65626 04627 02218 77108 05800 12520 98062 78339 13492 95739
33249 04424 94526 98648 26574 65323 92371 77254 57851 39292
00133 25157 17272 76175 74815 26752 55788 94230 54340 07861
51966 31032 02437 05059 28115 31884 27068 82792 05402 92664
45988 92786 03430 04520 16463 72523 10117 88838 33487 28916