68657
45576
13532
10274
12813
95035
59337
99983
24972
55238
57402
990
97358
31281
6883
22752
87443
67618
88652
57481
97525
67591
95514
36869
50109
39573
1171
82425
24041
14180
24149
1139
96472
45455
80851
16975
56591
43018
50532
83069
18446
81868
94239
89553
62241
1867
79598
67554
76166
39897
63835
91179
54138
34243
78537
96219
28713
2992
41372
66798
83042
26030
92377
89349
90852
53727
15404
37064
79290
24431
58907
27378
95860
97630
14531
90021
87748
99974
46782
93882
69506
37282
92586
7138
63350
47267
65628
7028
45285
54903
7116
13166
19786
45202
21978
91434
75962
86610
27480
64246
48927
22328
19871
67401
21518
96566
33903
13737
53562
98070
29933
59449
18570
84211
93797
20215
61023
95525
75777
51140
61351
82786
26693
87094
10277
46519
11548
38110
49311
32350
94107
48319
30070
34629
89439
56285
81436
35496
75659
39592
50687
46891
41000
87233
2356
28957
17792
19574
16922
29869
21091
67584
30316
29330
66397
30531
94822
70816
88275
54502
22090
36092
19694
12858
89797
49612
20502
24137
54926
133
62680
12949
18659
32183
89912
5022
30581
90999
69477
48864
3178
1122
45566
73368
31542
21050
84917
23235
77739
44184
77955
62204
84502
9737
21679
97880
28657
46395
64101
61321
11175
96197
34313
69570
7752
56440
17091
9975
71515
33381
56480
11395
87745
23071
88852
9288
29435
21900
12733
69201
52061
22204
15
6323
96094
66811
41167
27532
36621
20430
95690
26762
30829
65527
88270
84539
66186
45640
50974
58163
4815
60074
62300
314
52850
60456
75025
10723
57527
11882
56514
8086
49244
59185
87532
7534
1088
82324
78584
2755
74041
33989
66409
81245
52573
27194
47523
46191
52333
80984
90531
79125
99352
38343
44447
53779
38461
41953
26356
3439
27553
90665
28506
51634
13876
2405
32252
39128
68714
77637
54313
18967
77608
91653
79354
45716
44714
43616
52195
55036
71921
55635
12787
15418
16048
46110
57589
35137
10733
98167
2083
24387
63538
6195
932
45101
3382
11347
54608
29065
58544
30320
94344
8739
91311
40798
90844
84583
1766
11671
76455
47685
40248
56456
5341
87168
35707
44312
1698
38099
55473
24619
62177
67508
60878
8307
85385
53685
12732
1940
98743
87024
10819
9022
40914
9467
22388
97086
36693
14017
66026
78808
70418
45775
69383
70750
23882
81619
11844
74272
95191
16915
96593
69734
56110
54527
70419
27344
37221
73947
24146
15793
52524
56453
61788
33329
88157
56048
22288
94952
83480
35252
74162
84162
27031
29898
80376
17995
74714
67686
48519
80056
73075
41550
39570
47830
36633
30763
7545
77763
84955
70237
81805
14438
92569
91620
84031
58629
42743
98559
92629
63093
4815
92887
28790
24668
73974
38522
40464
6583
22270
35503
3170
55840
10097
77863
39898
77105
98534
85922
86252
86753
84654
36124
91555
98563
54260
59665
51802
85975
9526
44932
16149
24955
82610
58186
95062
46173
90553
91922
25279
15560
21638
60979
14446
18272
68880
92776
96551
42625
42419
99899
78238
47849
99336
80819
45614
52257
26767
67651
31351
96951
2188
28627
12670
24224
33353
37380
22239
59550
49593
41100
6052
1366
76074
95341
55033
3833
73075
84456
70436
84315
63473
13584
96979
99540
3358
40600
72280
12241
73063
14610
96261
13529
78883
1311
20049
75310
59370
4963
90285
81810
84333
41716
61824
29566
19524
79693
9495
91207
5499
37489
27852
9945
65231
24655
6816
28887
11814
15238
10638
62114
74949
68602
67781
82940
2881
50531
141
38839
25100
62001
81436
2218
80322
53011
16652
31596
24147
84560
77097
48635
31287
3053
8945
33119
98353
8387
57033
137
34932
29425
10268
51582
3069
68758
80154
87532
28214
42393
69749
22139
58364
19425
76794
73404
92313
61733
1814
86499
32828
74443
99645
6287
46030
4099
21169
36262
24386
63446
40939
8330
57463
19198
55948
40706
11931
52335
70953
79634
10318
89235
56588
4731
76629
6336
77900
27475
86156
31064
43017
27659
16704
97369
14311
53619
48921
65521
57738
58610
4540
82692
79956
57921
43080
43364
17367
69134
59928
6768
96411
41420
41683
42302
80238
88813
38287
3306
53322
17132
5693
74545
72607
74546
57677
99441
31470
61739
40903
69338
41085
9199
13452
48982
32692
66385
63770
19929
23828
50339
54356
46715
71752
69775
12489
9428
58101
74754
18916
677
10233
81782
64656
55000
66772
89451
55941
64387
37532
30772
47811
34862
91323
4850
77960
55969
29031
92837
54229
87519
63955
90863
21432
16114
36527
86152
96259
97702
36360
61577
12555
81860
90995
38648
63555
8466
7748
59223
62495
78117
22769
62218
68513
23883
19694
33160
40870
53900
29209
91640
91258
91810
10401
34549
1318
15230
44941
71441
60499
81154
45936
72448
57971
31641
94741
98888
31580
93114
71032
2009
36666
18265
34153
56321
48062
70837
47035
40489
49727
20423
7901
91021
98157
96953
69557
31782
68136
52708
81189
25829
2341
93423
83442
5170
89926
69479
23957
8703
93489
63178
37585
98992
28626
68746
53185
34429
75836
37986
47226
44950
70583
56382
63300
96686
74117
21996
56255
33728
74991
22621
99785
53667
9193
45436
17142
7662
15455
7805
56064
15453
61505
67882
31038
51131
86916
59308
98727
86357
8681
95591
15655
74395
26766
6621
51199
20429
48619
2317
93479
11570
23986
6526
90898
73328
44379
68083
17911
78455
15126
35324
39997
58772
52214
75359
79902
60894
90961
30075
54835
42755
19060
27091
62670
29404
62654
5784
44074
33747
60824
76041
37067
751
61249
506
70680
52073
57785
79896
15185
92177
69314
25320
17795
86675
28453
21587
4773
39002
8591
21107
23590
72463
68194
59276
32038
71276
32440
49115
15167
46456
63970
95473
25424
70204
96943
67232
96598
65917
21504
79719
77926
50043
9472
68948
71173
96679
66209
84304
30540
36167
78561
86945
2931
4882
4209
17466
44403
35012
13900
88260
47566
10301
54768
63522
54226
16599
50294
13003
7772
84486
90480
64388
20573
55339
94398
33544
93111
1911
46514
81942
23591
99824
18072
36161
89487
77333
85276
5682
65740
67308
47170
52068
68287
47569
27792
95123
76125
83576
19606
89804
90297
80887
88151
71405
34002
13916
11503
45920
84435
22223
72336
97550
54022
55877
55285
95914
6408
7422
27764
11826
813
89540
98509
92388
7360
4705
54878
3667
25462
5986
77281
22355
67586
66566
17098
46615
41482
59674
3085
665
75395
305
10475
27718
82843
15432
86849
1498
56198
90403
79375
37855
11636
85755
49069
54877
81905
30924
89517
12427
67967
79126
89840
60161
15694
51174
94683
36881
79632
5054
17597
93450
72253
42800
58459
56505
74182
6540
60412
10890
98548
21540
17296
54956
60924
15658
8669
74794
5217
81823
96246
90980
75470
52980
62942
54560
3653
27431
13701
7761
4379
16522
85913
79324
28860
86414
36440
54364
32497
30928
82147
44306
53165
43472
71337
83725
80554
52600
54559
97803
20851
47996
5051
16636
25608
51460
11402
60781
58804
80986
28018
86180
21914
15060
22603
56017
43241
89032
4081
2068
64782
45746
49267
48747
27606
18575
72081
99339
65019
46567
95193
25775
61697
8647
90752
60863
26532
16635
54212
64988
57128
25283
63219
28110
44649
1654
52198
72241
79177
45829
2459
39636
67770
70300
7548
87555
70110
26328
24028
61733
89891
12166
58997
87589
34069
10203
77404
711
66612
77979
34561
36335
38581
61425
52252
11246
72176
7782
60462
60990
12782
30387
20955
40258
40145
17789
33847
54957
47431
85673
3735
70778
55270
41618
8142
34929
26784
69926
67689
55242
89145
46607
64853
4013
47422
63033
96072
52676
97220
70903
70660
97842
4095
60804
89152
9221
19747
52048
43620
15622
47667
2377
82966
46453
54247
42741
77306
63090
45242
4530
97311
46951
92066
34506
96727
59306
97548
86115
49286
51566
36600
34943
44831
84256
93652
90810
93722
7836
45777
69283
23444
69209
8096
41402
76831
34024
66358
1943
37452
56774
70513
83789
14390
88195
52646
98786
16078
82635
62823
3924
30796
56825
87185
75787
10053
55880
24074
25879
20332
2363
46009
4811
88535
39917
68005
24260
16938
34218
76042
72206
84592
60897
43414
9155
83856
92617
77210
10905
63075
95615
92415
66825
59448
59791
6849
51762
9714
15844
86647
64343
20527
37934
48992
64797
65271
91039
46521
51385
49529
58399
16100
86077
53560
76380
73594
17369
16848
11573
75835
50918
77180
38103
51123
87157
14670
11901
20431
79132
79784
93065
92902
63505
3634
37485
21258
82993
98705
64508
45449
49486
58631
8744
36147
93656
56776
80961
73616
9074
25101
95557
62062
26710
67169
70248
84711
Time spent: 9
Itarations done: 493694