13266
83479
89139
97931
64405
35121
34889
79802
79134
49589
91281
38672
15041
20496
42459
60903
87602
31131
16663
89220
60927
64983
57645
98009
32699
39551
36386
863
74320
65189
95836
44543
45191
61316
80841
38123
86076
46025
43040
63860
10674
51900
26214
17209
56813
10835
31455
27393
29062
93701
33439
17081
63123
86877
69249
69983
69016
37016
49363
88520
64838
97826
46803
40287
95814
68223
4895
11589
44376
19919
66700
9143
76172
74298
69892
76879
34181
3392
69707
23796
88550
97831
49562
90942
73263
65841
54036
20873
92445
1653
32138
31274
58875
89166
10123
35988
35189
87239
22593
1267
84311
76709
18223
72878
99768
36011
22167
60505
78878
52261
81057
19961
22180
67692
38461
30799
91018
7549
88795
27196
31848
34848
35870
3352
80635
29862
38635
81146
93597
97753
61125
97439
11609
66451
56241
41132
54719
48731
3695
46008
60534
7337
91310
24364
25634
80100
75834
8569
82690
93182
84532
52950
47672
14874
22023
36784
1254
79855
28207
659
26482
44347
92575
43135
10787
16322
67790
2341
34586
41714
41184
48068
10995
17533
16617
13891
11604
45867
31155
5997
11781
38907
81097
35645
15643
34495
60114
35564
75614
84088
18619
37100
4395
30646
37932
4544
88223
2595
75443
45849
49433
11877
77652
44784
73634
59008
76853
88626
12236
16142
84177
97571
94557
80343
66817
97341
35455
63555
50476
14813
4159
13238
19434
18008
27936
38166
96088
66428
40216
47606
69436
85441
47008
98896
7682
29335
77671
88385
33996
51634
6568
13770
66434
58427
80618
82040
23119
80684
64463
36585
72003
64931
19716
29433
60887
48171
67693
70161
97847
52526
46054
41733
64798
7880
58943
85302
37670
86637
37489
20977
55502
13748
72974
89626
27748
97264
58460
71946
94167
9936
76374
65394
54909
40767
99304
76975
69755
26913
29186
20471
84924
70972
86084
90366
83479
46441
71943
21581
71085
95007
76952
34009
2692
23353
66606
3975
27731
14249
86044
884
81481
77018
44936
76667
78481
75772
956
98066
70243
90377
42806
67367
13953
84697
84774
85878
61482
79445
23974
76270
18721
52823
78715
94837
44122
21170
21830
32811
52289
83931
46363
27023
63575
52538
52634
74567
93833
21162
25534
73526
9856
78810
78760
92406
85489
6846
78781
4602
80987
53798
25462
11055
33950
30180
58550
14177
93968
20046
79676
99209
55127
63152
28005
25349
40580
21830
24378
28328
71657
10079
3545
88519
10286
28851
87007
24268
98013
21181
10019
28797
27484
33522
5473
80870
72975
45555
64654
24323
75404
9733
40270
29671
24251
23952
30723
22142
3877
45990
86194
84858
74983
46749
6957
23276
43281
90814
62203
7613
26932
27500
43721
93628
71900
73292
82918
58992
80087
67463
1970
82371
8977
86676
40284
35475
73473
11483
96001
54444
30721
47906
48920
6329
56926
20642
86017
68814
31534
70971
33645
96923
28590
12040
11511
59134
77728
16972
62732
87140
97917
41121
81502
98442
25992
8798
55372
19020
58918
26922
62619
54533
3874
23300
16890
32781
83445
45636
31065
67662
74554
98843
80204
75354
69266
42889
79468
7202
33156
21147
57073
50576
2690
40106
94632
88903
6885
75287
27613
5179
20520
35372
47219
59397
56235
76757
21632
69719
81095
24172
59353
79584
99551
19480
70277
98579
79179
90398
41189
63540
8197
3663
31512
78195
64478
43014
12435
54594
44605
31378
17951
97639
48535
98782
49873
45208
40462
82764
80558
707
9780
36419
26860
72298
37309
10748
26719
63639
31494
72589
35862
44647
36817
17158
76222
67629
32456
35125
9998
84045
32995
98139
83641
60255
75037
33852
84648
86789
23609
71745
80652
24969
60508
54428
65108
37202
23071
25614
16791
2789
46324
25567
91326
29792
24063
47598
2173
35345
45155
35056
15733
81701
80166
27257
80684
23396
90430
94944
35176
42092
6751
41094
87164
19985
78147
81300
42980
30097
22413
59433
67097
2347
19735
98929
92144
57978
78194
37815
62320
91736
65716
46427
85696
21147
46878
80824
91274
15291
84943
81991
35213
61670
69611
91212
77303
29091
9174
15341
53533
36906
82124
42228
3528
46541
77749
76173
72662
49923
67807
36037
97795
41228
42142
34520
2902
23328
9920
36119
76234
18377
15141
73410
74214
23145
40195
86540
98925
74072
74432
39220
25820
64399
6088
55981
16204
86356
55349
20111
35081
55027
3969
69429
9102
7368
92556
27936
1644
59771
50490
15398
52463
50649
95426
84010
27893
90689
89412
41598
54227
92766
66885
34137
61702
55919
56159
76917
49412
33382
481
43278
92522
23346
47345
42623
52304
82929
15449
45260
16806
80810
67568
40673
95375
72005
14541
47904
13793
99487
50714
32017
8436
1655
74370
18976
97664
32096
78041
42784
16550
78664
3061
3341
37090
2567
40325
61256
60215
5006
24942
46716
58179
68808
16303
13503
66338
15596
77073
26416
71850
65218
64713
30573
23502
83468
27350
14468
91636
56580
52170
45145
40069
36543
48974
23508
32945
59977
64155
80507
88595
55111
11031
10832
9783
16378
71384
19774
65118
44171
69959
40993
69962
18523
48820
68228
16792
99776
71671
32351
34804
26755
69587
46659
16412
13514
99086
37945
34364
29439
21066
78625
87338
84272
24848
36096
54177
29608
15427
59490
7323
31427
53990
31117
34552
64478
91868
20157
44774
28591
66312
89529
88430
89466
32822
23368
5958
2063
93237
62177
28810
83361
41401
55473
96663
63133
88910
67620
21779
56282
52346
1553
26837
68355
80312
37213
6140
67069
73744
16792
11717
26960
6144
47237
45666
81743
81771
31981
47961
99523
79255
88504
4996
29673
15745
56057
68308
57048
32378
48797
65181
39102
45737
63549
3270
94589
31933
8557
19901
58662
10014
79848
3376
18568
69678
75192
18374
96519
44575
2160
493
51915
66954
6409
45956
33797
52056
19064
11720
26180
51304
97963
58466
93915
82256
16537
14391
54752
90225
36193
11241
74477
21556
83366
45687
6334
91825
40761
48938
73355
13498
53804
5384
22802
7141
47971
47106
65619
57790
50395
65246
50600
93892
10056
21525
12930
59997
14830
13577
79805
26428
10835
46354
12060
29188
39744
88457
10005
61642
23120
47084
14166
45809
39337
78167
87132
95615
58270
59313
71464
47032
21704
92326
80385
70747
83277
69371
92943
1870
50780
32250
93396
18155
5783
77797
15757
73296
10773
14055
28759
45096
52411
51693
23936
89656
10988
23014
50086
2179
90801
56962
71067
72625
93929
2682
10712
90131
70749
86459
88562
93983
34568
7319
43204
90896
84831
25050
86185
58461
43672
71106
28798
32810
73904
17620
76450
34949
13082
72680
90928
24636
27885
31022
79545
83299
65828
98511
81958
18218
57181
25999
90425
49017
98982
33623
57288
84522
35176
80086
14707
23093
32123
33177
55950
12819
37157
27512
5008
89238
99320
53447
31853
67797
26074
7112
54372
5799
47517
45678
4800
64344
60521
34276
28427
94611
29210
41369
25438
44784
25331
37936
42901
34056
2309
82475
73263
68325
10178
28617
18153
78591
75070
75061
31830
47486
86568
88564
67351
52014
59002
69902
10307
91265
58623
99961
99940
86732
17619
98577
5518
39826
88034
52255
47035
6296
23943
18535
23604
451
18581
94612
40392
73472
64646
45676
5454
19538
50620
24499
1584
51107
53715
77955
25044
50409
40905
28433
23036
48061
43541
38522
54816
1682
28155
15890
47540
47475
46309
91909
17258
75994
9750
12407
77918
39625
3596
11794
66795
33812
19948
2882
73449
6644
67050
3847
71164
42129
85006
41092
14711
31372
78063
12170
86392
92781
55612
66444
43483
27595
59296
62863
44523
178
41998
93970
9336
13944
55988
23209
98238
13186
2144
68596
79568
78720
89898
80019
91510
960
58451
99679
94107
7904
13805
65625
50423
97454
43276
16846
72036
73627
79430
85064
13309
14409
98725
13142
1380
5361
56694
22946
44341
57567
81088
66507
68784
91092
67181
33538
99711
5869
45309
55587
10732
80747
19711
42568
40554
38432
9886
10914
92954
89145
60912
14273
11738
19032
27583
67450
49641
20720
78676
62200
30673
72890
12352
9526
39130
63305
21387
7282
55278
15513
97851
24181
97689
23220
20832
11698
25245
18358
27952
3922
98044
98949
31654
42037
95737
21077
4630
64926
44285
15657
25268
40285
7669
25127
43615
71683
59805
67823
1108
6139
63705
28489
13214
84114
49892
42245
3109
19174
4116
86284
56674
68169
45638
18696
54310
54380
1639
7022
23496
35923
60781
70477
47468
69568
19474
19287
60073
6186
18143
12154
54573
68191
1563
68591
35060
1644
27292
66732
43164
66059
89298
29177
99845
23542
20067
49531
12316
15491
83780
40540
9538
69931
75618
91037
86214
65414
97790
3424
54846
88493
91590
45986
28182
60912
66601
95061
80234
79948
83098
60954
63078
10755
11778
88425
88765
93084
16133
97714
20922
76424
77095
85257
59006
77396
7032
34622
39677
61126
80726
97635
24390
84375
44672
93307
90044
2352
52842
37846
90427
33442
17004
62927
10180
96452
52749
1339
90149
83561
48581
19247
63228
8778
84718
52504
3197
76531
80727
60823
55544
47888
56647
48068
88908
42983
50973
9542
78509
7336
50681
57850
8833
87093
53404
47788
61834
3563
99956
67655
39040
91027
86573
89506
51220
63399
90580
74071
97618
5137
20598
7420
48299
39705
33014
5927
37759
14916
40100
63676
75707
58652
71981
32188
81814
739
44622
16177
55219
27168
29043
41043
96716
31392
13160
97870
11804
54064
97002
99961
36148
57418
64451
91256
41514
63344
30242
31471
99867
95286
69664
45387
6079
3240
173
64440
85555
18404
99132
7613
42119
79459
9904
45606
33601
95986
9754
67348
97841
66175
87300
21146
90195
45797
4730
34120
35130
73277
541
23025
39135
91785
22248
97173
59915
73388
65354
19906
77727
42615
34777
38873
68706
17175
38028
17387
37177
32129
65602
99207
24184
90454
13375
17317
72858
87734
54239
13624
97746
91623
71764
70974
74851
17750
27381
71479
41890
32921
44382
85858
74147
33718
56999
67371
80325
94046
90846
70870
44892
48694
12256
42606
28710
81626
8316
29641
28085
17540
36860
39079
83900
73085
16258
36779
27101
10232
8508
12832
44593
48392
85977
56797
50436
34193
62055
79540
51279
38237
9079
90488
2071
46674
83050
89218
58359
42120
23996
58514
44838
23194
3281
52381
76356
94897
44707
56970
87177
73060
54967
64961
47072
85274
60813
44702
68683
17974
65243
4207
39615
54784
3090
47123
44827
74751
97569
92864
80167
30752
93670
86313
96247
8162
71716
53885
53391
71762
24985
72157
12989
44908
18960
2936
38359
29151
36623
14289
29101
64761
54124
50972
66909
53043
84225
39613
7969
9860
71123
14141
17300
96422
19571
25156
3774
78209
93630
53282
81077
95794
26000
81030
49473
92364
37523
90287
66014
31912
78293
43261
46691
59339
66746
73590
23051
99122
21164
61251
57915
62755
49220
90049
10092
36804
85510
89646
26373
53220
44457
45483
30567
1460
86542
19366
74005
27990
79503
61140
9654
82939
72957
7565
52900
15897
94862
58347
96031
93332
21269
91297
50598
8577
67037
28621
2077
82036
94471
94636
74647
4014
39327
11496
20383
55521
9132
64029
66806
53398
17526
27345
79489
5298
80099
91643
22280
27337
12159
37442
26722
72619
36933
11473
14381
42420
33894
28553
51027
3412
31213
77972
50014
14158
73788
44304
83697
71973
78868
61978
6357
27305
24976
10600
39862
76935
6651
23689
24150
39597
27476
27361
88666
38016
96922
47474
57965
59898
42729
23831
64987
47076
49863
48258
8861
66789
89527
99743
60618
51991
7274
84268
89806
58611
97960
99587
57777
76863
7085
35901
99258
50966
63029
92261
92861
7073
62728
35468
3298
62707
4565
53361
63307
92708
86515
57599
51708
56427
65094
72383
15478
48866
1148
5056
78379
24457
2286
32093
76440
56355
8517
49733
61435
36399
57632
32346
17544
91307
9917
13600
43486
89200
7987
55599
62680
37221
96830
99364
37367
25790
31624
96408
79115
57949
56408
5604
67790
13293
45435
2148
13791
35134
60802
86155
24264
96832
94922
97246
62977
98640
34472
38499
25704
69945
3613
88177
88178
3450
18630
30934
22102
27614
13559
71491
16163
31592
76940
3280
83652
92948
73532
92145
86039
22570
11629
899
52730
33505
56579
24399
31233
60840
84144
26777
59106
8295
13569
72533
9283
73842
59499
21458
23788
11468
94374
13675
17329
19091
18448
5569
1887
3693
93318
29976
56201
63861
6625
44719
39890
47268
549
2424
30979
85965
14800
21538
47734
85957
65957
63543
926
49150
9379
24609
11075
35567
7294
31253
16686
31625
57297
89069
94135
76308
19127
71156
7632
11236
14447
48643
8525
62909
64271
59506
7263
35801
71768
83879
48429
93551
54333
44145
29522
32122
78166
76332
17544
3596
51023
25646
33953
32198
84367
3499
98166
75150
44854
5954
42563
20138
76881
34227
37806
78461
92892
76772
96298
28305
96188
9392
53741
86186
22175
44972
64003
36195
58312
17606
80869
26519
30460
17281
41784
50581
23894
706
13287
66217
40929
91522
5636
70419
83942
48806
14951
39523
92497
26668
5247
65047
56358
69675
99839
64017
72359
88977
11853
19185
12418
42190
6977
9398
22429
96469
58049
23254
77323
88660
20756
10216
76292
9024
32439
12531
73969
25755
11887
38575
8326
36343
17012
83652
4079
78827
99421
77819
1630
61066
80148
41977
85836
69383
59209
63211
66395
99290
63125
58344
92152
10467
29191
80630
65361
45764
23040
38717
58724
69733
86906
39297
28001
76022
20013
35237
56009
84958
99626
59550
60075
2724
61583
52219
44263
41773
72478
41667
80191
8463
42174
25573
55782
48368
44977
6782
40009
2316
40523
79202
73489
66947
11333
25882
9745
72392
62977
86860
4
86692
64940
77915
35596
31645
45516
93012
36340
47995
92430
3021
738
79231
52432
71191
14364
52743
67680
41903
46536
24652
34526
23385
52165
20400
21178
77351
35610
46972
34722
48953
26471
74668
85113
18937
63382
86362
53995
36602
81250
70484
39606
96894
49769
90240
15497
57925
16644
96117
10458
56200
67639
61271
89770
66032
27365
10144
93801
66878
89692
79501
68943
27770
84710
98047
8059
91522
60382
95873
2800
43070
81316
58225
98601
76086
24552
19413
34608
29916
82817
52164
45465
54919
69387
45328
99600
78463
55521
78538
49570
86094
61359
96309
73998
2825
64268
56014
97778
58025
84779
74272
87475
44027
59598
24514
32222
33394
13613
44833
36935
2661
98368
99707
74269
21413
73194
1764
64516
4750
66971
40501
78523
94415
73474
83703
87688
29335
1283
14285
17256
89813
20459
40378
94360
51299
22489
69705
20651
63429
37455
70624
40861
77955
32923
51728
23255
85210
52787
79433
15711
82901
41064
18763
92027
93351
35615
26339
57050
65659
9831
46605
36382
47839
86487
62364
36633
90626
47317
28967
25605
49429
14285
77822
48269
83835
84096
9364
64040
15075
56188
8233
63605
91056
6254
4121
99438
25825
22298
70607
43136
25743
38276
1259
64854
88202
71580
27383
15341
60348
94939
45039
79495
75082
50737
263
61828
39516
46338
40920
58883
37083
52675
81231
71380
18679
65199
40693
9760
489
76201
13006
50800
56559
50615
92569
10092
92715
93576
36201
5435
15097
47338
65983
99585
61334
57588
25455
27274
45335
4780
85866
31092
77679
4766
61798
53515
62746
44861
36171
58310
41041
36387
13524
83485
40545
32830
17405
60145
24473
83912
22825
66806
74492
70225
67936
27155
28212
90491
20461
701
97694
54089
83844
60436
31747
65183
15734
99323
48938
71597
97078
58371
60542
91524
34018
23005
23052
24230
96683
91605
8418
97089
99128
80321
56826
632
2866
91659
81638
15687
82775
40842
29001
42306
28671
3555
55680
98829
68395
21482
77835
71264
89017
77858
60728
58111
1592
34332
64778
73803
41870
2515
36905
45155
24484
8856
37761
59514
71325
99889
25247
736
16206
26354
72607
39701
47343
39372
85438
29759
86827
29576
96102
94313
21927
40976
56333
83698
96973
95382
19216
21561
46493
70277
271
57167
393
83333
34016
89342
20205
50127
97198
30235
31748
98106
52754
32617
4039
39500
79622
13153
86891
28624
92685
65886
60339
54880
24401
75109
67898
51798
35091
4891
2635
34568
42397
63670
90110
13756
12060
16703
65488
71315
31999
46542
73468
26462
99513
42319
29125
63654
87539
32291
65395
42621
20002
60915
58626
61334
78604
51668
67482
96737
83803
89898
42444
5243
41278
6171
63274
25241
21806
39900
40004
87207
47315
15499
69381
3568
88723
68842
73158
80059
42263
20522
57218
63068
40131
4220
21262
13376
68556
23415
17608
75652
11869
27757
4638
95253
14589
71605
65540
19059
55298
41545
66181
5535
55791
17155
7328
60635
6937
59836
85889
10865
78711
8238
17444
22512
96004
95607
88070
76970
4136
94337
97295
16084
18363
36058
26003
78547
50251
51814
13204
58666
30404
26160
53802
32165
1863
61486
35855
10224
41363
4417
20268
2552
76699
94846
28489
93075
7600
59963
44481
57674
4794
90582
56088
82438
57359
5154
57904
72989
61995
28016
12832
80737
99509
82773
22758
10261
23580
29121
90095
13534
94800
52013
61448
21343
29015
45745
32230
9995
93133
22357
56784
52298
73878
13690
52426
55776
65370
29510
7782
48262
69934
80280
5894
31205
83205
72517
50802
84440
39414
37064
42644
72684
25587
56213
80789
73612
34486
14292
87133
20161
15244
8135
32383
25559
97942
18809
17031
38597
13794
64049
5665
58786
6121
21996
38385
26295
28982
41226
46301
89939
60083
29414
79439
48000
12539
43612
14859
51297
16039
88779
50382
55641
52195
68018
5049
11748
71069
17921
41278
84625
86348
5500
95665
1620
45126
59351
55461
38559
94919
57035
45994
66768
25362
93091
642
302
44889
7660
69443
2309
63773
64405
85011
32228
94058
28203
45174
41389
44182
8064
90581
53594
81519
98748
52489
99377
59592
75798
21064
7908
58379
72974
37740
98875
65903
98556
46512
58183
37232
27512
48542
25940
3020
40246
92027
72964
63906
65456
95027
92894
99364
24555
42768
91031
39995
68179
22934
8132
810
41531
62552
77653
49696
14570
8279
78306
90050
65538
48290
10300
69466
11871
8380
93277
87418
41232
67546
56684
64009
7213
29005
69229
49174
19210
51460
33043
97115
74026
92402
50335
4278
47959
40327
55536
10869
92442
15980
94361
95653
53749
4073
22657
51729
67840
36407
92608
16971
65117
84915
91548
47017
56674
38887
99572
60962
63572
34451
36103
60307
93723
76392
72717
20275
67174
42466
99767
79251
39899
88598
47759
6891
78615
79697
80892
14347
94768
55302
99837
81119
54452
1847
13573
12160
42906
44092
65971
6185
77129
87089
31833
11527
28245
37015
29204
69419
36429
4348
30057
96245
75537
46026
89796
36080
51993
34614
57556
22770
3096
51980
73888
26805
93558
92544
10173
26434
95937
26928
55010
34725
80539
20648
6790
34704
33461
24489
88825
23242
67606
53285
63655
40989
90838
48051
86504
70497
47896
72769
4408
17515
58207
31591
77122
51538
30498
4833
68693
70795
46851
92849
34462
74205
73850
25716
7250
68182
76481
43648
68623
9748
81691
78146
76384
89053
62770
67108
7815
84191
93215
18484
69692
79112
49274
96528
20742
21462
24050
42288
49941
11349
52895
55707
54954
54307
39726
60566
68997
82158
17002
45445
91563
43988
68249
23992
88674
96128
91376
86029
41715
74802
83442
17331
40424
18036
83104
50430
35205
14423
15681
71361
86728
95544
47565
48006
76625
56084
71668
64542
72104
81124
13655
43455
69447
83619
69891
11703
76598
6717
62383
20805
33412
25378
23393
62016
9680
89657
2990
27185
65632
88033
26516
53515
7399
73362
15713
56159
20788
86280
27238
96429
20719
31311
55354
55379
10820
9474
91751
82603
7908
87827
34792
68333
49489
91189
92929
43254
68879
34177
32557
44932
92219
72737
79316
2346
84370
43508
93638
80737
46588
76646
6277
97842
47853
13129
17647
69550
53879
31128
35957
68095
3069
87662
53477
79173
67068
11545
37681
25650
25069
41574
44607
85071
75646
89882
45446
65719
7663
24605
94190
21727
52664
8255
54136
81598
45161
98607
44056
36432
24389
17466
61105
84286
21293
19310
86784
55301
87969
46613
84770
48578
43209
41540
54973
96261
27487
94780
16848
32890
83442
51383
56862
88784
3807
60821
89889
45096
17731
53837
52432
85129
18587
52244
66730
51616
71578
69441
89128
72865
77870
39229
83534
52058
13459
18425
41359
23427
5622
44776
3019
66642
57547
95871
22891
36486
82623
87011
59563
8698
63865
66412
66297
64889
11097
14662
2780
39489
48741
31991
88593
29935
30469
1723
71244
27639
43462
51179
87194
61760
34644
92315
52977
60407
64028
13588
35353
24585
66190
11767
14359
79106
79868
97873
71197
11601
87836
84927
4087
35901
94450
66859
99523
19261
56642
27728
63833
94271
75632
78290
50475
35729
51272
3007
2235
20399
98683
14734
64263
3265
27723
56617
13871
37743
89832
61144
96045
39308
3926
74819
49841
42066
83265
83596
60128
26024
98603
28996
71615
99193
29434
87729
57620
3075
74761
98695
44779
72744
17591
60385
56674
23393
63227
88996
54314
54128
420
22976
19471
56706
66607
83258
48062
92050
33670
50098
95076
50591
69067
97223
40010
43802
68675
31891
22308
83823
2310
25518
30033
95604
60650
83678
11769
71776
43163
96559
21742
24261
80652
31391
1170
8646
43142
76872
45075
97398
44108
26294
3093
56268
15406
90854
15264
34541
93786
67532
89335
14280
29475
46983
84837
76311
107
36009
80965
31409
89106
86500
70275
33995
66689
68120
38247
42644
93729
95562
59977
16760
54015
22842
69559
42057
8813
46907
35173
58771
59105
20717
3455
26043
95575
62027
60418
93493
14097
58220
93007
66735
75407
9865
25317
47421
91623
26044
46569
379
29413
83067
44118
50523
29861
84817
4109
40406
58459
17789
44808
85655
15169
76758
3232
50001
54108
48083
4363
24203
85180
76791
4066
33898
55849
10872
11784
20240
40254
11639
67109
34200
94996
42533
65565
60440
76177
404
3224
39965
50656
33109
37232
92032
75992
95154
39886
45339
68156
29152
57589
76051
23870
25035
72837
15992
15311
1226
7319
38152
28882
72415
97294
48629
76943
17079
18580
14258
71595
34587
37838
33339
13016
86495
19229
13301
11356
49534
21139
53543
30796
68861
76321
44327
17176
89283
60638
83322
46428
59436
20525
80223
10090
49357
47354
66867
36299
95361
58092
55345
29883
87846
65928
89842
3609
47415
2022
19296
64089
92600
80066
77402
10515
88538
79060
94136
2134
80081
56506
78651
51247
55129
94178
7274
2527
54368
21671
22294
66591
42141
59168
97322
85980
79841
70115
53253
25128
97986
16997
15166
92359
46066
68940
85014
21613
10271
18557
67523
64343
28381
27296
27459
67893
98369
33454
75255
45697
72707
25122
74974
76745
53853
1487
43693
7029
58109
20260
64568
64044
94798
56428
67256
36951
15601
78081
38788
19619
24980
78786
15605
61500
6727
92775
73196
22225
13974
59155
73622
79740
90438
94432
53164
98995
39168
78811
32468
28415
31755
61064
9751
54768
55724
39196
53982
13559
30767
79704
49449
21695
85481
96919
55695
71936
75454
25725
37534
4499
40828
85923
88723
50222
46860
54517
19809
21789
24562
33461
5798
14799
30138
24663
92495
68815
71741
1513
41713
30065
9967
96766
55043
52055
24550
10292
53437
68150
53873
77038
5621
71025
56203
25470
92168
37916
11961
99834
64053
47703
84882
15787
4600
46150
86570
68229
31969
28957
43743
12647
85650
28829
50379
96811
24938
12366
97995
28384
29930
15344
16466
25813
36337
70830
25071
14799
54217
13588
88848
731
17741
76351
98911
68639
88189
28789
47001
36563
85577
48389
44361
15641
55703
53972
42903
10824
88830
77164
52717
29790
93861
94960
14078
54455
97547
97315
74424
69426
82149
17785
41196
34789
96922
12294
29936
36846
78903
31412
3717
49697
96708
94887
4775
93037
87369
43660
12099
77072
90747
14263
19782
84186
98629
53213
20103
48771
26354
64921
92587
61600
83652
65616
45688
43174
68352
97948
31315
1680
31737
46137
54022
15490
67492
79967
26535
57600
57615
47392
81131
9957
68051
30162
32480
99312
24478
74628
1684
23070
14354
10780
53537
23530
55191
76540
69453
11984
41002
71500
77041
40336
28966
74530
83941
67224
56555
73048
18375
68039
85754
68284
61706
93859
55445
40460
69399
92936
85625
80574
15896
70259
17889
21386
66218
75608
95395
29150
72512
78595
82558
49814
17310
10402
99780
38644
76901
26204
1769
40608
58028
69731
59325
30353
69016
1987
13974
65262
22486
89831
62388
52798
30943
36941
93301
84246
48858
79625
43432
40959
35215
63010
60924
36340
59088
59330
64908
17058
47428
89357
68009
10350
79044
60442
84970
70803
61682
40225
85030
49594
90116
43748
58315
81964
72347
23513
57188
64545
28285
17003
42390
73183
10686
24207
10731
54028
71677
58911
6249
5902
99839
41824
19909
60357
82610
81050
64315
57310
6692
15982
69357
8807
95158
84386
82313
41184
94140
9262
71655
6804
64244
92009
27652
60530
2262
41486
24837
3234
17278
64746
61502
4903
11928
94563
19609
33253
74358
31270
94848
30308
69342
32035
31053
98991
28041
89367
55779
84555
75054
2465
54569
61542
98713
59985
40281
65981
65938
20815
70831
44637
6565
721
43792
28415
43665
46946
49516
75367
26190
10375
95798
70273
28183
5382
26575
12385
14820
81207
44725
70694
39716
15488
14813
36936
30218
80563
65393
60579
37802
26183
32538
7138
79242
68477
86301
41451
70880
74353
60053
888
63088
82915
59016
90010
14955
11087
58742
97788
10244
49291
16911
11274
4836
64877
12540
75479
13154
95896
95539
28210
86482
35939
76525
20783
9617
81884
11897
20727
43960
40774
42416
81029
74935
69448
24849
51935
79533
51125
55741
5964
15822
96843
23969
44559
50399
96463
44427
55641
82096
33875
19085
95393
90588
24149
43598
74662
37167
26512
27763
40687
71538
36404
26328
58183
53329
62254
83022
10362
79869
48235
75129
60060
22886
12900
8538
33936
15858
35455
53930
18532
1117
36352
33587
86060
41147
66937
65314
99827
22098
44109
45022
84547
29184
40242
2789
85089
53398
66064
98520
78789
96930
64766
32837
51010
80663
69283
36387
91454
21324
61542
66533
19558
38108
12366
84175
1344
69050
73836
5481
77198
25923
42065
23374
80323
93097
7687
71834
88988
80622
63780
62460
22183
74640
46521
57173
57947
89338
42573
53549
26358
13757
8983
50010
5084
64087
16361
26925
24367
97493
44134
26661
70474
17015
27893
40715
61873
98797
83139
15285
60782
2642
7195
67976
74263
84825
91610
67831
93614
18120
61082
68446
18625
38158
91716
99671
14092
77525
51412
17245
50017
19417
48222
81675
84044
1187
68696
87776
54924
24815
37592
94506
69200
86082
32721
11093
79787
17152
44294
79888
74774
48311
76824
59019
17496
33763
53444
48621
4843
53654
97450
23252
39743
99947
33943
30110
45897
77245
75643
87742
88117
1387
31237
73157
99950
58364
2110
16611
61836
94068
13833
32811
17618
41370
62489
4860
65014
55229
42740
3013
6538
18788
64475
64145
1332
3840
57939
79815
15531
17567
13439
40889
29031
44141
1052
64945
19888
94522
68173
88979
14103
10746
18336
44462
58179
31979
33416
44334
44559
18830
13143
2298
95974
49637
70792
73595
93698
47919
41996
53415
16864
73660
34801
94210
45230
12793
73410
6381
66170
29022
65508
88178
18170
22
53606
90102
97738
46113
94567
56716
54383
73646
48254
4485
99209
97625
46222
88112
56669
78520
54396
79806
96145
6730
39926
36041
90288
94837
1668
54535
60419
92576
26218
30597
85803
22341
86989
6391
73239
44104
12495
69314
6143
97756
11837
96392
18218
38207
60331
60432
65767
73931
16261
10666
4862
43249
60969
15694
14829
14234
28767
9786
47879
73959
20636
14914
26230
80695
76221
20396
52693
88704
12322
89601
48439
19428
22912
28898
82557
45182
75651
97895
11997
71834
32904
61952
7654
55522
71511
88085
2564
65106
74833
63577
61581
6825
23051
72971
38428
60565
13278
3595
55593
38159
99708
62341
15349
63312
55857
77200
26019
90015
25904
25819
6631
21744
50173
80410
15221
67250
21035
83361
31319
70428
49769
71171
11499
81527
2421
45660
28411
94863
93219
50876
98324
64270
7826
51723
99961
21628
65503
26065
88300
66147
19220
75884
10993
62454
35803
35076
42233
84098
94397
1531
59080
65717
90859
49405
98711
81925
38106
83795
51510
53873
8038
84548
64569
95459
69334
48484
52913
50363
37233
80086
41651
38316
66367
99511
91246
24477
85757
33780
90241
49265
96298
32094
35019
7723
25361
99440
54560
47214
60586
73994
79663
60194
65510
83339
724
84840
13345
2041
5923
90456
62079
98933
42547
16873
33968
6235
98174
57481
55583
64650
55588
24044
60759
98669
35536
8125
58104
54518
4815
58728
17183
89558
93698
28677
33037
36403
36305
3280
87404
77621
20329
13995
36820
57610
8341
57095
22725
27090
71968
82738
16753
62616
62316
93394
85591
28620
25288
92217
84090
52717
58829
51767
62785
66349
617
31373
6500
22324
29361
57469
4458
38386
60619
95405
89078
31705
18925
83505
70641
2988
72015
70561
38016
916
20081
96503
91870
47692
43231
82603
26089
34702
23700
52408
75567
3670
75884
87469
4102
13116
36880
32986
14829
52566
92973
7642
27421
7648
43393
39187
81247
98091
31675
42747
91741
7596
7058
82356
8408
99632
13649
7887
97237
66480
43431
39320
97718
90141
30708
78230
85219
3234
10203
62362
3188
25586
8789
43379
16452
17962
91699
60103
76818
38200
38077
17
85271
7015
77856
90301
81226
90823
82193
36363
88633
87154
63091
30587
1158
54584
4329
86945
94244
63570
15433
18154
10525
57195
73229
61206
76915
1520
91317
74409
76602
74125
36895
74459
17266
86353
96424
55614
8028
59913
76914
34710
81937
81679
17976
95516
78265
41894
81301
63862
29440
20463
78845
31001
81125
23594
98744
56813
10788
88795
88901
26771
35
70068
62136
6968
59050
87108
93964
40068
97672
72441
94300
51680
86970
78611
47764
91460
57595
13926
33783
16134
36782
59701
57293
32699
34536
84568
43615
59187
51381
12117
76947
27681
94974
17002
90927
49690
60963
21606
51840
87498
54643
40467
10310
26792
4307
72866
35683
25631
44606
75365
88817
22758
28810
55522
33628
24266
62548
15611
35489
51801
38435
40924
45453
27776
90910
71049
23299
93460
83704
14503
9487
4369
88525
67202
16409
24021
12879
73470
72664
41918
87380
24615
20617
74518
28471
24623
37100
69002
51160
65058
19908
18806
18220
42021
58576
17151
77196
16860
86972
20245
54682
69285
97325
65337
48476
16637
80603
90491
82568
76315
46507
32704
67346
29668
67854
38925
37971
5160
88773
10564
27556
36211
33851
16222
68630
64826
56295
49678
6268
55993
67139
80586
49362
59779
94663
43824
82698
8169
33476
40166
11806
61915
56035
75678
15003
28991
75942
50160
32621
60754
71933
16028
32075
94471
4265
68129
49285
51632
81071
92322
21868
20291
61253
96039
97614
46651
12617
67576
22913
36234
79223
62542
90172
18154
50261
95657
50642
57400
64319
24014
79686
9494
27498
43955
15187
99466
71602
87860
76622
72858
29506
99454
12268
10262
58811
86615
15058
18913
2013
99235
93831
14933
31686
56336
85991
88045
92543
51400
50069
96941
18738
97829
82230
77939
74432
37458
59463
62177
38353
24193
24001
87298
29004
12174
88487
58458
46141
23223
59414
60427
86300
41905
47626
47662
75390
88182
58929
42482
49745
47424
35327
52766
8546
95443
47966
80128
55148
42270
26547
27071
42585
32537
46796
27383
39431
82621
87523
17856
36184
5113
11850
41404
19462
69713
23408
21740
51576
76316
97592
77994
6399
70820
90420
54018
28976
17124
83103
21577
5926
49809
29133
79229
56473
71131
32496
9430
79776
23293
567
75231
23283
62312
83327
34917
68926
83384
31696
28040
69238
99275
82126
39499
3866
53071
2034
79703
68425
54522
11192
28285
52318
65244
27934
76472
9838
22230
75800
68897
79807
81362
26232
89541
62963
83071
45951
58397
23470
90798
63888
5615
41158
29580
71811
68059
4490
56869
25262
9573
745
30599
16978
742
29558
563
53653
6492
38682
38299
78719
20637
56739
37992
48770
55302
76722
66305
89315
40139
26138
12566
26739
11331
44940
92437
17660
73631
80766
87927
74323
5
2525
64580
15242
92927
27977
92637
53961
68984
58721
13201
75668
44151
16886
32652
41299
90970
81812
99030
1852
10808
32149
12589
1829
14489
9047
49418
17
32825
29496
31802
38289
84878
95377
61888
44653
16316
63407
46290
65465
82768
63921
78395
83570
93844
82326
12438
94024
52318
46027
58813
77178
19940
91804
53627
30034
16463
23834
7162
91154
11653
10949
15705
21805
1451
13222
29089
86614
68882
72595
2360
10684
17923
50037
24120
76946
34276
42560
6383
67460
70812
67484
41204
45444
77450
58397
77865
21008
95321
77584
51060
42872
13288
13022
95322
10811
41247
94572
13831
9110
89104
33614
30771
20019
52917
63140
45591
88022
420
31173
24777
70655
16998
79414
12185
29682
20131
21130
12482
87643
75459
17546
3947
99091
50815
40401
66627
63267
25926
99819
69787
35554
34967
11269
48597
78726
56729
73161
14189
31819
82912
27490
83486
64411
88873
79942
85607
27149
3160
63016
214
5553
22226
35963
9798
33457
44983
28719
2703
24874
8168
53519
46598
38638
87967
27510
63128
98891
95987
72420
73654
56251
38305
83242
53260
89508
25268
86874
25631
15682
16603
43795
54920
97539
61556
81117
42413
11932
46966
83719
15552
69796
97548
11677
4808
59179
82116
56842
39936
16400
67088
99164
61272
17230
24326
74223
34060
19927
44224
17483
74174
85038
26918
7839
42153
43065
24596
93354
39116
80397
86107
45410
42917
66387
11420
54029
55814
49963
57944
46737
95944
12913
53335
86101
54072
78754
60128
76951
54365
41072
6375
93295
3346
93249
43459
17069
84722
12730
17334
66128
59438
77245
42681
77233
60096
67907
50792
1334
26801
44601
41504
63038
17489
62837
7061
33936
40013
38013
11545
70327
95495
52992
3324
69869
92894
47963
9979
8858
93260
27741
15230
32029
68813
70984
45643
80216
16759
28250
1206
57653
50686
51368
48375
60375
3391
5296
56757
9907
14178
75479
1342
62296
40924
98606
71022
91590
32639
12796
21135
78945
21790
44385
82842
73824
47271
22828
95385
32136
98764
42665
58617
77636
81059
72055
12668
77575
33019
41109
39206
71316
99966
30011
44474
41507
50597
16922
28147
71447
49926
38676
63993
89344
48291
63502
18457
60487
23127
74303
11488
51679
14972
13476
80272
58808
32124
45818
41029
58069
59355
54756
56606
14069
95279
98947
8339
53975
60248
21264
39485
95821
62055
20196
84528
1255
80268
64958
23719
8239
31670
59836
5477
87601
9067
40809
60589
58856
43642
18022
91640
95302
27064
61355
58705
46209
43719
63206
98027
4737
5714
2490
4306
54273
53730
76958
79132
32975
85312
67118
98258
66578
98860
44358
78575
32888
96369
38314
32034
37908
70870
34091
78229
3148
15558
78635
49924
86451
30774
37381
66582
84515
72252
57219
69743
94323
79498
59918
11116
42805
46671
11315
59320
29320
50015
85901
44456
63915
25653
73883
91005
25824
99503
58354
99066
11314
7064
23906
21489
87718
5016
44841
50248
21378
68858
41052
69175
1241
91189
82741
52214
36962
43817
71329
86395
70630
43504
23196
76999
4606
65964
35379
48705
14479
85620
17894
90974
85756
79687
36033
8560
85676
24286
17826
28727
57397
27580
46791
85602
2829
90361
78142
49088
2491
58009
87855
90845
6057
29440
88267
83045
15596
18431
21354
7024
75048
20615
71398
8330
74084
25483
22409
72361
72267
26888
22547
10435
50311
27836
7670
40022
99206
5737
79238
14831
65171
2861
27977
10534
78572
33367
44032
146
8391
53090
56775
59416
293
21151
2998
27067
75974
93517
30927
7303
94249
27782
9279
42749
180
45730
25568
4817
17596
95650
25890
45470
72430
79909
69639
29458
69600
64957
46902
19320
84525
70694
33742
16783
71844
44091
41125
73684
38582
57936
46952
73122
76725
39772
87464
47269
1055
28368
24239
42125
92110
75481
96060
61470
1250
59178
11122
22372
35059
51695
34375
32809
99724
89531
77217
58345
52489
26446
2354
79241
76948
11034
15298
52000
71683
19701
25808
80066
17627
93177
27532
67222
68532
70104
62148
74241
91082
84746
5513
24418
66391
97579
37635
6829
53065
57243
35741
7529
3455
50313
60251
58370
19408
81316
87192
30699
31530
39639
77373
16939
86896
52217
62612
36901
34105
91325
72349
77639
1753
5312
20176
25759
76600
66800
19150
79323
1134
87641
97160
32839
26697
32818
39223
13277
78007
76565
92257
7685
7626
83077
29683
63665
44826
61501
88186
62851
72315
40325
56993
64471
96377
29761
21232
91200
11286
92446
35272
82719
97189
22518
29347
73741
32180
41056
33363
62746
43907
51913
35475
25264
73818
66117
79814
91261
78010
95311
47724
50034
42679
35100
59898
67995
49266
7734
83022
4824
84680
10183
23829
91682
55320
18471
45923
91540
30166
32034
50301
96140
7798
2899
19169
26703
74981
83666
34498
96227
324
45512
47679
60065
85525
62903
94716
28433
78839
35191
22589
39619
40679
16952
16727
95866
39606
58716
96982
45257
48498
17611
80046
52409
5304
83544
89966
38364
545
80622
35216
85810
54591
45871
60716
99593
51782
57686
26279
84465
5532
84977
59142
52104
38884
54660
77548
97670
78280
89898
84813
92511
74886
54442
88840
24093
87402
49412
10778
76832
83036
48070
8297
88251
39242
21371
53927
33677
57762
2538
76949
89740
34710
62392
98535
1960
65630
18867
64145
34991
2884
83919
4620
15396
24193
58916
38002
86323
15821
25679
57769
81044
21611
44472
40018
88041
59972
62531
42062
24165
64949
57134
57965
54374
64575
85753
42738
96661
70026
92485
16240
28981
12433
24744
10250
71360
30716
47097
27778
50829
83464
195
42332
69416
30588
41860
76697
86178
6406
24720
65743
93074
84779
10167
25789
11459
19077
91964
24309
61098
24988
4463
68024
56794
62574
20222
4910
69085
65478
99671
66186
44941
59807
41559
58057
21973
12988
97024
49797
85416
53753
52471
94693
10971
8428
56798
63457
8566
5824
67081
65864
32214
13272
13480
85752
49347
79746
38902
56893
69365
78506
51882
62863
15594
61317
42176
52708
87479
59064
47706
26016
522
89470
28803
55958
10348
61599
1089
86923
24245
98995
1878
64557
78626
38514
16639
30345
14072
339
71851
40301
10985
66123
8475
47918
58333
46859
86330
25193
15566
69843
33791
82392
93528
64922
49533
87125
24001
84303
83453
76409
9535
47243
72413
1545
45261
61262
83154
44979
82665
34857
19466
765
61599
63225
83637
15774
71313
38107
43247
47538
13860
5652
43497
6395
33986
72041
22595
14549
48414
35646
33088
32753
54461
6613
45597
76464
22979
60011
13047
67694
83847
57076
3295
46170
93612
60575
65940
94018
34308
64953
85162
11859
30114
59664
84569
21028
84223
44987
92353
56576
32131
23617
45425
58753
79545
98449
9757
66903
43205
17240
20832
68982
41115
18203
2850
62377
85055
47082
8281
37250
12711
35917
30386
2333
59333
56422
80468
34925
9594
86806
88923
51763
89140
59867
84562
65521
52304
92301
30205
12873
97559
30446
44215
14389
95494
86040
17426
53945
45468
77089
42824
45927
86542
33561
11374
92175
75905
75384
91563
17445
13734
21094
2482
12102
37251
39500
10713
3823
28758
13841
29803
26283
82479
48178
77779
52113
53292
9141
52917
9854
66773
62656
20939
10214
4445
34894
67787
65607
90731
99451
61325
98773
98814
68653
82593
1241
61471
45857
32643
20434
19931
77770
94531
25412
68859
31074
31676
25601
58858
5973
33629
94228
99159
90848
78150
78831
62700
56784
64564
64831
33351
88507
87513
95016
50794
49156
62512
37711
2390
80296
85116
39480
83356
45728
4049
94381
96669
37897
15322
11145
92329
79077
39101
62058
51959
66017
24067
52899
9221
26370
34981
62004
59075
77950
18371
58302
49680
7801
8515
23144
69552
16985
31327
68789
39580
9203
87271
67623
94591
36566
46086
80484
92388
54225
65920
99923
19527
77091
57336
4788
72564
76470
48727
56207
81111
2232
73815
51878
4772
66977
94203
95498
79842
82681
90355
31238
13668
97446
2923
39361
24642
40196
82981
88395
4019
44586
14535
91716
32119
89853
5574
21969
15926
65992
4961
95422
27695
43389
91628
50204
14923
2920
99828
7278
20856
61519
89595
21099
1704
10374
45117
98078
51808
68130
85357
85296
51256
39881
1077
9362
31771
64235
90317
75853
16154
25344
50386
23500
24218
4580
98649
64055
53790
47376
36603
28761
39289
24795
42204
85390
62297
76489
73912
85989
38668
31976
96589
54844
34944
20545
94174
28544
73177
96594
16953
15649
67748
26845
22310
52139
357
8620
6966
90616
80090
14259
96024
76218
54306
85752
49540
30217
33085
35779
70881
83514
65029
46641
52775
76529
55485
96886
76765
69425
49570
87004
89671
87202
11860
80133
16715
57849
22203
21516
35106
88582
72852
51314
24180
65134
95928
79363
28607
52129
72240
47634
19682
18752
72548
66365
16420
13272
60597
73248
32919
62369
43600
31538
51398
76848
90304
52576
81323
3935
49390
1002
54225
78253
91672
16772
21075
88435
68403
67122
64492
94459
24968
23755
11618
1952
34366
45760
35132
24026
18070
37169
59654
38669
3214
39552
48743
80256
24557
14684
33661
87459
17222
70076
59306
66633
61968
81017
64941
19706
38592
66822
87809
28677
15016
86063
76209
84986
49736
25842
25311
1372
13511
73541
3747
46261
42530
75974
21937
96282
19763
10519
4132
11222
43805
15530
65341
97527
85231
53239
61556
41419
49346
7345
77141
60734
61178
49611
36753
45822
63650
45067
80843
34114
73109
3770
23555
90453
67723
28586
19773
45809
93739
53101
4075
80727
62176
11491
28531
26641
74280
33102
18560
98149
57882
8444
86479
62410
18793
30490
90899
97998
11468
75364
6789
94883
11379
49937
75829
99648
27900
310
39551
15602
30974
44822
18835
26163
77428
67954
92470
21676
13519
87395
44770
74804
99165
85532
97666
27664
46254
78746
16206
25091
88551
83176
78078
52726
3923
23961
27534
16062
90978
26495
92016
27151
61640
22857
25831
49367
48843
4314
59345
87428
44186
51702
74501
99842
74285
79463
97835
53979
96509
36285
715
40194
44883
15489
23197
10711
85181
41751
92660
11450
44565
17197
91303
30520
65588
29570
37617
95803
97018
47908
86117
15886
74610
57053
16876
73496
63839
11321
81855
48712
33566
19784
98514
70386
4706
10870
32884
68522
71185
62375
94045
27830
21838
24471
69873
23193
1358
7929
69954
51534
35996
57543
5721
61328
15463
81591
30147
20996
66304
62200
79769
60439
73998
28600
10303
66204
11148
35501
93817
10057
7312
52216
50183
43201
52424
34651
18460
93927
60182
21911
34875
65190
30395
72035
73253
40420
40018
27228
21009
70794
61422
77995
9235
35306
53445
77686
88961
36118
95847
44218
47309
16023
41040
74132
87050
62269
38275
85638
51009
91592
44984
1918
58747
94949
77534
83745
37164
57312
69397
21308
68919
57781
98577
99185
52971
98372
18118
55494
70115
6004
73587
66538
72995
1538
19701
1616
74913
32171
54548
9182
94620
19026
74388
15182
25344
80501
14565
37111
35450
53737
82829
43266
75409
51517
10173
15615
61193
59963
41304
6888
27700
3612
61921
17704
97528
78726
13234
57958
90148
83192
75489
98173
4485
51877
11722
61176
43910
40027
50602
52185
16841
84111
52902
76285
38407
9447
50012
46285
79057
47014
64871
41055
54534
68044
25803
34713
28267
44315
61942
80403
2061
94495
25303
98918
3836
82455
19017
92029
42225
92167
23847
73169
86998
15624
5820
83963
51546
55129
56675
44136
99103
59418
65768
64416
67877
84224
47216
37353
11970
92236
49240
9315
84698
84838
54040
28434
48879
88574
36017
57930
84672
2997
83720
41947
79698
53344
6652
11968
28490
81452
41900
25830
38692
51376
47533
38531
40002
42372
19803
14241
18485
51219
99415
2330
53664
28297
38472
16728
18741
27407
84180
77540
15303
57999
97992
96625
53033
90314
69589
14698
52242
78864
3962
26541
42450
37742
56794
63017
53759
22474
68490
33853
49441
47389
377
73524
27941
94994
7971
74084
30410
54328
95682
33406
25909
59032
84906
95061
10593
82645
93199
6944
49465
88588
66049
79734
9712
25374
24775
83450
83142
3758
94123
80564
71939
91871
51413
57569
16702
16814
95387
83349
78675
66762
67419
92364
49081
46310
70314
63404
47664
49617
20676
40549
89798
80850
39646
21958
46958
69475
33799
24281
98856
99164
43091
15680
77246
93376
35941
98893
31131
78128
12931
17216
1068
73033
40016
50956
76277
45370
69800
69628
22415
98779
25101
6066
10170
58101
12907
22624
45256
54950
8792
46744
98883
14820
1956
63476
64485
95812
19266
65842
21233
31520
53049
80511
67806
86208
1826
5837
895
39045
95813
22065
52093
76042
19690
59424
64120
83236
64039
38792
82708
2745
33786
31768
64049
34511
17084
22228
49322
40869
71329
89837
37656
38506
14303
77478
96733
42952
17937
49184
86330
64441
89792
92943
34212
40779
93049
73579
96109
32822
99682
94960
51886
1200
93423
87882
38587
29151
39271
249
97667
55626
14467
29540
18506
35256
52252
4061
93259
47367
84174
89109
59047
34902
79299
66921
92746
65922
69433
15184
40841
75316
18282
87844
12273
62394
39463
84131
35711
91262
93376
76926
84355
65145
96161
60007
1164
23320
55327
65196
15305
39846
6103
95066
26647
86991
60144
14624
49317
63061
93990
46242
47576
74289
98474
16167
67710
3496
82281
7984
68173
94439
72945
88754
76845
30067
86794
86853
59099
85348
45714
17088
63239
90919
3037
68266
20928
52458
3518
91174
19392
32540
43026
50770
29449
16651
12463
35441
68833
53107
7377
48243
3836
77829
59842
40370
43908
9212
2406
85412
63689
25814
5227
34503
94824
20098
37036
37082
65959
55211
88117
59731
33470
38554
59251
86457
37783
65870
64397
37754
40515
82614
16875
2954
46240
55597
68881
40591
89319
47178
52442
64894
71033
36737
26195
3049
65155
39728
66917
77460
71140
33293
57276
40028
83274
9252
12035
61325
61410
40199
53751
56556
34308
62532
96031
12319
40163
51406
17449
63445
10548
86935
12511
57547
33773
88407
87333
36462
91602
23834
27250
58333
49272
85853
1095
81900
92944
61825
82664
35390
50983
15894
63703
96442
5883
43857
4734
16604
2195
57884
20140
34211
82453
7424
22138
32820
37904
45103
54626
18893
43749
1967
32369
12027
59624
45118
63568
63824
15228
52615
74593
47320
68295
55438
74514
87938
17476
64408
94013
39047
76299
21100
8381
40449
65968
86157
7520
36518
64595
5821
7208
72190
58340
78055
5373
29673
75994
73366
74711
16456
52673
52202
48696
66098
60594
60768
1907
67287
65323
80181
47536
93773
14379
50034
75061
68042
41800
86812
29275
54964
77003
69990
88235
48186
79216
74245
32129
81618
79783
84898
7695
71161
3814
45510
83526
67679
59902
51491
60446
81233
32105
21689
48121
18704
81846
51052
44162
62222
69115
71831
55203
4162
32092
28201
80772
45984
22258
99756
40275
62832
78057
93013
60970
33550
34370
56899
60565
36655
7328
68110
51914
16807
64390
75318
69231
33462
88187
87377
65387
13614
69230
40017
58032
43954
17446
77927
8667
54239
65331
44725
3230
63321
46612
81977
65397
82018
73434
267
74480
92907
2385
249
78694
56112
75073
89668
91486
22289
42526
63563
33786
69265
34309
89135
38180
17179
13088
64246
62431
18447
63220
99055
69191
63538
98044
3998
16376
91276
34661
54144
68375
43275
77309
39869
82144
56108
70817
6905
44164
41949
34196
34967
34391
68683
61051
3507
71501
13839
78296
45562
50115
33227
87577
96259
15139
54788
74814
1201
30974
80886
62465
61792
94045
58210
96374
59498
5980
53395
4495
19104
71701
54644
38303
42221
11838
4871
9378
66608
82046
60252
63417
84329
73194
59610
91857
82314
25846
84644
67314
52594
30056
88798
3204
56301
97233
73439
80206
15450
84653
94003
52632
49604
25201
85921
46292
70706
65001
10359
86134
98668
39811
33217
46687
62776
27441
67320
1264
9505
97873
27356
56933
46048
45412
69886
1377
10689
27879
16623
55105
76046
56728
88174
17846
59347
78938
7582
21514
35023
66618
68244
53772
19267
83495
99173
96045
23626
28806
2061
27691
55270
68580
79257
84126
75264
51887
19478
20813
12996
75378
59017
27353
74841
3263
90146
56290
78233
71858
45596
79792
88468
7923
48225
64044
34932
68252
78358
55951
35819
64301
77804
9661
66054
70126
79177
41476
61749
24508
21898
90862
66386
28832
92133
82541
88844
11189
2940
30091
61461
74084
13007
94987
57503
68271
67632
16697
51735
38446
33970
59202
85236
67869
94067
77266
26152
8475
53854
91765
1788
20616
23996
77589
14241
62305
29397
9876
41739
61686
8147
84793
70883
78421
67847
29568
1227
9771
77470
43158
12894
25404
86328
63745
90424
21273
78207
42114
51559
67398
88341
11038
38415
86993
33686
79960
90262
45075
32809
51501
32112
43565
20710
51802
81349
16857
96044
90172
95852
96909
73444
15233
61366
70169
52030
14500
43312
79966
52699
12265
8815
37478
21417
56668
58387
91991
43480
51039
93563
76890
64606
76814
86671
91645
68708
75820
12052
2071
19331
8176
44176
41184
32006
78792
27447
71257
8116
30171
74941
23979
27426
32175
58854
70114
65999
60427
14159
82661
79021
44177
88770
48221
63919
81781
38467
50134
98146
67292
82881
93934
28161
45261
10051
70732
71379
12464
41370
57408
81226
15063
46182
33791
16960
47640
25855
56526
54550
46546
70850
66883
72625
84205
31121
25515
48438
13252
30122
61005
2736
79845
95764
91014
39610
23979
77860
24959
37600
11328
70900
85340
61759
95903
63459
91213
82850
95729
91084
31754
9490
74788
78225
20492
61808
63621
16562
61452
41063
18281
42045
77376
78686
12732
41017
47078
80295
83318
36988
74163
15550
95602
83937
62506
43037
83649
19474
5266
906
19736
11744
3670
38608
8510
67657
19410
12825
63786
56841
30195
21577
18439
45659
1891
4480
38270
28694
12599
94278
59271
91294
64171
64993
44338
36106
94844
85463
60314
58928
63061
53485
9113
64825
6975
55468
7731
74110
96774
69208
1116
79614
87645
3293
9131
81625
50096
45667
54283
44931
1259
75978
90399
93587
85962
81610
54110
83362
59533
5680
90777
69243
5675
46774
64417
15948
82206
24823
47198
83105
25064
25294
98267
53534
56698
34724
83914
63058
38821
84646
61543
33296
81451
28084
48402
5093
70299
83031
22707
19585
2746
90735
59600
96288
29032
53079
87246
13215
79738
33023
59454
2693
23233
24767
80334
38353
37494
26238
83812
3758
99553
75449
66214
1137
92784
44460
93681
79934
7358
19876
57827
39174
62406
37232
32848
85096
9782
78106
95187
6056
88791
83425
2899
60431
88835
84190
96037
60021
42675
1720
71633
71426
16824
23528
7289
50927
87589
18061
55906
74594
91355
11785
10762
24652
15937
15501
44903
45592
56179
53248
61752
89074
91430
16806
54866
25353
55155
41539
63918
10779
57636
75231
31287
65889
91580
90540
9033
36615
97418
73836
39584
82398
90174
8454
35097
59255
53020
58751
10278
43313
83961
52873
81321
70900
41574
56770
29677
54941
73337
29742
43524
74263
25782
52672
92096
22325
29569
24131
58429
44971
24553
26646
54623
92981
40000
75676
70394
64538
73345
77235
60438
15132
17226
36602
59085
68032
68993
80160
21716
67100
19514
75210
31606
75593
58779
58436
78120
39483
54713
12723
7610
1935
58508
64169
71899
76761
64945
6366
50889
62967
9368
97408
5613
9979
14316
16601
25984
23687
8320
12465
73495
37131
26933
21376
83309
56481
71809
87078
82466
32904
47491
65296
1309
3965
17532
54810
3824
94413
21679
56605
39181
65519
74060
26085
21617
54564
18690
49865
78654
51650
53047
48236
68716
19700
43090
77226
58359
75319
43823
79967
66606
13149
8314
16178
29298
74382
15114
80616
9910
31339
69054
6670
84925
84280
33667
39607
61663
44102
34810
55498
44362
5119
34534
96491
50344
95814
11856
90837
92261
32284
2797
26952
84697
89015
45909
54825
3827
44722
51486
95179
27338
57144
62740
47073
8520
70039
5459
97994
93177
58032
29011
57005
70950
70552
26012
51127
63667
44794
80604
47913
92483
19431
35986
93018
32893
95766
90695
80610
62066
61080
30128
6553
26521
10107
74847
89591
9804
74893
80486
84112
59619
742
55388
49574
41780
86518
71586
86331
24365
41246
32341
95316
59654
95793
25173
69949
23662
48346
33161
82606
93551
15460
99271
85160
91675
6654
38560
3308
1744
39835
71332
67828
67299
67292
6672
92360
15668
87543
40240
76987
11580
77032
42835
89607
33752
87477
6931
52986
85107
19608
87247
44373
92617
2120
18402
96701
26381
75829
17763
75644
69128
7361
84868
95173
97187
34135
90105
25771
91833
72955
4838
44090
85975
8247
62745
70576
65298
12765
57868
42489
85274
43538
78721
73740
35849
98923
49765
60067
84154
18769
1671
98391
52254
59062
20007
2499
41738
74841
28327
13756
99833
737
46133
25156
32807
27190
24748
59778
11541
32206
4888
70597
81478
43471
58560
57593
84516
73682
74870
30249
24007
93176
24459
78754
55625
78222
90456
55646
66704
818
85246
11086
14510
6370
81766
69627
29990
59332
75671
84072
57659
23719
60443
52885
94612
85318
41327
41661
12016
15508
35993
6247
91022
22788
9886
75379
81638
37418
72472
14093
97948
27038
16925
55640
95927
46683
20273
59289
41162
85297
33619
24151
62943
82689
82784
65028
8466
55791
68552
35297
56315
91161
2680
63980
21911
31855
40932
59391
89276
11116
77616
20125
33268
62755
47455
85693
54315
68701
40087
53674
33753
87829
70100
88083
31990
47063
61218
44462
94045
65619
97108
41267
97393
26390
63252
14201
75586
4609
54420
429
77800
13269
50505
12991
79204
27232
69836
82199
40010
3489
93544
60478
22048
23766
17160
9838
10896
47449
26360
17038
58883
77777
12592
10534
59678
12291
41309
85398
88725
69736
60648
77684
95439
59915
91567
68063
12862
90459
71858
36075
58397
85005
35883
30965
35258
21011
99507
72832
8448
82214
85391
48690
21361
60705
67704
22041
39495
36646
37235
31713
56335
9851
88019
15928
73083
56776
4795
60998
68727
38883
86974
40489
9849
93945
79257
80379
10580
509
91643
58456
42312
17582
82304
22087
10021
66533
45624
87501
57503
40275
94697
65847
37324
95971
52665
46555
82973
11850
70501
56897
50480
66121
70188
8142
54672
26589
71728
33356
11273
23215
99992
19613
10227
12729
83168
38302
87887
34300
48395
81177
36138
98381
92157
16973
85063
46984
53083
93613
22395
73016
43069
24465
67814
88692
98924
13557
3041
88651
1278
94333
69713
62070
70027
79256
86196
69883
86371
43464
1775
18181
10297
94671
2053
26901
59367
13643
2954
14125
89757
84840
22367
90627
73709
75173
98251
86732
98913
60361
29948
14128
24809
42956
55468
98972
18403
53916
41678
9424
57885
80424
56617
40708
36227
16706
13561
13851
18880
91703
24997
90447
9792
87698
81335
5110
58215
27416
73958
69722
95066
73570
15138
9142
22150
54496
68362
46747
90082
2246
91776
69974
91511
65411
14770
70990
65082
37914
13076
75675
52549
27197
21355
45296
76541
70412
23860
59562
9710
95674
93562
67208
87356
16877
8053
20794
75057
45250
56539
96127
40463
98550
66435
33503
94136
89695
20337
27940
58133
80619
4553
38592
93037
94281
28921
83780
64231
87999
84314
37348
56409
4671
58972
44525
51698
34935
17773
31009
71219
42961
59532
87716
42512
31320
6626
75423
95990
46248
48483
8496
12405
53624
55931
44944
40312
48135
6885
31244
77599
93310
15568
24700
64369
28539
37187
43519
65825
20641
27956
75383
33264
82220
76330
8968
18890
26772
85542
39684
85895
81399
79749
40842
99058
31995
26574
84542
3159
32867
17300
42744
96513
73059
22685
98313
85241
54973
47120
48268
60168
7426
36782
87030
72759
24883
58442
16158
99083
97378
54788
38875
71520
71500
99371
62633
26766
61845
19714
51017
65680
14430
30648
37515
45608
8862
21610
37943
29029
74394
71410
75808
93735
86534
21894
65433
69216
5476
27965
81351
1529
15406
15574
79320
64640
24583
21595
24215
30091
90121
59888
23166
78798
38527
56407
58449
88907
63271
22864
64005
61837
94111
93238
91853
54989
49312
30336
70289
74096
1607
20649
64382
40747
11452
14904
11174
91382
7019
38995
16851
82868
19391
95383
71296
76762
13523
98616
56564
49459
90810
40233
171
28630
77476
58148
51521
87731
54492
93498
40357
39813
29377
53964
9822
59469
97975
66768
3524
27484
95184
96785
25942
36580
87625
25678
88580
18652
18358
36446
479
53961
74008
24459
60968
984
8048
60858
65050
41973
20478
67056
37305
73736
63789
20170
68954
85766
17834
98334
44487
58548
52111
92142
9248
83739
72980
53883
47397
54879
35450
29758
10882
2389
84437
21935
64373
49840
78753
57080
88528
49820
42630
95915
14562
17196
84158
4377
46744
15177
17821
21141
66301
65293
29157
98518
114
46264
23590
64181
80682
18692
8614
49678
20012
62627
68743
58391
69415
43259
6042
335
39613
26350
35550
4147
11158
49487
44522
27615
73816
17838
47199
27286
95432
33810
92660
14957
35690
88860
12349
24269
88275
42682
25966
34158
56120
90098
59687
47590
38767
69175
69055
3770
38254
95489
368
9936
70578
16871
69053
14900
3421
70614
81232
10620
27664
90816
75598
40413
10156
57396
16692
12803
68267
285
27832
68546
52952
72388
12175
25020
26350
83149
73776
26972
72413
40895
17025
65518
84607
86584
72464
88302
33415
14223
69728
12937
28201
63905
54253
73062
52940
42287
23386
71834
73351
72285
39667
91149
84215
98879
64297
6578
89926
81125
42196
87790
88794
81833
61558
22120
62180
25836
5423
85009
53225
35367
10567
95165
56764
66807
49867
34625
31947
66869
58312
84253
92163
38320
29954
23801
23052
55379
23357
72272
28698
97181
26476
99145
8558
74056
48389
19908
23225
5817
24959
392
15828
73864
48238
33561
17686
9636
55306
19680
81777
779
41252
76232
55637
93385
93121
27430
26514
43745
76915
74903
45906
26282
48101
30850
68050
35681
97605
2919
17516
30701
89877
56077
34719
54772
97378
40896
35014
34151
86717
69980
56950
98336
65672
44663
68347
89333
57452
82624
45034
26518
28817
73763
36425
72040
62044
96425
84520
98072
27247
59012
68516
91652
81164
93006
5886
45518
91302
12652
52603
74002
60189
73768
10128
61919
3508
9603
64859
1386
17991
95197
56899
96547
60231
93322
99366
19462
45926
64917
46846
81716
70593
84801
42228
45821
47402
89506
54782
38034
55541
98213
59214
39990
93414
90094
95337
30344
34951
91713
91074
19631
94457
26755
27722
71624
15684
6922
75667
32704
14176
97709
31258
97105
18446
75605
41042
20359
75174
4354
8299
55877
6376
97053
38616
30318
32348
98132
96189
92244
3236
14700
10583
65529
14155
50263
94914
14106
14097
45469
10698
77830
57191
10345
42059
70609
86414
40379
22582
41413
84482
44846
91736
86361
74375
79929
44677
65847
2869
71497
79108
24450
94419
32759
36004
33418
19881
30613
77159
75548
84818
31120
41852
70559
5494
59340
77348
95362
7201
41667
43552
88135
49148
59859
50780
37691
52925
35074
1466
50346
87436
77559
71550
55367
42169
83012
85340
57014
2838
30187
8886
66333
28657
35981
11148
49026
18897
53998
19742
7135
47888
60533
28587
71685
42229
57923
98469
21083
71771
39387
28351
55750
26754
1763
65224
53352
57552
62953
63321
920
60542
39426
99740
50296
3925
65791
2826
71530
663
93231
52100
85219
52219
86510
64100
39233
6430
50283
87172
57899
95547
54624
90093
32413
46431
96941
44321
40099
83813
32888
67753
77124
79734
32396
19055
64357
37466
68621
5944
39292
36658
27374
98247
78302
7889
32536
17127
2963
49505
18966
5560
11776
47315
48589
71947
44360
8636
57631
38727
29011
76166
43374
20864
86509
44289
47354
5329
63150
60693
68559
1978
44205
59521
44997
88692
55349
38825
74899
79178
94080
64678
9849
574
45750
57098
41330
79760
29542
88766
19395
2257
88583
6573
87665
25657
85352
68129
92314
694
88649
70622
24405
77419
41592
37819
84731
51354
81477
22473
18177
35081
41810
76046
50726
24405
4392
35414
76322
65064
85092
77097
83132
15867
30778
93536
79150
47250
76830
53129
75613
10390
64800
15909
13363
61368
47957
90207
72073
27286
18842
32085
85180
56833
77408
8989
94372
6461
20929
71816
16667
75179
77575
5451
64395
15883
24409
56877
53793
19229
27525
72030
61481
87238
17148
7884
39728
88137
63741
24588
81212
11394
52509
4000
31891
22447
63157
85587
86608
50343
49379
58421
66280
28310
78244
98857
67711
47224
33516
97525
97581
74996
8924
76348
50602
41110
17465
56587
68581
84846
21074
2276
21841
18162
41336
29933
87406
59798
46377
45022
59375
55814
21680
38448
16081
13640
23294
52203
85893
41620
80745
2302
98956
4112
63928
29286
85683
73407
53383
31802
84482
84018
56530
27155
50973
72374
93854
74259
18878
15473
38424
88993
48791
65777
29812
79757
15190
16433
99118
31905
24359
20838
35728
73706
26267
33649
98353
63642
82024
36524
23017
49093
75157
61181
8880
59835
9757
24836
69139
16297
21457
48615
18699
52123
38223
38243
32934
73375
67114
68129
52554
2562
50445
24905
28461
84698
30201
34537
97434
64718
83077
18330
54601
80839
40192
97462
41848
56820
85300
93101
2701
17596
33233
49776
63648
97374
26353
43305
89510
57041
50940
21442
26148
78620
67727
65329
87682
58487
71233
52908
67328
78235
41018
51638
51109
92270
24724
67186
91862
34662
97474
27187
57353
14221
75173
84758
766
36451
20244
85111
14435
63734
67527
50458
18402
1026
15334
3323
4252
73315
72061
66450
1620
43239
22311
48675
59891
2500
78132
50474
40810
59121
10742
308
99097
34036
16068
63469
87605
75218
53402
48838
61167
95212
10698
75732
69027
38896
92263
53026
19533
92241
95052
65749
72828
50010
38277
60558
67298
70564
37729
70842
13793
59329
70967
24585
98000
38991
62470
33763
15771
84103
28851
72662
28858
20546
63429
14387
69202
16169
6699
9728
38765
17927
44680
60639
48902
22979
656
61767
18310
6452
37453
57793
1880
66950
67233
91780
54073
92408
73636
289
39936
93513
87192
44732
94477
99655
19043
55211
96824
63270
50328
3091
69450
72423
94971
11551
34733
28631
2177
59613
61169
7146
41560
34422
9860
80335
18659
39011
48149
51262
1471
68345
31835
14239
99674
25142
69944
31841
27400
58753
76763
93769
97656
75370
84725
1954
41941
85856
38652
8417
22123
28717
17006
17652
3310
30010
28998
53688
86217
39478
17765
83471
55462
12718
59275
82872
86256
92907
84255
29325
66087
82424
66117
6042
30324
84640
11744
6701
81037
39220
63941
36666
56900
70478
74466
17039
48668
17620
34787
11222
9546
18185
58037
10179
92629
71533
90134
32206
58678
17929
90615
15780
36614
30591
64463
9931
86426
33015
45056
95592
9585
21944
25328
3496
75597
97547
9343
29471
84985
76698
9703
86323
68771
92663
47542
73041
32460
65107
21369
86657
88525
57976
98564
49871
85600
29677
49115
78405
34822
19873
84986
66080
54221
10316
90499
22719
561
43302
