91434
79034
67554
20840
85274
59478
42006
63285
25630
22143
21676
61968
59807
98945
8224
37654
92053
97492
53653
87146
49164
72921
78981
84423
30861
21716
6205
18262
43898
40460
25827
79805
75626
99974
61731
16418
10056
8432
75412
36602
27495
75832
72328
84844
57408
46581
34588
4953
73430
36979
6246
75799
29280
25
114
34310
34850
41247
78362
97161
62833
26147
83039
54819
57998
52368
57246
39404
93602
7843
2844
61324
82370
99944
66391
68681
3147
20065
31415
8194
48527
3056
22203
56690
33616
51620
91934
48170
31627
21993
76312
43058
18061
9186
42757
73440
11992
27532
54788
50913
349
55471
1368
42154
19049
2234
11845
1376
43467
58511
88471
98558
9967
13208
40604
97657
50070
54011
97319
19980
69328
20789
8495
74466
44100
47725
18337
48843
41140
12597
9876
33443
87291
9800
74133
92936
29548
77409
53458
10305
29399
38053
44971
2114
29541
58321
27087
44418
15984
92122
89772
54666
74008
49637
7494
46494
2567
25455
92745
11522
8463
26941
7569
85118
48995
67084
90703
21519
29751
24810
78742
37808
92839
30139
61155
85934
50096
1618
11053
77311
25659
49052
76250
15469
72790
55883
98491
88834
20951
72410
52644
37903
90860
83608
62166
38922
87624
63405
52387
39622
45050
91083
48911
41677
47813
84839
14878
49205
2435
2576
47880
93028
62874
70627
24997
96299
42000
27393
92723
68751
56382
10767
47473
3963
58509
75741
41919
6940
7956
1718
82572
97694
20996
37858
54838
20645
16746
39138
23183
39344
47209
65855
6120
11357
58409
54945
18378
19111
80322
22730
5938
79069
84400
25649
73529
63836
79256
88002
18737
49598
37401
3905
42058
44781
58938
34425
98013
64876
81734
50243
88891
93107
41809
15227
79714
6919
72562
66932
30707
56257
6933
26328
1854
51164
12723
60921
83050
53432
48015
32999
42895
69897
71024
87823
69384
13385
76672
75406
96497
31452
60813
53883
72179
2710
32267
92495
25199
65904
2667
77892
31085
77855
84656
28668
60617
92944
20021
39997
18296
19047
41157
12715
42739
32652
41562
69358
46166
29331
94080
23436
15883
44859
9227
47604
87161
6933
70143
81425
23907
67814
15619
30055
11224
24153
68098
31456
72255
51847
19680
11637
70633
70978
95907
4930
49395
8734
14443
89473
87425
46629
43782
76833
25249
22479
45698
99079
23473
7242
54425
56669
69182
92198
5387
26130
38287
2889
76798
77795
55137
2820
48576
20747
64612
62135
14738
74647
46473
44304
7810
66262
56920
7336
6772
62281
78118
25076
3696
79401
92855
8896
98423
57690
78582
50390
75538
43856
32715
11656
93370
7363
99429
61317
80842
4184
67055
91654
94769
10523
44778
55055
37534
71997
7483
26422
73071
52497
18415
32285
7711
21388
729
87062
21660
87689
31083
42249
46756
75552
71060
85266
86650
36591
35552
21277
66639
11551
21133
33513
82154
86286
82015
45447
87239
35180
46347
1632
27364
8915
11421
43101
74517
2881
42785
77931
66770
37533
29294
37897
89359
92667
13819
68110
59837
63832
27638
18120
95923
51004
5450
90143
51478
47169
47495
52947
3319
67596
25478
48346
59650
49357
99735
1365
39446
55047
26563
94827
41391
34675
86658
84454
80822
35334
58263
11527
23639
99545
91990
16733
87220
60047
18125
71041
10156
21330
31845
17267
14958
16361
56911
59449
884
40709
84225
46255
7656
95681
18033
69324
85060
17086
39659
37784
88292
26915
16273
96161
94418
21465
40535
24456
1387
1337
85875
96385
27822
56281
1710
74601
79150
40974
53079
90187
83623
16601
29990
87773
30401
87501
13177
17357
61107
32175
85034
19224
76114
13559
17166
79328
17337
54782
49281
29073
80391
83483
98095
25644
90726
80314
99467
76867
50717
15370
92146
68038
27667
20076
97316
7233
6299
21457
34572
30335
73551
60722
41974
97329
38343
28747
35535
67381
14498
77313
51778
61802
11071
6846
65940
11197
81128
88924
67926
35942
77330
54964
8337
27568
50708
71270
97630
82748
7605
25023
52974
91256
8993
65795
39335
94606
56271
82844
44073
13067
58091
49683
57574
85276
13912
34343
6409
76941
81693
56238
40
92899
19528
68709
7273
70297
3973
60090
74462
39724
31474
95506
33896
15820
3510
66685
27844
19258
80940
77653
91411
37896
68541
70497
95667
6540
56811
87244
51426
21905
4886
71437
13610
12249
95739
36145
6302
49566
32867
63883
9396
26339
76241
58340
9193
18541
34552
37822
17305
21913
40666
45962
4946
79503
37645
56517
82968
15033
93852
65973
81922
48867
47364
186
50996
1179
52296
9446
99830
80395
62619
90119
53034
14042
42678
50391
73643
3862
37834
32710
38807
77372
73556
16095
18677
64009
76725
47837
17757
45580
29069
95913
86918
17963
69374
71057
3819
53786
58460
40476
49655
74347
8927
44061
80946
23030
60274
28258
6527
82266
49233
32846
31932
91342
85030
1468
26034
3386
89765
38059
98137
66379
5220
98203
47603
25301
99145
86956
62672
20321
26438
32836
297
99394
13600
21444
74633
72747
38498
1570
18217
11391
71679
21651
56959
32175
30337
15130
57709
17822
71562
29470
65494
91987
17554
85538
46423
6579
62285
61547
91824
1422
56404
18916
19331
64779
5206
26152
27480
57364
43074
91289
21751
62144
67053
83392
32075
87607
22078
9325
84492
83081
30866
13218
72952
21312
52584
82974
1157
65690
36170
80682
28928
67356
6514
61947
62718
30879
84714
12889
75716
46272
97244
13013
29420
9812
73080
27108
95579
46495
62724
40035
45101
2868
38525
74485
78831
601
51851
73723
24001
28343
29348
88821
9732
2256
87932
83050
65139
44069
36140
54859
54367
9569
8043
85273
74346
50177
45225
35538
93089
5557
2133
56531
99013
6192
633
22664
65107
11425
700
69961
5651
20671
85923
462
17780
73360
84846
13288
55327
96582
62189
36441
78218
68547
17565
62835
57069
40628
23583
39045
89753
1109
20077
15929
4298
69730
56671
46538
80861
83669
42045
8623
24384
72849
14957
36566
59120
25247
99486
70715
96397
11377
44904
70862
47766
71183
79235
95004
17125
66276
24781
14544
7449
65805
33753
22737
20448
65188
2653
94450
10746
33523
15137
72204
80140
47702
44862
85980
62015
99078
22148
62429
51177
52001
31307
42877
80179
92625
59079
8918
29627
31066
58864
9423
87000
10372
30307
93405
36213
31667
39269
79484
68435
26466
19342
34563
53606
94323
2794
91867
1648
76833
26208
11623
72545
57451
44043
76442
65254
60680
61989
17856
26854
73891
71197
90475
75375
30352
24353
45879
22431
73025
45032
9638
15085
65255
2899
31723
90294
26682
19049
63131
49828
50549
88147
9632
18758
2035
17029
27391
46371
6305
82998
54535
44826
9703
9355
17820
37899
37838
40492
14150
9859
80242
74421
42999
2791
2918
76700
57670
9626
27243
56454
10838
49695
16560
32568
92989
93782
80243
56091
1110
26452
39092
83546
29409
94886
95631
15020
43829
95458
18212
20832
87802
92008
78778
81025
67923
43041
80736
53052
85154
39016
75577
64769
9649
15435
94733
2213
45470
12628
16602
24618
95216
98918
47759
92751
13975
60289
22089
40872
37056
86709
11886
57508
76568
52970
944
65690
8205
177
91234
9451
11491
72951
1971
60071
84239
56977
72707
52987
25152
91681
542
54199
67229
3646
25637
33679
49069
17776
28893
92490
31158
55283
21037
50199
99879
20257
83258
49661
53261
9851
66170
77349
29364
57075
66046
29159
20729
29707
75131
73976
16456
64034
46263
80270
27251
7925
21157
74611
78171
84161
46372
95238
98823
61998
41347
88651
1412
42626
88814
72726
13297
22479
89522
55925
22622
97267
60370
58941
3106
9172
57906
32466
7204
19819
77593
2759
55639
12415
13341
5316
5699
87912
61484
86167
50696
22058
18741
60195
88645
92917
54641
16364
99490
71703
35478
50854
87083
93727
39068
90833
74654
90790
27416
43961
90666
71540
37854
71731
45685
82102
12290
38318
80320
65730
8926
30906
59303
67267
31126
82265
97403
95880
64070
51886
29164
67842
31421
38077
76332
56
71437
150
24375
14552
84774
67206
92613
44403
24725
98030
71285
2255
84668
35167
3241
84137
87249
65557
7981
33233
95127
59920
81415
81010
44093
13582
55960
16357
45923
52570
72526
7339
20560
503
98418
14733
95053
24205
23365
91650
50104
88927
79622
59387
4197
57706
61514
86051
99971
63589
64798
71575
97829
68363
26857
60381
87732
96865
25019
61299
1724
2113
82189
53227
46920
73195
36506
94598
81533
45238
54847
34891
24974
8762
8837
47205
27139
44344
86338
62376
21692
27734
81484
87131
53511
60459
91912
31471
1396
81412
53152
53773
13733
6060
57019
56017
37011
21611
33355
26110
44929
38885
22633
29435
69264
64590
30707
97574
92789
11325
36359
48576
89204
6880
17354
163
85388
99256
71310
5001
77248
79316
34020
45391
52002
59110
39684
73739
56952
50615
25108
74635
7637
87042
53002
54621
46712
16823
18319
36470
48961
78994
5968
46262
17607
37967
88232
33569
32347
15504
85891
57764
90569
8223
68307
6733
29727
20074
34624
88230
31100
70945
757
48648
82971
64944
14986
29154
24730
14878
38749
64938
2476
23071
58606
69772
41419
12880
40383
25082
80685
90174
97144
10458
22117
89480
18897
70798
16228
25646
3854
14225
45666
28608
38567
74447
69398
86179
97423
51432
59266
57820
70734
65049
94651
50917
85060
17756
80695
70345
49431
64485
20850
61981
46766
30516
5496
71280
91050
1468
74941
29174
87762
33433
77325
59272
67505
95851
69779
72714
11006
64884
4668
80006
47349
30856
1788
2806
86769
69753
32134
12822
44292
55813
29176
59896
21209
59942
99515
76805
37578
86960
26406
64424
50911
53620
46830
67664
53666
98911
35608
49909
15334
48294
48548
61729
23686
24356
60660
78193
84121
7778
85197
48400
56095
4562
74625
60675
41232
68139
85552
77372
89017
58284
36253
34358
52841
92694
97626
31960
11695
61621
36246
66542
70963
31141
71643
64865
69523
56438
19002
86985
49756
62900
63216
57695
92108
29897
50520
71370
76451
29742
89919
90576
8809
32702
28192
24895
43865
87783
99463
33184
41215
28618
53166
39822
16458
33927
32679
93515
87007
92848
10999
25809
66866
86828
89513
85736
34667
1854
31290
36855
84891
27452
31225
3436
73474
82183
22003
43687
85878
29320
77010
9600
88254
10892
99184
25415
70441
33510
78237
79651
53325
85145
57771
79282
12494
48489
78507
58871
65098
3556
54200
72340
77537
79865
92736
20538
77787
26861
96521
83885
98150
20122
63467
36108
31671
10495
62703
12459
58644
53433
77612
93761
88383
26652
92864
46281
65837
55613
51832
26651
12647
18410
26099
20897
7881
94309
19743
37182
64950
53492
77626
12908
28129
59478
79178
28637
94578
70245
76948
43586
65961
79261
82680
80490
47478
33420
12741
91213
41546
1314
79446
28730
28401
42322
55150
35973
86477
44669
41922
37522
81776
58910
51231
86217
47245
52222
35247
73540
80769
48435
14207
59939
13495
98912
12759
19290
38976
50183
52262
20283
48030
35671
45751
86760
84216
20898
7572
88913
20492
74224
20699
17716
58856
18485
1271
86080
71706
42824
62148
81990
36145
18540
5065
71196
60611
67986
64472
10061
66991
81312
85182
82763
70749
62312
40697
21282
96645
11658
89378
1480
78253
23480
21611
34067
15740
79582
72691
85343
8304
74466
63340
69372
35140
93922
82647
50583
31988
98
46613
83795
99054
46775
49633
97266
80522
59996
75905
93625
75861
71234
53114
3373
78801
82997
11674
76169
91112
80013
59430
36199
25210
73127
93881
59680
92147
77539
51854
54902
69665
82212
40008
38222
58792
63096
98613
3010
66825
29191
25773
72796
99581
67586
29594
14745
6440
71224
81740
65049
97963
91498
17419
83960
47780
56664
64038
14909
97943
36651
83600
69540
10100
14973
82379
98456
43608
49306
75477
36091
96093
63663
93592
27378
11998
17203
84644
53728
50290
37334
93866
76317
3772
88121
2560
5822
79352
68894
67904
89452
81114
2528
34053
78500
86212
78036
78206
2636
67348
57905
14423
30749
95018
47051
2660
42423
47701
47311
834
68947
68835
89048
53672
88305
35677
39787
33717
74641
47049
38675
37011
9494
94484
95157
88873
59411
54437
20401
33592
12572
27985
30818
65980
45644
58853
74455
12394
61345
80603
83083
84220
97042
79475
45477
7710
55212
10651
30680
80707
47694
72578
63991
18939
77404
26537
72948
32446
3553
46779
75744
16127
49392
291
80350
47499
15119
84712
99012
59444
52818
97866
59845
96081
45186
73078
14946
65822
5253
90682
2717
77286
80457
68032
21033
80936
1133
37846
7441
42129
60874
47856
2748
39748
54183
53511
95147
18637
25472
29867
3484
23806
2670
98828
60278
9661
98608
53528
97829
48507
63801
62945
24009
59137
65370
56693
98277
38525
48608
22495
83014
7484
10011
96956
50436
74605
73637
94042
71148
81850
16226
95056
96836
19934
30773
18929
76632
91899
53109
2280
14383
59282
1527
44979
82315
26858
95606
18827
55572
9120
27123
94509
21590
74517
53309
15087
48506
81923
70696
33110
67547
7878
6399
32778
35819
12857
32943
78635
97931
10175
72582
67905
57576
82047
7554
14861
3501
33954
53844
62491
8219
90641
87738
99278
32344
14915
36841
57025
22656
73868
60194
79441
87745
86234
45770
80595
71555
59288
47833
57364
22177
64046
71533
80647
70922
3446
87592
66387
94995
99818
26033
19329
36052
65124
54672
49980
86408
20288
95426
88366
34923
98405
69507
56939
85312
692
91155
19434
21113
73741
48825
92414
93561
41984
22601
91969
51312
60234
87090
89240
14247
47729
40169
65374
17523
27337
79694
89014
16582
21403
22650
87577
49011
49166
24192
47364
94941
29778
7669
56886
64096
19639
60927
2886
64666
3112
89073
39105
76847
11636
39375
74173
62182
67830
30058
66853
88781
38391
21525
74415
42036
32426
65884
73050
20625
312
58632
58005
88406
72255
95002
35511
64221
25434
2668
38612
83678
83946
82411
34614
59668
36713
38800
43181
1661
5125
24088
50982
27758
4355
50226
91292
18023
20158
46307
55147
12801
66395
51686
14355
55518
97611
38683
66133
15902
25717
52990
54080
6591
30131
44764
80925
23790
56724
38888
4677
936
72461
58999
1768
63246
79868
76595
88244
10581
98274
3922
13252
36239
87222
87326
77792
10083
21550
86356
86143
15832
27328
43147
7358
34415
53182
56492
9893
7933
82492
75473
33668
2107
88519
18653
80812
8981
96753
6560
38791
96241
46560
67575
97828
14638
37720
40288
88248
20860
6480
49041
42801
59563
476
73591
84024
75380
12218
68685
47347
93354
86761
14852
76933
14579
40805
97800
73110
22729
17631
20578
27797
86736
55153
49979
57459
75023
62796
86711
31890
67515
86998
27414
1539
63091
94848
55879
46086
32149
20703
60683
2641
56681
1569
26920
83194
33520
73632
90854
57850
90361
14533
78023
62899
78708
93780
67729
90906
63079
37203
39787
33791
21582
20381
63065
79253
9435
80722
79555
5913
14018
78185
22591
83207
47741
40600
83324
58297
83318
1113
5654
4217
34940
72513
46586
10929
28412
5994
86324
24158
83485
50403
10401
75613
52416
62076
14779
2614
20223
15082
4053
25160
74128
27031
62806
34101
92395
46556
80601
45384
86036
45149
2243
92191
50803
18264
56668
59343
51426
28412
90185
12480
65243
16428
92778
38274
58154
66183
59795
91364
52270
32730
75587
38689
71671
34170
40529
2560
20370
63518
88323
30072
54872
98413
56628
58349
62639
73727
80771
2645
47357
34957
77677
67465
52014
8745
75126
69631
21668
10948
20083
66615
19161
62403
69050
3501
59095
97827
23292
27548
18092
34306
22246
70626
12613
12345
49558
66666
9577
34708
37898
53812
49547
6093
81124
9087
17443
20121
75283
77151
91526
49251
13612
84153
37836
67879
54903
72658
94315
79263
69469
54308
6513
22848
42451
53135
35095
10135
80287
4314
54261
74490
22944
80723
99783
23061
11834
42746
5500
47483
1358
45590
87945
84090
30617
92738
168
14097
91073
94210
77914
59514
35805
73915
43950
61536
76487
71688
19658
24714
5349
2465
16939
72445
61093
67581
48000
87126
30116
61326
95806
1783
37378
79666
33752
69073
34869
17406
69548
58267
39848
35122
15358
21128
9927
87822
53911
23597
67520
33554
78604
61740
2323
82093
34540
67650
87209
1341
76991
63806
40297
72241
93964
42860
53934
71738
10337
33908
89948
67764
2465
65985
9768
30196
4194
54904
67868
97416
77930
20451
47474
89350
57652
87589
58604
24768
44759
37497
50234
83138
52114
52113
10747
49488
46898
39307
43820
94480
38615
34885
10508
71299
95088
52345
22525
56001
46266
91630
56589
18566
53400
24076
35178
88223
79399
42341
85174
68465
95136
1309
42580
64705
95998
78796
18892
10696
83177
53330
82684
18554
84978
30371
38551
31674
54851
48051
4852
29796
84914
58821
1490
21173
16402
14372
59508
58024
11774
77769
55370
28360
77142
48953
54525
9808
88248
17573
21241
19176
78353
50611
14667
55292
92255
81294
44692
12028
97032
90534
5420
33458
67188
62458
38938
93726
29541
51522
7534
10482
61494
20329
68655
42633
85258
94451
53609
80666
90157
33372
48400
10978
45290
35176
63053
24367
35668
76632
54432
43280
66335
40064
36734
62405
31049
93727
73783
32843
34773
73358
97662
71383
92525
59146
39385
43266
1059
54596
89025
49379
94410
51569
25091
46932
49496
9255
65909
46469
3790
83904
99425
57428
83475
20859
42025
99525
17581
60755
61879
57833
31241
17724
77781
35741
69536
59002
10579
51846
2292
52563
21016
34352
99789
52226
15176
89709
49457
58143
36730
60984
4500
24655
93751
45850
16756
87204
87146
14099
8194
45348
17599
50237
78107
69836
48406
47981
26357
98326
92694
368
96965
46525
75266
61724
10884
89332
91674
5862
61966
60071
50087
68666
95943
74944
35181
42603
78655
14563
77465
85727
86833
84735
46361
18387
22379
34648
10823
7107
59435
32183
27384
77030
82423
83264
22303
51791
62800
35036
31781
92886
52460
21058
52268
99316
42484
90836
31450
32728
47407
15689
99761
53258
27188
78297
2144
86950
51752
34217
40233
96884
46294
80258
76281
97037
29431
76785
81882
30431
70859
48890
36888
31260
50344
34786
96924
4454
95666
58887
51524
85546
13581
81742
89120
88708
4894
19315
70007
11484
72431
30063
83898
41010
88987
39849
34756
98404
91259
11928
52390
65534
5313
72085
77601
61506
89333
67456
5713
75000
171
71634
1874
12964
51667
48397
20825
96194
34744
51700
73611
17984
11968
70532
84284
83292
82559
23854
70693
62753
37762
72984
65232
28424
91047
46689
63765
86234
72775
67651
53944
83945
24769
28081
27740
52770
16654
86964
27254
35854
32892
51737
7734
67439
47093
63164
27206
92824
8498
23757
88257
61115
14461
97307
64233
80284
32289
59887
39477
97195
63990
1204
81225
54028
18282
59190
39403
76939
65617
20494
39776
72776
4066
34821
95798
45375
56547
72049
14972
94161
53198
97620
16662
24731
26628
53925
10027
83587
62314
13218
3107
27331
1597
11058
27102
50415
90537
78369
63454
24928
4293
64897
55639
50921
53767
87194
72381
76413
98911
40197
64530
22496
51411
83067
23946
40854
48365
47160
9453
38516
18153
16814
52323
27827
39848
2130
91708
98369
18327
56957
19067
61985
58670
95055
29873
92053
25482
22687
90740
63815
15442
36899
30609
3834
54707
35277
55733
73547
56687
45230
69952
44394
40300
8637
54103
70161
13961
51174
21406
25931
76363
24718
19262
62440
71563
35932
92177
19658
62889
64454
55331
54036
57902
30088
53865
60170
24929
89968
99008
9487
90604
33876
78957
86107
97419
98719
39760
73155
30451
41644
19432
31593
93236
95323
97181
18016
24199
78693
88818
7878
97063
51714
79329
26277
41390
83705
34028
39662
52653
51387
70885
28764
35206
94962
8294
45531
36051
38399
24958
55025
82461
23558
81543
76975
32370
16842
57352
71119
82797
21810
49527
55431
58686
71485
67142
7033
22178
80061
28041
71811
641
5300
32377
680
30740
10098
43569
37958
55317
14562
54734
10432
90096
98363
56658
4500
97980
47233
51963
73149
70153
37182
79386
84539
15252
15328
21940
9645
537
67203
73211
47631
72303
56978
27163
4553
6695
89250
38567
73520
6634
68877
73516
12534
65755
28793
32505
80070
66032
54827
82129
67793
62220
61244
75731
64852
33272
61080
78166
98851
48574
31272
35348
24830
5148
94186
45361
75518
40883
24352
94646
43617
18414
42035
20144
40036
4461
73739
46264
60743
40197
43819
24163
99331
9691
11082
70043
62376
65485
79596
59059
80334
63063
93870
81913
57983
89248
75170
12296
75323
43521
67919
65133
32344
45773
42987
47887
29240
99194
48106
20212
87404
32808
4756
80843
45933
84579
25547
94839
13399
63065
66484
59175
15278
43274
34424
80160
53710
10687
41648
2268
88137
66316
36665
84714
52912
45241
43185
69465
51098
81223
7682
22368
2450
70818
90023
57685
77963
51802
31366
75575
23413
12822
98847
51904
59915
93809
37546
20285
50848
20026
56797
77325
41343
36543
40109
23833
9077
74465
95815
27069
13260
85441
58995
52137
92455
26757
14335
64210
41277
65762
34257
47532
91044
99417
17017
21990
30076
52431
65400
63564
25631
25754
68240
51029
51345
16127
34197
68084
81565
16919
80042
87377
87126
40691
94184
50956
55854
74690
80221
40215
65526
91931
35041
97715
56977
92565
31297
23052
90743
42899
55061
15502
21863
12750
96036
77229
94365
85729
99905
22606
39501
31610
70242
61577
59897
85104
50854
37934
95616
71171
28517
7041
97455
53428
70759
31747
77878
59240
53698
60100
70599
52796
40884
23978
6094
85734
45668
63825
2248
53825
46862
41480
76827
27784
30244
50386
11626
6425
96946
70504
36917
61203
13849
43844
59204
2605
80778
65763
25327
887
54677
97062
1580
36367
1861
2387
47798
37730
46030
11546
83257
90787
41957
82119
73737
64634
32566
14066
17269
7352
40598
30061
69820
9195
5127
88864
31612
17627
97912
43304
9737
15626
44874
89293
83423
42343
33987
77785
24546
43519
12417
77712
67877
87970
62955
84667
83097
76009
2657
67449
73734
95863
65004
32607
16950
54916
11028
65693
62512
24057
64531
77215
29280
85459
81853
41105
73221
66781
47628
64034
52184
78100
34512
65005
79617
41787
77110
76389
41870
20116
88132
99954
51933
549
88286
64401
26168
94455
30488
34549
37
41432
73675
16532
43821
88476
1839
88277
99969
30891
89874
59949
40007
60142
89375
35243
30808
62798
44776
1070
7547
54232
53008
20604
73833
10948
48349
42599
88246
86176
28189
68539
50918
54851
35168
38386
73832
36068
76456
5582
4118
83870
91911
72437
70936
20444
79431
48143
43406
9786
48024
73407
19568
34409
96951
28049
14508
42872
12750
897
79547
81680
35046
54935
63785
11555
66730
64889
24327
35125
94466
39304
2125
30733
41382
64647
6693
95393
95459
25097
94792
48844
44254
58405
85751
40181
99504
5587
29187
28748
13558
181
29697
81752
73697
21439
37470
42508
10093
5036
33784
75250
68505
64756
76005
85145
79749
29111
17976
45418
4578
37936
88572
37454
44805
75769
93716
24271
89331
41177
5305
32940
7217
64166
14262
17330
8991
87455
54303
8980
72109
21593
48070
40964
66826
68801
87878
47256
24656
85891
39640
98449
63240
22702
50379
33569
18573
29300
47308
87298
38456
72464
39557
92088
59414
40046
72425
55452
23477
40357
38420
74130
90871
22994
19369
48911
70031
57372
19524
6529
17294
5720
50863
18375
55211
18420
48672
29697
20623
61293
28031
77484
81498
56799
39946
80437
54935
84132
49658
30219
17889
36759
39055
99584
26817
80240
30107
10067
52816
87989
36932
69572
94764
58151
80332
98499
54566
30862
40539
11983
45800
31923
81465
15362
59911
66254
52833
169
32535
72503
65404
98752
36639
28786
38849
67024
78853
68785
41876
16949
90704
27283
79851
12976
87439
84698
36412
79995
13675
21320
42498
44287
7344
23649
28696
43482
91222
7646
14992
96738
44797
36646
5746
22143
18302
15340
87146
24763
25458
35438
69364
55818
91785
33510
76338
61139
41328
96984
62325
95367
76191
20376
26293
77272
40504
70602
2743
1118
63270
67552
30655
99196
42996
24103
41087
71420
71105
18374
58294
59331
90802
90252
79276
43887
53455
64076
82316
89103
65439
99881
16324
36904
15036
66670
39703
82481
31149
12984
9980
23976
53442
82335
73568
85532
86966
84114
68825
58499
73414
84159
34949
92057
35859
23423
14262
91531
44155
8053
46116
50385
4145
39657
76870
50139
95395
70671
52335
11421
69385
76457
16565
68900
72916
33156
14039
73000
79957
78263
81029
92143
99227
9552
16370
647
74517
47182
41844
89491
10105
43698
98034
29810
34541
77124
72808
52303
62698
3444
26427
79648
28163
76544
59864
63580
35893
65999
70989
33452
28504
16121
57112
58917
68657
93269
51727
65772
14697
62690
28338
21080
7050
20977
64880
21338
88816
85773
38541
75785
55613
10422
12654
75842
66898
48019
84878
81256
53840
36690
89003
33669
27285
15891
81511
29148
23421
12154
98396
42648
24460
51934
37785
99396
56988
69079
9527
30905
1606
74931
94207
36589
44032
50174
70920
95896
60078
99302
5667
40432
54726
80913
40382
694
68990
90055
86361
87880
27333
22444
5263
57613
23123
94617
55874
29521
29918
28939
95466
4246
82368
37894
50857
27788
92060
58178
16165
1995
50880
91858
91777
29573
27263
9233
52191
12165
79179
56013
19170
90830
91787
86046
21022
29717
97376
10059
38864
95735
50574
10756
76350
79733
12734
25079
40625
37985
46001
35583
89166
6696
29780
44583
79668
56823
90140
27113
58313
11646
76151
71734
35495
45350
26246
21799
27479
17299
42387
24087
87519
73717
30161
76514
10553
66204
68880
42166
71911
94766
47350
62988
52332
82015
38170
63207
9134
24702
86264
79938
76498
48957
55799
96395
16618
16378
13733
81749
97850
89570
27923
60930
46024
67759
23097
47501
714
45797
68888
73243
9548
33161
70781
39203
10511
93504
96970
94684
84735
29821
2000
23029
10413
45510
1484
76029
12224
57397
11317
52416
80064
23195
89461
60116
25917
72967
8752
36828
58292
1780
45109
28949
79989
89099
87131
45024
56788
59338
60240
6588
62218
87583
11403
16664
76696
84639
18887
54169
8072
66395
75603
81064
5063
23877
44298
18364
55013
62468
98180
6946
93114
71384
41525
19620
1472
17862
51393
32002
43286
34392
93795
91507
59948
81894
45466
46102
57001
26931
95882
7491
18676
66817
13218
26972
20101
72936
32668
56478
51329
99623
65866
52172
27927
23637
36113
53434
39202
37551
15701
36210
76968
19326
78816
96436
95326
39870
86347
66596
75056
50561
87392
6461
4975
13528
56301
37699
47049
98891
83855
11245
22012
75228
6457
6204
37950
62192
88211
59554
85525
97531
67321
17013
40434
94667
40466
77177
46224
31540
86618
73416
98708
16619
25258
975
17017
23763
62992
50360
65689
74047
7305
52327
87261
69724
16505
74639
15424
53162
10877
36275
65105
71899
91638
20840
37728
79889
1502
77725
37402
94557
13495
96870
66978
59448
53098
31010
61625
33091
42917
17891
22022
36071
8738
24155
29257
40403
1201
92498
59159
77951
68255
24164
65098
77933
60142
69952
65132
17499
60889
34671
51941
83904
18080
22319
42107
1973
86173
62264
95080
76367
7679
60319
61566
34576
31265
12825
66086
33615
6119
6740
89091
11087
97938
4210
90327
19554
43422
76211
6973
82114
97411
6591
67665
46601
29601
35200
86611
96032
96247
46800
40794
93691
46348
41034
87655
2705
21499
37993
50665
21977
73949
83785
85830
23053
58330
20964
43461
55782
49148
79850
56418
14546
98288
28442
18567
21411
74646
91047
65332
87709
21455
8695
31987
61366
25943
68054
44741
53712
20668
69768
94670
66575
26236
42032
55210
8119
1011
30688
30190
94191
85064
13243
61281
80885
12784
90959
81235
63549
21403
10505
72483
7669
1163
54679
79361
47852
16927
20300
26697
2541
80730
70606
17460
4178
70123
9379
17839
37173
68098
74493
89398
9368
46973
89673
94816
56579
30827
45044
86279
94386
48901
99354
83706
86484
35832
9785
63777
94726
43692
98862
10113
12413
5482
62206
20000
59439
30083
5744
23654
35558
14611
76492
48341
86369
31727
17105
51527
35515
86617
31167
54756
76161
41244
93527
33120
94972
71880
77988
53930
22639
60048
3270
12602
66406
16681
17405
83794
82106
4661
50581
91467
85896
55835
66936
2824
89176
75215
36950
67961
64105
87241
33756
59593
11682
6853
29131
15368
9521
11549
27853
49027
62269
49710
32761
76098
64034
45149
77073
94804
9227
48211
95402
73519
55928
39682
30366
22372
54156
15352
87840
68511
365
66287
60593
12020
69038
22700
37464
12676
2429
47764
3182
46459
10284
51789
12552
75155
42833
46891
92002
92379
52356
77636
81296
45028
51341
44058
78752
80413
8517
80066
94395
36221
97996
62455
47208
72987
31302
3551
65037
46894
57231
24000
58650
34481
10296
11276
45108
50252
24944
44208
89809
43179
9765
4124
21450
18744
93601
99220
49640
9447
13761
286
80991
8580
15470
23174
86275
89596
71243
96202
18590
56555
9033
19140
20460
9884
58815
54537
86412
66092
88688
91809
66824
40104
3644
89888
8666
84494
22786
35147
29297
81225
34148
47932
10534
98328
50108
33213
82006
56525
51027
98716
35117
98922
9844
57346
71978
20673
36212
89793
47233
94902
65158
67925
4987
26215
42313
29901
47883
73738
25419
53896
853
11925
30149
98902
48225
39254
97167
68292
29543
2453
46930
4664
76881
77040
18906
42916
64386
33742
62672
32615
19396
24733
59793
90421
13744
43666
7428
58640
13692
49118
87295
26972
17449
92327
76902
21060
50332
56998
33914
73700
19356
1485
99039
72362
51435
91783
18029
20148
52320
27551
79153
56409
27054
92763
98962
57911
96938
7622
66188
81820
32862
19008
71321
17685
380
42989
7674
87227
77959
64852
28716
67907
66638
9581
85965
19107
56642
18911
51921
58207
54517
9800
53341
67905
2955
43597
1549
15873
44705
5193
8541
33133
91855
77063
20340
28518
62236
94422
82310
13165
35814
84558
75120
71172
65693
25980
24546
40421
50692
11118
93521
60984
39461
60105
10610
7646
89711
12568
75532
47756
50371
19352
9392
55986
69348
66776
84969
73488
55054
92267
80699
20568
35982
92114
50931
59165
69339
79624
94555
54283
47127
25079
34330
1963
36025
97676
89974
75474
66071
34037
39566
91099
52344
77868
15809
10241
93749
71023
76427
75510
43456
27470
21225
25051
86691
88569
2298
41574
93299
40587
88408
70371
34855
73508
99745
84081
69117
73990
25052
81023
98185
74693
69565
78644
1008
27225
59231
3953
25721
26614
44371
88758
2797
91458
4226
49135
6085
95830
52796
65719
45592
56498
85870
84300
23172
2202
89388
24593
20324
90468
50015
19200
15880
91857
70284
4445
50618
31555
92677
50105
65699
63848
79723
46035
42306
56315
80450
60238
60988
77456
37506
45170
80933
13969
53763
96859
11781
92098
42442
64934
13557
41150
30553
70681
13925
16780
71901
14986
76197
96557
52948
48351
86409
71059
42508
31126
53237
79959
44515
33665
30681
84463
62098
13352
80126
25020
70670
58249
85812
86317
27980
5586
25695
80374
19826
27394
78301
62943
51599
25291
15428
18425
47839
91751
90389
84172
14679
76171
82007
36313
53361
40590
95665
26125
86914
2167
54456
38503
76648
37324
35841
42221
60296
65936
22229
15446
39420
43010
37474
59362
80149
60040
35549
57778
68342
98512
92508
1248
77956
84023
28342
70488
69713
61051
51435
Time spent: 30
Itarations done: 6463925