53842
7559
25970
69420
1499
24946
92813
57802
89929
28889
68573
69755
1679
10372
67820
96415
12082
93069
17698
51664
47908
21552
69758
20049
48153
58050
17821
46162
91678
46649
30567
68721
85821
40233
82253
96880
55086
62505
5327
11102
29697
95147
94630
46475
10051
38423
64461
82410
75005
92492
97018
19455
9457
46241
23524
71254
49809
40621
47817
37750
84696
94256
56280
54261
2727
40557
57670
30361
49040
27583
61752
2323
38081
74596
36593
23398
71314
62538
80969
7275
25453
59603
10514
21864
9317
47607
84108
2849
35583
20055
90433
19486
17437
68587
73719
78722
79569
60924
2404
97935
67927
40478
74763
11490
53329
45470
11538
1759
50282
53700
7137
61394
14258
8032
98238
362
38182
67221
61412
8628
42064
56879
69866
73349
38439
66161
23481
28058
60702
47218
16034
80570
61421
26462
18805
26173
23386
29421
40748
3195
77384
54200
71987
89111
87618
2561
29578
67137
48186
92109
2354
15569
32190
28325
35079
85166
48819
10907
1263
33443
93118
85392
88657
79022
18226
27993
61825
24009
20446
69347
72084
67884
3843
21096
56764
2496
82898
68210
6867
34488
89332
29460
85098
28848
72299
68666
44668
5255
19949
60126
33352
47535
84754
73054
66996
5733
65001
41916
22014
80219
80503
32227
27341
77696
81851
94670
32921
20114
49431
24322
93994
69221
70920
6329
38294
1859
34177
34546
76720
34072
36136
35444
77114
45749
87790
16048
45512
1721
90290
81676
49543
128
67897
36954
74614
4333
69748
91882
25107
30796
94318
43636
70023
72043
47969
94351
85321
31239
22109
95312
63679
32853
62294
78772
46480
52526
6950
50035
82523
78480
93445
64521
33305
76686
64872
7163
25661
82475
62190
24833
99158
82409
53232
36379
7804
81955
32642
59440
13519
76881
24932
48347
52209
59258
36620
33261
62436
92600
32803
87075
41314
84869
58548
23711
32648
72986
86121
49067
58270
7925
45334
44215
75082
95624
86212
59343
77584
5650
30676
36503
68430
6957
93085
59402
88059
28018
88270
49261
28512
67270
61
87211
56248
99010
53347
45724
34120
29783
18341
54286
63615
60753
77007
7773
65051
2685
98472
49964
75623
71903
2806
29142
73038
67937
40660
27925
25923
96579
80038
15278
31267
55671
70886
55047
23883
45183
53169
32464
33198
98017
84780
27681
18626
53440
91885
73762
36385
11183
86195
85414
77804
10970
51190
34364
72004
79608
72449
77398
64305
75743
76027
13926
65780
41038
43186
61337
19086
35718
89858
88467
41036
96328
34791
40187
83347
4023
31668
19399
99545
92818
7337
66670
18253
58980
30833
92286
906
55094
36003
70665
5383
65318
34326
2893
86139
61981
83916
89559
36140
37890
25692
33109
16198
93579
58380
6641
23305
34241
256
84327
21116
97176
77429
27608
92944
87330
86019
60845
80479
45876
98672
50265
39870
14759
24690
20889
80926
88754
87381
7502
54865
65816
52312
37813
21396
16372
25760
88618
56868
92676
43924
39066
61800
90493
90374
69077
88318
57079
11729
15501
35847
11811
49667
3767
56880
8814
71210
18610
73709
24520
58533
63847
31727
97347
14648
88255
5231
81572
51898
22262
27610
2902
56498
78474
39402
19430
64252
17985
34895
98342
40072
73947
40772
16149
27102
54097
78790
78168
19991
14690
48526
31624
21278
9750
15951
15964
59846
71571
8929
53824
86068
71115
1675
36627
9533
40204
16818
99836
12117
11379
85884
14689
51711
45815
86879
45558
70048
74873
21103
35085
31829
76662
379
82866
51770
45420
90637
77670
11189
88566
98080
28072
26403
3955
90142
11835
7485
48156
15025
30522
37799
5528
20801
12534
12285
7384
77907
55140
95586
30739
77311
34059
99886
26912
10717
37761
36716
91706
38870
2889
67028
90919
19377
37079
59444
97622
96383
15936
67890
80941
51067
32030
56707
10005
74081
55531
33836
1286
48938
38449
854
42692
28760
57452
92364
73637
47926
43818
56676
86676
34836
93355
24707
43391
82353
83948
24688
64855
88432
53908
26537
65333
1045
10402
41627
46771
88690
43970
61239
61212
10641
22515
90100
78418
79511
26141
20185
66804
92818
62805
94363
7201
59933
74013
29484
11031
66120
99638
4147
7120
96345
21439
67647
94728
88104
45949
93523
34251
94737
19171
83622
61621
18506
87860
26733
67622
16205
35165
29662
79102
89121
22019
67943
15536
43888
59906
48464
71385
51108
25490
36889
92444
34562
3077
79044
72603
95425
7021
37342
96423
13092
92879
70794
92447
67087
13519
10371
42360
92927
14363
20177
11907
18962
90555
89340
30900
30865
48078
69520
51701
75802
20738
58595
58246
49277
95368
32339
80967
4206
88777
42806
96896
83994
1655
34672
58805
9234
47058
78895
2375
41064
14027
86858
26231
3361
80577
47530
26062
70583
34460
25218
91137
18480
95035
66110
39173
90792
55007
88095
73825
56657
76952
70223
97994
20669
86277
15707
5697
338
99597
35500
5423
4178
15541
88252
98682
27714
73587
16848
48920
34425
55771
41746
27968
3954
65972
6990
19925
10888
71977
26012
95630
43987
36633
41279
44835
87938
96129
94305
67723
67565
65825
742
82608
97858
67024
39004
2424
92287
71695
90286
69085
56557
56410
12840
11794
35304
41593
94054
13093
85183
67698
99
24743
19388
26019
34847
74416
5836
18596
27260
43784
4095
69023
89591
78715
94592
43980
27530
13130
87700
73886
37793
49463
36
80348
98707
40743
50620
27919
44938
61989
60499
18169
18847
41889
36029
35201
7779
49697
78221
33462
9174
96789
88363
31083
13485
17540
33627
34940
58693
39940
95415
77293
89579
42833
47924
88030
49950
23685
4738
61466
46641
68477
27222
2112
50411
23614
10041
49920
40715
18676
46390
92303
58886
78367
28292
67524
7374
92224
55831
52106
21480
81419
13229
3466
44411
13434
19404
98260
56499
67431
75982
66765
45080
45805
16670
74119
52780
60741
8506
40349
8876
98477
67690
22878
30896
78567
30537
7517
81778
80582
63560
66993
81680
6513
5757
49636
2917
83548
10892
55103
21532
88947
97895
38881
59637
96441
23450
62794
28958
1829
62445
74852
77874
84431
19133
58530
51792
571
94718
38902
99831
85440
5515
71082
99553
60509
79922
64995
25889
5074
62149
19777
60403
52558
15985
50932
22714
14900
52827
93899
7135
21629
4807
58759
24503
84156
26008
92574
81674
60397
32663
78205
79336
99961
86614
61453
72513
95987
85446
51955
17577
56119
47397
87545
24566
32152
69459
86609
44278
15579
93084
38500
45866
14540
33456
98136
82546
76641
15496
57697
583
11610
12644
65663
19817
97982
2846
51440
2800
28780
40334
92425
33997
62575
91428
29613
50503
98394
97962
97697
1419
85585
12886
86107
64244
13070
99161
88549
13576
96328
95282
30348
19924
95023
28613
85238
54565
49344
1143
6268
90156
18932
81366
99075
16226
44703
10721
60025
33649
30927
73316
86593
52895
62576
83644
42822
97078
31287
18583
28842
2751
42191
57167
60137
18892
13411
94447
9640
27692
60223
64235
3703
49502
76651
39580
91610
48707
88713
79556
27554
27316
55581
56259
13824
78685
37581
26876
54484
75071
33281
12264
59898
79623
11823
5684
24226
5899
31213
63178
70347
96182
38465
20521
19691
53611
93273
40769
98037
42548
43350
21122
32598
66623
6582
78179
30571
44539
82842
86575
54811
29988
26618
67616
28416
63931
60514
11711
6723
4999
99242
71237
52620
56941
83913
78927
39009
790
97210
30959
80937
43822
41472
23637
69078
17415
13756
47859
36184
91530
4642
26566
38547
24841
80801
26905
75673
36408
85335
91082
3082
67313
4388
7692
15528
98846
3746
88770
90905
7547
34916
26907
88729
66870
46631
81456
91325
50196
14738
83210
60704
50604
21135
52875
59605
9058
70721
246
51301
34576
34220
8202
49490
7459
44332
8481
36964
79799
52804
24624
9741
26274
76837
91581
31946
52598
24663
61186
5983
39051
92176
68010
72382
82132
65182
61089
54210
98663
45118
3585
52051
73554
40046
4659
77268
64970
27246
75659
83667
28776
98927
96180
20644
87921
48372
34654
84503
51784
40259
92801
88898
85572
35944
33646
10197
40458
12182
8720
89049
81449
20040
21694
85566
91851
79719
52841
92261
90727
96503
21627
6239
72879
13279
83112
50145
69669
85828
37989
9962
33372
78556
85754
27014
67785
30344
65846
41381
63453
32901
12569
34409
47155
97294
96150
59148
22173
58250
34543
79235
58382
80386
38377
59166
89383
85688
94938
61824
87608
17380
6131
12806
17777
91715
70088
85267
14072
66312
36425
43929
87061
71308
71088
62327
42642
7909
38334
93529
87218
17844
44585
31272
783
66789
91727
45837
82793
64972
55885
16959
14414
69024
41789
14709
35183
70503
62554
98482
2105
78632
60015
14128
84858
47406
11743
69729
52069
80589
67410
61639
20483
71978
19426
4162
71402
2932
40563
88564
86890
24275
14751
60164
22022
95536
46331
55803
8849
40876
57719
88265
82761
8134
75811
99072
32594
85062
63381
26580
2066
35171
73319
52380
12061
64482
90773
95799
30757
20062
81070
23602
91782
51396
79770
30039
49304
36430
45268
20948
63402
85561
44084
4896
29057
88908
54303
54180
97748
64840
53588
49025
91914
1085
4766
59390
79441
53624
64197
50577
57843
83163
15979
21168
95959
64124
78474
94811
94742
96913
38745
91002
58144
90637
45194
94229
10071
60509
29018
25721
54081
1836
31057
97536
48719
60806
82206
94813
63312
21190
22746
88780
86553
65660
48798
30458
83337
50567
42554
12981
34109
53845
77026
19092
45351
17118
85754
89581
89869
5161
53257
58327
21182
48506
12946
53
7586
18316
35836
28073
48363
6569
55559
60984
67106
49132
3056
49673
25315
34487
17729
18967
63138
86691
60985
31879
53573
97535
82740
28631
51430
9970
81834
27517
29020
22498
57248
133
16798
92555
68579
49641
9080
65830
11478
27443
52474
48010
66536
21030
7824
65630
98604
33749
65204
33485
67595
55834
95935
57519
61512
95310
45572
54126
77814
97215
7498
59489
60148
30090
67989
35886
44078
59803
80551
55808
77661
62489
9805
59294
60518
50789
83374
35057
88537
512
3995
71779
413
68502
3438
62379
96930
86700
64881
21110
44251
2271
1000
91010
78389
9144
51321
77544
99677
82430
54267
43185
83196
83926
56849
37252
34014
54269
48111
15481
84499
45296
41191
24608
65069
74774
83261
88690
79465
4924
42631
35906
80925
55978
7944
47285
76638
66561
35660
92099
84417
3751
98919
38572
27715
7423
23388
93132
83009
25868
43863
26593
86939
62631
79138
91441
69759
8158
2059
20870
6313
74045
76713
27201
66082
82592
45332
85057
99844
89802
73752
92910
22017
36119
6201
55590
35008
25909
37655
19867
94697
34081
85194
25397
34648
26193
28525
4140
50727
57043
94266
72764
97508
81957
78564
14600
63175
74854
38300
40425
70604
97664
32397
50583
98868
6780
61613
94955
31631
13968
37768
41780
16718
41524
11450
21542
64620
24438
1058
7920
22756
15976
95396
34226
37035
47284
47084
20826
52595
76508
34671
6672
11526
38426
47626
36427
77019
71645
40258
53555
50527
57233
8146
89296
51403
49948
63817
17655
96919
21253
27138
67299
54656
61927
342
42703
38946
11267
67571
8930
88415
89820
44504
37098
92593
12994
4879
90914
32164
54060
27643
58539
59633
6782
40945
98647
75002
70262
87365
74670
44538
41600
98535
97063
69754
55556
46678
79813
38468
54666
35642
44499
80129
8096
4644
72856
3526
23044
44177
17130
16633
8572
65485
26391
15496
58529
22474
36575
81933
17553
58103
2164
48266
82156
36066
18219
71379
67490
22959
92930
8122
39651
6160
82860
99384
73206
68275
95779
51145
44168
90298
99240
47378
9701
22504
47018
41888
57623
44630
50045
54013
31103
35028
73683
36546
46963
82266
38950
93353
29587
2023
41763
98831
76697
67157
81292
11726
58101
19470
6213
81737
24019
7957
45939
18962
65711
90230
92831
33415
27839
41316
40949
54697
19409
37175
67082
10347
8070
19071
60577
75478
11206
99292
69943
6039
16480
38766
36226
33333
74330
12741
25851
28414
5454
81977
58911
41547
57374
3801
52824
84132
25976
49872
65813
48321
30206
45671
29851
53018
91177
10487
8513
64025
20479
56070
1602
60818
66767
97141
45460
12754
4566
37590
25563
83480
74677
22467
26286
3886
1748
87763
91661
41160
21246
97498
60506
44334
45481
30782
69449
65156
86283
70270
88219
37221
30577
47846
62952
45987
34318
23384
95360
37651
60117
8061
78232
95793
34388
94998
41097
61303
40937
26873
33752
83293
99675
12682
89942
66542
1496
3967
68636
24472
83323
54599
66163
55739
30983
17595
28875
37221
91771
77473
73068
66530
63454
77290
36578
93127
1926
75779
44737
48691
55868
61900
72341
24616
93494
61622
22794
47340
33809
94925
25806
70646
32822
79755
75779
38185
3759
34079
94495
69167
69548
97187
3712
85489
55725
77054
35999
29539
32409
31830
95417
18491
5058
10423
3583
43116
35533
9657
31197
46959
47289
53651
20316
15198
31533
64795
48419
61586
24819
75145
71771
26556
72737
22028
12610
89947
29277
82324
22397
57727
66885
26162
61622
3689
88381
12634
85630
34297
38617
7689
15454
97694
11138
77481
2822
76350
33084
99225
69313
86881
90193
36030
11068
60317
22998
42154
12480
91388
85172
818
5014
26399
5473
47948
40566
5799
35843
2137
22711
89790
99961
3609
53747
73151
78912
63147
10608
38884
83620
35681
58527
9406
67300
62657
47748
28689
25449
72298
15641
49097
15713
87544
34260
2632
5509
67705
1655
7849
21346
1752
74215
970
30562
78725
76839
82479
33539
83827
7920
39012
82452
7602
76917
34383
71220
9940
73746
63336
60566
50696
71230
26901
11958
84360
4549
19235
4689
17462
54936
12378
1461
44313
88770
87569
9597
9184
67787
89615
57337
91194
51296
74234
67699
71906
57088
77409
65958
25084
34157
60458
1074
63017
27398
74901
96242
84520
82127
47118
69214
95945
44561
4416
79196
18468
63329
51286
63814
52404
86642
57514
27037
42468
79901
38208
26931
76665
59353
89946
90716
55882
48813
96909
53844
91281
18525
36218
79694
22222
57909
92648
66935
98742
67240
39475
92767
39483
27252
54404
71929
58492
20164
17394
33798
52467
30856
80603
32817
53782
52685
9804
11165
84022
58869
71303
26787
87791
77425
78726
44760
87166
25305
20018
65499
73489
15701
56538
29364
45041
51384
23399
94020
6677
56520
62970
28231
70659
79570
91972
3765
36667
20677
36636
95711
83382
98383
70133
20745
74056
72549
51793
52721
64099
83059
98604
55489
40
47144
16048
63925
16041
82141
77559
25922
66730
85000
69697
90418
83209
5076
13612
89571
2912
92502
32421
16765
3335
90898
58884
46393
64716
70199
68018
76213
97368
63074
75337
98574
95643
76699
62894
22905
22404
589
82592
78619
85393
20718
39004
24927
40032
80358
72424
82062
41966
98863
46956
77014
77046
71026
98142
66125
16473
21729
9969
56743
80471
83248
72058
649
45119
95884
14400
73041
93867
6530
29243
82641
97806
54321
67532
80837
6847
87688
40780
50740
47814
52956
68339
60692
54776
31027
84712
60955
2009
75756
61922
87215
70607
25308
7885
9984
56033
16062
73314
35126
15790
27580
36905
17459
63927
26696
41375
96755
42220
58952
21388
3426
36648
56424
98465
9843
62182
92393
17729
22409
8918
15364
66599
19445
28226
37637
46578
40364
38874
36897
65797
22777
49951
53253
82233
65877
29966
28677
55320
70834
99624
40987
57148
71907
89547
30317
53508
25598
83617
2432
89772
69419
63628
20314
6908
96680
81583
63108
68899
19236
12230
39810
4409
6207
80352
94042
52757
93430
14803
25753
57079
55798
54482
85914
66024
22576
20151
71044
89411
94442
70431
55844
2976
90218
80330
54249
12677
11120
16283
91917
69975
60854
32962
6441
76098
988
84017
65504
25497
52773
21419
7772
16532
78953
56223
66463
901
92081
67335
31336
52375
39481
74271
41309
10147
9236
34901
76900
92397
86438
89840
39416
81666
64421
51380
62098
55191
81827
26793
97336
70573
13082
73319
63653
19964
87217
5329
16311
34450
47969
12890
26197
54348
96714
5385
13067
80875
78993
63831
81296
89957
85297
71220
48942
19922
37236
91421
44224
41379
21334
84151
67464
79822
14445
75959
81086
89304
17128
55388
95416
68994
74329
24193
63867
73511
16304
15918
87498
92645
96993
88150
55971
66385
41871
5395
19651
57152
42839
55823
95843
22704
53791
86988
61121
20408
47257
3173
71247
26363
89875
40146
80340
71366
82434
21885
1775
79767
88842
8218
64707
46955
47618
62349
72167
6584
19363
2894
59350
19582
74151
56300
84027
63553
63918
92426
54930
13437
56613
8595
18500
82069
31308
25554
79590
32779
46393
72549
27496
85232
96624
68131
75106
10422
69028
48312
96045
51070
92527
54356
62326
9623
51626
68721
43347
17642
650
79612
25984
37571
71706
62089
55103
50713
16963
86822
73947
53683
63788
6382
64711
19719
89914
23306
50992
80905
45048
14240
25891
52714
55186
70075
12186
53232
46388
13281
44331
66004
15901
70523
85933
57640
60220
11171
60920
89178
42081
10469
81796
53630
41322
59874
4161
31229
88216
26497
23135
78608
22067
58572
54322
58474
52752
44555
9677
72275
28380
59683
86923
79979
28333
75762
40060
78253
7723
67438
88125
61185
16624
21371
49459
6141
5464
43481
59607
11438
6547
63857
42356
62202
50932
58919
55494
16140
39746
46061
25531
81891
39507
57306
18937
9203
12131
65360
71368
22418
22063
17993
10908
6526
85301
34818
66531
98565
38092
34302
48783
46188
6699
88247
26107
69932
53840
45981
97308
6069
62315
31166
78287
12853
91781
90389
79520
94594
10766
64581
49660
35149
62762
61869
184
35305
72579
33558
6206
16942
37139
93757
99356
90970
73516
77531
30061
85734
16237
2480
78621
97921
65756
84308
37127
58938
90466
58200
67599
6340
75769
74716
65618
12080
95412
71456
23299
47177
52710
69852
90613
55872
2235
10259
79884
71418
16158
17880
44686
30347
3709
87082
91445
32403
27029
82335
49709
49281
82222
80216
35349
6892
30499
18889
89893
53083
71067
78928
68738
75583
44749
92524
81146
53370
45354
66892
55769
8794
94375
12069
16830
77426
3878
83325
8163
28002
12286
84057
94998
45746
28248
26297
6641
38945
58913
12855
57178
40876
30639
87666
95830
56990
32569
99011
93797
50737
26459
34086
70219
70476
69773
12783
96304
94655
93295
73540
93730
12726
59379
44801
61096
65284
2430
71862
20506
38433
19334
60802
75296
44637
34293
8687
9459
25132
9885
12412
39488
77417
14144
87293
50199
45450
82085
80915
7464
9862
29336
37784
42883
80841
85390
55955
48078
27300
14482
78066
99586
72513
83221
76151
59281
48621
15841
22066
59766
30243
50274
83546
89404
60865
71279
49663
37395
44792
50440
68864
45790
2130
67098
77761
42345
74610
19145
9524
95821
26014
58092
96973
43598
2555
98943
27358
90455
5770
62137
63366
66860
83300
2191
17992
65323
61407
65658
59720
44166
27162
99635
28842
99471
17914
1290
65747
58037
91033
58733
87680
36836
27825
84068
1734
47783
72131
80540
8714
520
16327
17468
35061
70523
25258
8989
28149
54949
32107
5637
64037
34502
49290
11401
46170
95988
12149
33129
18519
47279
13582
54030
77310
74104
93675
98480
41764
46368
20001
21500
36145
80631
31449
12956
42962
4917
21290
53944
10282
52243
3626
787
34911
29983
41464
673
97580
Time spent: 20
Itarations done: 2471464