63706
63013
12406
70435
80261
82251
21338
96483
16582
85020
40031
9062
18743
79641
29007
93903
37512
17870
21613
12045
92002
18824
43800
19568
98158
76348
81482
58678
58721
11716
72032
99876
87590
91872
68090
81052
33393
32351
59047
46075
74588
43554
38389
32835
81577
59237
73588
98649
80079
6877
69239
99589
4385
40990
13925
59515
99171
62552
66558
74439
14162
90313
68946
98383
37219
33140
67904
47945
28318
36406
92412
44589
49404
40023
59206
85983
33254
90886
73582
736
98248
98286
51333
94480
95340
7289
12407
39476
68545
92113
87217
94819
20901
39236
32504
69750
4137
98241
75220
58753
92160
27341
90102
83822
56013
50090
69465
76641
31088
69938
62169
21438
56153
60111
42816
57854
68129
57705
21931
12428
56610
42952
23223
87159
17727
77267
34966
84084
98241
7017
89129
85930
87644
13848
34098
44649
98575
6985
44645
51987
73980
8062
56282
79234
73246
74884
20194
76925
18889
46905
49680
19493
30462
72282
69329
64727
32911
94043
84148
73398
2954
31183
57426
516
8896
89464
23313
26418
6853
76207
62958
43258
79461
73574
41464
50454
41967
45621
37048
41253
94937
15817
93450
81840
72889
53816
92015
94233
23757
52892
70792
54751
55403
62790
14599
10907
2245
66654
2204
1339
97639
55233
24586
35770
85746
56772
81740
54924
70425
26770
24521
44012
78064
88216
32761
17573
6293
39973
11227
28353
41155
18663
40920
78397
51596
7678
44819
26623
12023
35896
14382
93886
61180
98226
95923
63935
78784
60265
54475
66610
50069
80177
16807
8262
92841
92302
44971
83630
41621
49087
7115
63244
19126
10561
93203
926
76596
3933
69924
47079
51364
49761
81230
85184
72603
65743
78810
31288
44311
14308
10238
49263
48369
56033
1637
38215
39919
7286
46390
42676
52287
77612
51770
21069
89381
79975
1326
83411
59695
65344
62413
75356
98009
31993
5515
42411
28341
99437
4775
55498
44897
17133
57666
17063
26487
98839
95773
95509
54327
34968
58393
54998
73101
37330
65966
57512
20865
13310
61343
14548
54594
49864
83429
56964
15102
11594
99997
73186
7560
21770
54270
38393
21999
280
73326
20263
81954
78362
45490
474
88775
96323
98532
95397
24189
17557
894
94296
84310
59823
64051
58810
44576
53059
45751
43621
96996
81907
41049
4967
58582
60715
909
60975
23014
18929
36582
55836
16349
45588
52065
58404
21957
53079
96651
95087
59927
72352
44901
76711
41786
84454
92345
29579
72682
26576
1781
82014
40049
84692
47265
89446
10314
99469
80709
3446
53325
67235
89451
3114
27969
13681
22271
10824
91847
54303
36000
8585
42861
32724
55233
56123
61254
45655
43584
87302
96887
21588
56530
27574
38426
19217
83077
31941
8673
51152
86326
90222
53354
18657
21476
84442
29511
63943
43858
11763
54002
7980
19344
5609
42632
43835
14765
97502
56112
98223
76956
62628
70276
57260
5612
83244
4902
76330
87364
45794
78009
58522
86293
59953
614
91290
79580
50811
90744
76766
86046
29019
64864
77596
60081
87972
59908
27212
13748
11937
49750
21134
85838
4556
46221
14204
98225
63245
16661
97551
27070
31760
7535
18677
69261
60546
36759
38199
2936
92512
6185
87593
25013
70432
90059
3722
98354
31474
75302
67952
56540
14155
65097
70376
95162
53577
8554
52933
25146
81854
86097
59147
75814
82407
62749
32764
13231
69181
19633
62749
82826
74775
87775
67873
94379
35154
37699
50591
42163
52799
23304
26928
93350
5045
39175
56776
83778
39824
26744
57321
31714
67163
56614
81214
17506
11510
21863
80685
79802
37333
323
58939
47507
98417
82556
31018
60701
89913
16681
77687
33477
1408
91204
77998
76973
79171
62650
48836
31815
6207
36076
3058
55822
99857
23428
61767
74956
8442
37226
20804
33400
60790
25210
76733
72073
85485
15346
63362
23955
70291
19991
36321
39354
76435
43018
70212
44527
57300
44379
565
93048
56569
42820
51109
90904
76980
79368
35810
63492
17571
21752
14658
85523
74671
63017
12392
13318
89897
56416
80116
43028
6987
33000
91215
68045
68583
68412
15016
24196
43912
965
4308
92257
28820
54412
66171
73923
704
85676
59429
69571
42653
60344
76656
63973
73451
56864
23805
69600
33095
14160
6325
86205
77089
66770
67087
10114
27011
56634
98461
66964
9727
71306
68583
47593
93090
34630
60128
98357
92100
67807
18866
54391
76231
46321
48794
7101
55975
1314
70823
65705
64682
52781
82826
6659
80342
16351
20227
4549
51240
95431
18414
3357
99222
56145
20907
17941
74867
83766
60509
52194
29907
36231
64608
82508
54023
42843
357
83041
95480
44427
80591
62709
48067
34958
97206
42936
40421
44085
35084
29876
8037
94982
46757
25176
63148
82620
35634
75284
3145
43806
3945
80912
14300
32236
70463
75446
34321
69339
52629
33948
34613
14810
37879
92840
71116
89524
39756
44445
31197
87901
45847
20270
73316
36820
16600
92240
16054
93821
86783
2063
83569
28601
54629
75473
55663
98722
17644
90310
2383
12928
28598
45239
5453
73668
411
19344
81789
4145
84431
21948
28006
94624
83027
6671
99029
47760
34487
64123
18804
63331
25870
13546
96578
79049
47768
85311
88355
76009
3853
23404
99831
64849
27664
39829
74529
91855
39205
21349
48789
42992
94805
23046
83924
78269
45035
82897
5065
98822
17601
56893
86096
34785
84744
5183
20550
43264
58041
56315
9482
22634
77362
38837
79042
81888
25345
97372
12839
51923
3898
3724
47204
89419
55029
32667
31029
3345
94773
96755
96139
29159
55972
24846
18983
86416
3414
24979
79944
81758
93060
93826
42666
61154
96092
22144
82543
72797
97988
98494
90871
75174
13079
31945
69154
13637
25789
98557
6677
93155
81205
66158
3690
94983
99687
67251
62393
20610
82883
70849
18450
97611
11824
50615
26812
48942
11699
58891
47409
9726
72468
94038
98621
73713
69626
91960
59433
65392
25261
81765
4769
63096
85949
20233
52773
43489
71092
60082
87645
78451
62984
12987
97131
91652
68176
39882
29882
73995
78657
38298
34651
64648
904
99298
90614
27495
1030
75048
76157
91638
35068
32133
52018
78961
94852
65440
53958
11781
2003
12762
99974
79277
25204
41224
17563
42631
79259
73234
87662
75728
88334
81842
83618
70782
60361
13257
55922
86377
24736
87686
76403
79216
31240
88785
9222
40241
94576
76682
20220
50802
95909
49896
71046
85229
20523
37399
69988
12397
18977
23682
67529
90781
28078
96880
91386
9021
77557
62828
13184
97170
38465
86410
26860
22527
40167
5613
97534
88422
94177
13419
8835
74251
15184
18014
96478
90800
22243
72712
6452
76074
36448
13624
57225
23812
65302
55253
17155
19358
78572
72090
30628
55688
35558
37681
39468
16210
19560
1768
49729
40288
71692
60781
88276
32519
93292
17303
78361
37389
3820
30097
38951
77233
99463
27834
78627
43308
56560
96908
11644
37309
63552
56527
71087
83802
45295
2744
32066
72814
64404
37147
86473
46223
45715
95681
30104
11608
71991
58354
32775
52850
41697
51580
62578
8072
62942
51453
26511
2374
81632
58504
71482
55343
6422
42268
62019
31487
98239
47495
14036
65480
37920
12879
17597
73510
71981
77929
25868
57056
63544
43893
22313
16040
43135
10641
3664
14592
62394
32973
32326
84545
2606
27030
18608
9303
79586
10322
90529
3873
16559
77343
96947
95611
27516
96819
68361
14633
64953
66347
28995
22871
37925
75522
13597
46378
99047
9584
92926
26769
32368
72231
52963
74578
47961
18417
4661
89837
3639
65818
23387
13300
29367
97073
30197
85550
25749
74029
30727
20574
44396
59878
21683
45446
35025
85456
59798
18387
61827
1892
63607
13732
49916
33389
84522
54260
21645
81151
40377
78820
22069
32244
52045
56364
13048
95711
61662
96258
36279
22273
39628
59121
6963
63702
6804
42493
1861
93266
8156
1247
48183
39596
74627
63939
3047
82933
1086
23202
37165
24884
49981
10780
972
70684
62663
15970
56593
56383
23340
69984
4829
12501
74238
98161
22780
80351
24788
36965
54780
87609
32503
23351
66973
45636
58721
90354
84186
52650
18486
44644
76658
74053
50585
59326
53750
24057
31122
88383
51932
91183
41991
97948
75139
34338
84238
13988
57022
25816
95525
5982
66668
32975
90776
61850
72030
11226
95587
60619
8628
27625
83073
16255
74983
46488
56579
48572
90825
86354
43045
35277
9263
1035
74786
13011
69924
46575
41092
24596
16500
70670
85257
54758
79158
1418
7541
57204
40001
18215
10030
52232
57997
59226
85487
65935
28798
57027
9031
89563
94342
96881
38822
60788
97385
60555
69952
7352
96833
52653
14308
47988
21238
6171
98470
15526
39836
29299
81512
52737
73173
86451
95108
32726
48705
3091
99428
72611
30642
46129
30072
41701
17879
59488
83621
13564
9034
27914
52411
75149
79402
1154
72718
85471
1062
35382
94795
71464
64445
99024
18069
59183
27309
46145
60271
64838
25404
82119
45422
12045
28019
33490
2302
99170
11149
86818
62414
13815
51209
79703
34431
80245
13015
11291
10737
29957
17176
89284
30896
5620
24099
45779
86780
44241
64479
35235
4514
36690
79447
74454
79593
27628
7479
96651
73174
2366
69713
69538
99992
5365
60508
70797
51267
48833
45859
23390
99639
99267
8745
67884
27368
74839
57482
89270
3916
47122
30892
21746
14514
16963
92346
26480
7433
26184
3701
74616
84398
74314
9686
70579
5990
32701
43458
19214
21806
87126
84882
74385
63827
94431
64481
6334
60630
8689
8063
90465
39977
18103
59727
51157
87779
35073
4223
90803
22569
98773
33572
96465
26328
82104
67438
44375
44901
43026
41848
15984
34212
24037
26749
98304
82097
82986
19219
66043
79820
33384
86295
33325
52205
83075
98968
18762
80791
86346
7274
89243
70538
66485
55274
34961
17359
23309
24309
81102
31098
13307
23064
60006
56571
78851
13798
51754
13914
7279
75505
50788
48691
20714
56828
31548
42110
33096
64230
67036
82149
62195
64222
820
37548
51250
52360
85174
8325
37415
56311
75915
48854
2331
95413
17919
72533
53902
15002
64416
50675
17768
50174
47829
12504
61967
50715
60305
37983
38941
16600
7993
10717
5297
51775
74743
64255
71629
42842
68084
11887
42245
8838
23185
97360
27749
48464
8958
41960
52251
31920
14526
91986
31322
45933
94022
89922
66857
2616
12980
2421
90651
65460
70556
38766
89763
29084
68400
84529
63624
13268
59200
56933
95385
96370
35742
60748
68130
18373
14820
86569
20358
29656
29369
46926
14523
47943
66933
89905
87450
13008
82905
64842
62088
96324
72913
40119
26322
31197
10344
89226
26471
77809
42173
67971
80610
27182
89108
3104
90015
78222
14530
575
15761
92819
10763
60316
91963
45403
950
53607
67087
35392
70102
79009
481
23672
19888
63296
92490
87521
88283
14952
93445
62336
87407
69522
19312
53051
90737
88494
99960
53342
44298
86339
99750
6477
85552
63993
79550
78129
28397
21265
14313
88498
13019
5545
40980
68775
25299
29659
87751
65275
62065
57840
27662
13506
55674
15517
6920
43964
74255
25982
21597
61655
82390
15010
55044
62113
81088
53077
42806
8137
45647
24100
1802
93494
45269
19456
46206
62532
59322
56554
13726
37946
1671
12316
42874
32840
26726
43687
74332
87821
18697
39645
97673
78997
58984
12168
28464
88586
25727
87241
80168
16227
4235
1207
90281
36191
77367
42650
70800
73305
20855
5458
79357
78752
50201
34865
49277
35811
52911
54964
74338
15146
92745
63600
17113
29458
91040
68473
98614
8084
74309
16978
31287
23562
26973
41452
77458
54253
3471
1455
50979
59742
34883
55125
31076
79093
11860
32807
24307
35920
37782
17872
93043
48794
23965
62016
67059
708
42158
75307
68552
17084
58653
34875
10334
38253
49062
50363
71946
49401
33118
9138
19078
48617
74838
99724
7987
92011
64952
78063
8442
53780
39714
97921
86301
78655
93050
74141
9931
84331
7442
85417
83466
92307
63042
51879
64296
26937
84202
42030
92190
24622
47963
73430
43110
37660
9963
71993
22034
646
99861
45924
26001
51201
516
12000
41130
61363
53053
84315
85471
41159
23368
98562
73353
21676
24712
98568
56276
11365
15714
55996
90393
46376
83517
29036
91312
23386
77679
91374
63184
11693
82047
78823
30951
90268
99043
7778
62148
45005
73627
16992
37796
91601
2639
72158
20694
60274
59340
51422
73800
89977
12642
99149
1440
31799
35887
95165
21694
53930
80943
37166
29599
73860
40027
75103
77699
17424
29813
68093
82990
18823
10266
56761
67451
30976
94058
56919
53126
11298
11532
84089
62111
84490
70878
12625
16826
60919
93511
58041
96595
6880
10615
46661
82812
21326
78368
2784
16899
72553
6614
40345
2741
87926
98539
93365
8456
69846
67383
57506
61123
32020
30314
43657
82473
11478
79264
63692
83580
13852
93900
78428
22229
92106
92818
38297
27905
42192
15674
38339
16253
23064
91124
90898
47357
72995
73330
91717
30357
99349
23194
18166
40667
64740
69615
51923
95473
78951
10714
62653
28193
33019
5372
24147
13240
79594
61307
59796
18682
71948
47575
30458
6306
22967
46521
84467
56093
34988
13078
86925
65281
81526
27758
33385
60928
92747
13761
31661
69318
7942
38324
4736
5540
10345
33794
27596
82249
52276
54824
61314
87847
11920
34713
88818
51252
96961
16096
88515
92927
24851
9013
4308
59982
64660
72888
83522
56938
21272
27959
57896
13139
79086
76483
36990
72810
99471
54319
68269
54407
83866
39468
93579
2177
72735
15733
97856
44735
49514
26865
2651
82990
58222
59396
4416
52896
23602
60809
95463
47265
83448
33787
34168
35291
4203
46990
50179
88428
52961
68126
80278
6945
41687
56058
31042
42702
42772
45269
55534
30646
98943
18189
13019
73985
15140
88755
53050
76186
25106
14021
28258
76692
71267
9684
93806
26652
22880
70166
95676
35986
84504
84152
84868
33724
14508
92491
20017
9875
81623
56934
37113
48926
36499
95377
71696
22619
64750
92126
16282
82800
18163
10162
83773
83890
91536
16435
26193
68928
24052
80967
27361
73161
56129
25839
47942
34788
65371
81111
51828
53756
38548
51308
83920
6369
10447
8308
1085
6025
15013
4288
80474
98516
49326
41870
42326
94096
46831
47660
28041
67948
92585
70097
68511
5648
90404
62867
62575
30913
9428
21068
60953
29178
95933
8926
17115
72417
35151
55041
23311
58191
87408
94006
97297
98995
3052
1651
23339
36787
41463
5304
79655
11970
80859
50121
3696
86083
7650
67892
56540
3160
16769
25685
48167
75930
37747
28263
76469
99967
25152
10427
14615
31382
16647
83264
53751
11832
67024
91735
70980
88359
12423
125
46208
54979
5349
46580
95674
37968
88141
98288
24820
57420
40257
94819
28691
23931
42998
88731
84122
71167
54252
79725
84746
82567
75372
91508
67185
43607
22490
58946
64804
39796
85350
77181
4006
24987
68204
14104
27288
4598
59317
2880
87134
13972
68357
12224
5329
23404
4192
38658
33362
68221
39596
77211
81360
84849
23871
4879
5316
31935
59592
54559
55403
89353
55481
66319
91759
57338
3835
77521
68354
22985
7990
53687
70452
22031
2971
67916
66619
54
70787
8280
2391
69185
50756
29798
19412
63883
84781
70458
31249
22516
17701
19171
25049
60230
93611
57662
86851
53003
50494
97979
67563
22788
17548
2660
16517
99296
62269
5535
9977
35242
17654
47731
93093
68772
43807
5642
35550
59309
42792
15498
73495
71188
50743
92558
73335
43243
77048
2100
6610
61886
46854
64049
69370
50233
30163
63415
14366
96505
8520
94709
89837
71161
38530
90028
94806
24151
20418
67761
67510
11173
69362
91666
20993
70976
17537
48538
27824
64508
45575
36777
34576
91121
53594
7846
55891
17043
34001
17978
57844
86984
925
28415
90801
41015
64479
39063
73090
25748
11924
52646
58512
71357
72416
44280
43127
4143
97125
54841
79691
78108
82399
35577
71773
38375
99982
46139
13799
74362
75426
48519
28129
81196
73450
45347
25779
24190
7343
82587
83498
93046
88418
73872
86654
39998
71058
6548
34749
19243
29104
57964
44369
83775
20115
84616
12974
50149
55453
46467
26213
11682
96209
94094
1249
66296
37654
77275
59137
26432
28208
30202
10344
95387
92825
50716
19302
26923
95276
18805
86194
33167
78956
93041
47192
69566
71660
82729
47977
5076
26193
18246
89599
80767
95731
32376
80604
70677
10528
21410
54839
85024
30853
76346
30474
97772
99988
61766
92494
38067
10650
72752
78303
58199
28385
18700
34041
79532
86270
66955
87868
22225
76722
28889
55662
44581
18197
86404
54480
53524
67320
37766
49593
98958
80209
88284
2033
31662
748
23537
15326
86902
68059
80694
2441
54063
90643
76934
6988
6402
30439
63032
16294
94400
76475
44917
98237
51212
64836
56310
78575
19365
19370
71526
50996
84116
45821
19097
78239
90780
11031
94084
99348
30864
78385
69781
5516
4977
50867
77956
84939
9253
93874
60879
65735
46440
71385
98072
5192
32797
31113
76068
83514
57620
16944
403
60676
53442
70298
45665
46147
51908
5922
1613
12964
32775
12226
1241
60002
21701
31408
10069
89282
56190
20450
15086
18765
18523
80464
76428
95311
29452
68932
95223
7372
7150
77062
7004
22440
22119
62773
31661
90424
20692
78754
98098
60819
47273
24597
14622
58953
68588
82164
74524
54528
92019
64174
70407
34333
74464
17384
40510
60201
38193
73848
85634
53189
45815
36334
76192
95416
37744
17361
15538
82113
2443
25186
37890
88199
32234
4641
97030
36027
15637
95914
45388
63958
30922
70134
12239
99023
35017
37062
64402
31176
86864
97269
73214
71496
5015
28789
17452
52197
35505
56617
23514
92407
97932
52286
81335
10423
85202
50334
77367
10504
15541
48646
54405
10265
74136
80462
42118
3328
36174
7240
1862
71158
33062
83665
94663
67828
9249
88707
12252
1989
18356
99988
7564
31417
24198
12616
23382
67239
4810
68194
45568
57306
5742
64892
857
81201
52627
65287
78207
42919
12468
5067
77435
91569
88064
32778
79211
35246
40662
78455
86406
38751
62193
57275
8408
11942
60343
63309
47201
2216
77210
97985
96841
2016
35475
8059
86433
70221
94765
78696
80779
44914
5274
38682
2569
94226
65753
86823
55353
11858
28595
41313
7441
14344
46030
47088
43497
38237
18339
50154
2794
67143
87495
62427
904
40895
17826
95760
75086
12127
19000
39687
2709
19147
96106
93794
16724
38234
56541
42700
82591
63338
64139
79313
6954
36673
7175
40303
20002
19782
38820
16678
10609
51417
56129
41902
96224
85908
6777
40151
77901
43712
51542
38129
64962
34440
64922
5267
53487
31886
26297
89198
8167
90445
39683
56064
27983
92830
21403
28520
72803
10056
11892
38227
90151
36445
369
74159
9256
34737
99262
13254
62956
89405
69029
65716
57081
19870
73424
53702
31687
49548
40274
69206
48806
61540
13466
24588
97362
97243
8137
17519
27479
70303
22927
81048
13600
75033
20692
79025
98680
65804
62212
37300
90185
71917
66208
71927
62676
91039
73357
87013
71507
73565
12030
66916
97452
70109
99126
80153
23091
64816
60619
45717
88293
58301
23369
86373
84419
95782
12222
8109
24639
58292
84612
51
71243
47884
48612
44983
9911
1343
39811
67019
35594
61144
77361
20029
55009
17285
80254
38101
16696
9077
1089
27626
51180
42132
26530
79500
40971
32484
1156
19510
42978
37158
54545
95137
54368
68510
50232
17801
46992
18244
29522
41017
95180
36259
93220
56969
87073
19358
49943
36685
40592
65319
60958
22310
41740
38955
28394
3872
85132
78515
6185
77525
24483
43159
61251
87391
34244
65216
76194
98955
42656
24539
64171
38369
21187
6538
61645
59081
5678
40306
75337
64896
80450
38750
85986
26840
78222
78770
53416
80164
35901
66229
24927
77352
99118
27871
22169
3172
86867
60279
70434
28629
11661
44625
38688
92081
346
5161
78688
47846
76029
49306
87186
15299
42554
77632
66457
94754
59512
93191
25324
90363
8017
71355
45347
94804
25265
73703
34995
45707
29404
2482
8379
59578
65272
95774
54549
85390
76307
57752
8336
97084
48242
3257
94393
61863
76170
71426
92355
79511
78126
29215
62919
86847
15570
42389
82187
61009
83959
38925
54727
35416
5059
27754
14614
63080
86749
64402
78082
23341
15754
74279
81440
70159
14084
54299
23566
62793
20907
73940
33538
2951
58191
87992
877
26473
617
54991
38388
62121
98130
27678
95720
75248
92935
44818
5565
59901
31836
7334
23760
29369
99519
65941
19639
82192
88706
82336
83570
88363
79079
51473
44919
48750
18441
88592
35549
29654
86793
91376
91517
64028
76840
85003
58737
41010
42901
45832
57172
76242
54252
78078
62509
66886
38692
87069
84285
87261
17389
52547
55076
73749
13072
55956
96633
80878
60200
56779
95759
64443
57922
44712
5196
62054
84519
16853
82995
96701
35448
42038
97564
24705
56174
78094
55006
85859
15738
2016
50374
90616
7274
97914
5111
96857
67703
23100
29223
87056
80372
38775
38611
55616
61635
48513
65523
55671
35208
35117
23221
34846
66560
24401
24738
10244
63730
33062
9980
94390
50607
77056
5464
85879
84108
26738
26613
81159
17586
95538
33807
47211
9429
40034
70285
18751
37983
31033
42500
48205
11791
27637
51700
41823
57573
49259
49230
61125
27483
94152
67511
55306
91851
97272
73608
17253
73976
55158
2979
23525
39494
70973
57260
26936
74400
89010
91837
19313
73046
94661
76460
71540
10239
53229
85326
88198
90038
48965
61794
84882
47925
64293
7334
7731
32733
8459
64274
66732
10043
64671
97612
47051
9722
75317
32384
95947
86858
25927
70004
56736
77550
20318
89490
35829
8847
61703
37653
44057
65586
67530
26079
49275
25958
49444
82137
13677
52345
84010
46275
66304
64292
84655
68481
78895
26454
60843
33091
71536
55911
16545
33002
73502
90478
96847
21859
4198
62469
38881
95948
19339
90791
21270
96300
88245
38389
34864
75864
29619
81716
16816
46692
35162
4260
99881
7662
53108
57121
29323
54573
87034
26185
90937
91329
89226
7687
75410
93442
92457
21761
76616
23239
29165
87034
84450
59920
32874
38415
86378
87015
3082
94930
36161
74802
41906
74779
83039
5895
38466
10767
80174
18478
85261
40818
7251
83560
59738
35515
48884
90148
93801
77414
67815
85364
84172
25363
99928
5319
67340
81112
76651
36944
94220
25237
49612
71002
91756
4712
52257
42134
91302
35411
83606
3089
36991
29445
40484
47155
61163
69401
56251
75344
28522
29399
26455
3028
5847
86360
14801
14476
9872
73920
36453
3166
22399
6167
9918
80736
38752
38693
53616
98096
33337
40413
78762
98500
84403
21189
96248
14257
99003
97493
11998
26282
18715
81197
32602
28848
66855
45002
41045
80641
18713
52139
30934
77651
37781
37641
6900
53419
22969
93864
68674
97810
54513
43835
96866
86786
9539
82645
49545
32491
42223
29267
60508
95524
87984
59046
2436
49406
56372
80527
41165
51011
23072
79408
60887
50130
17901
77089
84350
66365
32718
41616
46986
72174
40825
44805
9365
47186
27764
80871
8531
10767
82327
49133
55456
97366
86149
56172
83265
12301
70421
11293
38839
94409
79082
73203
89023
16392
89256
55557
81926
73711
91756
14321
63618
48500
27154
20877
1076
86273
6219
71377
3288
90079
17447
95053
64201
19269
38954
2033
73545
78198
27197
54645
54557
93954
50757
55315
91239
11588
73879
18827
2039
80346
71489
37079
1672
65068
75096
50402
68326
93134
7282
11112
99593
39309
61417
62156
97185
58278
22774
56551
67904
97878
7407
11776
66272
64744
15952
27346
32886
68528
60929
93526
1757
40832
28187
84450
59803
10675
75798
59884
42104
19544
57022
96453
37690
76023
77863
31345
62325
82454
64320
29358
27155
14291
19596
77593
95042
96525
97316
71195
70039
986
3268
78239
9695
83332
65182
62192
84741
89186
77788
96346
36199
85141
38658
26192
96053
12276
39279
22917
44404
17296
65350
24027
73321
89606
90480
75576
15673
21371
18251
74545
75768
11999
39044
59625
67907
58538
20081
14004
28807
9086
39805
24693
20345
7604
11014
89526
80165
25412
11112
75171
9474
57168
52371
7315
9653
57262
80282
17647
92367
6358
83867
81353
91408
27165
38272
53529
98786
13592
76971
53261
32435
98030
8635
50076
18370
57824
51977
79042
36279
53861
60843
48024
34242
1723
51352
3399
65647
99017
23058
89027
39362
71240
86944
67337
2823
52950
74420
71094
96956
91017
3626
19753
31690
42393
21940
65255
31337
40088
26955
28712
90191
17946
92071
51626
60470
17334
87424
13116
67068
47001
92036
58103
6581
31127
38883
40464
41685
59981
20988
9876
46164
52638
13715
61421
90788
51823
36094
22961
85689
97247
82335
76873
11011
65678
3592
99967
74367
23513
9593
58199
30964
10767
89939
11293
90275
64157
25666
66442
11734
91355
73089
69957
61179
28512
54007
41101
59618
48789
79007
33261
6394
40895
63934
54221
99930
43560
73482
89498
10985
4340
40445
50517
85692
29338
64327
12905
68664
4173
88815
19203
40053
95932
94034
95058
54685
90852
16579
68256
56258
83133
27967
85920
15089
6545
60465
96798
3991
92388
68181
2738
83613
44891
50852
86314
15932
48263
47923
90001
62588
58402
31344
56393
53338
86642
86910
38652
29173
52950
76026
55718
74495
71622
12466
97766
53226
33804
71985
83979
54858
68050
76573
36893
38168
92660
59680
65445
32709
21665
23943
42264
21147
50127
48721
19864
79163
23783
91168
55077
93839
93108
51662
1424
16346
62497
42031
85052
30214
71549
3360
1461
32584
87328
69067
57463
32598
43986
58495
35615
68413
39290
16437
76857
32347
86362
84821
61156
72254
23320
4199
15651
6477
3561
94733
95159
49580
25025
59062
60817
96567
8104
82716
29251
54385
98698
81684
76860
41267
55480
61273
61619
96816
78563
5610
68290
58743
50533
12888
91990
65758
90191
27920
49783
40373
64400
620
50287
90229
64048
16657
57254
42044
26414
4900
54656
88405
78132
25131
58020
84357
80448
79103
19578
78096
81633
68164
43278
98086
20149
41485
59755
47508
76601
40355
11088
76201
42505
46048
60495
10117
59537
81451
73071
18797
84221
99934
10270
92487
49896
18893
43015
82258
30322
19898
16178
28852
57428
42621
90611
68967
9478
45457
47996
61299
65329
92214
68501
18916
15464
51293
81529
69375
31139
61440
45853
89516
19239
26476
36960
77942
32355
50305
6668
34962
61080
13097
32911
17125
8704
19663
96012
21459
37228
21887
1903
33154
78026
28481
22385
39649
20502
67386
37932
73960
27730
58822
49428
571
79335
90270
71858
98322
8771
58642
35166
26464
84674
59379
95307
82418
84094
57459
2003
72764
19214
71050
78796
22593
8514
34990
45653
42603
28406
88327
54786
58176
41967
47821
16227
80157
77697
87613
61349
63184
23104
44195
29673
54148
5457
5361
67178
80717
55165
21998
92768
67857
86042
2374
23619
98903
81090
10012
49874
56946
42449
88283
14442
92195
49834
77524
84651
61440
73014
73802
99056
76863
813
2358
34941
83188
81607
43315
69856
54507
18459
52422
4013
65132
25781
65393
69423
42410
33827
60834
76388
53703
22322
83803
38269
14571
75199
99712
71431
30700
74653
56599
88831
2242
94656
82707
92928
25939
11554
35868
26427
27795
22554
51359
57835
47041
51639
5708
62859
70745
26870
25341
12422
87658
33052
21019
93383
89766
79360
21690
68994
477
72833
14682
32744
49519
55494
73083
21407
46332
45406
65711
30974
26127
20109
251
22581
55748
94637
45942
14660
90117
75743
18601
32201
64241
18931
87858
24390
90667
75598
84123
67823
7715
93800
41108
44067
89979
28087
8674
17583
89271
21372
10306
42811
21608
44913
99691
97714
53763
21291
91695
75138
71578
9644
4441
63060
31425
2444
51246
10125
6103
68728
63864
3823
36906
80003
11762
85268
94760
71899
6096
86703
35025
27193
41594
5726
2924
13943
34751
23671
9595
76279
62507
34662
52297
54752
92037
76562
96623
8192
19314
45387
73369
19647
1787
30685
68233
95271
78823
30995
98629
6897
22476
95669
78621
86562
50700
92214
70358
54408
65316
16735
8390
50125
47807
49156
61827
42522
57490
4605
68579
11818
28609
47678
35742
34889
55621
17246
50719
54991
89216
56066
88744
84350
39536
51656
34243
70552
97644
72721
55811
55801
41416
28890
87581
71869
87878
90580
73377
42989
90411
80540
24264
13934
56298
88946
25004
81173
77782
69855
368
81276
28067
48457
18429
82632
72671
5720
64626
34046
86043
9878
67823
46955
43559
32690
97531
26746
79809
22422
80077
23067
65500
5283
772
39046
57376
52315
68956
24953
18200
79734
23311
83150
87165
47291
45940
28025
5033
81413
35444
77155
62820
77740
61590
98086
48060
31118
87173
98860
8452
187
96252
29852
39132
38428
12211
59479
26873
13830
23943
96973
52158
95345
63947
61718
58418
5825
98237
40514
46615
28400
94713
31650
42914
6027
33985
47849
17376
92452
14662
38860
2382
96882
83690
98921
70937
14359
91601
44305
87060
49194
32372
81812
33120
19748
78094
40344
52308
79439
59753
4592
18328
1066
77181
72385
58980
49356
43578
55389
15435
10128
83013
56619
14851
53507
2910
87634
70381
83367
57766
33267
99657
65504
5230
32440
70564
32970
31129
19823
41346
38624
86163
65060
61090
62131
33723
53723
36106
81489
55653
77386
47972
87604
750
38904
29750
54540
89434
33432
68349
77759
7231
35705
3042
57990
29605
9764
32813
39364
21133
58566
28537
6970
43152
47827
69900
11269
85736
70963
91510
14562
12231
70114
27857
48218
67548
92055
92557
28431
55055
37142
13730
2973
31115
54482
74454
91756
1205
47185
74868
39973
27037
77764
40829
24156
70189
5712
52927
38713
4534
46763
59253
43327
27087
16485
65432
70059
84879
9664
66304
73085
14109
71275
94992
53693
57024
34911
17201
8514
81877
40142
91242
29896
81763
91572
47573
33936
69291
89244
15590
3874
15742
42570
39945
14394
5771
78105
83837
45827
91655
65242
12528
6352
34738
13327
86771
54960
15950
38677
72871
58325
82128
60667
93788
20647
70375
62283
3980
97128
18797
42461
69635
38951
28689
95043
75452
20460
90627
72320
59346
67693
24874
29906
97228
41516
15169
4081
21450
28285
34161
42768
58535
56338
68643
96935
14533
87523
53216
80501
19580
29604
12135
23714
67226
77548
90806
77478
48600
19558
30811
74270
86697
37168
5263
15044
21827
87782
84975
30906
85740
82766
50096
63396
28954
64526
96805
17813
33511
41964
14060
70321
51675
65276
21593
51468
60019
8281
67018
86236
7889
79287
77313
43939
69428
99962
47926
39998
79124
75767
31349
36060
42266
31195
56265
4928
63788
98425
68216
62414
31594
28916
33249
19501
23800
44085
87088
75098
83249
53400
44138
52168
17191
46055
2975
78206
35204
5849
97983
24738
34250
7983
50375
49988
76142
31178
66136
33804
79802
58874
13215
54644
68323
49197
85844
34641
69176
24988
29934
70694
64811
72393
60263
77040
30464
39314
47513
87893
76151
93530
91218
7537
30632
34331
23291
49626
66563
51244
6033
77473
68074
88751
98396
42758
84743
6857
64765
21354
99171
23952
91615
61863
59340
90608
59171
94960
91458
70803
87532
99821
14188
498
39726
87646
20944
52587
17766
41700
83376
61958
32031
48309
56199
54711
59131
63904
31231
81545
28938
89450
96755
76933
97550
65525
7294
52859
69708
58802
58418
88781
31549
83857
91360
97897
42550
92972
23065
33888
14165
71024
8670
52038
71852
92543
95502
53926
57088
33679
20333
25869
76440
83101
34956
27872
45866
62716
19039
2043
10191
51634
53795
47268
40011
4965
85169
50389
21335
72751
1038
73224
56820
53808
83357
69465
91754
64186
73237
45826
62749
60678
4590
87761
42640
36028
20319
41680
21169
94390
83925
82753
17797
23143
38953
282
70318
258
48907
1017
80963
15228
71024
64924
30299
35951
78750
87597
88432
23956
49802
8828
62933
86046
79375
57840
23347
51667
61364
42227
33307
82221
4374
69892
2960
51060
13873
21081
46835
81049
76986
81067
95205
90329
32264
3147
60675
76347
93148
96283
5908
63203
20939
22086
93311
48025
10724
41774
22955
8352
62039
75329
81145
74397
54960
22283
28764
27586
41862
46395
55920
59900
95271
44932
17363
17336
23029
7365
41798
55184
73419
17975
77426
52838
4949
72220
95929
71510
88166
57646
27585
89486
40181
96740
41335
16429
66489
61286
15340
70818
99262
45669
65939
2675
76415
29974
15913
57569
1585
72856
86563
7244
61579
48844
92351
17250
54889
85059
1727
82597
2558
58315
3228
38719
70969
85134
82081
46947
35082
74410
69257
61176
50153
15302
72285
5589
80185
41389
35150
32054
52142
46192
3177
80205
66375
24890
88057
33244
95789
82378
38058
48132
48912
78780
18896
40125
55388
80101
1913
18503
56261
43924
37918
2826
46062
97880
67399
97258
18800
62070
80836
64202
15818
25723
96433
17942
59872
13055
66827
53957
86851
63637
61208
40265
54235
8542
94760
23375
13676
45127
93454
43368
84024
474
88959
10109
50671
26419
35791
65754
47259
87469
30839
47489
46592
87073
93978
68826
99025
27343
37743
57789
8662
12717
13913
26001
30354
88971
75298
93913
3792
55589
32191
64339
14932
1695
14634
18964
89522
93602
74056
10651
78676
85463
70783
38125
92261
33618
97579
19026
72270
69922
83584
22324
75398
29662
7882
81747
51749
35666
27439
88135
64862
11742
90241
50534
97191
35823
61220
23356
24726
46017
35897
20078
24607
81212
54687
72732
400
71986
59400
50811
71102
97248
52720
23263
72030
87414
31316
32867
58390
85817
63706
53560
85647
76702
75127
18196
64732
50309
83402
36700
54668
3396
2141
72771
60391
67030
90615
11022
49316
12533
83262
25848
86659
11173
76004
58343
16535
13553
81426
18229
83562
70572
90362
54011
97991
39443
93541
76492
96293
5433
23676
78287
38717
2850
75762
65121
15471
37241
51316
3472
4006
94842
50922
93505
31302
75057
8670
96266
47100
97034
21953
79761
6705
12400
80557
99787
95282
2777
40119
98317
99502
52916
16738
84711
46929
68115
1899
63225
88736
48046
9873
83996
97114
38206
73336
24151
85196
54887
97226
50626
34328
19928
65687
76995
31236
47451
72464
2839
75910
96348
11205
16089
19960
39535
18879
46296
34758
3779
12875
79940
88845
2386
342
87627
34889
17116
66930
67457
67896
85382
71345
78829
18448
14157
81989
26622
87392
72922
92435
56948
11723
14618
43626
42555
75321
35735
62382
68516
42760
14532
98216
76931
99567
59805
3402
93188
28141
61749
54872
35697
34927
61115
60768
6027
71521
43233
29307
67045
60053
19419
3138
42898
41482
79853
78457
16591
14376
89243
34916
58428
21301
49395
99674
91722
70104
71313
56995
90970
48198
83462
93338
12047
99365
52620
37190
74036
84646
8997
12700
47922
41579
48320
76700
58655
89320
30118
49794
74001
1132
3678
83927
36093
80266
70965
31243
89749
30431
39248
91975
75405
7864
25272
22785
83887
78421
47508
81159
15269
80169
83360
66352
44726
9642
74143
92861
74541
8201
32258
98520
43318
23898
42171
46039
71002
63762
49647
24178
41405
31623
2142
92748
62748
67374
37349
44218
1105
65021
16581
73971
51655
48888
65035
61096
98290
30054
11899
62107
13407
48372
19889
11080
66605
29363
55973
1442
43507
49830
82899
97019
24099
11189
44584
82920
33745
65353
77504
20459
59392
24389
4942
14559
18570
12261
61281
36931
79357
84605
49468
73823
55815
50825
56389
83242
45258
81683
38068
53289
31238
75147
39465
50606
49301
83406
32081
35940
1313
74773
36677
2421
8546
15631
48112
61397
13758
9611
94637
60544
78135
23889
44952
69433
70210
65750
22882
8877
10803
46557
1791
32094
20536
84738
28616
88100
14594
54647
70922
10744
3218
83909
89425
80370
85772
38312
13140
99384
71263
10339
34665
7826
18847
45140
49042
40547
68093
95997
31230
93720
20700
314
84436
25119
42877
6676
94386
60004
80726
63713
93043
12401
19746
2296
69409
60203
73984
4043
64719
31748
60349
51124
54684
71396
99279
95064
52385
52105
84203
65526
62016
94143
79141
63992
75873
30778
36296
51799
34815
34181
73658
47171
65888
77757
16380
91687
69885
64711
85105
33063
56298
96933
9428
98134
13510
93115
55330
97668
57940
90519
81689
12871
27539
80925
82854
62423
72158
38021
31814
38408
46179
90873
11619
29678
27275
86079
11478
22010
69190
59852
68366
75815
46197
10499
54986
34231
62193
21612
50570
7095
78346
36821
82287
9593
59799
28020
91901
8312
54149
30739
64864
41978
92239
42722
57153
39321
45257
94699
68947
52323
81232
6020
43611
59535
38715
32012
15510
71180
75760
94797
90783
85455
58286
64807
21494
3737
23482
26327
25480
11319
91120
17151
11716
69865
98470
79789
94173
47941
2984
99661
15919
36774
30976
34312
59592
59831
50250
56942
90411
86855
9946
47385
63520
5658
21846
64178
28745
88293
53955
22461
82726
12145
69370
84200
50904
61013
71302
39573
30008
36472
8571
21363
85428
55555
54936
47801
77277
97265
409
33557
83951
87446
82938
43416
2651
79242
44884
88690
32590
94647
20250
82521
88510
41609
45840
76951
49650
10660
42364
2031
22456
85269
29957
15202
84083
70864
26659
47805
78142
58935
28121
4817
54169
94666
82111
33769
77917
9211
52387
29295
90869
11043
13052
80860
64244
4733
26726
2982
75293
20046
37712
9598
31837
89441
54770
7221
84746
7854
7216
85153
97481
45058
32750
75266
86808
57959
95766
38689
9477
67863
40839
12285
45886
26038
57690
13852
23675
89825
71091
61779
31709
71118
72076
12206
98038
99183
75191
54749
44209
60599
20690
36460
82699
40551
40212
2931
94238
91705
69870
55300
7462
99624
25584
22438
4586
96958
52121
38667
93693
2557
19479
99133
20744
26243
68094
37303
42570
85108
97816
32050
45866
23044
54661
5392
76618
11614
94082
16214
39384
37428
89792
90129
36523
48878
13184
51165
43733
43357
29925
37037
60128
25051
47527
86530
28635
52906
552
84873
95614
28580
78518
40964
67392
44966
85702
48938
25776
27310
71712
55786
84650
51005
87042
16622
5385
12800
98791
69648
40081
65474
48285
4024
38550
99958
44580
25551
37435
73424
65620
47456
48075
37046
82314
46555
73416
12929
29859
28677
13727
6150
25345
41485
65848
14870
71013
57667
81395
19190
88502
26990
25556
87688
983
61793
70071
39544
17304
77263
61443
39652
75093
55168
28630
84364
68225
37752
33202
56242
18143
87052
19342
87672
48223
64205
91120
75223
85712
93113
30074
29302
46728
73360
67425
26979
56384
98381
42147
59766
18299
16612
8626
32686
75628
45718
5783
76141
99141
12995
63317
77916
97019
48635
111
29028
65705
2796
64866
4236
91504
92286
79669
65677
68555
8132
73476
86378
20422
31464
34378
39362
99711
11823
67049
87574
92983
59430
14911
40063
76684
90882
95314
10623
53892
46399
442
26557
51381
65955
36668
87260
71848
71511
10702
64976
77105
53036
22194
73432
24597
97128
89306
3924
91849
28791
16295
43024
1254
59262
10317
41224
1071
45809
68402
97646
67598
72986
84965
62378
68178
59120
75218
35033
65038
76633
70519
55812
45905
50296
17936
43656
38952
63639
8222
34988
6792
60473
63895
16107
17113
75826
42280
22462
55976
68618
47129
98846
83889
56979
96829
75964
34484
76370
67244
20887
20935
90536
12845
61580
46245
85782
71103
68992
10071
70213
71959
4111
67010
81288
6753
1964
19050
77403
59109
69688
18396
52239
64048
21611
15925
64168
41004
60726
15252
17313
41431
42953
82714
65658
62334
28292
19543
37147
3324
31265
24061
90785
86699
31955
58969
26509
17571
98520
91605
64973
34189
2220
93513
2337
87402
76817
69759
23824
92582
85598
38118
28983
17354
11370
93595
81517
4116
77405
74710
46979
77623
40641
94543
22775
54772
72370
11754
96656
56275
56182
94613
92221
18033
88117
74556
72955
13793
59784
94827
79963
30080
41614
34514
72737
79398
60493
28584
27228
98353
83658
10511
20937
53601
79083
75641
865
70454
21472
672
86894
6442
52550
57438
10567
15338
84504
27667
27160
85865
56232
59437
67621
93737
13496
5779
16144
75687
86097
51211
9019
19783
77901
62929
50905
67609
68809
99968
35761
40772
51730
75873
41424
36722
92128
98211
39183
87026
2912
1762
22684
34970
73242
51253
14120
68817
76230
14275
49885
42008
7586
95271
82756
22280
74926
77528
63127
37925
65748
41614
77968
31302
71046
15958
32879
87271
31023
68072
60008
77305
99605
63393
22573
48853
95207
2791
65338
93908
16652
99499
29647
50736
55200
71556
11461
28397
26302
6817
91360
94927
77999
4139
6557
36972
6834
6599
66719
81169
26657
20405
37774
65713
90915
56618
30828
64323
64793
41899
36981
94226
80028
19195
43011
84764
82221
99601
47828
43919
98206
32615
75013
36273
9286
33554
42933
77860
15110
44142
10626
60850
12476
5075
65020
44170
93570
87854
53054
84930
88897
67252
90848
39913
41640
15472
1357
36425
2182
64416
41749
97416
74253
13408
82294
7074
27415
56316
89610
19996
14563
64232
48896
49526
97651
87673
32117
19033
90031
35751
82097
23639
69600
48834
36106
29338
3360
5909
56748
31418
51071
98227
72827
4790
83332
56720
58353
5071
57733
42313
93973
21165
45647
95418
61837
37616
91789
93746
22282
38139
18822
86046
8697
70510
60127
53432
55554
97401
15240
99678
43833
77735
74541
87213
7898
58830
52434
16471
98427
10809
1582
92853
37054
1704
54658
37767
30161
94167
54640
78040
31602
42864
89859
91434
57126
85370
45803
95122
56898
48826
22092
38650
46736
39587
40115
3249
83553
43760
84485
15343
45986
42816
79761
53649
47298
40304
2817
66484
64379
3284
70803
18739
14050
45167
24788
56424
45838
15488
50012
10757
49016
16473
35066
63510
90953
36327
74394
60635
13654
74790
61181
92143
15878
37774
975
52815
39334
94814
351
60515
59195
25552
49433
36700
51507
29647
22312
47209
73107
38256
65150
60453
43229
44628
28237
4873
60248
66381
25266
97844
21856
62666
70816
74162
42467
55700
55302
63847
77745
48037
65576
56169
72903
84466
48949
39694
48781
80589
48524
26526
27679
28860
8587
53084
79573
97311
60185
99395
38542
56168
49107
84254
99125
3224
61118
74547
52788
10119
32641
93613
65834
78533
8982
25728
31780
77853
26741
91641
53626
34014
52243
13516
24410
52956
3617
96762
78063
91575
20577
30885
76814
34030
22995
51890
86256
91938
17075
14656
64682
23239
66175
95344
59398
56420
42309
81058
59478
14301
13875
6852
1761
54737
5339
68596
64914
84349
85425
74332
14970
55802
1748
96423
84992
29155
81913
52159
81399
63472
63776
71425
9947
6130
826
6620
5497
64176
12634
2228
31423
74581
14801
69268
86891
38408
68072
3314
23208
47666
32035
43857
24083
13013
95285
97466
48847
95506
80957
37590
72569
56228
94233
49731
82478
63895
86712
12359
6218
42435
61449
91116
54208
98076
32063
76691
55727
38572
79419
15216
56354
86033
20272
64105
22983
89161
13610
55969
71890
60744
82542
68573
95175
1904
22222
79754
11416
25850
97601
32804
7454
60795
8748
50029
69984
94206
16001
10032
28001
18712
72409
47709
40104
53750
6715
45042
64313
46434
36556
55493
42264
152
68612
45097
14532
40034
60108
39344
59289
698
74376
36512
12663
13610
62104
85312
85861
78853
39462
27543
41494
29306
14454
74922
29549
33966
33661
23315
12044
41557
82958
7321
24643
35568
77844
63486
33385
57548
21682
1379
45156
56707
93484
78345
21648
40801
50755
35962
28297
35788
97506
84055
22045
9872
72680
11575
44756
81359
60073
62745
42747
9092
7227
41569
77119
59302
67856
98140
24428
53320
49990
6131
92756
26880
60396
62453
94317
73648
84683
27244
22495
3095
32111
75221
78580
16026
4262
47835
81418
89806
17544
79811
71863
69739
20937
23303
93103
83069
2414
8273
87821
27715
70166
58632
3648
39138
28065
30266
39458
Time spent: 60
Itarations done: 12654071