95496 92520 33617 72567 56355 63106 13014 39927 75661 91014
85585 90155 43891 20740 63600 12242 18501 81668 95872 50010
15657 74957 84760 41446 80214 80169 76064 12118 58996 85281
80928 10662 12404 46460 23970 80151 59145 54920 88471 98321
85405 25652 23456 47088 12730 11830 45980 23552 12701 62503
77382 10456 43731 08179 09332 43700 26522 30012 94930 69360
27836 39217 47884 77394 11212 89361 63013 92468 46410 82744
98091 56226 64369 62423 12013 24291 00134 20369 82143 96954
81925 80559 25620 06609 88755 56325 28072 93573 83771 99827
04098 79311 61179 94434 11508 45721 83596 19788 80498 68969
30114 02813 99807 42204 40676 45666 22144 64502 49559 70237
84446 43157	87298 50296	97373 98418 30032 96989 89104 86409
95320 83564 82417 08426 34714 51111 98805 35721 41269 16399
40097 46586 49262 75090 65143 81768 35226 17243 04569 92054
18368 56602 59473 56986 77014 11847 11320 26403 20807 56046
64104 44592 15934 63241 90171 90666 57621 13084 68543 56998
18697 31004 37185 11413 38024 94928 69008 68060 46574 38480
54158 21797 88383 54293 18230 64733 56507 71107 25181 96177
35559 97411 79007 91073 94772 98655 33052 81106 60396 91439
42073 53779 57990 94051 58075 70368 22825 96479 38965 19748
48814 52603 13844 91520 36924 84388 63451 95605 32656 49698
70188 26880 26965 48983 76935 60511 11489 99227 56575 62051
74199 40035 94159 80964 78756 81912 68786 89830 13567 62704
43588 56546 87372 22830 84460 48152 57831 89262 77658 66137
66199 26943 68250 98498 02009 76667 78165 29455 53800 97974
20338 79686 01653 96941 24439 84246 12971 45650 46828 41023
63336 28663 62582 42743 46621 85201 67919 00080 19581 01632
86268 61810 56061 57530 57229 29980 03058 44093 78342 08519
29541 57484 02686 26893 86571 14483 89473 86848 96838 19730
76485 07970 89336 15970 76186 05649 00629 85020 13972 08097
40362 45540 74550 01073 84428 33217 16289 05706 34712 58143
45103 05004 67366 44666 72261 31498 95616 82042 24699 69081
88169 99297 50638 92622 28552 51399 84883 97039 32515 31668
62805 38794 84473 03120 81835 30471 68512 88595 92749 88674
13205 71979 20938 10107 98588 74629 79820 89343 20096 31150
76675 44950 75530 33481 43003 79175 19244 88930 78254 51607
65442 22881 53208 43439 34256 36735 47653 11991 40693 08931
57260 63558 77844 41030 37184 72906 91563 26214 16305 11200
82475 96759 37544 09796 30027 99191 11338 59602 35680 79122
59654 83301 38260 49311 82055 21736 66131 07724 94987 33053
02110 30396 76102 97712 86507 29712 95603 45158 56195 32269
81289 14817 34174 96544 57966 42658 49245 14591 98315 72418
60426 17135 42877 87451 31240 80633 89981 24692 46807 79241
85052 28801 87788 24902 87583 88616 44860 35291 18005 07484
98163 18232 45748 66191 73812 28296 65307 99338 09612 60717
99796 17641 10039 37332 58663 27174 47849 71753 43283 46096
28122 16164 23601 42794 12385 41239 94336 20578 75682 11783
50757 31312 92828 21231 64964 00232 25573 23655 52898 65763
36342 53654 22542 91496 65190 40790 59819 00836 26156 90146
41369 54356 31402 03379 88016 68219 40517 02267 44620 12835