97433
6067
1886
45384
5551
84689
13402
77116
1064
76517
89660
17264
81047
14271
73362
83806
26026
1784
6613
60113
8615
39760
4037
35680
82693
70771
21577
58318
33351
82752
18657
92397
19125
43549
57962
18800
4905
12975
99288
44027
66462
93429
21762
8229
45650
35251
52178
94950
49121
8835
86282
48954
12787
91920
64543
2778
99285
97542
4287
97487
56329
85799
96007
58611
40124
60882
43280
54366
99910
53764
62888
19962
27191
30466
64605
79222
96397
46017
98547
32670
62465
85019
92083
9882
35222
91135
97989
3149
20485
89910
40888
9329
3423
51963
79938
7280
51019
26932
2359
89366
27319
2440
24558
47282
47742
6938
5453
84781
46791
80429
70067
92899
97356
82891
540
76876
99114
96638
76396
68212
48621
5916
36257
90157
14289
4695
89147
70425
65731
91929
25101
11038
48842
62475
62012
31937
55515
91420
18482
2369
10025
39736
20880
62037
82886
79974
36932
12627
47388
52162
77825
29546
14020
12094
26180
3592
13668
26878
28188
72737
51693
5930
34781
45344
21945
29514
88938
47860
52244
51459
34020
52397
51026
7912
61536
52598
38618
59721
25779
59808
76002
32533
27493
85785
48931
95679
9087
63087
25940
38658
9824
29714
85019
62275
1037
70736
95654
454
58608
66360
50423
28277
32784
43240
63514
91984
43857
63852
92263
17472
66330
17343
92247
15241
63884
94513
86448
1808
2792
39446
14674
278
2398
70809
30684
66041
77853
56930
31350
7528
92497
10519
34730
36481
65120
41259
72048
87369
70796
67471
22354
91408
33056
41681
98048
77029
29864
89159
84439
95735
26230
93343
47181
39909
2193
87575
47698
27501
66555
28670
48576
77386
33891
34585
48454
88770
95238
65822
59076
68200
31307
18174
25923
18508
1130
73058
98266
15476
88793
20888
74471
50031
6197
32840
84062
6480
30796
6807
19285
80583
3791
54503
95834
15176
26500
28367
4921
45641
70454
9317
16990
2661
60202
89370
11177
15511
96926
86771
33993
95572
65637
25502
35735
56795
9088
95910
93760
47515
57463
88690
8052
26323
74526
60547
46388
13628
18079
46630
23920
90098
15425
82180
25172
93322
23018
33805
15171
84866
73495
69450
40863
21306
13087
15328
93974
64862
97634
57955
92110
11960
46477
49941
36174
1325
50027
69257
19061
87136
89029
63489
93126
27356
51392
82908
52049
42464
25879
69203
46488
45696
11066
20322
32342
32247
2665
96116
45405
42005
12641
64324
6892
78018
29518
11954
90560
71217
50850
63201
24040
30839
6022
51804
54532
9549
40411
93082
82140
42418
50360
88913
52913
89749
42523
77483
8038
25124
40842
8934
5648
62147
79728
87834
67379
5979
3023
73944
53038
49108
34833
73822
33677
4703
607
87571
15867
85441
54598
97386
68109
90894
13349
97554
14107
62358
3902
69170
86994
411
10149
97059
83651
17566
41068
11288
18890
16054
50547
11093
55523
39046
10079
95214
78284
42603
72826
79324
87027
75125
70365
28623
7818
31311
51912
71657
59286
68400
9872
90024
65994
33906
35291
97877
80615
56102
12120
34999
62337
91205
90131
97695
60198
4474
72949
22889
66941
86407
19826
22523
41500
69740
87657
37743
46371
18133
33156
45314
9892
3248
54230
2368
2863
73314
74263
59772
13921
43364
63373
9303
18783
4981
46663
55297
64688
61685
71046
17543
33292
45054
89475
78951
2791
56167
74191
88851
3172
7199
89088
20815
47276
8732
35384
62470
24764
59831
34457
84024
66053
49938
27084
92084
18985
74343
49239
25847
32235
98285
91205
93835
6348
78640
58971
81108
55848
66747
34695
79237
23971
71055
76486
4300
5367
54095
6844
71815
61506
74725
13781
91702
58528
63592
29013
31290
17949
37505
53532
69837
46874
16643
72484
34144
6286
7499
38459
61606
83486
53981
5146
84389
57918
39285
61757
66402
88351
41950
52711
53375
3836
10914
66771
15559
50819
26485
45162
72456
34481
56757
89148
89450
93611
2354
44147
27350
65251
46283
99643
7564
27817
90236
72009
28016
59611
63847
30800
27887
13345
39234
88162
52876
86746
69556
95702
16927
64281
97375
83517
91218
15734
46304
31997
76700
63597
17691
88658
32596
73158
63048
29399
39999
76672
92459
16473
77065
16148
9400
23873
70303
78077
33173
84941
65072
97774
81623
66704
27612
31079
38821
90781
50839
26765
25094
1650
86579
84302
20066
29663
68062
48491
63330
8387
18228
75027
71878
83691
61742
99180
68639
95452
71624
53557
12229
21847
85009
10300
54488
50872
16786
68108
29397
84116
84725
65079
94652
83704
35202
74694
5485
44985
24729
34103
99233
14669
69254
61433
8712
77018
20533
41958
2627
99098
66893
1753
72065
60221
84300
41851
43507
90385
82884
75927
893
7880
3944
185
41912
77149
22952
25413
77006
4606
5158
18019
3510
52316
42166
29436
51874
77250
70219
41384
6126
97318
33868
18270
46499
44435
12391
37400
48598
89612
70496
62677
526
15367
29747
38145
67046
66725
82624
3947
38194
33660
87247
79235
48640
5025
87533
14006
43686
86861
900
85066
97930
96428
3665
26
63458
27382
22831
77666
35824
31231
12267
93014
78143
75540
51087
11122
36302
20291
52566
84810
11581
420
13013
58520
30917
14733
61794
2962
69576
99242
96013
3364
36194
6419
96403
37922
25942
20960
24541
12419
83978
17341
95784
62028
98435
4777
7140
91938
59830
11183
74829
4714
82122
29284
2352
54217
79527
85228
56659
73398
32792
92938
77351
46444
58772
25816
81850
34523
17974
71566
58088
18774
56162
35571
55476
94174
78135
23601
94820
33615
94516
65585
18309
42745
65648
38765
91815
43043
90632
10763
53501
53111
54110
50889
75082
86326
48543
51547
65067
46735
35562
60579
96947
84498
96367
50202
89506
67193
48231
38427
1305
33934
71818
34881
26892
25544
2332
4483
98372
25887
86453
29668
2748
7021
96533
4667
22771
43939
23747
13799
97050
53475
42654
29850
73778
16308
51063
18270
1668
61043
41175
48293
61552
24982
50590
93030
92597
57476
75137
47144
8187
98618
99348
2968
28281
48602
15007
3710
77398
41166
53316
35889
10378
48352
52093
32193
31689
73171
15771
30687
68278
31821
3081
76602
40818
87705
94922
58921
53723
75811
53276
45539
90383
47879
80901
17991
56826
76307
31122
9570
64376
77901
97203
19122
79855
57339
31579
6870
512
24607
6654
78352
30072
10691
30943
27858
42178
91454
76968
43740
17991
30897
60674
74524
35814
71891
35996
16984
72351
34991
32822
15142
47573
34093
71720
52655
8156
81452
34621
80080
98066
33987
57091
43263
9097
27807
34832
69408
39047
58541
4778
23333
10691
91335
69416
68013
20835
26251
81906
50723
95458
2340
99113
88906
24330
96803
39864
48363
36472
64424
56499
90447
56432
66838
39266
14631
50610
61242
25112
38177
32699
53788
75131
35568
47826
74159
18212
6964
96069
94738
32369
57134
87780
295
49765
44165
45484
12253
26653
699
80153
85382
15216
39510
73220
24138
10745
29994
89967
10912
24640
72406
34784
99078
51366
2700
34253
7
55850
32368
179
85109
6676
64895
81373
31478
20025
33286
60379
62873
59457
71559
89352
76520
57457
67211
87836
623
86062
41330
44524
97503
5977
68392
74851
12905
66216
78732
86833
73300
9652
83238
98636
49900
63748
22061
33112
40619
60319
66931
86898
69358
33330
145
34672
65778
89548
52381
82758
68082
33297
6169
30524
86393
53594
62228
32865
74924
49638
21780
82572
87415
78935
59596
47489
32231
61221
49669
4086
979
60964
58304
6469
17713
1340
37830
17808
44516
33411
38229
9801
83663
95662
3709
5000
36585
51077
36535
96728
15503
81647
91438
31767
54865
53466
10462
82135
36602
39527
20352
63992
25780
1871
92383
84096
11308
89904
8015
7196
60191
7521
82834
41386
23169
38078
75926
32662
74624
93340
52209
44798
30277
70146
71135
76150
62468
56917
46843
31088
24695
30975
61959
20529
4625
27253
20162
13372
47926
39120
91003
98650
34032
32863
34626
46811
39363
18765
93690
77795
93530
23823
5150
53409
19692
53758
15507
12032
51532
15326
79718
54749
36178
93836
86160
73793
64932
45333
77886
86501
21816
68097
33851
1013
3714
63890
32883
93522
45266
85815
47877
21154
76720
96708
8009
29389
53560
29660
22754
38448
23022
50552
83032
9175
34501
71422
42064
95670
58350
53050
31292
89315
50742
65287
85240
46799
91038
44481
33213
73380
22459
98779
65481
1859
46937
64119
96920
67580
60610
6415
32002
30302
67741
98729
81679
34847
77701
76169
94830
34235
72192
85769
44847
21299
28035
3819
55339
27838
94603
88894
58042
53931
54383
75250
50731
84285
40170
88335
63239
33361
43038
81800
45675
36510
21504
53730
64493
70445
14198
98721
29284
43141
65858
91982
75984
40602
99642
81830
661
55921
7484
87726
72108
54677
84640
62442
51201
49962
4585
78992
10288
70163
16056
45645
76848
3149
45314
35619
22234
91610
3601
42008
78526
36017
32263
33020
94344
34066
66180
87797
33937
48442
59906
38872
82944
48344
295
33773
48924
14468
24451
55292
35085
31988
72447
7657
21617
21595
30538
84106
10581
74721
62506
80331
77551
65861
84258
7761
26009
12238
9984
90868
58969
39046
86922
3477
66368
87153
40174
10448
76505
69320
69060
33212
35088
40934
72110
50258
56459
1671
29083
77012
38113
85657
35297
43445
41854
29437
66060
2330
22748
29393
47157
56198
30500
13273
21085
86896
16972
54086
28169
8040
58238
48874
66661
37707
39932
69711
56618
6417
60598
69792
8570
73717
79306
93572
89945
25638
71052
96665
89679
64815
56245
28555
4625
85274
39074
69199
10131
44653
23608
39162
31534
8073
76211
22217
3378
39921
68166
49159
88760
62476
63365
92109
32513
83625
12512
9665
38815
19813
77488
65020
96338
4966
37349
11513
22184
81254
20901
3085
59644
13393
69879
40700
44190
54603
61430
10058
47142
19391
8993
770
17101
85990
16565
22653
65491
59613
82957
50945
84458
76574
39854
38923
42903
18910
60301
33841
79551
39297
92721
20018
744
66842
59626
91591
95022
75799
9922
26631
96611
51255
29006
94207
65526
78553
91835
76480
3328
16497
90719
29002
90420
88304
81794
34141
13310
38851
71982
24920
48418
61891
11663
69559
82751
96766
67416
10571
81184
30530
23856
46580
55102
18461
3930
29823
47794
53634
3015
27816
28266
74480
3725
63782
77035
98250
75528
7172
54985
7779
66144
32957
69498
99191
60112
6384
90871
18925
14032
78482
26396
79940
77652
96862
29512
48972
75355
46183
7086
39404
53504
33198
89138
27616
95736
22347
42235
34601
70457
9651
40278
79181
2651
95002
54580
14347
55574
75931
88864
4028
66958
39552
64245
84035
9097
73633
54245
77972
32479
52579
80560
6575
8625
79626
6553
37264
9333
82652
7341
69575
46778
67734
52881
41741
51720
31970
13577
73837
85534
25043
86725
33697
65871
27656
46490
23264
35454
84152
40139
35074
18846
86552
88899
21227
92993
57700
3060
50545
43908
22313
87870
3497
94102
86502
99258
69055
63155
68659
6580
62801
67323
37616
33357
81417
73125
17591
76357
45101
94580
13667
48392
56530
64080
96413
50862
22641
12871
59767
58334
43799
68653
32373
89336
73883
15060
79347
45070
94330
60585
78771
20903
25371
32980
95236
34248
18498
49246
1342
66845
35624
11038
17314
89483
22434
40628
48760
22834
26131
3540
3068
89346
91042
60545
56077
28046
89523
53924
22372
76600
10098
60709
54931
73140
30001
39116
62832
94145
45028
53411
89353
24023
16102
87209
37013
47107
18930
45496
61000
63379
50877
1657
77880
55539
57426
67338
52637
76906
89559
50212
33785
87181
92919
17526
3706
36214
59804
1778
99316
84732
45835
68946
36797
55332
64575
19405
43357
27090
25421
6987
58864
22790
72757
42623
20661
89006
17692
95549
86003
36219
27573
17310
78290
88618
53089
91577
65624
91424
27881
56308
93228
37306
71437
53806
94844
2885
62435
38984
2511
31323
26772
16440
58933
57637
2178
82940
12194
49665
99627
23446
38635
29485
80663
46077
96486
47618
9347
44184
60197
5502
17654
42213
23380
60450
44006
16070
86934
1773
66007
78464
68105
56685
50522
84970
76152
70324
86909
47582
733
5435
52525
39038
50267
24204
83530
33464
59260
47213
88581
56688
55935
32657
48195
13022
44504
82710
88321
14424
10042
63355
3136
62632
98131
18968
29087
25203
56354
73633
39911
2353
50146
37410
40642
3061
81682
77677
87555
36126
47179
73186
50538
74685
65370
41633
64563
71154
97892
20274
87727
83652
60949
83572
94765
24662
96832
1802
86971
58015
33774
80278
92172
51250
13060
70037
61649
36969
3479
7804
44886
49034
54887
25498
37529
77268
65073
67753
53134
27778
47043
69643
65091
85124
87514
76235
1515
47225
81602
30585
52969
44273
13574
17456
70537
58830
29008
26291
90096
35920
9842
88887
17518
9089
20502
54713
49134
71260
40676
89975
81931
87678
38306
25309
88758
82284
64940
31337
95274
28607
74878
71404
97374
41571
79360
66398
542
97571
47569
7850
45866
6767
57313
72432
11374
23734
80003
23423
41915
10459
56889
32941
65957
59117
86527
22429
3509
41138
97047
98344
55772
73814
21035
54964
94189
85967
25702
26917
34243
20235
76515
273
87629
31043
28556
32944
35388
24572
46634
92676
54116
39872
52520
94024
57531
88696
85692
4507
86522
55745
42538
94504
92167
10693
28279
25511
8330
98724
15652
6964
3050
57231
54956
3171
31303
52949
21131
38735
85588
45972
15289
33400
55373
64952
60498
95387
61614
21224
44570
16060
28320
98698
66272
38143
89626
31043
35545
14760
7831
18049
63266
37172
95560
38981
51484
85390
93512
92348
61261
47721
54175
28689
91916
62828
21425
45840
52885
61025
76144
84576
47363
20301
38737
96622
15529
6966
80908
56727
4390
40822
1058
55826
41123
10414
60385
43279
87317
65180
60038
82746
42604
28223
63609
48473
47904
5928
33814
16602
10905
18823
57368
99558
39341
41815
77871
30655
21285
21360
42943
30785
35884
32125
98909
79361
12842
46346
33991
67660
84445
15376
79282
34285
90020
4768
25688
69683
99480
81823
4596
29467
19955
27600
10175
14770
37497
34228
12039
61939
24479
52692
18416
33550
12510
76344
2024
18115
90606
80967
93522
26755
38771
93568
80719
21730
48341
28890
25631
23904
12105
15220
26048
24063
89630
29167
3426
66471
66185
72891
94740
82108
27279
56614
62353
23758
65057
94325
12994
95444
17676
81160
34638
74664
18260
97283
18357
97458
96144
74931
31162
13553
29868
72836
45375
21659
98741
25372
10286
63439
17766
72549
72605
88778
69359
31359
13694
4666
64510
39013
73564
85341
75917
84251
74344
52311
86082
44158
39194
29442
84514
60841
26587
40500
29878
24823
64416
44403
65334
80153
73558
96836
38253
30024
16360
86030
29161
1043
91884
15157
38952
19374
26843
94166
18311
62554
78823
59814
48755
77114
76671
64246
819
93980
71882
59677
1662
31194
64349
59557
41709
46590
96013
75074
37956
91882
76779
9906
50171
23970
18448
45864
15453
49324
4509
67394
26482
12926
16268
53842
29290
94534
69134
15010
57478
41917
86771
57691
51557
53249
55405
48739
34441
18953
55726
83674
27124
47116
65643
78890
92184
25925
63580
80274
86966
21652
39018
21344
93211
71314
34715
69982
65337
5438
3289
74436
5731
28233
59809
56438
32107
89999
51568
2158
49399
9755
46400
70129
76594
44819
61697
69400
7575
58483
17718
60847
4223
6949
810
99925
29959
52309
64873
70104
32330
9661
82659
52780
74405
53319
82465
41720
96454
39595
70285
37855
61765
51802
42707
53773
3432
36859
41607
16278
42568
82305
88131
80125
92627
77532
60516
56370
99385
13695
47957
14718
91628
3026
21041
40840
33689
40180
8202
16851
77737
85752
57171
45939
11055
25244
90615
60638
81577
45557
35914
38273
63507
75438
20499
96851
94148
56369
76165
59976
72865
46000
88520
60344
63662
7518
60963
97941
83900
5234
36563
81276
93481
9173
35722
57828
21137
9625
22720
83321
77488
56360
9998
88534
8125
66620
45494
77076
34218
91007
5391
27839
13014
87047
32286
81872
26080
26466
17142
64926
69253
54111
22247
34183
74998
23978
82013
40485
45250
60935
98581
65844
10788
35520
70026
30096
61812
93577
50367
60276
13625
52495
42640
81598
81202
61505
68980
19925
36892
24713
44938
2144
16631
2459
9196
3115
21775
39129
24412
15657
36026
13659
70048
13522
39909
72767
93917
36369
58887
86324
75522
50465
25407
59312
81378
29168
70076
45441
60163
53223
82610
33795
33815
52439
99355
21738
89677
97585
80875
44853
68284
4113
40506
7831
71599
27823
72732
48986
87296
16626
8864
75470
36105
32307
96747
26292
1298
71482
61078
55866
92060
95946
51399
82116
25798
29135
25952
10027
88361
87686
51325
24072
45700
94883
20166
41081
35666
66231
2240
28892
64447
66492
47726
25514
68583
12230
55868
38550
80524
34228
6968
65291
53395
20100
31217
50122
58924
29028
53927
87821
71405
7709
13517
88827
90143
39496
95926
45689
32973
27110
67153
78709
54279
43430
14193
93145
2327
84540
23926
50409
32822
24583
39338
41278
38223
2875
32961
50480
35707
70373
28530
18832
80538
84754
83596
41700
36212
71218
18181
90632
37864
59570
37580
8839
31273
67232
50987
10550
56193
22534
31907
9320
69804
12961
1136
10985
73761
99012
38611
33250
16590
55871
46527
55793
92140
92341
92860
62248
44334
49289
61813
8640
18636
98324
25660
41546
71448
45507
31108
93707
60104
94610
62518
4798
88139
39742
4183
50722
73221
38166
74377
16066
38403
60660
44968
11254
1323
29028
92152
18422
50470
28165
46212
48241
52872
23557
21207
3626
33311
24168
9102
75690
1634
5387
17086
42338
81756
47015
11694
500
13638
47267
8838
39307
57821
45299
14959
53385
31016
22020
81254
2993
40819
51753
80297
50817
67773
45789
52355
44083
63818
62921
97327
64966
97587
61811
7450
42345
79050
35314
45798
3584
38710
97888
76094
46272
19821
93763
40431
26781
66047
55784
63285
94982
51527
72650
32536
52651
5488
15733
71203
76811
29331
35751
67226
28702
90582
64273
72852
64062
5095
45359
20055
71039
86623
78602
23904
88363
51138
76423
61905
98253
12220
25664
24089
46084
93396
96382
25962
11979
13448
59165
64458
48259
71573
56415
75596
1061
70634
22722
21841
54490
68847
64791
96978
71284
42886
92351
86833
55253
78721
38040
65270
27639
80405
16492
36636
92090
1586
50642
58198
61043
59697
36783
89080
30118
88584
28928
15855
16502
21735
97777
99157
22319
75350
59914
70551
44645
18162
78805
84399
30065
73195
10754
95544
63598
95613
6200
90415
89320
10327
79526
46470
83137
73227
29071
32927
36989
40685
23047
94315
68084
93436
66838
77632
36853
62946
32429
73751
42900
51101
61728
44212
69547
17311
52067
95649
64415
31080
94437
45824
76041
52625
62777
97631
14663
9304
46163
401
69062
81425
74768
31452
90768
97430
15205
75084
51932
65479
1176
11062
93835
36171
21340
50124
9251
99408
7836
70179
43797
67353
56180
13572
58899
84967
60016
3182
72177
39805
62706
23089
79792
13547
11807
88169
69711
29136
52186
96208
54862
99505
8871
16002
90791
76491
91682
15371
93704
31871
259
74169
41679
76367
20349
59067
24342
37027
79987
59286
4444
68551
77725
95411
68572
69939
4090
17074
73573
14276
52213
99476
40339
76498
53843
33637
7218
61663
82976
80716
31586
94581
40864
26864
20023
30528
73417
31815
75044
86380
74791
11790
69486
71632
99481
35262
98414
19593
39244
38744
12816
80462
20956
89024
9375
40055
46774
28102
36223
70604
28991
37598
75905
3381
68498
50491
83615
36797
88025
19810
91337
58199
59125
26249
36635
62747
55341
69658
38618
98564
23083
42997
23005
53775
86433
31555
93223
28107
92437
15123
55124
99376
59406
76272
29176
3526
12312
34025
25872
95771
76598
28934
17629
49972
54521
82937
13580
83532
26636
45380
32454
65924
5095
15160
73108
80348
15125
98228
2305
60122
96432
19531
14997
14021
97172
58955
73592
88144
79755
21963
99639
85766
69954
87347
73834
81201
58584
96875
98422
18893
8530
64619
89835
84720
28933
87338
98796
72948
53092
31553
136
49314
96930
57787
55229
28391
80876
17972
26203
41693
69558
28090
12991
71895
20920
74884
91799
68113
39232
62843
56722
37337
94874
45619
4991
27933
7903
14689
60746
82558
92081
37288
2248
39850
21403
45499
43069
6982
12106
78899
19090
8413
9721
74247
50031
40156
32943
77450
76727
23368
53930
25407
23555
56304
88080
8324
99148
9432
25451
76685
27941
94959
60644
1331
121
69058
68370
29942
38177
92763
27811
8709
4543
85791
20507
54108
16696
56510
13707
66410
93603
80763
93933
73931
30555
32502
33978
85020
88203
39931
60649
3387
85971
52312
40247
31618
10104
54632
14131
47578
82178
60011
97666
88913
85235
43012
2425
21940
11554
50962
53742
2990
78621
44939
53520
62603
57973
77236
81678
55982
75398
7952
38691
26715
70332
99741
6390
25011
47343
6839
44507
6574
13209
92143
46435
13710
69396
64418
49220
6380
21605
26650
30041
67667
75611
66092
24238
55451
11722
96740
68440
10117
68998
85772
6373
56714
24728
56913
94710
59200
24705
65729
11575
94323
5472
84545
1335
13125
50993
17965
85862
49201
43083
93918
34669
14566
97460
39677
14134
96362
25429
57511
29529
30609
24966
60389
32585
82827
84374
14622
92106
9593
76707
63337
15413
9963
33784
72405
64400
1161
14904
48680
31535
69081
27256
29403
28380
50851
12544
31114
91996
4105
87490
76639
33085
5561
14637
89475
33798
160
84291
56369
52842
91212
8438
10897
10831
21897
63130
83550
9840
48938
67093
97119
87621
50375
51227
60117
19232
41125
56149
25499
56593
92346
93114
37141
39983
63645
17397
82332
24556
60759
92614
4947
39666
25587
69488
11042
39114
50312
63208
16270
6410
82837
89786
42821
50694
56884
13737
72528
66192
36820
66899
2305
30909
14673
21380
28291
88697
34743
38358
5852
92960
49872
68887
94020
89924
32651
52872
95015
84759
74697
47988
42155
64770
7650
21647
72769
50503
70621
55959
46643
7760
30593
48181
35096
81387
34610
37284
10955
5163
35589
51029
15473
1155
87221
47368
64706
6670
47634
18956
84874
57210
66368
40255
33929
9847
54719
62954
74845
12967
55586
7307
15087
15572
35721
54572
16229
62162
20639
18789
7918
37643
80419
65001
11134
10826
53275
45325
87161
74779
62958
44381
80703
97604
45979
61166
18274
78204
55084
5774
56286
48154
46532
56233
47190
73022
90495
3261
6564
84303
66220
8881
19221
16587
16614
18614
18235
33677
40514
96342
7158
2063
95131
95995
72814
10501
66050
44796
53671
40395
37625
89142
87142
63278
62735
46027
58065
78870
87614
10481
10167
10048
34810
92615
62492
39498
85341
96636
93592
6926
29702
8617
17671
85385
76643
29771
78957
20627
18482
77691
33227
48335
52209
79230
68735
683
46764
95618
42692
75858
28581
52930
74022
72045
29884
99165
38274
80793
7202
72942
56395
93789
91157
48261
55456
1768
72859
14737
6525
54612
67075
63420
12508
7662
17833
74531
27113
830
28252
45377
34999
4319
3096
54198
12735
17589
89951
28879
20365
26670
92874
78184
44165
8973
11016
47603
22632
24511
23913
81902
39763
47726
5053
12122
62372
75098
95769
36029
31509
90291
12662
27915
91945
80796
93453
96193
58243
77862
8575
5330
71140
34967
78759
92472
93710
69158
42511
38488
33269
64303
11605
98179
51976
75620
37578
55062
46798
80812
87708
42375
37796
94730
95058
63886
2599
1652
3931
55566
34518
62167
79399
52359
81892
20027
87625
63045
47084
68491
82234
10579
84960
35336
51293
65316
42731
11062
89274
84176
25724
75789
58904
70067
56947
76896
98878
82787
22230
71685
15190
65140
57277
77172
66157
96137
38158
62563
14250
46951
82542
79071
71408
94657
55413
46414
8789
43815
70
5676
36743
16626
82871
4184
86321
98621
48489
99611
39698
68759
31377
57738
63667
330
58686
71143
97697
92205
10056
44518
36068
78721
70499
76439
22156
70921
24026
17074
42252
1862
87714
96683
66085
84351
78583
695
31776
40752
38962
13756
14006
31385
19943
67316
45969
90575
37073
3186
88005
77534
67612
8931
48814
63043
54484
90063
68771
2291
18473
18693
69086
89253
57270
38633
55422
48614
27654
12919
40082
97542
65376
71262
12966
1495
96268
52198
48268
55759
31626
37485
81215
47569
21094
44800
27167
92441
57100
78833
43985
92707
86282
40603
57830
36319
85438
60151
82411
39555
2160
48718
62196
38624
43665
63096
61197
51966
21217
37048
695
67639
22108
62537
21637
58284
86347
96944
10397
89949
10980
31542
80241
70432
91424
81206
45055
77849
36219
45668
56767
20743
59295
48585
3360
7353
62151
82250
80531
43519
67259
73032
56736
36270
53561
35394
48774
53231
75120
867
13006
76788
14744
92378
35957
96347
35887
64085
77260
2020
48121
42166
77783
78726
94198
83000
96248
50983
99992
11731
78791
95525
2548
16430
97624
21434
86012
50899
17337
15589
10402
42620
60374
65039
13957
11412
46801
97261
6264
79119
77763
24323
46368
90910
16849
37580
17790
74802
99110
75844
70647
37546
63559
81803
10
32248
61735
69058
69182
35927
42272
45219
66751
43666
49406
75322
7083
20086
1960
24204
45331
48594
38597
86483
80104
84190
24968
98462
59601
46546
18914
27514
90326
86693
80942
51419
71419
22832
98985
72650
42190
68619
68775
60712
35630
70745
34172
79471
76446
31700
45406
35730
48633
18321
37406
80391
84603
47061
65283
4159
95607
92868
59494
95999
71455
90148
79344
74492
26483
81482
50220
59715
58265
22623
67312
26441
15734
70732
36557
68208
44184
66904
2167
6219
86061
73742
79338
97028
68473
44074
70590
28641
1057
77851
94695
45908
41124
70854
98236
12989
56925
71064
51612
3189
34449
36333
53639
4608
28326
30504
81899
43820
53208
4181
29599
59178
48439
81050
63939
388
25865
11025
25860
91609
28310
57382
66514
71626
84553
56709
81926
16529
45564
27626
64056
57858
26304
7126
33823
32303
57567
61805
59641
37836
73157
55339
93653
25540
19104
53300
77050
26408
73682
11682
75758
98049
9663
26524
8245
77493
13542
18553
18325
43185
400
89006
27562
21790
27623
10601
74256
23544
15849
11103
8967
53700
31357
66000
70144
26965
70486
41520
7699
6891
13782
19532
57164
2780
85186
91871
92628
82977
59931
33160
2721
5281
13690
48452
40649
22755
95130
44815
96685
96339
34128
94459
29454
34449
68778
41085
71025
84142
85694
50827
89997
18432
20185
24514
56689
7
55552
68915
4988
52854
94057
71221
26545
40196
46039
33230
64743
29655
98196
99525
98218
24726
77251
57390
16714
55390
20988
95303
95649
50090
5094
81540
70030
56345
51284
64761
93199
37867
59869
4411
41382
52379
68213
10336
91143
6163
35472
8238
53567
88947
93537
50423
96357
15833
84296
59728
23036
41770
24116
28642
7045
68457
97896
95292
97759
33588
87051
83336
25333
57989
78514
23738
31745
27463
85099
73001
46545
3069
31525
4623
7540
86071
24930
78376
99006
11923
33897
85488
43035
11460
45802
26855
33186
56821
58730
6146
43908
4690
91240
9968
84019
60035
60963
3260
88031
9851
91286
89599
55233
18261
54321
73390
53167
31876
47911
13665
99500
17448
34580
77727
24292
42623
41159
86948
93256
14993
29232
96703
41863
14673
98598
67798
29999
91256
78625
67695
77360
47296
95668
86383
80911
97338
78655
64018
47437
74041
79490
5220
96617
51095
40094
98413
3003
66395
33728
67670
48923
58316
44627
59221
54566
72983
27072
5109
36346
61042
2671
12473
20165
58737
12921
98468
2277
39961
43074
28072
7218
33507
72851
14863
39603
22844
89743
13281
64619
84559
21435
65000
80607
75965
5306
61725
66406
52412
15014
52067
95981
80473
6870
51104
13328
14469
31963
7818
51790
20647
83962
47815
63647
65900
17064
36542
98188
36013
73716
1702
29495
12221
7550
12634
88747
14251
73413
39123
119
13025
83389
2463
54199
26869
95418
87536
78334
41326
9403
6236
79439
34573
94617
89825
41529
47957
61792
40571
57607
14310
23423
91546
63531
45484
56640
7478
20075
84917
94425
9314
58677
51087
22981
20446
66181
33340
55770
13522
34411
52852
88007
83351
41516
68376
9341
83604
63730
88950
66995
42870
38620
53888
26825
19041
13817
54128
75532
60130
18885
98443
43735
14308
92189
72986
6603
72264
79518
3339
36474
30984
96675
4479
40149
39604
14381
95953
12512
25197
80571
67116
77639
99200
42529
387
68764
13639
69281
99281
19262
70374
3297
22346
98231
86335
89787
94161
26302
83001
41732
50212
50002
99372
99274
73702
36271
24241
33235
99264
72676
5797
24224
91078
23402
24404
21203
50994
96300
7881
46328
76098
22042
27664
66533
64477
32883
38958
96530
63028
55564
18317
32791
61748
582
8031
43534
65254
38340
98298
55888
14131
1620
65366
88105
86274
43381
36643
72091
81489
9037
72258
99491
81436
53207
36614
3185
81329
42320
83189
55291
9903
36525
91185
22630
89729
37030
73563
71102
41284
18301
22590
51530
1039
38463
71244
31269
6382
35803
26635
58245
98296
74460
75074
57068
6527
98179
67487
60482
11330
87417
68600
73655
20932
92175
93630
53674
64484
30582
62192
62092
76529
1541
70700
14497
40936
58729
21764
7804
69745
32724
51897
53340
15534
68266
67311
81774
54660
64422
31683
14561
33148
66871
49439
15812
37013
63569
53466
48352
34437
77727
37122
58227
38496
35340
66965
3044
56035
8436
74866
21227
20799
99745
55975
11692
57070
39692
92490
56380
83851
12397
82227
71739
48993
13789
75739
19456
77724
72027
16036
41621
30658
28036
30909
10989
92631
82330
49469
3116
55617
63174
1706
3879
16494
60712
12693
63277
83566
1854
21538
94359
74521
11522
39254
94776
92913
17267
9435
37670
90247
6348
50949
38483
56415
37000
42814
54756
32498
38954
58025
17110
6826
12190
65275
21315
37727
47427
95381
33754
44532
47072
12646
75534
22172
21127
40504
54154
64102
68972
65477
5833
23296
35015
83819
96507
1724
43854
61176
4953
34956
78920
47168
77654
30475
67468
24008
1705
25761
74353
71119
89479
55378
87206
96137
6716
55063
96413
16805
4336
85191
34725
77939
33504
26041
43398
53002
33344
82899
74416
10769
81193
40332
21660
24143
86370
21844
97810
60401
90224
43653
38322
19976
7532
99462
18990
84328
7356
76883
19408
92564
85045
85558
51082
91138
21320
72034
95967
91336
59253
7105
68915
25166
55421
57598
25785
11890
77646
96483
87922
34620
28446
62683
43244
79244
70727
55142
14357
6391
20183
34431
54922
11252
47528
9625
46916
75746
2895
8137
23496
32880
34613
61907
34825
44105
25063
94548
7545
37035
7404
61008
22491
63118
58744
73775
49809
12680
87642
47827
35779
68220
46852
10290
31507
85898
5826
50156
90002
69899
11706
28444
35271
44647
52451
29821
24697
35851
11165
12972
84284
42879
66873
8909
95273
22245
53678
23925
50198
4743
37628
27029
76594
37290
8588
40501
47414
74571
13044
6564
58594
45315
72996
73210
56295
83351
45953
27866
38990
44557
81541
8832
42897
27383
21353
41346
43168
76864
70394
77627
67788
79831
40839
68410
26338
52525
31830
57242
1546
80872
62624
68206
38011
98407
20663
52774
89497
77137
20989
72112
53901
62631
98916
17439
33288
6160
73992
12948
5308
33965
30017
3298
81864
46523
53243
837
61081
59157
58876
56500
49422
79422
14608
22686
42218
66392
39156
96488
2939
32324
13633
67234
74203
28097
94072
43628
86827
459
54546
2622
7136
21274
22043
84706
77316
66813
86645
58431
58754
68593
83527
90751
84127
66347
46913
89159
60407
68410
30370
26640
42022
65141
72678
21062
11072
46958
63992
16934
59805
50159
33158
9343
69489
90871
33739
57391
19357
50350
53708
57617
39487
43274
11733
86632
42274
34773
31597
76625
28579
71633
5540
57382
66694
58467
67159
84129
84920
40563
95003
71765
1895
51752
59122
72962
42680
47798
4534
70097
53223
73676
37969
99176
30933
6543
47234
87620
34957
75307
36132
67235
26130
82381
2137
18653
13657
43568
18871
14225
53229
17963
10921
52585
49603
21333
24654
20006
65579
3680
5413
71192
28882
24467
88863
95294
58609
77506
2211
21706
3711
1530
49671
24591
97425
62231
25761
5107
83572
6838
59892
65947
63380
73282
46199
44080
44732
82591
53659
34476
49696
55330
43313
20097
50742
70767
41738
21616
61219
30893
32923
94069
1471
483
34317
27046
98389
69138
17034
50040
53269
21531
15097
5249
30487
8076
44066
26344
77834
79792
15507
53651
88263
88367
90518
23711
52356
55229
62876
94293
30996
81926
357
4757
98521
8157
1394
26002
68083
23540
43498
24312
12953
4507
9681
48995
40230
78696
79676
55045
56670
15772
63795
88886
90317
5829
39051
97838
96132
14351
19515
72038
79024
96178
55868
91356
13461
9979
12718
29218
25289
99476
16508
60274
28411
97965
1678
29506
76684
68655
8250
66609
99665
14924
121
71415
39780
81785
80072
53611
98037
22718
74866
83170
25576
24440
51829
96673
69156
66303
6862
9103
90089
40699
33127
698
28216
76183
39480
84112
75154
85987
38221
8389
54365
11183
62855
23149
79541
39950
8269
8918
77304
62237
8132
77669
15447
62581
77271
61406
73697
62896
50430
36021
30451
1788
43019
72695
15941
77256
44357
69707
4
85611
29380
93848
40896
61019
40901
52480
20540
57294
51256
24828
31144
16376
59530
4227
58281
36413
18531
41821
26360
86427
14325
36593
33808
14262
40344
86649
7358
59837
17978
2294
47492
16699
16019
82728
20419
81425
12476
75081
75851
92663
23965
67018
34447
89404
308
12298
93907
11555
44891
52431
48556
24957
75016
76993
3642
77691
80655
60137
92651
84868
74926
21539
73602
95031
55076
86229
88588
12900
8872
59705
19758
40383
8042
92198
64490
50625
27766
79146
82670
28294
19230
33669
39796
93424
40813
71252
81063
75816
22788
66856
23621
22328
222
80319
46873
367
99279
97185
94008
7443
3232
98987
71844
8882
56238
59535
50648
3624
85278
61902
20761
61449
33663
44563
58642
84133
3132
14561
91396
17652
95762
10552
25891
82963
31845
59279
26233
98805
95291
45238
81690
41538
24313
5244
6069
24297
21811
67081
49098
80495
7303
74608
80554
5238
70188
80414
28668
42246
12764
41564
15758
3610
90669
23940
36118
75030
68245
6374
63831
90143
6855
77017
61509
54146
95259
31279
84854
59090
12912
13200
42524
61089
89416
90273
75933
83134
86328
15471
69415
66267
81150
9670
87642
16608
77569
92635
64194
86029
871
1426
32870
80248
62939
61310
1660
9688
97372
16176
18161
85660
71986
82989
64831
17246
83319
67921
52626
82734
25780
70606
52348
33532
6645
7342
14502
38182
47389
4076
80457
89451
71685
45676
80437
78414
30877
19241
47119
86037
58879
56106
47577
54959
80162
59708
50843
82035
16864
4642
3536
15623
54055
5991
81815
50699
25789
87408
24329
89600
78812
21450
27899
76505
55684
76326
5337
19729
14519
79449
63094
87504
68702
127
55396
101
86651
61205
11018
43995
39071
12644
9077
2231
19125
38772
1001
29231
89578
25353
37237
97978
30173
82622
59369
12865
68417
6101
60921
12435
77370
58258
3487
82831
15227
70980
98699
64981
63139
1340
31148
66368
90149
21302
2501
81704
37067
85748
22887
85891
64732
2628
62046
87390
56357
24055
99781
20404
98507
87791
82926
10293
90740
64858
4347
68172
50075
10896
68437
57881
83180
76414
97074
31342
96517
4212
60232
46760
2707
31042
86207
68225
59966
14943
17860
94982
50689
29741
33326
83933
65171
3808
42297
9948
6883
31477
2332
55087
76872
52394
73515
30091
26594
76591
44386
9287
90817
31238
17198
3558
25266
18782
36404
5054
77257
5576
80654
12088
11830
5125
15671
82941
738
80731
23028
73288
57146
68560
78161
83529
65016
14082
49872
79515
8859
22326
33132
52994
56943
45563
7164
56559
89003
70774
31589
81958
88118
23665
54851
50339
35674
76029
11173
48329
58165
28863
24988
74811
75112
44943
25073
59830
88449
21456
94561
79290
35506
25791
47528
16911
52
65745
28063
18388
38858
29176
73496
41769
34861
7515
69907
32780
32238
12580
55083
44155
43567
6775
91756
73988
44743
93026
42288
19692
89423
52704
24837
31397
81514
77299
20660
1386
41589
12759
32327
44701
91103
24178
63439
10056
56873
92897
1894
9980
67560
78135
40751
74366
73723
10863
63453
12622
73527
38957
53455
16174
67276
9506
62232
45273
95703
56733
84198
21902
39303
62058
42222
94043
68979
66674
83271
45616
41882
46349
20078
1150
30593
3207
31838
14538
58608
89896
54571
37218
90621
57797
50117
32682
92193
12833
41645
41427
30131
69968
43094
3315
32270
20615
90177
12716
63343
65942
1339
15958
2226
23475
58505
60249
25099
84390
99519
68617
8902
84566
56808
46342
69995
53706
60166
20952
43984
23747
45414
80052
94489
10298
75296
99093
10910
28977
84118
44641
18316
72315
3442
97797
76127
52249
12583
67106
86542
8286
84691
50654
68520
92039
66902
62983
78578
65111
41299
64046
75847
89208
62409
14637
35489
44864
56455
35555
12006
88319
97800
66220
41923
44859
48789
2536
53953
41313
60659
43525
23987
431
85183
91546
72120
55508
39457
31922
49404
94887
99473
64335
3142
12867
72104
70582
41268
26078
9626
81109
38726
12490
86135
46199
41738
44050
50954
26761
29495
13279
10607
94405
86989
99218
67956
70771
27633
78742
64779
42088
79752
65528
32368
56488
17157
50872
53666
48811
70777
28047
79982
40490
5641
5065
25532
30533
85534
49447
83832
27723
76233
63029
71407
73848
57490
54826
6319
73129
23777
65636
71709
73928
54293
99328
97838
45462
23879
32664
20035
54385
8174
8002
34516
73997
8745
61397
79221
52250
86918
2370
12603
23829
48605
41018
49729
76277
66717
53145
42128
70479
62575
84764
55452
71765
93236
23554
7372
69488
7766
6785
77004
50115
42222
92723
86750
41734
20474
95669
87590
66312
15984
73577
49678
20134
8278
61571
71512
52546
37069
64700
72998
28478
16881
58928
30411
41165
25471
620
44548
88063
20513
11672
7305
35176
70685
89963
46445
72845
9726
92940
83515
9478
34954
55935
35667
58821
75417
36188
28548
51053
49019
18579
64510
38320
12893
79709
8018
71299
86713
83267
8493
94932
94820
71461
79687
48720
29718
24875
94301
59757
86881
86200
32693
85170
58824
82100
45328
94697
4954
31842
50064
83856
33004
1356
87413
73472
37675
47019
99568
82303
42646
94734
82338
56082
83170
16786
82999
98488
48262
1439
81671
77413
73818
58421
98973
73334
41004
67191
18529
95677
87860
54279
99305
17785
86320
81023
79838
71413
71680
33651
44047
97650
37072
33940
26675
72731
21587
30583
85275
14426
27442
88885
55264
27513
98939
69605
34689
65304
83969
76467
16201
68273
77410
56322
95112
90553
15019
55906
34499
40374
46262
74828
60969
41501
65049
5653
98016
69308
18416
18886
17814
27296
44961
33121
6853
7753
17184
8834
95991
23665
74899
18001
1300
8085
40457
71169
58510
51875
800
28601
10906
91074
26201
82758
28205
61081
71040
75671
92247
6452
68085
6633
84259
72290
84490
93159
47982
6061
55054
71328
83178
67119
46326
60358
44759
75285
33698
70697
84285
29575
92908
4891
72565
93461
17224
86180
84814
74033
72056
50993
13089
18993
89879
58462
94684
17643
90067
2538
9675
19838
80628
60486
6029
80342
61778
75269
56448
95107
4947
48758
37568
20701
25024
17679
49192
58448
98519
94919
58879
40785
5803
85001
65551
78941
91706
24517
24674
18247
45491
55754
67139
193
98585
14943
74138
48854
26421
5308
41130
83337
19401
29483
75418
7642
57161
75909
23914
44650
80257
89433
20336
61912
3821
7629
74389
83480
58871
11242
99407
94264
78716
19680
89475
21184
70219
60620
12241
18878
22708
56564
79419
96800
10912
583
93402
99237
42560
38493
45480
90128
86114
35368
58805
501
89633
80544
27563
67947
67841
77188
2735
34739
91242
69999
14381
74055
58465
87774
552
82205
71018
16325
33735
8846
58257
71649
97178
96889
19585
13238
65468
69119
60788
23103
86427
29515
1890
77319
44693
43829
25018
53811
11267
26213
12517
52624
47865
86476
97914
53047
40094
86058
15308
95745
79264
9844
86405
57451
99078
85682
28613
80770
488
73783
2516
32308
65690
4151
42511
88610
70520
61746
30506
91273
53454
6337
79325
70126
88945
66778
89833
6520
43030
67953
33750
97524
59912
32664
92787
86243
39688
50487
53933
43462
19395
20934
20601
21488
62265
59210
49834
52332
93355
99442
66882
29243
93663
42485
40184
93160
79361
73195
22187
43762
47996
15564
74379
8585
69264
3168
98569
33060
34433
17083
90641
99357
55492
83784
17924
42538
22837
31455
96755
8832
88546
74770
12965
92697
41269
35367
84737
96890
78281
8098
14654
82883
60434
51586
15739
17746
56541
15700
24916
78020
45154
18266
36529
41096
43736
48675
98467
80293
77936
6978
13874
81069
86926
83685
82587
12721
84729
47644
98153
22416
62005
37238
88650
66579
17922
43597
52525
58399
57556
33571
94266
89624
76695
84963
8986
79844
82950
96824
99833
17077
69772
93561
37641
79788
68276
63228
88359
72308
50668
57537
40513
63196
48677
33982
62345
89190
80506
38925
6226
76184
50671
14550
56597
33061
98484
62346
86889
94212
23024
11058
50764
22256
5063
18041
83500
33693
79779
79517
30444
77163
87962
37445
51212
76479
47989
48550
70682
48746
46036
24505
60776
21667
37754
61350
40700
3501
91113
50943
77498
4189
77128
7551
53661
66788
32869
48671
44033
44628
79480
40733
10324
51501
76815
57557
78351
19723
35888
2256
10401
24020
90492
11749
23192
68012
50139
97119
30443
84403
17922
72754
8350
70062
58913
92564
92104
62773
47424
42484
12102
67748
4738
35111
69574
58849
62847
14463
33127
12026
54284
6743
10051
76578
33320
46406
9221
53659
79579
65925
66046
30813
21580
62366
44156
16344
44725
44184
63371
28005
15970
17660
29001
16698
65690
93927
53625
47846
16172
84770
69237
20550
35756
8225
25018
77828
27763
43423
53984
50002
34204
58248
70346
77663
45666
83058
28692
80703
60804
19060
35957
75521
31586
50883
57592
93788
63700
79484
538
23044
15482
3714
87262
71946
53261
56723
57539
61076
76193
46813
47624
54061
19481
61464
69
73075
81255
67926
51699
87881
95499
84145
32096
28156
91019
99709
80455
45167
34823
98104
54773
40710
57128
68773
64071
88781
94838
302
1723
98571
70445
14516
95943
6158
44165
35336
22100
36661
38496
85984
40768
48625
36467
73429
35277
58086
97522
49927
23030
41001
18258
38115
5957
29624
89203
68281
7208
50963
63317
4315
13569
3557
57144
28262
6054
32598
51264
12504
14753
42821
43194
33290
78246
83611
32888
69681
22766
51389
88678
87924
1762
80648
49808
32838
52654
36882
70622
35042
34292
82169
1028
95633
5990
57329
28043
28434
97023
13335
73988
23969
94035
29047
58397
49046
43122
72371
82668
11188
23126
97586
89241
98046
97247
22835
80333
48578
91137
98698
55206
24941
77407
61266
39504
31890
68829
61276
35350
73933
35510
74660
16713
49583
64925
29223
30971
56724
77926
27218
44642
23490
98734
4199
88959
84963
52375
40830
19210
97608
29154
36202
765
20560
12500
58743
74188
95718
13876
13938
32063
27040
96421
6866
60932
93540
97634
31925
63186
30169
80620
92169
75792
76120
53302
36296
45412
21033
95475
2621
2790
76161
24699
76240
3177
59788
13776
98130
64146
13986
44895
13052
37303
63278
48545
6930
96217
84859
28880
63723
9301
84718
21496
66876
93441
64344
64397
81048
11842
18662
88458
76093
87854
27418
49782
97180
55472
89439
33087
42429
56766
2040
52637
82606
26642
6279
65202
46186
76173
2879
88158
97480
97138
93313
85070
55549
62471
15895
40959
37274
89987
27671
99965
59199
70070
29493
79198
99707
31914
43860
4333
5540
37472
32938
34861
24891
47439
87643
59888
63003
99396
27739
49007
85653
74672
27612
36974
40881
7523
22716
5823
29995
7908
57657
3509
35142
27451
8427
4297
2627
97082
48547
72854
88682
4426
31689
41356
97546
59168
31805
46920
80459
15429
15875
5279
18598
81607
24102
15853
82974
50207
97695
3236
49984
22828
25358
620
52545
88811
76170
71753
63666
39952
48760
49824
41822
68236
94496
43958
15615
98755
65896
27076
49017
55721
502
72412
7863
45963
75217
50257
43268
71308
56405
31378
18318
48957
27014
68988
30628
27224
93574
47334
25274
32982
63131
91644
50102
76668
32987
31570
78593
70907
54607
98247
14201
89585
17103
13695
94497
5654
45445
541
33463
97996
23842
99880
75925
10331
35732
35611
89390
78477
58379
4669
85422
16189
62285
4342
45262
64345
43459
30183
22483
63444
60051
91073
9273
5148
53922
91543
82344
55073
12446
25752
89444
16028
66160
12346
98141
18638
23848
74937
4774
84532
18201
39024
93403
6236
72445
72961
42067
27460
1112
47894
96837
87630
26629
29595
72906
15319
27446
43761
96348
16671
33162
75528
70213
6957
47418
73872
34253
76054
10293
32009
88852
61978
8522
6062
70637
30510
4050
15959
99733
23481
79291
44924
66818
43510
90891
16896
91864
88735
82898
84818
65854
37544
34933
6994
81808
10343
11306
23562
72056
3071
32953
70611
94997
95494
15677
85624
56467
86207
5370
64599
8352
95858
93723
28643
40243
10235
16401
45744
68672
5725
19722
32113
32904
11008
31609
26653
26232
10953
87895
92051
27403
91335
46034
46410
48059
56299
64843
70486
78962
24413
41113
67347
320
23729
71753
73582
19634
61400
53597
34242
14297
39268
42075
57247
85543
23188
64664
57280
75378
50973
25368
84027
58753
81472
42425
5100
99539
45615
33026
80140
50718
59185
96045
19264
86760
96630
46587
66461
79275
5373
24660
86466
65822
60942
34311
62291
16118
24594
69306
29822
69954
67216
46759
85742
6722
65925
1060
5553
7769
63121
87052
99555
89658
1635
3598
16402
18947
14199
76524
76200
67256
50627
33370
78113
29120
71890
61471
81058
4579
26709
65596
286
43413
53322
31695
97540
58639
16781
59284
67954
43086
411
46551
42953
64831
19008
99488
35200
74739
10885
89202
48944
32527
96073
99977
67147
46534
58773
94775
5369
26777
23566
74556
91638
70873
46974
23131
91375
38088
38608
10216
46953
18004
59452
71949
42572
67219
18772
323
36874
69998
5654
50828
28083
76948
46393
21056
29439
89547
74725
62102
36323
87769
38332
59286
60695
43045
42099
59089
93324
19467
46283
25107
29806
42396
96037
77456
62442
5530
57690
7222
96817
95017
76696
60423
99267
32341
52369
54380
19415
76464
45315
23487
60571
80117
94891
91075
90021
65160
26078
29396
91116
67535
67827
712
59521
3666
88246
69052
37149
27003
75910
34423
58987
75946
61133
69056
60429
62539
76217
28773
55702
15081
99499
71604
51581
67190
14424
40516
4823
80894
41949
57426
66644
1961
72235
31644
83002
71926
29903
7477
35611
63210
56044
62901
15309
61218
79725
24086
16804
90438
81920
78981
31767
70368
25581
57256
95907
91459
36993
93617
14840
21295
75621
6830
53489
86880
22310
7747
24193
30169
49032
96219
49839
852
7248
18976
10065
32974
86577
38396
948
50046
50558
5532
51567
57141
52169
39862
44463
7808
68122
92915
81243
78704
68073
13282
19438
45439
52493
36449
82223
29450
51311
94501
8713
77565
74309
77932
69288
43491
43847
84635
17759
63538
20642
59601
90189
57734
54128
62948
88789
41825
50378
3593
8528
5687
52567
41216
74002
99350
71696
90134
54550
69057
88536
55273
16752
2718
71722
92627
55160
76604
21453
14453
14493
43300
53442
52869
79500
64685
83546
54633
62321
73108
59956
4588
61410
38957
16854
65561
940
33439
91134
78502
85108
1692
52070
88195
17877
3214
42774
47105
45402
34136
21779
2744
75787
18987
23325
92392
18784
48400
25680
53118
66661
43566
28257
4706
6718
48302
90378
78481
15772
85201
77156
45928
37447
63639
91308
47629
84187
94290
43628
35214
37673
47320
29381
16879
43679
89570
33084
40462
10396
49838
79921
57172
22848
90717
88474
83736
80287
10508
56485
21114
48305
59344
29079
93834
92883
29946
57127
45628
29728
75321
52403
64214
78961
13227
85698
10946
62623
385
54267
99468
20397
98181
65750
1626
47623
5990
47172
58565
78857
8287
89632
40310
50148
67348
82020
28046
73638
94602
70348
89920
49256
50617
3255
83393
19981
56192
88756
44991
49512
45189
92514
21762
64205
53514
53692
57855
54704
18027
80870
74286
76966
54203
17591
70369
27235
92007
34726
31157
90985
75705
15190
46900
82017
75226
45460
37682
94566
14237
17874
29253
88700
93206
77889
44523
17238
74498
21273
59270
81053
982
57623
20319
68842
39594
8657
39780
97340
76988
2406
59895
18396
45646
57728
29617
506
25733
27499
46263
24064
50503
83375
93404
52014
41180
80206
49616
50557
11045
33982
51805
38144
7822
83605
71514
35301
8505
83855
2956
72601
41377
94565
67481
89684
86279
89350
10762
24245
96063
6134
6188
46730
89666
1289
80785
43782
90425
49369
48459
91511
21996
51223
69407
88237
28631
74691
54276
35637
56607
54148
96977
67039
19228
17837
50996
22146
69103
95217
60658
58546
18282
80496
20989
72124
79373
93062
67650
70846
48877
80697
91888
9383
17798
57274
34520
45642
73905
53036
37669
24522
55124
82642
23327
29073
24120
3812
23744
64711
60429
47714
10246
58286
8395
51164
54291
60504
76660
10263
7395
37585
58144
5262
5015
26033
28176
17243
83579
2991
82858
68661
49533
93899
99764
71796
54629
99046
38703
61874
12612
71082
51565
24911
39073
16672
37147
4246
8429
27218
59384
84292
99806
65933
45556
5215
47093
51545
94811
58027
17492
82511
56719
46035
17599
39872
84637
75626
66388
91740
29250
57028
80437
97883
13985
54021
88285
79014
25828
20464
28056
72103
62643
1084
85290
40400
1217
54125
96383
44866
89015
74266
77137
12286
17036
55653
35597
54607
1186
36914
93724
3897
85209
12736
73367
27799
79509
79852
98608
81492
67068
9233
28761
33876
40205
818
64118
78090
80055
82305
60014
99458
54409
59305
43839
27535
88975
10621
54375
43223
62112
49413
13117
46738
83751
38745
93226
17727
45475
58272
73342
14927
70643
67748
50677
69530
50936
2626
40661
23723
28873
67145
8844
53937
74594
61146
64867
96874
9619
88240
98010
65685
50299
45057
49139
3484
79323
83925
94877
71913
4918
74657
66348
13551
34271
65057
37102
58729
70219
54294
92627
69650
38400
48450
37328
27718
65832
63405
3921
73591
61274
76582
4920
3703
92739
6167
6196
11874
18199
14094
8583
40103
1746
87354
95034
68773
39419
51155
38104
33202
26387
6976
65304
876
20342
68762
48381
81663
94720
91275
16617
71912
29763
46077
93978
52624
59460
2655
25264
71685
78030
14856
87372
40686
10912
96139
78346
67954
72096
91054
39139
31136
62144
14899
90792
65081
9432
38701
63238
3722
20863
42475
50977
68273
87735
46096
55626
38325
87450
54236
65630
77251
32393
19427
79402
8836
43595
35667
99756
58172
68659
23875
14665
76573
20992
60065
32248
67635
90481
27293
56317
19579
64553
43214
72917
27588
2956
26528
67991
59112
29582
17630
11627
74984
40347
61474
25321
69657
77369
93937
95247
34995
86613
46922
6752
83804
58659
1965
53117
91620
50429
77300
15086
28298
99447
29144
16737
54519
71620
84365
37989
52608
28544
98774
4375
45893
60976
52942
80633
36331
11387
55744
66306
56247
412
24772
28696
86761
79523
52283
11377
42850
55398
45558
24927
62963
70234
51318
60607
69745
76639
35285
67451
87655
15759
90026
98518
13102
92948
86887
63058
33258
46550
71138
17909
80779
22258
23348
93636
93417
98035
74601
78774
19891
52736
68303
78991
76327
35321
7147
27057
11233
70955
10231
44226
81202
35316
32370
43962
74371
39061
65310
24900
44206
90687
48881
21511
32240
47902
69010
68162
65174
25150
9111
85060
9078
98077
51506
13073
51455
34503
96357
8464
60507
85832
76997
58299
40204
92891
2629
92615
59616
95792
51987
50405
85448
88727
74902
3034
87847
27449
32630
50932
21261
79750
22317
87231
4536
7384
86207
65464
37369
81639
1946
17540
93915
64162
86806
42903
28514
29677
25668
30124
13426
67854
50300
78131
3914
77879
55758
55853
92149
61151
38678
76283
68130
25069
81746
63768
53199
34004
88841
61824
9691
82329
96143
62823
58904
18761
45896
40633
58780
21307
11601
32612
2587
7742
6072
48302
330
67805
87087
78788
95803
20216
99304
42846
53847
30121
55650
33873
24833
70718
66575
25038
56289
76591
71361
49161
75282
15675
12097
94560
9336
1782
17998
48418
48596
80285
35399
75180
77368
45795
47068
39090
19340
92603
73417
67158
47489
56125
37721
1708
7049
76791
7641
10083
87921
6535
96157
3204
61494
82478
16418
64341
66099
12395
37095
4836
85185
52196
77479
44424
12783
6947
14876
60429
41936
53825
50770
62278
43536
67929
96788
25632
25328
30022
96662
63891
73880
9037
96189
23891
85891
41574
9627
67337
89464
75657
7996
39852
40840
6625
72446
35454
57565
9338
14140
35885
15182
62750
61041
41394
91270
70438
51535
12441
88038
3800
54990
10211
2638
33419
60171
57937
42995
68494
33832
44721
6195
94223
53886
58881
46315
82709
64202
68814
59080
54202
81399
65932
1850
82402
7914
46445
49165
70040
70197
36606
56456
69145
6036
59473
67489
84123
70833
324
54772
75203
19065
52596
26326
74818
44231
16508
67162
40118
28249
78537
9215
91107
59561
21430
39667
25759
28163
1725
64284
61028
95275
84511
39782
21770
65601
43652
77199
88385
60875
19788
96901
18395
4863
78106
85048
77163
81993
23226
61239
48616
24520
9503
17521
48127
16360
31611
30082
26558
75734
92506
76673
37032
93241
23690
15166
34123
57208
76129
91642
88913
93927
9304
50044
32799
86849
80549
9610
87900
15831
77172
61239
2602
75212
39812
9360
87023
87808
97068
52036
35093
30824
68643
48755
27439
29244
97068
72721
32442
52437
36557
82454
61562
70501
61580
76114
89475
88316
57492
11207
19520
77308
20866
82203
60664
67620
28137
49049
83413
46661
27746
732
39015
33967
73190
19724
58822
66816
42197
85548
98805
36253
80724
18670
58011
58956
69543
19546
79116
56808
35882
1883
34283
43104
22952
54043
10133
81964
86094
88004
31953
95867
5925
51405
9138
45113
96016
84943
41365
92582
35494
4750
98182
97342
75413
77371
73435
51447
51824
33565
20354
85704
88162
36416
93153
22216
84932
79061
56628
44226
75601
37884
76510
87029
74212
48089
70232
27713
52416
333
80288
65965
61483
79457
30482
43438
58270
79330
39185
44889
3252
31459
93051
60795
73381
79221
29715
68170
72907
14468
38614
3978
31246
68737
65337
63860
48527
17390
96831
57796
86723
11774
12274
93894
7028
1840
7608
41662
22664
49656
40463
46906
70339
62844
96608
31871
3309
96238
49105
16224
74317
79902
66944
37219
7645
32142
31252
30639
56095
7252
34027
58057
922
9491
66894
30511
80575
77137
55506
83845
27550
3437
58995
6796
51767
14934
33264
9301
33552
71831
51936
45578
79674
89952
89418
74201
51809
9357
96811
45670
98429
50729
43278
56936
8267
7459
53034
1875
56389
18665
41215
76870
32335
56385
40710
71485
23879
38816
16393
85616
79663
50680
83222
66582
89304
11673
80329
52266
507
84461
4483
39737
39325
54755
73204
72699
11889
47789
70318
55675
43793
67847
24918
57997
56741
60482
88415
66481
91166
713
3811
82089
58254
4677
6305
32938
45086
47108
55013
93676
2628
42499
71831
59565
17842
13911
55387
22523
8411
30127
45538
35932
81406
39225
36996
35196
65663
64622
79468
1835
61757
58257
56069
20320
53115
24820
1782
78913
87188
40805
9406
8444
66543
92627
71680
36272
86297
49196
25177
56576
16564
66045
94075
82708
56378
90486
80074
52481
79042
260
8460
3098
47905
61757
19762
18816
6319
38107
91426
81541
35806
12341
84586
22168
32472
16257
37301
78827
73251
71798
67486
17098
30796
58441
6329
56812
48636
17475
56074
80243
6717
92051
54882
67274
91474
80469
35824
14572
34342
49431
87118
47833
97902
13836
56333
28862
69844
40199
92579
92512
71498
71861
87596
22486
99888
5927
59142
89510
114
74219
18267
30578
8297
93498
75809
43784
14433
53868
72831
9656
69175
8474
64769
26985
98944
12479
49670
68788
99664
34810
7196
22371
51050
32254
6954
76375
30567
32230
52224
57228
8995
17945
48322
97622
78022
47595
23572
40413
94337
67913
85302
42789
24434
1603
63247
47582
39642
98040
78423
31290
41870
37134
76801
21676
97130
67344
83973
1718
16119
40580
69582
81261
48952
79100
58356
22882
54623
72473
88433
54279
64823
56319
96998
85929
86477
68763
8300
79804
77688
15397
9767
82621
87703
99050
28188
45375
73157
86763
59839
99869
90001
93110
65940
52480
13381
56369
17987
85569
56190
72043
66264
27779
41090
26828
9225
65848
30516
45373
61487
22640
34492
22048
53775
18782
97066
60412
49474
68556
8737
84178
29304
34669
4458
15247
78171
81038
84642
36697
6386
17928
40030
71643
51218
29554
70395
12475
34134
10721
61729
29218
94100
16088
26924
70639
77974
43348
20890
47200
45271
29901
12647
51062
36492
41520
34130
25110
61718
71081
28297
40307
89321
45574
87537
78678
53410
60442
7536
47860
53021
21704
81375
72346
86091
78363
24049
16476
46892
70303
48495
94659
16863
143
10828
15459
95696
61477
4673
87900
52022
20449
12348
90719
21217
52818
14050
68270
41589
84435
15342
70418
99628
69515
77906
97962
49997
68108
28866
50048
86609
51871
79955
95447
67384
75523
9370
5760
37183
319
46366
95299
50949
45387
51478
9772
72200
73006
3717
93898
10816
84639
90163
46685
68445
16020
43083
42323
79866
71598
85047
54547
74311
31349
23459
72776
31990
96250
82504
39468
77991
12641
72726
69861
38212
30251
76283
37640
80149
3844
69360
23045
75138
44226
12354
23573
48010
60810
13085
21630
25184
14946
8676
88386
52835
20939
17677
78561
33038
89952
85584
36968
17733
10929
84125
94409
7799
2215
27516
77855
27750
47735
37338
97842
85265
52398
21769
4635
79208
12790
34625
23924
89801
1314
44985
92719
70226
4579
79122
16560
60261
40140
93081
60297
59393
99648
96396
66427
29401
30978
75325
67323
44544
77112
57409
20713
71245
35337
18244
51336
38577
86751
56065
25983
55852
73116
50093
23961
44283
65775
74514
90522
75942
79659
61571
76917
55133
34317
94453
77458
34834
53471
63486
71348
33977
24763
37595
65017
10142
12167
87087
9322
46601
24964
43523
35213
32689
99227
97747
11307
52113
40434
18141
77330
45092
9149
17719
48477
77090
5598
10903
17496
29466
23566
78649
3648
25453
99171
4041
10696
18708
75907
49569
59691
1019
43751
21994
56544
30805
87189
11056
39253
44681
94696
94225
25147
90624
40500
71270
44591
13176
48373
29654
4381
28643
86778
44568
71373
51384
24841
85887
4918
71062
99433
38409
95263
35118
5074
41458
84324
60756
20420
19233
55113
86358
27766
4285
76556
73532
65311
53039
81600
87882
75828
14536
38193
19117
79977
41348
45131
49241
7635
25121
47722
41363
66431
98263
21845
1041
13115
67995
19215
57094
20419
39330
1539
19476
99744
39497
16711
98061
48344
77897
86346
8076
38536
62909
80648
45467
56094
49674
54001
88604
25101
11450
2661
71490
27354
11213
84507
78082
35858
99899
10086
27284
33973
82979
74043
53877
84461
78063
46477
41890
45984
32758
84943
33804
8537
84278
59491
21529
33827
20059
5557
23212
41809
42159
32449
63713
80382
47254
18845
5991
51670
8789
20908
25637
45368
88130
3515
81461
47306
7568
80577
11300
49694
89571
16540
74093
88422
3906
97893
66820
72346
67074
30883
68017
49677
6976
59601
98372
77377
39785
27256
43272
20885
5725
22647
52233
13588
75785
63740
15743
48063
72349
70733
21358
54474
43306
72097
7751
45412
91427
68843
67963
71004
88590
54598
1233
33312
97936
52085
76551
54839
86094
80206
50485
82385
32320
10163
76846
34532
31745
3924
56398
68740
45853
53815
1086
52316
74942
58151
29164
70446
14461
74542
65115
94045
10017
89871
91384
60332
44242
33960
87754
89867
72848
42497
98545
75181
76854
44100
87872
28211
13338
6206
78814
66402
28006
24983
23639
50661
39456
85589
19104
62254
17226
50799
63392
20303
53540
58443
49360
96705
72130
21022
2583
81110
26581
24538
2027
84997
15384
17782
66252
50963
81166
68182
48644
51003
67570
35833
61483
15860
78811
83411
40523
36449
24149
96428
69292
17919
32361
35645
5464
47080
89731
81450
90411
54732
89183
58617
77463
15852
77863
49107
84400
32656
55838
10423
61354
88217
9512
17538
66567
41624
59945
37507
59356
59600
68483
27637
52126
44041
69931
20419
11464
20116
96938
21451
62058
95359
18387
168
26643
86639
39247
97445
30128
38897
99711
8998
6776
27273
67364
28997
75503
42488
37758
54423
90324
8321
45920
57428
30439
69535
44195
30337
67643
18816
20262
95902
37470
2047
13257
54038
44917
52711
35616
5526
55571
58237
23624
52986
58658
53783
20585
29977
39738
72264
43102
50128
67733
53349
93201
99986
83439
28690
56825
21620
74852
55860
72704
43995
38390
69229
64679
25764
54496
52461
5277
66340
51116
14378
18644
27004
89216
67576
36930
79260
80732
67499
95768
63790
41274
68627
91733
79
87419
93924
27464
34157
11558
93937
38611
49886
6038
92679
30847
97835
62752
78903
54888
15031
44322
3384
12797
18720
8682
85530
19806
57782
70131
15932
42474
96538
96824
65388
96200
87449
77189
75496
12958
61527
35897
11072
83543
28331
43782
466
37749
30966
45518
76257
50564
45789
23851
55883
52810
51378
29857
69407
80642
16783
34947
49951
19853
75239
2249
51234
88177
56207
32495
46206
51597
46017
12723
90967
89135
35340
84821
8912
4663
90364
55393
61528
33992
53746
88393
24276
10846
41312
57661
78678
36247
50952
87732
65051
42445
41262
78202
14218
54742
69231
89450
91108
32355
98639
65660
38324
12963
3814
84854
3548
94635
97003
55035
71091
63546
1870
20588
94945
16249
80469
3685
48361
31176
96566
81752
63290
15680
64249
93925
31931
92093
87553
76954
82215
89126
44155
54153
19185
73404
4194
39757
45073
89976
3888
75469
32269
80400
12860
85957
25459
12274
43929
25740
91852
85093
54638
91164
21744
73870
80885
88051
5577
34157
24763
78129
78203
19964
91093
75516
26257
59498
30103
28263
307
92746
97326
99386
59919
99639
86041
56823
6782
37830
22422
92408
28755
65134
39065
16194
85970
43194
58669
14401
19059
6205
26395
16733
49123
31319
26765
91988
69247
65816
8992
79633
98155
50243
23198
69439
78013
26373
39259
61242
50477
34219
79850
72594
37714
83270
49763
13308
88457
29690
84680
12790
23063
3467
74326
68598
26105
7276
37291
82778
90198
52321
37785
66335
10556
5491
38225
21553
66218
96853
75771
56923
918
76872
35804
50077
34249
18670
70823
50393
92085
32242
79350
4824
44134
94742
16172
98044
76068
3796
52615
21120
3814
29232
43522
21717
58445
72729
86242
43216
31481
44581
76147
30158
72493
32087
73085
63058
73584
65067
93646
86929
58583
80566
35231
14702
18765
51014
19679
19316
1421
67951
16526
76323
62795
66883
69004
82685
42710
37899
99461
56787
4607
