7243
51593
20427
72073
96355
97301
16104
17994
40473
83374
15002
97820
4979
25996
92385
41892
23984
67008
31873
83756
26837
89089
89291
66670
2525
13767
15102
10842
11761
80855
69898
54102
87898
49402
75295
59263
77278
4876
78633
15131
57236
5055
74045
44947
35688
47983
14725
75954
80081
99338
71657
16888
45470
73702
42587
36356
71554
24478
91685
34394
96774
60564
5132
51925
93864
74406
80777
68428
65772
35694
31034
96789
53434
77685
67364
96155
97617
79057
51964
88519
65896
23171
47692
82859
2798
98756
70803
81834
86242
91298
52721
70350
76642
2770
46858
62759
26366
28868
74411
16024
76730
17526
89088
99860
7299
30253
54893
51694
17998
28697
73360
34211
18367
12878
67065
56345
70284
44604
24755
14726
80566
99903
40108
61959
68087
7632
30925
10504
36399
47962
8446
36536
67308
4037
77539
56816
13462
82885
87669
13459
8734
47535
21810
16385
34015
31261
5928
61348
73028
37075
45134
62595
67838
60756
44322
13538
37002
14170
50856
16273
50605
67064
64792
1320
65926
70194
98168
92678
15074
70388
29029
60089
1646
79015
88165
40344
7323
9338
36932
2545
31271
55380
43073
78415
85332
45138
38110
78073
Time spent: 1
Itarations done: 10217