75414
33959
65813
85609
82061
43853
43548
49656
63140
19022
60975
41736
99608
92909
70339
71729
25174
14037
87252
95578
26334
59056
35438
69863
34801
68609
93547
30914
45573
30596
71096
96944
69788
52722
5534
60512
10498
11596
90485
85596
31622
39216
16437
48658
75607
9302
29427
66321
73696
15758
90751
33589
84203
93422
51266
56052
88827
17325
37552
97100
74795
30816
84027
76879
31495
95221
35034
53596
94276
24091
83994
89734
75196
63637
12913
55840
30796
7628
44844
52781
30300
89770
24336
39683
4205
79553
96497
39291
72802
18523
63946
55020
76961
73163
62800
74756
59363
47790
13725
55257
73394
96332
72199
78018
29019
95358
23282
42540
20219
92404
40541
16167
16965
23424
56196
91018
46179
1093
70129
7988
30790
11753
59082
95412
3724
22906
34199
35707
64565
95497
35000
17135
605
15601
40933
49820
51164
8673
27866
25258
54272
76200
96166
76748
78222
99336
49485
54560
6981
87069
8914
64102
18100
7447
5868
27947
64481
29586
8885
23321
47278
21465
4456
15490
46190
93903
70079
54438
55531
54667
48902
27369
59736
38325
59661
62748
70310
7212
53048
62960
37767
76827
56205
2147
46699
4982
30741
63359
99905
98207
6483
4899
98346
31186
43117
39585
27748
45410
14921
82600
69755
91777
10017
73749
65811
8525
84864
8107
75342
80661
17145
15436
86278
9976
55803
13194
55620
35749
75635
20574
80482
85427
5691
61707
25936
1839
15658
5061
64985
88905
12490
82971
18118
41364
20700
10405
15154
75669
94101
75231
40456
59010
34169
3647
64126
41330
70807
13876
6372
31219
94961
58837
30048
20750
19366
24230
7202
56603
83625
92319
59491
75219
12913
3655
29460
68277
85773
49103
99911
21444
65790
2748
41985
74123
4375
62580
39078
80849
27459
392
3350
16010
77572
34843
74321
52718
94631
32426
64942
63980
83658
9897
99530
39675
35761
58695
70086
86418
39866
36999
22757
79044
47032
78259
74609
62214
26598
46420
52342
58580
83994
27510
39248
25950
93742
84865
14438
20100
37969
20980
69262
62104
30718
82849
89827
79527
51395
19586
1678
89309
6888
51265
82925
16862
91215
36096
65523
669
13976
29434
60855
14596
24486
12573
65465
51149
67134
31882
25489
48086
65320
29558
64232
8063
46303
66125
6349
56407
87314
31770
64206
5662
84501
18720
87246
47183
20606
80074
13588
69856
34674
31851
4560
13943
77697
64501
87519
4060
71775
17710
80053
69479
77178
38061
19548
52211
11676
82950
76092
23758
59503
56144
83837
79941
53589
60458
86180
59874
13952
31243
53499
39946
77608
70735
98701
86577
60924
37794
85454
12550
54028
60129
96734
70883
58694
26879
7193
37489
46084
88201
81864
79284
28783
35565
5846
77929
12738
61478
34858
81074
19079
644
44943
82727
43164
35871
51102
92306
48845
11539
59252
37961
79566
35013
13693
63896
4765
62142
3095
23738
9984
56787
92076
42385
82153
86350
52525
17297
37702
65311
79108
56889
90483
87063
86756
8422
58923
90639
4452
10735
67370
93412
99243
18183
5343
83458
87187
81302
70140
5979
13791
37016
33263
97030
15521
56601
39144
14784
6093
23168
65876
93650
66496
62081
51938
99785
56087
27504
20383
97894
3594
56200
12486
48681
81514
35714
76566
43913
15102
98264
44513
51770
28081
43915
68460
89040
81161
17054
83162
58622
16608
8684
5773
90980
82363
33758
84084
6346
72556
37513
56684
70847
87808
17717
94105
54214
88320
10731
48671
9304
85488
78510
52621
84397
93695
50878
68994
48095
42913
22888
17838
53591
34877
80573
71494
94206
10854
30069
37028
5289
87415
34874
21326
48940
8096
23919
4914
77477
53496
19156
34291
9170
50096
45532
79343
65502
18949
28513
92380
13024
9436
54711
48375
24899
70362
69714
42199
27280
20957
13893
67946
23918
97709
51709
7896
98731
69465
33001
14220
80541
32863
35718
75232
16787
22909
78770
19796
43738
99405
60914
28454
59580
98911
77038
87896
3733
74097
86707
46584
20832
77537
61531
3673
41049
85433
17658
90786
39764
98218
47655
86797
49087
99641
2025
39447
81297
3685
34807
54437
90023
69532
19970
52599
38822
18829
65727
88790
68768
46592
2434
72349
56801
77373
96398
28307
34767
81698
46694
90923
95457
34234
55019
26738
46409
64860
19628
43003
84838
26482
93563
49152
57799
79369
64691
3964
40494
70780
60429
99062
12667
70746
53629
673
38058
10192
47713
95802
55180
55882
48938
66483
68976
48254
91614
46298
92416
22767
68085
97059
24676
33201
29481
80365
68277
96181
65515
88685
81404
80229
42020
43681
33587
69759
73445
65688
83040
44701
34192
67570
22170
29802
67478
28621
44114
84169
33286
59743
67640
21239
48034
79836
20326
72118
7720
85124
20698
31120
53630
8113
18801
51310
35052
30924
51683
90037
47017
38949
45378
39627
72738
75076
48149
16862
40181
82188
11172
26301
10148
2200
42234
57191
49251
33592
45689
21421
5351
36209
27585
90886
95291
12032
88754
46609
35184
83727
50611
9107
92031
38908
58523
79752
12133
7435
85814
86223
86516
91458
17834
91692
46520
73501
29981
96989
43723
86592
86176
37741
57541
42221
74996
54388
91133
76886
69536
91943
61634
96031
44032
68526
64291
65385
5380
36944
91729
24012
898
51957
19364
70847
45051
47386
25874
7033
67298
21856
3711
80
20841
29693
28750
72686
7779
74404
487
8996
69996
6154
34611
14132
67117
31788
88283
59044
12931
56195
25143
92017
69926
87210
81837
641
7918
52717
80770
63587
17235
98287
44819
40256
29505
56405
8920
8151
39823
4237
90701
72788
42941
55889
77763
43026
93049
67238
12743
85863
71869
66656
8940
49106
2967
63361
9097
67710
81550
26592
7803
50201
98485
73456
94058
75246
24887
51059
34669
15279
89318
49381
11453
44013
23516
35387
45616
77756
74528
55981
91223
46608
81224
17671
56335
90975
91392
14184
15168
31240
51964
39776
7540
64011
39381
95625
82911
97072
9735
69423
35476
46949
39001
44180
94068
87970
92580
71262
76015
59763
10275
24792
87658
11303
17992
39815
55875
83961
80623
25004
4754
13449
91959
32180
49465
61100
56909
59559
65405
68631
58952
63384
4882
67353
21419
53483
75835
62728
65090
52291
67566
58233
36538
4026
6931
78707
31766
30926
55136
2637
67890
46862
10057
15314
61990
55142
61915
50342
60702
76930
61174
95661
26727
79490
96671
2096
29173
99310
49321
47350
3472
84196
82077
76440
43591
10527
50442
60783
64362
67140
69414
92410
24982
35674
52590
57291
36053
38717
47030
12251
82052
71734
23522
23718
78662
82477
46071
13289
50180
12511
36691
95115
56008
69434
72000
83101
17240
55542
96670
92173
94451
38930
15413
57123
46005
16386
29999
45036
52560
83958
20685
42831
27908
693
32496
60146
48902
3811
15939
99651
27923
9424
89023
11741
20210
11975
32872
68718
5331
77625
6743
64668
7186
12137
69941
71644
20134
72143
27873
60135
90216
80201
77439
22419
59884
98674
12949
21055
22265
15218
67954
21603
46706
93537
10624
58608
31200
47096
80756
26927
9248
554
55006
86684
88829
14007
53598
19472
29364
58442
56565
75817
68905
47355
80470
9539
98262
49093
77606
3284
41368
27222
58810
51369
41906
82148
8345
80979
75089
96158
54684
60847
419
16237
84581
67733
46385
44227
39468
55331
71269
42295
13004
97685
75562
3183
76523
59742
50994
79325
95131
81383
38758
12681
61404
48072
35231
58022
65900
61224
27357
46395
44097
14428
61821
92622
87940
27893
52227
10957
86811
92766
6753
66389
67519
29431
15054
55587
35846
69461
67707
81120
83193
29581
94041
55319
11033
57832
94969
46058
43182
97042
16231
55700
41285
28795
54484
6608
12468
32287
13726
91870
99756
16746
32804
38246
75645
63568
86063
19896
17133
44853
18707
56006
26535
68759
16010
23263
76580
38863
21246
14942
579
4685
11062
82408
18834
23600
8992
1958
91030
50549
67879
20182
10989
21256
80248
44384
14950
97142
81956
61147
57468
95650
98985
85704
20036
38426
49775
67579
56707
11572
56277
3812
48288
47178
35708
40081
32059
3368
41990
72203
97537
41302
940
95691
90447
71898
36503
89475
46843
72463
16675
61375
87262
54006
57218
27536
36781
93684
8891
45806
1048
33653
19623
73915
20635
87546
6910
77298
46453
88843
97688
68559
27514
61626
93046
20810
79007
93486
93335
60506
3395
42824
75605
11895
70199
18344
49771
34836
21126
27210
32485
70489
56398
192
68442
85269
75391
67030
97671
82431
90125
73337
14363
32830
3665
1534
87851
61604
47182
82647
19607
15942
99154
63226
91461
30588
68171
22204
19708
2360
6764
16221
67391
82721
37907
68756
82742
98324
18086
8319
25635
13440
31239
4081
15862
55325
6439
43443
87146
33822
78806
45416
59039
99881
67962
6095
45163
4186
31228
28089
789
36696
59792
94454
75271
50669
25270
9497
75640
618
51327
43762
66469
52652
80463
88565
28109
57765
29598
46648
70499
13937
79731
59836
52956
81218
24771
2013
91716
55557
12513
46318
46477
51674
46779
49130
64750
93116
83917
80247
28611
58443
49113
68600
92236
86546
18401
25894
20609
1192
60782
56794
39875
75175
11515
63552
88046
17806
52458
5432
11090
35990
8205
78865
83943
88776
27829
42933
48543
27994
11208
26617
51745
93501
56156
19181
34780
10544
48042
63128
72947
18881
87076
40348
89269
48557
50115
66413
69114
45610
13645
85405
84095
42482
22460
88217
93065
62548
74649
60982
25582
45919
7619
7091
68997
84564
12191
76190
74100
58788
72197
76637
66298
74249
25577
44071
99334
8929
69579
88067
16831
92876
87511
41303
93265
60021
57354
91212
10438
31006
13616
82802
88148
8726
72941
43129
28446
94137
1296
92865
51733
58933
95942
78443
99928
43767
78959
79494
57010
85998
50735
20558
90496
19283
31613
43538
48733
28871
27825
77892
58375
91052
93844
79295
53998
73004
27464
94262
37545
20117
26209
48224
9129
11925
54059
47570
32696
24868
16042
32388
153
368
14884
15927
35781
80108
68698
99288
39112
36859
1610
55351
98910
98879
80248
34718
23493
38633
58172
58188
23377
72450
7642
25286
51033
96792
63477
86392
49563
68858
77353
97235
87164
24578
82490
98806
57492
15386
98522
43218
7374
36659
64192
16580
12803
15384
71612
93650
61732
22315
89935
95872
17908
74798
8599
14293
33862
426
717
1980
53090
38826
5699
36707
91618
69132
56877
4018
17319
64067
34666
53206
51726
88078
8735
34315
3545
76576
43656
32969
5672
56116
81697
81645
68242
91192
83692
40936
79086
72368
4326
12448
79947
92556
1730
66129
21891
93536
32910
39172
56591
3180
66353
91058
51493
25339
51034
79887
26360
88988
17102
58822
96267
10992
47674
78296
71872
77697
53458
19572
11604
4597
2327
78304
42413
90433
4505
62963
65792
42334
30697
72266
44031
11989
45263
68240
17996
49368
69448
67068
42210
50089
50737
28597
35589
45335
3536
37177
36937
59068
3675
31451
23125
36308
64653
58796
94884
28359
97059
1269
60191
6144
54274
44278
48507
61158
97349
36593
70426
45081
69845
20919
96797
93687
59486
97900
68961
78496
37607
23294
67474
30416
9676
27940
60547
83705
80593
93260
25372
95656
36971
11189
85646
7690
75299
6768
36790
26908
59657
4061
36731
23663
75545
71636
24572
60349
57473
92523
92083
89332
7051
65410
73676
83861
85671
58740
39335
94780
61232
7465
72013
57983
11927
63409
86034
12842
41741
84474
96305
30176
42136
75411
79489
89861
42260
73400
77731
92802
26090
5418
83166
39732
59067
31139
7138
60200
59057
25112
81899
29103
66894
44966
64569
65242
20291
78641
13178
66645
11575
62913
82884
778
14464
17955
46788
34264
98033
48225
80227
56350
7062
18671
60055
23158
77079
27046
21118
25559
69741
58102
80976
62603
59577
23447
90932
84488
76666
62089
96479
54358
11471
970
93523
66570
17852
52274
48106
50587
8183
54803
6768
84281
20514
50473
62362
38177
51924
23742
55789
73060
94449
21759
88005
17356
80406
16071
88628
57844
42466
62923
37541
87491
20484
68508
64135
67603
1873
67943
55190
77962
65244
82354
86824
48275
8037
27095
58592
86997
78050
5985
48490
49476
96048
41360
26510
16369
52062
57825
61323
85404
81478
58757
29803
14836
78749
8954
92301
95290
86268
64248
27934
68218
3909
69472
33631
53819
757
79857
78274
99002
74702
47774
68986
6896
97863
56633
30475
63364
6231
76872
20321
33149
40430
65112
3167
58503
21172
26904
85028
56558
47770
15914
65258
78169
40968
47973
98192
60615
12397
67104
69090
79290
32116
12450
79714
79381
82987
99979
7726
47568
36045
50895
51076
65853
54558
69899
93626
74957
36117
719
31502
63017
31916
63823
80988
86897
40253
11745
48284
27990
57347
21177
79002
82201
82710
77793
21043
84627
18603
99694
28308
73490
73520
88447
4689
4998
78172
92882
37895
41052
49102
20121
838
45114
89864
30742
4733
38038
2575
10591
72459
85305
93729
20385
63383
9862
97276
86118
21527
50622
5301
8194
37864
15714
92000
35296
14418
11678
40221
70160
93035
65067
31490
48791
64839
91295
40213
62040
7765
7068
80671
69083
9054
27367
91461
85981
17143
35712
6168
19372
33157
67310
51390
55235
96015
98680
33597
5775
37173
94515
24863
63631
81090
22740
34177
11969
45748
12166
55812
91416
53899
93588
19141
30403
185
34838
25330
4130
31863
53046
45498
99235
91615
63248
72218
26137
39740
1471
61635
39130
20032
42564
77027
95471
58708
18302
46287
9049
89001
29651
75585
31617
75370
38608
19389
25194
70761
19646
93050
72885
77919
48543
28325
12216
1528
7269
14486
65006
71750
87595
38087
80864
91734
83230
32982
7604
11775
70517
78862
51180
60981
91154
41342
90164
73713
66833
29570
65409
32480
95396
58338
74159
11612
807
40847
59751
46726
35138
5566
2958
73872
59775
26020
89089
79189
65168
75904
46174
75041
23712
73554
23857
71776
8720
59596
10073
45642
53948
59524
63156
12839
72777
18969
70696
7299
3899
63592
33298
25490
1218
27817
11339
45426
39730
17035
65873
48979
66204
16440
71020
76750
83815
36315
74526
22924
23192
88380
35577
33926
18902
20723
74547
9134
79976
99854
28046
14519
15871
17610
14438
10808
55125
17902
79952
66604
72962
83711
13583
73865
26238
98276
90145
8270
79387
96089
25179
80177
93375
49066
2851
3274
41198
91210
68545
67464
8083
71096
61538
40125
32304
35662
99972
35631
43390
91103
20273
86848
58540
57040
16239
24288
5156
28704
19194
18720
47662
88506
9950
71247
10191
63176
55733
41209
3169
5541
20812
86738
81509
91065
8247
55410
84843
58417
52017
3124
36119
90639
93683
38232
3889
28877
45859
84874
65741
34186
65921
34601
45579
64568
37714
8567
35845
14202
86448
83946
57274
69727
32556
47676
53388
74460
23976
28238
64729
55637
73107
21921
78654
61979
64680
73835
4570
79373
93803
95938
81584
40922
39666
4422
85817
24345
79686
37037
67983
34425
1327
67277
18373
1172
74381
66813
25992
85375
5219
80172
71339
72372
6286
66380
68233
52165
79111
31128
49066
29422
27129
19987
69991
80419
85825
68330
97832
75667
82016
6784
28848
16723
11534
2443
81021
93619
55132
75505
96140
55367
36142
68603
85715
151
60210
61836
55649
34122
67389
20344
48572
18102
69932
33227
49896
20052
45323
52743
13889
17810
3389
70914
79447
51396
48788
77018
61747
7091
15744
23931
25608
26523
60550
93878
69106
73173
59241
94854
71910
55977
72716
37865
91773
5113
9697
42060
24769
18634
39089
89971
80102
50192
77619
8266
58706
87979
6083
80784
66341
82827
48087
10099
36538
19523
78861
31431
86498
89499
18548
48484
79902
15374
4310
4596
24636
98223
28645
24598
90528
6981
77525
62853
92465
6064
1253
71164
47635
22056
3413
56613
82140
83230
38820
33845
31852
26711
70080
88911
55152
57241
44201
62514
51046
58795
15622
29344
55191
5703
60081
97158
68449
93479
94981
74380
57887
11200
46162
58174
58482
7082
78494
76344
95313
56805
38232
75843
40658
30158
38771
88309
18136
65757
58275
18727
66959
5869
7562
97200
83315
13778
69741
5770
63074
94653
9229
42327
80231
67588
97143
11858
48897
91194
2485
41663
33145
28102
54092
1606
88660
44730
87031
73091
42865
81839
48938
51150
46114
98697
56722
82915
55522
89057
62140
42680
45125
90727
5931
18880
71347
62124
14516
41522
61092
79030
20715
9981
31324
12655
70497
90491
93573
86155
11457
40322
44631
70910
45557
81310
95503
76158
68596
89280
44745
5984
11920
87855
59410
6196
48116
35266
87104
301
21718
70980
86003
18546
18401
45315
26222
56925
91722
89699
85527
64086
25126
97798
35142
43206
18794
78491
87292
73237
55806
10506
55120
99274
20197
75485
57736
15390
10652
71384
88431
64901
17907
11297
52443
12829
11374
94163
72187
3243
11062
93285
52483
171
4565
46175
96056
24978
5700
44984
60486
45332
41321
20600
51775
41358
95910
85489
56818
73043
39716
50430
27349
99687
15553
58552
41271
56920
61797
86387
83823
79747
4684
46157
10638
71119
61721
86097
77514
54674
59814
26340
47586
17576
86682
86747
15611
44819
62165
60015
21189
69854
37269
58526
58005
18095
3042
16585
24546
99622
18895
61089
3275
15329
50474
73084
99839
76765
40937
50325
21680
4137
26266
46629
26250
59149
45225
7686
23089
89839
87590
44952
71112
13059
70528
89354
72710
36921
32268
44758
29692
30324
84671
17491
92517
79571
71885
32694
3990
33137
40923
60865
11270
24795
41867
68689
95954
82600
40303
77093
51018
76639
42674
56423
15485
31996
6441
13779
62973
35020
31234
30699
28651
90811
4632
90815
50636
47690
6781
96486
96466
90521
61729
11100
43092
18849
60210
79384
79651
68158
68507
71954
6335
2918
81119
72299
9760
8668
71154
74481
5533
36991
41649
88068
52052
12085
83512
53159
56116
90480
1290
52826
10518
76531
76718
72915
26580
35469
1770
99853
50434
13051
27892
65950
80892
66297
46190
48694
38844
33313
34489
5583
73401
21871
81526
79301
28365
76182
25990
39380
34126
89249
28648
35955
34689
64173
29540
28828
7327
91983
28996
20767
83189
5824
71196
67833
31243
91758
2058
61479
25015
84972
19415
77281
71889
56825
32779
63367
48063
2982
2419
97968
48801
75764
33048
79995
33220
64910
56100
29120
15624
20068
46415
62585
31266
25650
84067
84803
83428
84089
90150
72775
60830
37049
36518
65472
99647
55842
53818
68526
52781
62032
39547
66931
20530
97192
98489
97948
91460
46732
31535
73960
39991
36942
25724
60804
28129
66653
88280
10891
62757
5321
10495
22465
67035
87884
43481
46382
34701
63417
17154
90076
49479
9361
36234
74667
68242
6042
42619
85700
86280
77218
42187
20539
25715
41556
55894
76213
14021
87220
69966
40336
48598
77174
28075
44694
75476
16315
29545
16197
45484
63255
71989
13111
49600
49294
4184
65849
76688
75103
35589
51032
81479
91607
82572
15194
98384
35786
18259
30149
87624
84319
32828
5962
54157
8494
4170
9375
37008
62246
24995
35688
26872
11949
31818
60277
33230
21271
33660
52298
88729
37388
43894
67616
48197
85862
77355
50541
12423
70621
86622
64753
82720
92815
76371
42560
31271
47697
52705
88691
54409
32216
35621
99848
61221
97684
87025
64519
38259
11660
84209
88870
22620
51078
99228
54021
10323
34737
28323
47602
24628
17360
52350
28216
69847
9786
99117
75265
184
60212
21602
48599
40282
29959
2199
32510
4403
23919
42481
66841
74542
90579
387
74325
14295
89458
92325
77719
14907
34840
86357
62933
92702
63797
74467
85043
82964
43841
26834
32938
4340
30917
99120
65338
99975
11977
84958
5985
96835
18083
80142
39059
63055
73706
52479
77214
84651
55862
91810
84089
27568
72707
48405
20755
98790
35417
54759
51298
71109
89434
65755
86538
90163
91585
45211
66926
39483
68103
73056
85686
99523
65264
46646
31552
62
9102
2222
86755
31837
23612
88046
50416
52908
17860
79452
70081
98014
41586
37867
54863
75058
26183
80802
12509
11847
73325
47863
99669
98364
27068
19052
99759
55089
66904
65911
46018
46269
89020
93528
88710
48535
963
61982
64903
79916
40881
59498
66846
92008
46744
36386
20693
28988
43185
98808
81153
61134
84022
4447
19663
7645
87068
98379
33711
73813
24485
76735
33229
40986
86729
68207
66267
64248
21041
79001
30666
52386
56470
55526
81037
27453
66591
80963
81063
87134
88331
36742
70013
22108
10779
28068
9299
72736
71329
93813
50039
44663
48228
95387
15782
41290
18324
6691
25917
12583
56785
7765
94745
64320
91521
18476
28818
19614
89285
95392
10832
75452
42626
54926
2249
50971
47356
78911
18765
81334
8675
4951
32858
71332
90775
3212
35856
86181
29547
93752
48334
23537
60889
64067
2105
80342
78181
5220
29663
873
21630
96718
87686
68278
19502
35265
10017
80836
46618
20586
32554
36342
39092
82682
57534
33274
5889
59226
27962
85744
7600
9229
64254
40784
30747
79675
74639
81106
71918
25531
88485
94264
60269
20325
77401
89988
89136
84463
22852
51508
97969
1480
60962
13772
44300
88656
85306
71739
32139
37712
16702
35311
17965
43750
55351
63956
98385
96181
15174
33711
94590
14056
2760
12009
87872
70045
44093
41656
27768
62252
81040
64270
29798
61104
56595
45657
3311
79763
82922
805
1597
90819
39518
54616
66215
39454
80121
15932
45412
83849
36472
87103
2510
27292
94661
79055
94333
93246
85469
52718
92012
34609
74004
61668
36917
61437
55875
27962
73003
17599
67262
43420
73524
36160
94450
51962
84838
55712
24756
35122
42958
85463
15239
92492
79510
65557
68185
81605
22955
80933
93088
57633
18179
51980
3677
32296
33007
43277
45541
53494
93682
2945
74972
92428
93065
69409
12886
13376
45046
59853
79026
92752
16613
85172
71123
48762
55013
19959
91283
40658
41646
92850
37609
97536
46589
52507
72884
40583
28054
7590
54152
69813
19650
35234
57088
96614
74939
1900
57319
16769
93597
42885
37158
35149
36372
2342
70722
72875
47092
44377
2986
10538
39111
7569
79046
46907
70890
90245
98722
81575
30797
21851
68595
62140
74772
97027
98670
71729
12132
23223
44100
71101
14606
60217
23711
51024
31573
10400
56585
95287
30542
52423
45536
2438
46038
97597
2025
65224
12371
88386
50937
60723
76161
51401
75584
61268
33040
63486
63426
36535
9586
88822
91192
80537
16366
97381
44461
63763
30842
80682
1221
80357
29947
39424
21517
32944
81296
29465
76034
73627
19283
17486
15300
98665
77706
15785
28169
76473
24142
36844
63345
73833
42892
32592
90922
33607
43165
60759
62274
48707
27033
51283
86094
71757
37740
29389
75979
97581
23121
88833
40679
56578
91151
98681
81993
61017
5065
70108
37236
53424
64027
5880
53323
16502
41979
4479
7738
17368
12097
93301
97989
75437
67168
20903
5638
62878
57277
46985
3570
69340
5311
30583
15937
88521
28095
31914
58983
13150
86385
11378
88012
57092
10472
30391
50792
58530
99812
33077
960
56565
74882
15247
56297
75064
67379
67694
96250
92249
70899
14506
80667
22219
38416
53916
37412
85539
5141
49158
10401
99981
35769
9854
81569
79660
43648
50664
80353
91056
6074
13223
72538
77788
4684
89856
76614
32510
52851
93111
90302
63938
32997
73851
22500
79753
55927
2457
16586
82020
71541
92635
19923
50759
5718
65395
1328
73437
71687
21949
43399
63399
5865
18597
39801
98634
7924
14122
8968
3792
22762
90754
95142
92968
88085
33490
65282
88553
85475
89341
26073
32311
75091
18042
79146
8844
64573
88807
4565
8763
61247
73932
12748
69095
83389
39320
33213
41868
61098
34499
14873
58311
40225
40221
97097
75724
13859
40442
73343
16841
45013
47323
9877
37383
11442
22773
971
86499
98954
8191
38909
56922
93081
95207
52271
56933
70649
44549
19129
74582
72593
87627
93209
46137
47228
25952
90477
85367
89268
77247
71252
77983
64012
3865
18641
96489
98420
99140
57977
44669
41204
290
83854
98050
42599
42751
61518
66990
81134
70080
47544
72353
69504
66047
31102
90291
4578
81081
31582
92239
87579
83934
949
79023
29655
81241
69903
83825
75343
12598
45804
97772
21828
46837
17254
54049
85442
76393
45352
91665
68515
30939
24852
8410
9450
8931
79800
4031
56840
56276
17702
9276
94442
5000
3877
94224
58023
21631
33351
50186
27337
4965
71532
43481
46936
15902
6836
46494
28038
18289
8576
61715
10332
58983
11598
67784
17391
17802
55555
33139
22279
13597
91122
62420
50960
61378
28104
63598
90290
37220
41075
49635
34648
22649
67054
17507
684
68241
26697
79544
63178
37393
75559
57291
16691
65500
45231
86480
47444
97255
65502
23206
7804
45335
68128
86025
21752
47414
60458
16442
13912
85296
22820
91153
46967
69864
27463
73390
72717
88644
98811
47852
50577
58933
34867
43971
63948
28801
87859
15625
69697
20682
58534
11915
48903
17862
93008
43270
88020
52834
83653
19875
8822
68344
66244
15309
82737
86861
74426
87279
10606
42280
59531
69474
22442
98880
8895
33798
53407
6823
99001
10638
82031
20995
1186
46327
74593
40482
17058
71568
65617
9721
58419
52371
18617
59151
2170
95910
53477
53141
44562
87720
97295
56047
51097
43784
14038
23421
48489
71312
95008
74723
33343
45386
46930
6344
78508
25168
97353
59275
2585
52977
48113
64488
30629
2295
46753
50896
14836
66669
13094
15687
2826
10438
53538
24919
38133
34377
19255
33435
52583
44586
16021
87479
63494
51341
53303
848
19953
66113
28074
75944
51910
9610
74860
74845
63430
91440
77735
32252
77154
72864
32200
42180
80884
78128
65343
43293
49160
76984
71174
73961
12821
21265
94732
67484
27733
81749
3297
10307
50244
98068
15990
91668
61374
24044
24058
31780
94372
23558
23306
87483
10964
47993
97432
99227
40490
5232
36411
61337
43090
12383
47633
68676
83189
9596
19142
17146
2770
779
24114
12937
65263
78462
13631
75944
341
84731
30825
6526
17536
57900
93644
21540
72283
15441
35761
55576
61872
27734
65580
66341
739
44303
1795
79362
74645
44464
70652
56485
1496
97694
4827
75080
32926
35525
66754
60436
15202
56410
30260
22532
90662
7747
93548
10162
61564
15135
63817
10348
57103
57934
49266
89056
41323
22341
17712
90382
74744
98431
32757
85731
95739
26002
58199
91936
19060
35578
29291
57824
58377
75512
25511
52444
67281
63947
43633
74969
58948
55207
62200
46253
8485
64244
8902
35053
63968
49870
90893
18153
92272
17766
24739
72921
64014
67623
7496
53283
38286
75316
3289
5653
42322
70577
80841
40068
53838
43451
26519
83565
84515
88653
74796
7815
31925
75964
43382
41061
14211
16947
33870
45616
26872
83484
60355
66497
64283
22045
98306
34196
29893
99095
3850
35176
18531
7659
39691
47348
91830
62848
58024
74630
83544
14993
33098
4594
65318
13074
6502
56320
75504
58225
6766
81712
63671
97381
31532
32905
31703
20486
35354
10777
58724
41213
49073
65206
81540
60737
67755
26340
64925
36896
83354
8022
36762
6933
5517
39410
81921
41016
9400
48927
85719
35863
72858
45853
92913
93064
17053
19189
1386
65053
44318
869
41046
93201
74995
20960
97932
7127
21038
16179
31099
2064
98296
39874
95601
62023
71703
61564
28734
50479
47999
37184
78651
47437
79146
77392
54586
71995
16256
40593
56145
92903
58647
29786
95437
96104
75535
77912
60341
47891
38926
65057
79758
65062
95409
22690
42448
79317
21858
45061
89880
62185
55447
45945
50520
58847
61919
70101
8051
64518
7719
93155
99256
65404
31376
21031
18659
57766
67432
30635
66452
53248
62252
77193
13874
76378
35214
30443
75902
61034
81055
91835
74981
56672
79560
87965
51482
62230
77320
31641
26669
15898
32954
91309
52207
82292
71944
12021
86541
95118
80188
86650
23012
32982
76361
84806
57109
28814
42387
8673
21029
39221
58552
59967
32542
29085
85261
70246
2123
58873
56915
68031
17435
97356
5098
30478
77452
20837
8009
94811
79856
1462
71009
85278
74827
31853
79181
45088
85943
81019
26949
49586
64613
27407
22110
16911
88324
68954
82025
25386
34970
67114
88258
93130
65601
42104
42606
74673
26169
99994
72263
81810
35198
38754
64747
41482
58769
50011
74283
62176
86809
6025
30460
92150
15410
97268
97309
17718
8725
64984
76318
67926
60993
55262
20455
63099
4308
6380
27939
69093
11008
69575
14252
96513
20867
54893
18842
14717
82781
88400
88952
34128
38215
64785
97207
47192
89405
80285
91864
8254
89163
34836
49036
75698
61108
99500
94736
35880
9215
55481
91258
77719
3849
24397
37191
89216
37740
26003
13261
2778
29880
19171
17251
24890
17878
4702
70397
47500
20062
94407
44943
53428
67449
79919
57953
96171
2682
66802
15
55668
18128
74804
19115
45916
58555
43451
59779
77743
45156
23718
65441
60647
87158
81094
88090
61271
34848
83170
13351
22913
93580
95706
1480
90409
62167
65167
65156
77802
81036
22836
53461
62383
75627
5873
88145
88027
58726
54059
3016
13166
11793
7470
70231
44341
99791
99965
58289
54920
86643
16107
55689
426
9149
55042
11497
6853
36057
23830
89491
26381
85950
64878
6065
26142
2696
7383
23755
99971
90451
21034
2021
70532
91545
41774
64832
79761
50039
34018
30648
49290
41373
51490
64528
29285
64198
59721
54413
44126
84390
87255
83999
86380
93167
79722
73200
6731
91355
41226
83819
96843
40067
60838
42847
64578
24404
38508
18740
56537
61252
44335
97009
91619
44870
67889
40671
31082
64654
40156
88368
25521
48347
39676
38365
47298
80893
26590
90196
38080
24281
83535
67364
75511
16906
80749
24297
90462
62337
24205
48686
46875
26872
90255
6327
29899
52818
98004
39796
74857
60197
21524
24533
9488
53401
97996
6352
75014
71308
45041
92900
37736
19447
60712
48267
2210
1052
43012
44741
89481
20166
32333
58577
49410
64440
49785
57734
34847
87883
77201
18650
77193
4506
432
26431
67852
72692
16570
58248
68128
97063
87884
23244
41330
99743
10468
33946
25145
16099
54009
13933
39793
51444
20584
4439
58048
94596
65011
18606
46880
21838
17045
6241
27316
40523
46572
34252
89037
15408
16995
58302
39315
92790
79085
59814
62059
87607
67856
49046
12085
26898
78408
89826
72143
49340
13155
84358
55817
45085
12508
67628
48089
82694
3834
29
37188
10700
29384
14167
6289
40166
42894
67172
21668
11599
96676
73412
75150
24658
76305
44137
12963
62316
78334
40391
10583
72511
68039
53422
33713
79763
98747
62863
59206
86832
22137
87114
16610
92254
69715
32648
50896
93384
39697
69360
47
66590
80673
7627
27336
16318
23658
29400
47470
62984
77523
30430
38197
95985
69302
63659
34548
52596
80508
34816
61585
96125
3331
90431
73316
57424
16480
55782
30416
72669
59431
25657
67428
97349
65975
84399
71331
1446
3206
33322
17660
54061
50482
33394
87819
87040
44378
28984
21799
86668
10293
4502
44167
75
99130
39943
38074
58722
48319
73590
Time spent: 33
Itarations done: 6278581