11561
37264
99472
41714
79571
54443
80990
45726
21825
1365
50657
73361
39917
88693
6763
24672
66954
23174
97684
26895
89136
59466
52158
89163
54167
59639
18419
7400
16878
26934
45973
72987
12001
83256
91252
61905
24190
28296
66296
19862
46213
52265
78263
13291
77629
73947
26814
86122
18364
41088
36244
47887
54216
61106
99766
19965
14672
26701
4423
83712
7323
63111
86883
6678
97701
51653
42698
71318
8571
77582
74627
94330
58480
9427
19218
4180
45807
41656
35077
39357
11613
22846
71147
40595
82245
47499
58768
36510
974
11238
87423
64044
6854
16290
30830
22608
8551
67046
87351
33950
31059
13888
86746
68561
84027
87606
93854
3821
11844
16391
9056
99102
37674
32774
25219
8693
6328
58768
51337
4689
64131
4128
54146
48854
87898
24792
794
35034
89660
66428
7951
21786
78972
61463
15775
88705
60434
57049
8737
79292
80470
26128
99557
38254
14468
54092
77367
11742
3080
99498
96708
55330
4733
98861
50061
86411
30384
22774
23382
25224
66062
93430
81453
91851
68932
42072
67846
65309
43415
18985
32933
65251
65334
68358
22587
86808
24074
45653
70099
4741
95464
86104
34320
64369
41358
29526
18149
93591
55828
68845
83225
2881
42431
17564
49047
88258
12199
84866
27741
15993
37777
6110
99280
47242
85588
1207
76247
55781
74932
23684
42042
2682
80620
19189
71960
58029
4031
33798
62673
1678
86410
99672
2368
92569
27777
78455
11179
69263
5002
61245
69538
33126
53377
8077
30657
69991
87464
59544
82628
86139
89052
68521
85464
70096
82698
80913
58910
42995
52680
40930
37947
27169
29062
8604
44668
45138
85162
55084
47568
59312
43871
44717
92259
76502
86077
21984
91254
70712
90863
96094
54701
22724
14222
56347
28791
35607
30690
57350
84089
61587
20592
84738
62102
67569
84546
49274
45188
74150
6401
60024
62227
26093
65969
95766
80507
91013
23705
27864
62841
37405
60929
47555
88217
13176
61215
15935
44130
31481
61263
85859
99200
71940
82873
41592
55864
22197
81539
64220
64590
17307
11775
58678
53484
82589
14422
71713
90119
49330
77008
89170
46036
92156
4639
25710
78601
31863
65992
10380
79782
58178
46589
27438
66871
53177
49901
93402
6314
37982
35710
38498
68532
22874
74731
13520
8998
14124
28657
61577
58804
19573
35610
78266
86578
99439
92380
33537
62841
28805
76916
43842
17770
73903
47178
64095
33805
35587
85787
15607
55664
80267
33809
78290
32059
61106
71595
53331
25781
30419
59727
45944
41791
57990
48971
26913
26595
99416
4532
6328
86389
3598
66952
93281
56351
9153
89711
21209
28917
55797
51828
90163
15023
28611
42743
14521
69003
60674
56276
67435
55219
42640
10646
81826
72472
26635
32343
1760
80870
66240
3050
77795
95052
4343
70879
65200
17541
6275
69870
14890
86487
36951
74969
43533
3170
97584
43662
31473
86370
70089
59973
24945
73085
65448
1724
12525
48046
36037
97726
4829
38117
91353
28048
71191
51888
51569
47495
77377
79631
84008
80173
24348
94297
93887
41256
9673
10319
82574
91037
20397
63743
44130
15885
18992
74569
44052
60893
2497
40168
12883
9826
99008
87246
91788
19378
15420
79099
87162
66823
65608
34709
27043
62801
89250
66782
63309
14292
18021
86893
30585
96747
58125
57668
55270
8912
35970
94287
6258
39045
97214
30586
92690
67010
58534
68634
43469
63214
86146
24928
48287
22321
15442
71178
565
87438
32091
43169
58964
78701
6487
57290
36039
39157
10687
31056
30100
50371
49770
51307
39521
50358
8029
71793
37479
7268
44485
50394
39513
63634
71914
55551
66316
68086
18924
81274
89810
54093
5548
10624
51819
8575
59437
58656
61572
97203
61919
7572
10754
77692
41022
19167
92996
37635
22040
72666
78457
39165
5265
29644
73532
39201
65259
71972
90755
81064
56328
93591
64614
20941
64852
52398
75237
60942
70688
4650
83844
9471
67081
51034
41338
79136
41330
20893
4586
62631
36948
9114
83686
97800
2096
58778
47929
44545
78819
51919
38166
48254
2898
30594
68963
57150
65145
20968
55151
94212
31490
74218
64330
58281
31469
69805
79354
43493
2513
49021
52997
21383
20928
59720
50764
25764
59505
96737
7203
16947
86448
16738
66096
78917
60586
91143
35543
20715
83846
36186
65239
11644
43516
25361
45127
78769
14025
46186
32126
34796
90841
10614
34785
84551
97485
66389
24496
79093
40810
85272
96250
47919
89333
23287
72002
41781
14789
58010
25294
61289
68016
8419
7105
29795
56852
33901
69754
92969
55957
90813
18224
92023
6273
97283
66410
62741
55324
19988
39574
58232
48612
50223
43660
79786
7104
80829
17175
27252
16092
30402
91958
48015
6716
86695
15449
71983
32985
57258
28950
68893
34345
22054
53893
53807
26701
80208
11284
96841
83206
70993
88252
63985
50279
27778
70023
27270
93945
92931
75669
34617
86997
81474
71630
22359
28377
31851
88245
86740
32789
23212
31477
4618
40760
70396
64477
8141
77178
30155
31824
73352
29819
65135
13019
78477
28439
15754
21223
24070
79715
24353
8225
84253
53673
40856
97310
75941
23156
14673
41917
91270
29515
43678
99921
37361
84872
7847
20845
67088
24166
62494
66500
64722
88636
4041
24278
71107
56464
49855
26747
94445
36054
92947
61197
54834
2684
2168
38453
53368
90307
39041
91515
39909
46780
53471
91490
77567
23068
2326
815
66484
94770
7225
31889
94675
7777
30883
43020
29509
98962
4951
82978
49794
67497
86550
90475
45535
62733
55541
65521
80066
10538
90076
55891
17578
21555
74080
43821
67989
12065
97061
75585
90647
20976
3991
49725
28546
24880
41017
68498
15507
37263
21341
61501
10243
27593
4877
10417
63246
11399
45136
39531
15111
43377
7283
87871
58242
92149
2435
45772
67767
87519
14980
21153
22087
8889
22100
98947
88610
26956
17632
70910
46071
19906
56026
42402
51223
60011
26418
67769
34771
6875
51663
26608
29061
49535
82697
29438
88365
11206
24675
33231
61517
67643
88106
54744
16208
32974
5546
92753
94418
35255
92394
9066
99275
38131
58979
72569
75050
64659
331
40594
44041
44705
99904
37535
6790
38270
84024
91900
95373
83683
54921
9911
93407
81815
11956
96240
1017
55291
43024
80650
28123
15133
31087
73068
45256
26365
74412
48991
7514
88794
63337
62197
94317
39526
91226
92305
75318
39748
2789
61073
21102
29848
99044
93154
26240
24200
24930
54600
1832
69736
62957
75505
24819
10909
44262
51986
2169
87711
67046
27063
19454
43135
81614
70049
95399
31803
61106
9672
56643
2409
27480
27451
80262
73261
43435
84731
25537
32352
12708
39290
90988
71278
53507
5593
87869
5734
22880
26533
17142
44434
73382
53882
73344
42980
17694
79716
75835
19567
61651
21696
45575
15329
41690
41384
3892
53766
68772
66641
68622
90838
37644
96706
62544
50196
7602
91652
29236
6449
98954
86741
72238
13453
77971
26551
94876
74315
22352
83783
20124
15155
69113
13304
12566
55582
47265
93254
7817
65478
88793
21916
78697
59843
93162
71603
31992
11320
92949
48931
34820
53454
31198
74638
15408
6826
14679
75478
69536
84930
51507
75777
30924
26950
16410
86831
31543
60607
12447
18653
86104
19772
14065
80417
83931
28788
83148
93516
60961
18268
47059
14242
54783
55565
15668
51919
16449
57243
92964
72679
64192
530
8113
99101
16262
66115
50650
51578
32741
25567
45018
28552
29520
33270
40750
89637
1537
94943
26346
88191
6924
62683
97264
98009
18888
49884
21408
92629
47963
68507
49139
65076
73677
65851
9053
20950
1738
78332
15644
38357
80531
25715
90445
64484
68989
40831
64379
10504
46859
67038
85754
14007
97910
58474
5735
61323
76827
86656
51094
832
91312
91028
22643
32798
92363
10771
77036
31243
67732
545
59429
39046
76257
63755
55025
78718
44050
33539
18620
38175
67447
93878
23015
23404
32204
61051
39506
17987
63552
39137
26679
53293
67574
22309
57314
72486
10751
41424
57490
66547
11613
42692
66789
71139
86067
42210
54027
39430
96311
21690
39045
47846
2147
17954
77814
49307
3060
11566
65489
61571
89612
38453
37
67148
93503
32437
27654
5589
37051
56316
60456
59002
34945
94449
16769
67295
93741
60778
84842
60886
87911
22779
51905
65546
65178
54062
72273
16554
48404
6152
70496
17462
56481
33469
88609
92584
62483
14567
90101
11664
43761
87431
27483
10248
55695
56962
65203
89890
78528
38703
25121
58612
44970
74495
87893
63939
55214
92908
40342
78318
25544
90155
6257
19913
96889
75646
36046
30512
50490
60412
59299
86684
39253
66354
23524
90352
45437
99591
52224
70567
17976
62131
55925
29574
26054
72699
20919
83127
89469
29729
82200
77538
10873
77383
59442
14095
40158
28909
97853
75243
47041
60733
9364
26331
64352
15377
53829
61730
91562
41647
34791
74789
15763
56481
9867
57350
15626
34423
31877
76448
62775
17901
43642
33342
24582
94332
46677
83150
2533
4508
52035
82169
11159
30827
161
34300
13921
63613
5839
28075
84485
59126
44205
91387
54531
83801
44254
42309
42505
85850
97413
81281
31671
47556
20479
52470
80362
49435
34568
237
2510
20882
34741
60429
52326
61012
28562
55599
83440
88114
16082
8284
29851
16453
68629
47114
73717
65135
39238
56784
23325
75305
3700
14839
23474
49192
87930
65705
60111
27295
84716
5587
1173
88521
909
90595
36439
92118
4728
34853
40589
79979
62068
35382
85740
23218
60608
46190
72385
27886
20954
25252
30988
11247
85200
94980
70373
22287
55017
89295
13646
7921
23739
8551
67526
19832
9910
67341
16772
15976
53369
99599
21832
35470
79180
80447
24879
15914
69588
34860
37058
78179
9669
29503
88125
25250
88440
85999
68502
88916
43960
11383
83405
10973
38291
14653
68819
63999
36191
67119
89925
905
40019
68591
53997
72125
2573
1539
21845
64673
99437
90939
94551
98226
92924
38822
85550
59998
60778
69434
62027
72359
94571
3425
54155
64995
95083
77640
85888
66850
4924
40840
76791
42199
22304
85101
857
69872
34065
17624
65273
5011
90961
38368
89800
68684
23680
65164
25720
82269
64173
39864
52226
717
93650
56627
27703
1654
85899
76531
53481
55715
52644
31545
28505
37617
26210
75216
34715
37138
34034
7497
95065
94557
29429
86759
88699
16025
43461
43324
91187
20927
13958
25712
31572
35526
29376
43358
22595
74980
97619
17670
25594
49296
12901
17082
57403
87872
47354
31144
32985
1969
38313
33712
64593
94802
77087
95950
5929
84894
30500
36122
38063
29905
42602
35044
42814
25367
70706
3587
98832
5604
7237
61776
65799
92526
26898
77782
92982
22119
77253
19510
99772
28137
79
91508
27911
77826
30682
65555
57788
35477
72883
64571
14468
76198
88488
26370
63060
84485
71766
56302
7571
49996
1881
75995
62581
16430
79139
89136
62855
48439
54597
14660
12456
56260
56756
82729
51957
58046
3976
49512
40028
65857
66694
63056
3995
52851
9676
4445
12858
96394
1248
35939
65835
94701
23832
10949
69665
22995
58074
39467
98705
29334
41511
56958
93275
69907
21903
14758
53763
48947
35274
95639
30683
59388
39159
59510
94161
16943
22677
41071
90280
42500
96803
53805
56217
75580
40543
2786
71352
95027
41741
72610
67249
82212
24832
36094
5905
86719
2110
24434
62664
44826
19935
10179
17902
57048
96788
80588
69868
52580
66220
20898
30001
55705
44434
84507
51592
22049
39660
233
72850
31020
8411
55587
26188
4874
42374
99375
77041
74516
38896
26987
7498
27526
67895
47357
52784
54808
98526
81845
31858
58882
90022
12219
87383
99028
82897
77375
64819
26314
49042
16648
15602
5013
72235
71281
5168
26003
34199
85035
42983
92417
75597
89956
28822
98177
86190
23923
27204
25992
53892
2913
40169
62970
68558
62780
47559
69214
33086
92890
23450
37612
81778
7066
17627
51457
43887
36111
11737
80655
18887
80530
21214
56945
49267
32119
16112
33932
86468
58711
76651
68646
46124
47669
82597
57954
39830
20574
59510
25346
52435
64109
69437
81448
6209
70253
38841
75080
16207
42711
62299
10744
94806
5841
6987
33149
7569
47417
69973
69709
17515
37184
8056
77894
80326
89422
68147
65925
69138
79645
95150
42462
14312
83088
83841
3835
40944
75759
71399
85746
74849
27606
38076
90533
66379
21772
94899
50711
50671
53880
89346
4922
22772
988
52628
43306
56612
1080
45493
25938
37847
50885
33411
90169
12407
12314
36536
40528
74884
15962
55019
58321
33921
63883
66059
77117
95356
63257
25482
45061
98138
67556
83715
35230
22855
62499
43681
71259
68247
10329
46435
7004
57158
57840
69318
36249
90135
21125
60916
11269
12241
83125
17321
17534
96633
78872
24971
85920
77082
97654
56778
23492
80831
1430
10313
9266
23073
44379
19469
32302
24797
79810
54356
46078
6878
57508
48076
75283
95026
47137
53604
39019
42553
71447
39153
47844
40943
96817
76219
91174
41768
8049
60927
56271
57798
89357
36330
10378
45951
44123
51020
33519
270
12293
97679
11045
99190
86139
24153
82253
58118
82673
99160
94199
35708
4106
44926
28301
30194
6556
19855
51415
80758
1558
45743
92753
58167
34983
26120
63371
88745
23611
94963
15891
6261
80853
68323
88711
67418
30038
45358
91165
98356
86184
19784
63928
61963
85320
17948
92408
48769
54197
75530
59965
97804
42624
1300
2495
48047
85673
53408
66238
5964
23657
71364
76659
90097
84045
65160
97789
79804
21363
61925
98657
51984
18680
50026
46263
36960
77391
40751
12987
62727
60789
88453
20426
85327
11321
71514
41369
22416
31435
38496
46907
16892
3565
66556
16691
57981
26083
62476
26889
78271
58928
60595
92612
26938
5151
36493
69434
91752
2758
60428
12039
5451
65001
60348
47163
25695
86654
50722
42675
22019
28848
10471
44972
38103
5673
60974
12841
23138
22013
3422
97504
42196
54005
23700
5775
82246
20995
62555
36085
67814
71048
78961
95613
88293
90799
5410
90797
17487
54858
5269
33254
75261
49987
94412
18434
40983
44907
81981
15313
78958
27888
18474
52004
77179
1119
13241
94361
32414
3444
98052
92509
37072
31126
68556
13661
36217
40120
31260
88688
26765
42704
20085
74601
65103
56347
23598
75440
34247
23335
81708
70027
97141
95946
68891
66615
28811
73857
79972
41674
76830
87990
74002
22891
46915
48146
11973
44909
48445
10547
44908
40430
63343
75791
70268
28981
20955
97771
76713
31022
71465
69710
39879
65980
50841
54785
15171
89416
21445
45661
97483
86717
54151
69808
82306
68543
90217
5602
67861
6717
84101
37985
83705
8332
82055
61856
17671
50538
35570
36376
40054
88832
83572
4030
91647
7609
62813
14539
10507
3323
21966
35634
21282
77805
21702
90186
459
72142
359
32379
61084
89941
72853
64342
71301
42913
9029
99069
32476
1411
6943
95477
94738
47882
36396
27079
80425
12156
78552
97054
19247
14076
28560
79339
72875
51179
59867
47948
41254
46971
71244
54803
98062
18798
50564
30194
98604
33384
92951
9335
39784
92847
5199
33512
28909
34283
13173
34988
35718
32029
64444
91060
60346
63232
84482
24600
48850
34620
1488
35880
27487
71155
2321
73692
7093
35729
19928
92473
29733
83143
81337
96596
91190
51314
64492
42972
74945
57985
22068
58776
75956
2168
30908
32355
75829
66149
16826
52301
54957
76062
86256
2158
91669
6899
68601
66409
3694
11263
36123
67134
32981
10256
21804
30130
61370
9615
99899
74323
71667
94509
28694
28910
36322
12406
80539
8973
24244
74977
299
22190
65192
97205
40106
36769
731
44729
15679
13909
80927
78878
17447
96834
36766
72952
88338
52855
69662
22999
49314
84933
51541
91691
13631
64847
21589
4834
81253
91362
99119
66644
45983
43678
5880
72126
79612
82943
5728
72726
79750
52791
24734
94869
80972
43607
10591
20107
32562
14625
26646
10278
40340
12998
52890
1421
54948
89591
83953
96162
64434
87562
72423
55845
15109
71639
64752
30897
41384
73574
16553
70768
32635
52352
54267
23203
3180
6542
71003
66734
60008
30534
5728
19936
82188
76465
57099
36375
35719
69243
25856
25086
48075
23379
63017
33033
57829
27213
25034
88196
36457
92647
1635
29767
51794
16632
87223
45392
5612
64456
12545
94469
31386
64218
39720
21245
82570
96965
50822
51760
76545
77548
27829
24646
84926
47560
30116
27402
76979
43605
24523
96917
29691
61665
12653
95909
15348
11471
30172
95350
65511
43571
63716
77064
88854
36151
42427
20379
89590
48731
13189
52047
93074
85451
1319
19595
35636
61971
91745
94880
16854
36885
39672
26790
44162
51073
34242
39887
22099
16554
93893
19256
51469
10189
67930
30870
7285
56950
55221
1525
58646
32526
28015
22714
78517
75642
66517
48758
66899
76770
68193
31117
76974
1792
94672
67988
90557
16687
58697
51146
36550
2467
33704
60423
84067
88370
89468
90329
70539
85676
18631
92997
44315
74572
21004
86981
11172
82112
55200
12397
74597
90585
50474
9468
50856
32532
95534
59746
21573
61114
85682
57116
58923
32743
14792
69154
21526
2605
44440
8461
72732
13130
68921
58350
17257
50473
21956
87549
86940
54701
38554
44575
31946
95691
93783
43988
89782
68580
89168
43966
11303
20185
46937
67454
20179
90917
2552
37611
70343
45493
56740
82351
44506
70160
59670
12492
6102
34139
51978
93339
76848
48651
80008
10518
62639
8181
35951
77417
91571
65479
47471
43841
59639
74375
55986
43280
2038
32573
77909
59675
20943
70417
39000
3641
4296
60958
8359
62800
64349
71716
35687
31230
9563
39153
13072
28977
38994
23146
40903
94168
14343
90645
76404
67460
21661
85230
82842
91415
81998
62398
77660
15810
8321
9220
98554
34012
34604
21360
67952
75230
62259
80510
38418
42797
78920
60901
44159
19597
5094
94848
67118
58315
15297
44162
50075
36424
62034
56795
53714
83622
3356
36232
59798
82928
97686
14879
68387
5680
83263
2149
23472
65431
3750
72911
28433
66048
76431
72643
80427
75271
24933
41901
61081
76585
14470
4587
69822
39459
34402
22039
75717
843
70224
88116
93850
69251
95104
29184
63100
46877
89712
77358
13592
14861
68290
5321
64126
42167
48815
46728
82605
59513
55563
77439
75743
86341
83518
99749
48297
11032
85783
54279
86577
2433
67552
82347
76204
74171
83147
75411
59861
32346
36261
77563
77212
11896
77795
52079
6230
47244
80509
83661
42824
28815
45236
64297
13978
68574
59475
2553
18542
34959
85961
3608
29336
20407
6149
90526
70446
73120
81534
75997
4362
58823
24365
48193
25040
17948
88518
4388
55025
49024
1194
51652
87455
80012
56549
95187
97041
85890
83530
51774
68078
73023
81885
58318
52062
78670
92696
93609
72687
27428
32776
95221
41782
45530
75888
32825
36176
58573
7951
94238
12544
88636
18309
51167
4935
22645
14587
97870
58020
45497
64794
97865
97981
18585
77061
31330
32556
37260
24770
8960
1901
19189
12821
6873
72738
59660
59377
81485
79696
39590
36711
43335
69781
87334
74576
4479
98605
76325
80073
65335
60301
87197
69068
73753
6970
75197
35944
71614
28058
61585
10866
42397
15249
11123
66698
86935
34245
66868
41332
83952
61231
88189
35443
37023
18898
78239
30514
70218
64534
93098
47505
10976
41017
96370
32614
90643
483
60216
13337
622
49953
16660
15411
65250
48421
31438
69164
31254
5670
6759
62471
28056
94548
19048
16706
23214
90433
63072
71963
82921
94359
4802
68307
48763
79511
41965
925
58814
24763
33419
8785
73707
63481
86349
28786
16405
80957
83697
10344
98219
39696
93372
39003
82978
98135
25444
61876
36310
15502
93896
42603
17588
3113
95438
98970
98421
90789
39487
92493
33427
25940
50614
45965
66553
12440
17599
62347
29358
26590
81679
6381
76434
18268
40675
88897
7556
16784
95368
63035
46134
13013
79853
1469
79224
82056
98529
74196
15605
43981
38986
87582
85319
34111
42251
77087
86599
68898
89679
68442
84264
48569
9241
35074
77401
33562
13048
83150
83580
68169
52638
89865
31848
1869
18902
5476
17398
76512
19483
5045
47079
5794
38046
41993
96808
72423
17043
12282
9466
7894
8422
85431
84992
99996
5183
96530
53186
93932
774
22061
74094
14429
23009
81548
80886
38176
54556
16936
65789
88695
82958
2079
10884
8972
19770
25834
82492
91154
90570
74003
40380
7153
25458
7709
61170
89157
73113
98802
39103
54875
20526
36494
6699
58753
25292
63655
12875
77449
57623
36079
6738
5545
5225
23506
1523
45750
15774
87295
35050
26797
38899
76415
602
71783
82458
80719
95239
69853
16305
68536
21385
74981
40856
14151
81853
66959
87464
90042
28565
61821
32944
58571
60801
51559
91531
48322
20129
86315
94167
41411
96043
86143
77194
29789
38850
83991
80367
20979
74506
56735
97568
86619
29861
96897
32682
50845
6171
14079
87780
9748
83751
32247
51129
58031
1294
66621
58461
74462
29646
22261
72550
83834
51715
55359
63332
69902
67728
77785
73644
61094
68189
65632
24106
48816
55633
53276
44780
26761
50724
55936
20890
58883
88199
65716
5298
93559
93852
8838
81304
41937
35003
35043
55994
29604
53791
34071
26513
12425
25149
38684
89502
19783
29471
78884
57383
51423
93751
97743
4266
7734
34346
25732
88948
77529
29576
37452
92815
42245
60971
82370
66413
80983
88289
89442
34
76916
65285
94450
20875
32322
60762
28422
72145
96892
22554
35678
47983
1903
10887
60845
42091
71513
31927
55625
17729
51630
22370
8126
22032
56697
71567
90260
48571
85207
18930
52011
98657
95891
31293
65289
4106
68242
47377
34657
52007
93417
74702
47374
95479
54538
38014
31011
43525
59033
7719
23316
97740
79889
81821
36061
44025
47555
55520
12271
13355
9726
88864
34543
97288
42347
74796
41089
41061
51916
17393
45677
39987
56524
53300
37842
33290
71069
88080
60508
23644
50686
73634
23624
50335
65663
22843
14437
9328
91014
43228
7712
44494
94316
72717
62522
30780
96564
17463
16139
32372
62548
24222
50109
46692
49566
67899
8790
38548
6344
98683
96399
27826
67585
72549
65078
18825
33853
83950
33503
49679
61343
30159
43274
96239
11555
62978
68578
86402
27059
25451
43596
68059
6213
28714
61624
26673
47106
97269
30101
66963
18958
99748
36502
57229
97839
86600
91487
84597
72806
76186
67779
84752
88400
66400
45862
90721
39968
178
10952
91827
79350
80204
19572
6149
20250
10584
68643
47664
54932
41451
55160
12680
6900
6204
10340
19286
47822
70488
28534
8220
1202
57045
88266
53898
40160
71206
80426
40318
62171
28062
16945
28121
89730
74255
92213
76288
2657
4838
9048
84818
55081
98804
61188
93148
68199
35656
85107
3194
18438
9780
55349
95566
59953
29401
99653
72883
30226
72554
52792
95016
88016
73765
51378
67729
24037
32028
95781
8348
66483
63200
69886
39947
75855
68061
14575
58982
86567
51065
96618
80395
6397
4205
1096
88918
29098
65431
2521
15628
50355
71694
37496
14773
2735
52991
10051
37467
41417
55635
9735
86050
19227
40533
12077
85763
86844
75374
61212
28824
42043
28420
5270
30072
30478
75961
66551
83082
69693
55543
80554
20942
27973
32696
30615
66883
40085
186
38198
6507
83101
95682
42817
25568
67231
6270
20120
35111
18941
26370
41819
49209
46638
49418
76998
89636
82804
3011
70690
66507
90711
82301
12745
24265
8698
97004
27600
48337
80493
23714
73942
99368
86170
47066
42130
79151
45070
80837
76801
35211
9366
83199
32285
79428
4979
19135
89230
30209
5109
77386
22266
87392
40933
19350
10600
14408
63855
22986
26105
33190
74199
86034
16759
33900
22329
69776
27222
63728
69954
97080
62900
86894
71684
66584
8991
1388
99956
8706
61849
57119
90008
88484
16392
44803
25844
55344
80350
15283
23003
50486
53825
44920
89401
8875
20925
84277
61670
34696
49167
14528
21117
86689
81898
88842
90823
82876
39149
54479
3364
22998
13144
35383
7264
31373
56123
4783
49527
42866
10152
92650
31446
90371
21321
53794
85403
3411
13982
68985
61447
94404
74649
63689
44214
91628
9685
6827
43095
76097
96129
95438
11547
93288
40771
40198
55064
40092
99041
41468
81556
72364
82304
85852
32758
39086
99856
99231
10752
25440
40191
63805
79842
78971
95041
43873
80715
555
69264
67947
41217
5002
99797
83207
6046
94935
27710
32431
36279
45948
28832
3200
48895
71065
10443
64551
76301
18201
24229
37167
26390
55554
28987
39807
14739
16769
60489
16879
22298
10251
30461
79864
4325
45117
81839
88803
39239
90062
73219
59102
Time spent: 35
Itarations done: 3902329