86567
78806
51362
7745
16098
27040
76523
12002
24731
11257
13564
31750
87251
27991
19789
22996
32441
43391
77575
45809
1355
67287
7716
84102
92145
85670
49410
1161
64169
83816
98841
3043
7034
97845
32715
51586
41230
91202
55772
41552
6217
64373
1971
32263
9072
71066
87919
3145
52236
32186
64077
84676
32429
10093
34374
1513
4455
29965
18089
52962
33427
12542
9197
47421
16818
13050
47867
2096
43802
44851
56373
17020
73518
3137
7417
33289
56137
93954
86717
89441
91070
16892
83664
97010
15150
45980
93973
66581
40310
2633
46454
29004
15041
16950
72395
12962
66845
29210
20520
59711
93917
92130
83056
78549
13458
96234
39209
72467
41307
55665
41164
92432
72985
59785
64703
10880
59785
17153
21645
40251
25190
92751
84523
60779
46716
66780
5258
63255
36138
23928
19078
57108
87146
15673
12511
41893
23596
25033
14
91183
73836
3100
97641
51823
16968
39754
4137
18677
95477
77167
99921
5223
65283
73999
52676
93736
59085
80646
74571
15313
71755
91465
10653
79617
37597
98574
50520
46959
58421
83677
46112
11238
58688
49268
87307
41255
89385
8647
33994
10022
75817
25400
28363
26989
6175
17262
14408
76440
87522
16761
72961
56855
53731
11589
40065
10632
95982
71361
14082
31332
538
4189
72651
36503
20852
76512
14479
98096
81426
72616
12892
29681
9403
66523
18191
39867
16541
28223
74083
74733
8961
88654
19778
88592
85021
43427
33851
2017
92681
83969
38543
28823
56866
6563
23901
79579
54662
64733
70009
78220
11545
98469
42535
60473
15416
94977
11911
58039
96840
9961
99690
10893
3712
5899
86972
91510
6441
44306
29263
69520
5812
2713
9726
92992
79825
73863
28506
13460
98108
44607
69664
35799
52905
45016
9227
31176
4176
4442
27945
11582
13000
50552
70593
27794
42276
39834
49972
19159
36608
13603
28279
13183
54295
32256
21062
45691
13527
52324
59741
48193
32156
75814
17505
28082
85814
19416
50367
49447
82717
22313
30261
7505
55116
35663
50289
78069
97165
14285
63566
14936
36883
61595
76600
62750
15917
62591
55712
50597
64972
76446
20763
32534
5065
50256
94266
45184
75170
58524
45960
59721
85350
69168
23000
15785
21139
86152
84160
38265
79712
21287
62779
54370
1310
3304
67657
48078
70402
41004
93702
11746
233
19094
54866
80614
81700
20284
70734
64870
72900
35241
35117
26129
29227
43246
70104
80402
25564
20665
22226
48008
1893
61810
88752
12407
71561
77346
71616
94548
67475
69052
44052
97070
65652
66595
80737
23594
17852
51915
46122
32338
45405
89859
57558
40406
94912
29917
39950
55373
33128
43232
66901
74162
63144
11478
39620
55697
76876
89778
89381
43476
19929
24534
1899
86929
34032
18833
52705
86328
59552
3061
11458
65010
25998
86412
20119
54799
31944
36153
74973
65788
17496
55869
45746
99987
62171
11292
46393
59875
99001
82945
31595
97518
21691
8466
30634
47651
75823
14351
46000
89024
67390
26747
37956
82309
92347
94019
88256
39979
89405
50004
86297
93844
44953
96170
9223
39301
33773
83358
73835
51853
62136
29329
22650
91089
90890
17049
69024
30063
55320
80447
67003
73900
65826
99334
90395
60453
68915
93237
2545
67952
71487
25067
73366
89882
83100
99908
53446
75640
10655
71601
46339
77098
47869
50398
29685
85763
37922
38647
63345
93028
51850
8269
88503
56850
17514
73746
65505
12232
54404
7405
20189
19968
18055
89965
68571
8421
34538
88635
67941
26418
10247
7494
98811
91921
35124
60448
16592
90692
58514
75756
24508
51980
5964
52918
9950
4098
22613
57685
55336
91798
74195
58991
81522
19431
10219
82810
6876
69193
95567
82273
8395
32087
46515
779
52545
80763
65099
35458
23023
8011
51797
91976
10192
52458
90631
58540
42706
33864
43104
16863
35646
24451
57787
50944
1512
89810
894
10686
20455
43180
39872
36717
94411
70298
66785
55190
16104
98475
31207
6932
68387
3249
63366
83989
31969
68644
7425
8428
20304
43019
52108
3217
79275
61420
41242
73036
86265
37547
70372
34112
58312
63647
27216
6431
32263
95058
13553
9173
11198
37611
94019
80750
80863
740
53350
78525
87435
26896
7723
118
33698
58749
8202
8134
94522
59650
94626
33217
74528
59970
6886
76524
30914
62176
37134
32047
62649
896
11305
1614
23565
20707
21205
81014
51395
4033
89476
54338
17336
54280
38888
45484
91517
15212
54734
40676
88530
86589
74448
13953
4195
78202
12174
58740
79823
29705
27618
52959
33445
12017
78332
62555
78846
17567
52475
18895
12700
41304
65137
89180
87702
52114
15468
95841
5324
55202
44143
30799
55661
49971
1105
53582
3810
95072
32052
58436
72317
2562
18817
44925
97459
96466
63547
28923
43467
87550
89520
86483
43275
35760
42460
31772
96972
94493
15382
92040
99861
56806
87271
57580
90874
52601
61317
52658
9070
78021
11971
94619
21027
73497
1720
82663
35185
5287
8301
85248
50517
46856
10954
75634
96394
1056
20367
98774
8124
51832
1114
39563
48311
85064
27680
2433
28107
72143
35578
5300
4329
67020
77594
37100
28561
27720
71854
27446
2558
36682
33198
29387
50626
60807
12256
21816
54118
61703
27649
96763
5803
39397
65906
8626
32548
68632
40973
27340
3654
65901
50588
55537
89104
7472
40354
40963
57135
3937
87972
39704
3705
25176
49917
63249
87846
61136
70712
72957
6295
98477
41024
69201
78452
90841
4945
59272
28393
1439
59104
78066
44543
607
56701
78660
69578
8127
28024
6043
23199
80384
55745
16620
88701
55769
98020
8514
528
88271
35352
83295
54566
18828
28212
68413
25439
56739
11557
91471
15863
69350
19701
12387
81919
7205
30363
87564
75100
23990
40282
61394
17072
85859
36452
54726
76322
3102
6774
47359
47203
58619
41898
32223
41369
52295
15993
52552
89188
28125
98400
20219
14432
1824
40376
53312
89416
60639
1553
64102
99695
64234
29281
74765
47564
35763
80675
37502
1802
95618
81968
88177
57457
56854
52699
68138
3940
70910
83280
7578
12303
85024
43652
75631
43281
48574
18045
67300
46544
84632
6228
15427
68565
25106
5211
87070
11608
93132
86988
47975
89582
4719
17726
56304
7814
53197
21679
77288
53321
34615
79182
94230
19704
69991
62204
28042
6550
81230
53244
67490
27061
81477
63761
55345
29592
47841
66866
71862
88891
54670
85648
6315
51067
58924
33324
9737
22614
45709
84270
77621
78362
61664
66073
19995
25751
86641
1853
38107
3597
19996
99446
41922
12357
86820
79384
10656
69843
1569
57213
19808
61479
61790
47288
32432
7378
83037
35009
79860
99890
27567
72363
37631
74725
24042
87654
36083
66373
23190
64491
31892
64247
85311
37376
6755
29828
49445
71629
52510
57076
91229
43958
48156
58448
36644
16606
33576
37110
62299
2814
37167
62247
79358
54242
20205
98885
67867
62024
59401
56201
986
52296
978
9050
74510
74327
84496
16261
36059
24767
52746
6238
90473
25108
35213
25513
43159
71059
16931
49080
31553
2373
81981
32745
86356
99529
51474
47140
58806
99743
19523
70691
48045
38927
27555
34531
63484
68479
7217
6205
61078
66256
65246
70976
99585
59544
79815
19655
73075
4555
27218
80086
89404
21739
60180
35774
80814
69123
14657
59612
52483
46903
30665
53258
97588
65710
34520
23447
33339
78212
44781
45360
41412
69175
32279
60136
28380
22583
85799
28753
56976
36139
9287
17656
37375
33201
3920
22932
9245
30145
68912
49247
89887
53189
88656
47401
11574
62835
60579
80040
22059
36427
58066
28945
76248
79669
15853
79269
4127
86544
71479
16212
330
43692
95719
47809
44072
80097
97353
23907
24709
95877
93181
55825
17789
64947
92911
53836
29235
95545
60337
90290
1162
49856
77184
65085
51839
69390
54057
97134
4447
26319
4115
90589
44519
22615
19422
27801
34342
88635
67357
22355
4097
90701
55039
24962
34142
43252
93404
12620
40614
35326
29401
7169
77362
23385
4704
63188
71286
12941
42412
37203
15231
49934
59388
224
52879
69527
51226
83884
3434
4707
99250
56779
90416
40046
4539
12111
58501
6975
62640
10286
85097
56099
54477
60896
19232
9367
43879
47320
9326
90310
40218
94162
13548
54119
5871
52872
21731
90952
62486
34057
56156
55705
77522
46406
60077
85326
93065
11569
27426
847
92629
11964
74950
55415
88468
94192
8859
81936
51863
94589
92112
14321
1903
75421
75554
4872
14504
60326
16418
37012
12677
35824
71041
37337
51550
42069
15176
23881
17175
10481
14897
88525
16857
18519
43853
640
50569
22531
18509
36330
17937
98523
2006
83067
33368
67611
9403
43028
93063
8050
32342
60119
61988
58944
89502
25448
26324
2082
783
73919
87451
67842
77720
70662
57261
48671
20435
152
51366
19393
12283
13201
66731
57444
7356
57357
73336
28091
13159
14822
45636
49807
80995
98663
8929
83184
29994
12828
78169
93124
47223
64460
22345
18503
25941
27969
96199
46132
26813
99530
42935
26524
72779
47936
86446
87854
17286
63154
99700
1453
57701
27461
57095
27286
998
85709
52917
21079
27174
71037
95470
16113
37366
50272
67027
2172
18255
89286
73423
11728
2121
2746
93940
89183
52755
44970
82079
62809
61482
19019
60872
61024
94640
29682
2568
14734
94134
82684
81882
65679
96063
37217
44389
57089
98907
51818
37235
17420
82414
24644
8054
60533
51049
18355
89726
16401
51784
77105
53643
75300
94974
88552
32125
75372
89224
17327
81910
88584
86384
38070
84865
63306
21202
25907
59593
63088
21657
20193
88120
687
60639
63335
45552
3995
17377
30689
57424
66232
17916
9823
99388
26632
27920
57829
96950
99807
78249
63905
79180
22082
13962
71095
89607
11310
70817
65863
59976
43026
99822
27070
8094
30281
80030
36976
29690
57066
82512
96046
16042
56007
74340
50608
44030
39800
80397
37852
53393
92886
52972
76157
47108
4917
34350
80425
25157
80818
35975
61874
89379
93576
99293
79635
37678
55384
47977
47576
99528
70331
89020
63882
51565
97589
71044
23257
91967
97873
62181
91982
45412
57919
67018
74626
16575
87852
62332
77856
9464
64492
94747
81575
82315
50045
49928
60536
13351
50059
72569
60602
11381
87136
89164
23003
17054
57628
61471
67198
5507
7368
77535
88384
19219
9471
69292
99222
31077
52349
31033
47002
61974
49282
1366
67268
54690
62256
62840
92817
36396
92248
8003
23048
85798
25717
18436
72758
57744
42811
4185
61809
8086
86632
54991
77471
4628
64866
61887
39788
6206
5202
77949
26992
41233
14178
390
72733
19526
95425
72679
29866
66747
67783
24996
6498
79528
86332
94097
19225
61137
10121
89527
75730
12493
79220
2140
94338
21407
60689
82998
91666
14114
98162
55987
21154
7478
52967
65860
25051
27686
56040
4920
70352
41839
99382
6198
75195
82500
83384
38708
96410
32106
2085
91276
41184
74094
92273
85411
86213
10620
94295
14827
36265
92996
72568
69496
30715
10238
21982
65458
11415
33593
42740
68145
98167
20455
659
66593
79104
39787
2555
28665
12430
92988
7035
43312
53288
69052
59899
34862
64890
90978
90309
16497
46626
81552
28978
35304
13486
933
12864
49673
90948
85956
22195
71333
47370
51570
55126
98919
71983
98588
82934
67738
20713
8683
44354
41270
94376
97550
31548
73962
84176
40187
92129
81963
17989
78467
21792
68755
67556
70470
50307
65956
31520
43490
29983
66140
92125
68206
20197
44075
54447
80193
24143
85601
16183
36753
74738
69207
83310
12016
85398
74376
42329
1293
78435
22918
23359
26883
78888
94740
39982
11840
14817
97883
71565
15640
96472
14186
61645
6273
56189
86526
42032
76960
18470
61374
56452
2518
35443
51259
49798
70344
66724
35752
9501
14031
4687
76706
94072
23866
46245
83737
60482
7715
90466
29314
6897
28303
97696
79343
80131
48418
80332
74722
58267
74285
7994
72150
8018
99155
543
28299
33712
14115
51287
90505
80180
71176
69632
39232
25364
54886
57575
12841
126
43049
37643
33553
2523
14551
31232
45015
31717
92877
45768
66501
52735
97578
66716
66536
17445
12792
66182
59602
9402
71823
33706
33601
50628
99883
6808
22871
6934
53284
28951
51805
55027
42674
90810
87509
29465
30356
17086
56427
50407
47315
45557
99502
44143
84231
7690
63186
7567
72612
60830
49501
35014
87095
40840
77345
21328
68042
1047
39378
78512
84750
78437
74068
55031
33896
81258
10854
26573
95308
23565
87910
35020
47683
41677
86576
88387
80597
15146
74337
98668
25946
80533
99049
26807
71916
70164
31164
24421
15624
29980
7803
10427
56789
70715
92797
97412
34094
84855
30188
87342
58340
18159
35183
89130
2056
19037
36196
71618
63955
1625
54344
54682
38372
49172
82680
58467
84850
53152
6393
76148
11024
30538
87392
9169
53199
86716
21919
5561
63320
94805
68193
71730
88451
43420
32643
86007
59489
64470
97862
28308
89488
90106
73214
54379
18811
3713
49867
85425
34262
43655
46058
54293
32414
90460
35506
47960
93543
18248
62155
12677
81890
19401
57798
42969
90429
17841
95644
58558
3859
70745
32520
84320
62256
21131
15142
87561
69628
4463
51783
94172
6543
31275
79666
624
74090
64794
90526
22318
17619
87622
12058
70458
52991
4776
81336
29391
45574
61731
87789
14271
72715
65566
7966
24969
34165
84941
2046
76249
61727
70322
92962
76580
19329
79752
2986
48332
77817
17404
79765
30623
94934
92287
4046
82797
30270
82661
34706
11234
77417
48100
13210
75154
1125
65579
19257
88093
25942
78598
42104
20875
34650
39039
7958
29212
99729
90334
82834
74476
89178
87468
52378
79687
59178
74453
65439
64467
70436
43137
16532
32465
42446
78535
33855
42676
90524
55374
34123
82117
74108
88118
3285
71476
21674
52464
63006
77642
87544
90165
86861
77423
38922
80989
37271
15314
67696
15726
4490
24815
70858
32387
42326
37595
45830
84078
11773
87710
2563
91491
63375
29119
2948
95601
11888
23886
99907
66804
82682
25771
63488
45657
38337
79288
49312
87293
26014
77874
85958
56729
21428
76457
32160
75455
83643
33495
82138
51105
76400
65476
77955
31421
56317
32899
21487
11355
76077
40923
65390
87876
1563
30144
2415
870
95935
53377
65472
20539
80747
82862
97037
41738
44484
68963
45824
23993
32247
76212
1063
72209
16843
55476
80320
87612
21155
72041
45461
31030
34412
98583
33191
31358
40887
99264
51539
40896
58516
76629
11734
86214
67094
26471
36075
88308
90932
47553
6778
29021
89264
82785
98145
22072
99166
26443
65039
6472
70407
17987
44290
17741
29389
57232
62503
8049
10212
17912
33659
80231
94918
7054
72987
72649
12071
16154
49762
81901
53124
36786
51005
38678
79351
68064
30495
58350
8673
26279
73097
72374
91315
78093
13051
9206
5973
57796
6745
34117
34081
96460
75376
76158
98735
86179
1024
67509
86998
26191
80804
95517
9523
49255
18131
20977
89848
6524
57515
47548
17198
96995
49931
36658
41253
63704
69449
49864
35134
42955
88653
66356
3674
45188
60323
67125
68107
66487
45889
99311
15405
78257
77400
34321
60737
19271
39031
11556
34945
19080
6623
15901
75383
14655
89281
71638
68139
83219
75790
48014
62381
3329
386
62441
53476
73603
7384
36124
10505
63857
12228
3916
5948
46988
27708
5275
90559
61565
48419
86438
44836
84908
63972
25253
29971
54315
2032
49601
55841
60151
85957
57936
81296
48677
28616
66178
62934
14754
73915
99070
72513
35009
40631
16039
10315
90546
19326
11761
51999
54969
22452
59778
79882
78259
90179
73934
66085
79967
10068
46817
94594
76203
17379
87024
32074
4081
4630
17761
83115
74546
83969
18177
94614
79942
13983
85755
6137
6188
23759
73217
78317
51114
41322
6621
69774
30273
61040
22640
74516
59479
65114
72538
76405
39327
48005
27915
25054
31142
79429
89025
88369
6059
81520
40345
90979
69376
88814
19995
4900
10829
5891
69762
19063
8119
76859
10656
77688
15799
33259
45314
44009
4535
92588
23005
15465
76793
38275
15616
89253
74170
23819
43699
52990
8866
8683
60527
54246
97198
51641
49058
84852
46611
58463
11822
1109
49283
5124
36967
89448
65211
35169
5020
78544
35581
60445
60448
93557
53257
78096
9634
45906
31377
53518
22662
52872
53345
8936
10120
85312
57895
319
18110
48915
11469
61541
34768
14685
46776
44012
29790
27686
1221
82450
54827
39627
71760
73028
17095
30470
13823
58811
1106
6998
51064
79244
54196
92175
29998
55346
70334
48110
49003
50391
3690
7597
14696
66990
18535
24414
30332
15843
35265
91000
700
18860
63685
13569
45858
89914
24172
79406
52116
70176
44925
98798
52818
81819
89239
54977
23767
3788
10578
49404
98545
66430
55213
86897
57511
7946
32256
5347
20937
34964
49192
18119
81492
81950
67306
3778
44246
69761
65910
47392
3342
22328
16872
10399
73699
12267
61639
81945
13352
71173
51836
43563
17471
18391
61475
61222
38626
33292
3891
4000
89523
20349
89782
77058
14230
93792
44038
48038
71816
39157
58546
40689
62357
92759
95743
67246
39434
16908
73408
71984
95524
38663
55043
62358
77105
62957
42155
11289
84809
67124
14855
24384
40659
33188
95413
79280
59153
76696
15751
60796
41929
86468
54327
35202
26735
98292
70477
29678
60607
87455
4979
8905
34445
79900
34471
69737
11578
49887
64322
7044
6455
93232
19646
39047
21243
39494
47383
18858
27923
93941
73711
449
91352
80683
70517
71892
64832
92049
72289
16460
53852
36119
50455
13081
35980
14226
96100
41615
45278
53364
83934
15566
78147
64566
90474
25105
54193
97697
17665
36632
70442
15490
29460
61628
20201
15264
43399
77183
8853
85427
31794
53317
88043
95696
77865
18112
47020
84907
1004
70659
45285
28341
12348
33977
44229
37711
86894
25278
97135
71239
41659
9372
86664
8715
90695
92483
56882
76994
7276
8376
72919
95068
61140
46473
55484
44675
14420
72477
79791
62353
53725
96074
98816
91891
7819
47357
49366
32360
50428
33924
26101
66175
15947
63937
63418
54120
62149
36968
48033
39822
98482
24057
96133
14833
61133
81180
68105
57328
56763
66203
61176
72343
15653
58385
15665
29554
92006
11651
94115
15787
24200
8077
44216
93770
21048
16433
36220
86066
71465
2125
73465
83715
84378
79504
10646
12777
53370
45261
78648
78812
6225
82518
7028
49249
43406
79224
55645
26683
91476
61577
15489
12319
97560
3479
15388
58097
69171
36377
76090
58490
20081
50374
86102
38500
17361
47106
34725
53117
37365
77638
26864
25264
29081
74516
21489
14254
52209
66116
81029
24794
4207
43542
92524
37806
75717
35619
23006
68633
76967
35855
1370
35628
59102
16791
76925
52718
13868
61763
90817
43207
72677
41872
10698
8901
41800
66816
21304
78579
4272
42262
33991
2910
91093
73545
76846
59100
74367
65763
53622
77859
63287
83683
14538
7740
90187
51398
64913
87465
58375
91302
48618
5513
86044
24696
82487
88116
21299
82221
85139
71703
22168
1327
39048
83916
92446
20093
48237
78523
39319
11993
5652
43854
71930
44565
64027
31832
91421
86449
11983
35245
32407
31888
93137
74580
3506
59549
70145
42577
40202
93377
27898
94589
27215
87222
30502
65897
69504
12110
95200
43338
91127
85243
23061
17897
19405
43257
31040
97377
68196
28710
62931
63816
68539
28430
17765
19009
7539
75117
23361
73321
27088
99437
37
97900
2850
98893
4880
78493
70929
71843
20528
80228
94718
50328
54056
57062
67677
53724
41365
17038
29093
76750
10375
85036
29398
19994
42337
88432
19178
68858
84784
27859
51748
27719
11881
85231
83015
20101
98377
64244
24315
72779
71869
54762
54022
11988
34777
61817
21926
13299
2196
42392
86755
63221
84697
48712
11671
10212
56205
85475
5151
5547
86219
50265
35438
60365
82944
41324
65527
74212
89296
84937
52693
22550
97292
55872
31598
25916
97992
38621
53297
61850
63943
4654
83773
22148
68982
61450
75106
62692
86298
62743
10008
40806
69817
56280
86133
86003
16241
85293
50467
3980
25489
52956
16030
70842
25854
5325
93264
34796
6783
87519
46659
5930
7055
80395
43557
81210
38960
30497
96518
21431
90191
44782
13245
69640
34266
33408
58783
76407
97604
48847
3548
76331
76801
87626
77737
42313
73166
92193
77729
29339
13241
14746
73355
7948
53829
82267
46223
79028
27949
32595
48790
56221
74175
75059
11438
99974
5982
66011
40561
88155
20004
79516
44505
12152
12509
96564
96173
94494
71962
32328
91219
34315
42156
70320
88955
320
5236
74729
29465
7449
16797
7822
4880
33062
36316
87931
25370
51185
35302
85411
61125
89294
32861
68865
60463
41070
3764
82025
41144
704
27660
52836
27104
19593
99709
10638
56014
24633
2727
14764
14438
78831
48819
78448
66822
9569
34527
5619
32157
77638
17674
44983
27866
10994
16365
5726
44326
81245
51033
72252
35415
57961
98933
1546
10532
36170
7162
86079
91823
95807
15057
17604
56636
18327
69742
92773
19734
55388
79633
60179
22385
17224
39849
20257
86162
24212
80789
54414
58149
44149
36539
77818
21206
19887
3275
81485
68054
77213
59554
53599
41164
91253
50099
47456
21770
81174
92648
93983
10817
97600
53437
40476
82228
64893
51071
34014
4636
41352
90810
57955
21518
64351
1704
72982
51700
54625
47564
10350
22254
64089
9384
14327
74063
65032
91659
33218
86649
94975
87910
13994
53361
91133
51786
64159
586
71188
59272
6382
85407
42923
14818
66303
24932
54309
49591
2027
7547
27744
83632
4982
11378
57401
75311
76164
8544
87017
61295
9208
65056
26983
98138
92297
55751
14176
52638
74627
1210
65782
52260
29935
99343
29203
99240
89569
68180
84146
72343
10618
38367
10152
88832
90836
33964
93025
75841
41383
58384
7054
5130
80882
58628
76391
78120
19813
75469
88583
9129
63010
99831
6012
43911
69793
46319
96894
67853
76235
23719
86443
3624
2140
29253
11004
71599
36455
18468
43144
88019
19224
5867
44118
5673
15559
32737
91612
59759
7732
98097
25287
67639
15134
86289
50416
45362
88714
40464
40787
46099
16388
25052
86018
96066
19052
92277
35613
2023
12944
17897
2283
31121
63490
99536
479
18631
58145
17366
12568
42020
81367
41321
94710
10857
83500
31661
57266
61199
97198
20424
80419
10405
69933
80113
54715
23702
49233
82993
68361
67411
78442
29432
98345
75343
35149
76948
858
34727
71851
32990
37971
5870
99000
83937
22172
25850
84252
20395
8104
10655
28580
84608
11735
62496
19819
9637
91189
9416
57329
41940
80610
52854
87592
39066
28646
75498
89929
12428
56588
66518
3920
41453
17613
54217
95727
19854
8302
97127
19152
7430
56277
73792
39129
51444
83746
28714
50263
10548
25690
77376
41100
61147
63607
46796
26018
91221
20949
29700
90916
89824
54775
60210
76349
21847
69648
76852
52311
37098
74446
24706
22552
334
474
62702
33149
44637
193
84331
49971
44328
49846
30483
12770
75636
86401
71599
69793
83389
19500
63062
46152
258
72457
32473
1610
71396
22879
40394
89024
21813
33081
67184
33367
66427
83256
17690
13070
3417
46203
2872
40362
50406
71454
52807
5373
79926
78750
39106
69917
85752
96062
36384
71233
64884
15765
32261
23373
31325
84039
3228
84497
87270
83223
9795
92047
64911
14599
28473
54550
17798
39950
30422
28789
84530
94260
37032
4100
69540
39029
31213
61783
85816
85953
79844
76905
82637
84084
27624
82229
37750
30082
55444
19570
27867
30836
57486
62550
4002
20421
80365
6574
88827
9318
84952
86763
82148
22745
36895
2650
7503
67143
5432
99658
58035
49080
51692
81663
2991
59210
17528
6415
97547
25466
83786
46135
98135
34243
52977
79315
23053
16124
25473
16549
13842
93558
80627
53175
46788
91912
44629
84572
15851
22439
25459
16147
58447
55970
21939
49349
23712
19514
68671
27531
89239
64435
61586
80988
16740
74539
19830
19235
99689
5124
78886
80400
96724
69951
77129
62517
63436
22071
93401
29619
92134
6610
16739
6671
44296
98813
81049
51749
13609
79101
77296
21270
88869
38309
63710
24673
95489
50996
30515
98628
81934
2389
39865
17672
83152
5463
53969
98111
36912
98622
84759
45091
50916
71610
47033
38941
18665
27491
73630
56191
60292
51967
56012
73134
20883
27766
6497
5334
93333
1478
99476
95211
45336
82975
38040
71626
20854
33412
9807
70321
55256
76842
41071
22183
90284
52564
31984
87423
104
10613
57129
38142
42924
41164
45607
69160
34006
20128
12702
47557
95371
47848
1197
95073
75103
55556
4595
34334
44866
55123
86765
19788
78099
11670
82962
17338
83349
25677
65685
92820
17257
21556
85517
18806
29975
52956
51867
11643
2122
51645
1434
66223
16851
66379
13270
64647
73225
60965
68463
96782
87780
66591
19745
45641
50048
12490
31763
58586
94753
91143
76243
46539
28494
49493
17986
27722
1975
35983
7390
59857
50153
74785
3103
85353
32181
83165
84461
47681
90608
95728
77516
23962
15003
10141
10747
58729
39061
22920
36948
76898
22166
81057
6348
164
66538
35434
52638
90361
99271
45419
58405
95778
4939
50512
99358
81955
28926
94529
27775
87213
84199
60597
44760
54973
85009
51083
28180
59838
99828
25595
28574
62534
62800
92325
18837
99930
8095
33256
85176
40724
94775
32130
76584
14808
71115
65575
88026
54873
86815
12436
38522
72545
99118
34085
19518
28118
34591
79382
31187
42915
62149
71951
94727
46385
4902
44572
27263
46196
68480
95745
92597
58941
91725
56840
95866
41496
31991
74796
73061
18636
81744
34902
37388
11212
75786
71004
83632
31001
89117
36309
18952
23292
44313
37012
83960
6327
44267
63057
51458
77918
21250
85622
41881
33866
46435
29284
74263
70262
75429
68347
79476
22302
14780
41404
38496
25956
82052
25997
72647
75627
97785
66105
5025
90908
91477
99175
32735
98564
25738
86578
98103
82118
42832
11586
23686
50676
16049
72375
80688
31119
44727
64045
93291
93309
66167
13288
42473
76698
70326
2077
22003
98496
93874
92643
16631
88530
39045
44994
17864
13978
9709
383
66290
28360
82147
89346
11036
3470
31294
11358
6760
80395
14490
24629
26473
6320
74326
79184
54521
7515
59702
24158
38232
85703
79999
21083
18992
14977
1049
98967
33954
59477
63629
94084
78095
28224
55248
27655
43014
32863
94237
87977
3631
16456
91517
51
6875
77074
39862
85412
27479
18606
43094
37593
95141
23035
38366
64539
64640
53345
83521
78319
95841
64340
78510
44563
34138
19774
64940
39350
33454
88588
1038
99627
43794
20432
40675
94755
93183
81229
54567
91394
29890
63270
19359
31706
55012
71068
66027
95732
67734
24226
22882
72789
66041
11569
10425
23884
94151
77034
45414
77379
4629
17092
89700
63522
7904
21932
35777
59970
14848
98215
55423
90063
39069
69875
50427
88333
14786
65269
35127
23654
3380
63930
49311
49412
7183
94232
47017
32203
82549
44462
31874
95845
45947
74131
12829
5849
96593
89775
35468
10989
37038
80077
3608
53275
59169
88833
43434
55350
77259
41085
78169
95230
31941
27712
75132
82310
59455
96813
98999
55677
18989
96417
55168
36035
97641
62372
35383
75933
67287
47707
84093
69455
50572
45326
88498
2217
64246
64572
57846
45214
47272
84050
98256
21974
48358
17993
8188
7472
43043
1562
16660
49376
73943
21638
61413
37457
59458
93987
57429
85392
96022
15128
37587
30649
86864
97784
56671
2819
66327
32508
37591
58494
52903
4876
4356
31650
56466
37579
90221
2541
85575
19836
31369
45192
49259
32712
56628
73877
24354
78254
61896
72304
64259
72809
14346
55772
57865
70433
65912
86163
8474
41019
68184
32410
91656
39554
71547
44936
68308
67888
60251
91598
74560
48454
22078
84750
83731
551
76360
14350
37181
34152
87326
90359
70703
53619
71108
89233
21004
94264
64216
93894
82855
98416
58863
14364
1657
74451
26277
77079
28455
72174
42956
74949
34831
51040
6827
77317
83666
13858
80317
9260
78384
27960
25633
23027
68119
58249
3835
932
69128
92122
93793
48629
73806
44917
49710
60478
57841
96406
56613
64558
63318
23742
62051
83910
30986
64372
59245
82713
78446
63609
71989
1352
72686
35852
44854
22712
25146
95930
73588
53545
45445
97555
20070
49367
25898
49619
43785
59129
93144
67831
47499
16744
55470
59178
78662
60590
94828
29731
50059
19220
1100
52516
43287
61767
22786
31501
36904
74916
13116
50157
57408
94812
83465
98663
85697
91903
37007
32472
64253
79484
44699
26807
41008
92560
42956
56571
54714
62679
77808
49245
13593
96495
93864
29507
44164
51081
68046
98669
90327
87398
17870
69415
24193
74818
71940
6941
89550
14231
76375
11247
36513
45032
25020
12178
21597
2140
43614
38732
41300
93231
28467
67242
39275
73476
38755
49195
77246
5334
68183
68809
88054
4333
76571
82898
35580
88283
44809
51134
90734
66963
27682
73517
95328
32125
18200
13655
26359
33490
4391
1417
92068
55450
94876
76591
88140
41297
13131
56351
17464
47070
11962
83664
30155
45474
39527
41232
71821
41841
96136
96077
37588
8730
57106
73621
16952
93509
1099
46909
80277
4150
75657
66554
1596
32475
52077
50058
34331
31193
70259
95377
56679
21371
50885
82860
81592
70310
57001
82201
82664
46332
20052
86547
21690
26599
6397
54641
76261
6859
89534
53674
56482
37851
10524
60462
68770
92165
54525
96646
31611
47413
44885
44779
73314
56891
57885
16507
44974
67230
91032
21465
63229
34081
75698
16112
56858
81481
10937
95377
28879
48316
9477
26835
61501
66177
89160
17073
85165
16885
13532
42945
4855
25131
83796
76641
26979
51891
11017
82795
58312
67678
52247
68285
54890
1189
77164
20974
83156
78539
42809
82313
18313
91023
93237
60537
45516
55223
68107
6159
48424
58290
99704
39482
66566
13355
1388
41094
78103
85279
2146
90595
17770
85318
61683
66247
71154
74812
8433
98821
95898
62603
78864
6595
8072
28658
661
25275
37612
57260
54599
86550
635
17111
70384
92066
58371
82837
60232
75791
32564
52636
70644
47052
25423
80189
37598
58982
48536
5452
63320
52670
99650
38574
93786
86003
38807
23967
65317
67993
6039
87390
5874
84358
91713
47941
22096
18139
17527
58982
76642
40381
11314
27259
62076
70185
62005
47872
7290
80889
22442
84237
10416
59721
87237
16839
78159
11921
10430
82307
65690
37185
43459
25208
53493
96201
67775
89016
67981
28117
68425
79760
51240
75978
45011
46195
11896
26484
84669
33643
43914
72861
28048
85210
83026
65199
43743
83681
81534
21312
89251
50171
21375
32988
77202
41464
52659
17425
84522
17006
40246
31746
39096
78618
24521
89637
93646
21272
54134
93510
49738
71638
28296
23002
26174
32613
94115
1203
75520
96685
80494
93691
40101
38732
14263
82284
4522
49719
56527
95327
45616
26796
17598
69443
2710
92384
57424
63824
91174
75139
55092
47489
60459
49012
35752
32356
54168
93171
76245
30557
64185
5152
71723
73096
83465
72372
34736
38794
52847
83010
15526
7375
66061
36272
77688
68648
44086
94184
36893
90893
15141
2297
72032
75912
39756
95096
47904
5624
1785
93379
46517
15653
45630
95509
90068
15061
77607
62223
52860
8178
65038
95507
1675
64435
60579
16109
74555
25169
51191
51347
6446
32552
81312
55137
36867
15133
27986
95564
89494
66890
12060
61785
96517
12302
14026
61716
51611
58589
25702
4694
14571
98132
9636
89172
57896
38990
56991
44552
41064
9530
31646
8318
21744
4342
63305
54975
64857
12963
5693
31585
90204
342
7194
96277
7250
88579
50820
681
21730
23125
7966
5014
62871
93484
16123
65426
72331
18364
34597
87202
16350
98320
54229
94569
31150
85106
37214
28086
88295
16274
41359
43990
71468
15998
39429
56368
89089
68674
78747
32664
8169
30529
38780
25764
84019
56297
35172
1798
77664
82946
87551
1804
98256
30540
15380
57505
81305
51462
51241
66740
15201
83590
64161
22428
58294
40422
66929
80480
46710
1735
40830
46695
79103
52047
48822
60412
78719
50958
23901
53597
75428
9411
13244
68029
20778
88950
30706
20378
47686
37278
20324
15236
13014
22690
61722
19528
16075
32454
54655
28231
69039
55722
4382
70976
6206
80285
92198
31847
58317
94285
56129
80564
85331
98942
25681
42262
56505
6419
51481
65196
90178
18141
45765
80939
17281
53201
2868
90059
12409
23928
248
47716
44188
36247
90015
68297
32713
26180
78566
15917
65987
30616
57628
98533
19565
30454
93859
37384
44059
97267
6154
40632
33636
20833
59863
70313
65352
94201
85381
55089
3912
85396
84908
67799
99399
30429
25641
56443
66494
40976
30270
89963
22924
31914
66375
56097
82127
38818
5146
27558
40539
13621
66849
94936
73457
57801
95537
49958
55067
76810
8751
91146
48041
16852
49270
15393
65989
75736
25474
53607
98112
63194
64463
6352
99538
22861
17813
36261
93132
18081
53665
78018
98961
26754
40872
33845
6140
86634
80959
32644
28452
81795
71932
44379
39901
63451
94284
57744
69283
53837
94038
48796
43894
90605
243
91016
11642
30955
55095
83105
38135
49688
53665
99849
70699
33441
87216
3491
84857
94528
59183
88346
80407
2162
96094
69717
74070
56236
7094
69722
43564
9446
55168
97245
13999
77203
90775
66983
41647
61609
64348
53448
42438
55709
77905
29773
32927
87298
58061
98314
18
7767
32770
80283
92398
30756
72379
95029
31409
77858
11919
26102
72009
94171
6015
40826
5479
55177
80426
2917
84748
98250
34919
93500
70417
77057
21031
34938
41062
55139
65278
93970
84837
26191
33421
25945
91149
72857
34656
10285
90884
53299
45928
18847
51631
35365
96049
53458
20352
81884
86889
86649
20120
27413
44632
40530
49831
76714
87956
42699
6200
98314
71938
5243
45899
82667
16606
83137
32335
83782
57269
81715
66378
65595
60122
99401
83224
29967
31067
11515
8662
11824
8314
23712
7110
88842
70043
49520
21140
67951
7239
95404
97565
79064
8811
68951
18725
27568
81188
61007
9271
31476
77797
90970
68508
96560
45211
45965
86301
63355
2188
89240
36549
93609
55438
60882
6423
50586
21693
44831
11824
67554
69462
30182
69944
91868
15872
51864
48341
38240
14058
56088
86602
84116
44806
99284
91445
92506
82496
55789
39034
53192
39867
79154
79316
91937
8712
34704
26320
9098
4360
96858
35697
74042
90611
83724
16133
19784
8803
83606
94844
53476
59761
13327
59001
22705
90602
36631
24725
54965
19743
62454
43201
18274
92891
37464
39493
34565
431
45036
93805
14331
2316
23693
17224
70894
454
22071
44375
15804
70501
14570
63963
32991
15123
12123
34851
78671
28985
15884
90071
56419
72065
78156
14123
72374
32390
54476
89905
84282
21861
53579
50817
19835
89580
17785
40838
54770
55921
95398
80803
9201
67575
98826
62635
41890
48884
77361
44944
96463
78004
71982
3204
81011
47802
60994
95604
43098
80834
50002
41738
35881
55372
7412
75423
57860
65169
97598
25254
88733
79479
17800
96882
36871
91859
2032
79562
60146
46324
15451
76171
21151
7711
26082
60664
90279
99398
7256
99879
15724
66042
93773
37605
38131
31563
87531
28008
39445
13356
84274
22789
80472
22517
72076
61848
99687
26907
34345
90785
17070
78894
75358
30210
11022
12913
74725
51624
13870
99279
68700
72549
2054
181
50848
69613
40751
11393
82379
22467
79524
88922
3292
43676
85525
53721
39515
20152
43842
39504
8330
90244
50783
98842
34638
7221
75178
10928
3993
94706
65268
40733
94841
82524
34261
83778
52026
22430
66384
93307
86387
22398
47019
27410
11128
5381
35502
72452
54680
93901
67202
96164
21868
45350
92689
58845
10477
14534
36136
64338
28670
99799
82515
63792
237
36966
83737
34713
89252
41349
7565
45369
23503
62288
39936
80379
46915
6920
91307
47128
85197
10299
50646
4639
66073
77547
76949
56636
95723
345
17420
28742
56404
54875
93932
6106
56775
21231
4940
42233
36030
25357
48697
62389
95733
93712
85470
75659
9104
28174
21360
78602
36533
54085
14421
80419
58193
67880
74952
4633
19920
12403
56164
25512
76863
37803
8846
78822
10953
63807
4241
45949
92835
45201
13024
48052
56670
56517
65095
2601
57122
54207
4823
88538
81789
44983
99486
38239
99529
87564
54790
24569
35347
81704
40709
39546
75899
53170
33306
67469
26169
26257
33772
39845
57517
86452
34603
22046
10036
75021
64664
22336
38035
24581
59817
32796
16479
40132
73860
8581
58337
53545
65727
67120
28051
31182
73198
42020
74707
94094
10814
57829
50001
18163
10277
1277
20718
17576
55276
52191
33212
79196
49511
3027
38207
7674
96650
39803
38319
61539
63970
79178
77745
9072
47676
56535
53881
9399
57174
38145
93985
29041
88039
86822
6497
37063
58955
44981
86280
82994
46641
11571
25774
50868
64541
80121
59960
99995
96037
73939
52012
48511
10999
61517
8660
29259
65667
60262
99525
49237
10182
39919
43093
13642
5545
18382
13461
33395
82308
2073
16652
21155
57031
60658
83030
94900
59333
41605
23232
50500
12322
23913
99030
35103
52234
82347
67677
51653
69323
83581
68545
51593
1360
63882
34215
27508
13515
44335
24730
439
53993
24057
3302
7599
83478
54446
94555
35390
38238
38259
92243
9911
1704
16139
12401
52553
27410
179
19992
31804
77333
89230
92410
94064
14044
53868
21519
36050
12468
10282
97471
89257
37665
11828
62132
23022
68694
74574
67723
36860
35472
18912
27149
5030
75456
53121
96495
56732
10064
46789
87311
23823
86922
42034
66536
64643
33357
28762
65315
77290
18986
66474
84454
48633
30826
69673
53879
46347
23036
86462
76247
50447
15218
90691
60706
38055
78149
76828
31811
80576
63878
93726
80758
85958
8326
78537
11314
20408
58816
55250
21219
73682
56435
43690
51347
90018
33674
84276
29532
72786
71485
21434
33710
85094
96724
4281
99926
10899
90874
57072
4754
11534
24027
43815
58790
11154
24261
1627
58153
71217
41921
45577
54308
68927
70690
54121
18996
77470
42951
28726
742
56907
25615
83848
92101
3744
4395
64176
52744
74504
59469
4890
62432
94007
3529
47656
10101
82620
74402
166
60509
88394
48761
80298
78285
89788
70852
17246
30712
42594
70787
91515
35227
80704
80567
83228
65354
44527
42898
63929
79672
3159
47734
10922
92430
56790
24590
45134
61537
54398
64850
93621
29923
38424
47603
56033
19637
32908
94979
10709
44554
24484
88550
30545
77187
46659
37020
91390
77876
66956
97255
46415
70461
93816
15659
8788
27604
65513
74953
31920
11006
56929
2608
1689
97057
41645
21498
58221
6796
76626
800
46201
50616
34666
95697
52133
92713
95811
48167
24573
38089
23116
57941
89077
45761
90404
22646
63468
75858
82
89248
50976
85385
27617
55049
38931
97724
55938
5871
58872
84297
17793
81444
70337
13314
47037
13614
15011
40197
50822
91685
50564
36962
53856
70984
14181
83784
33151
55732
84682
74938
57121
55333
9059
23431
66398
34396
34396
83932
85417
51126
39325
51939
33590
6159
90536
38667
12808
4472
59334
65742
84043
66707
20832
71546
9980
13060
24076
71960
32895
82808
65268
72209
77414
45649
18221
83695
16303
7188
76253
59911
14122
10238
37999
28949
68341
86039
25900
66585
446
15067
60682
23569
10580
15798
27654
93510
98437
91593
61438
83598
70400
30847
44562
29446
98344
73564
62319
77425
69031
28757
81420
43151
64713
51352
23144
43136
45334
64739
83091
88152
60613
45675
9063
21435
6361
71924
86244
82675
53517
69851
94535
79549
20680
89121
96773
52615
31339
74719
88515
26485
95506
2697
90188
50439
82155
95382
90604
45056
3633
34206
57214
87913
16109
43893
12919
91036
51202
30426
41881
45552
33037
17043
27470
34863
2307
37431
44367
46662
64309
13382
23782
46257
1452
65341
85858
8892
42416
78610
86560
47169
59897
75397
57690
11160
76815
23491
28130
83419
96876
45995
2042
38873
39536
83420
35443
90450
51729
99321
96444
95295
89087
13787
16406
53557
7956
95229
39364
91992
86155
40278
55293
88001
95197
24003
59140
56215
79631
8258
12013
89394
60173
54641
93526
18130
66466
369
25002
29743
22592
20308
12115
65770
53875
16489
2491
99540
57032
47584
78903
80624
77412
35192
11931
21303
66829
61169
77261
91715
53419
850
2335
84943
40975
20668
44586
11106
69381
5511
19296
80353
10050
71100
88884
38678
40683
59707
97461
27616
42192
13784
84566
49106
87303
71317
40207
30214
45133
29223
69708
98899
8945
76638
21306
1628
65314
8644
92057
16416
62130
92804
68331
40733
83
75820
76024
62728
67768
85676
12569
56356
64008
5832
7963
76230
2710
72372
15212
66416
75312
72391
61969
38892
53819
2555
4594
22006
53446
80377
13483
27037
38050
87631
84221
31836
43816
65231
12958
34531
17078
71988
96394
87402
10683
65834
16857
81292
59972
65433
51150
14298
64241
2525
98246
44991
32439
80944
55318
35
12911
16888
84251
78844
16155
46907
1446
73777
56834
54955
92637
3390
86696
87949
1352
38380
63613
467
64788
85132
3576
93526
74088
80116
92291
89824
17333
39948
90929
18405
23063
6484
56603
65378
59713
24148
12329
84172
62101
87493
43496
48698
49920
1080
68274
75917
75192
809
27956
40452
85705
96164
69849
53229
19713
6153
50141
78556
53498
78258
67083
19643
7874
99348
45835
11208
82322
30228
35515
19687
26154
21402
46254
66470
74951
96636
49481
57656
77508
23008
88199
25030
13595
21417
95650
57264
56088
9875
596
27782
62357
13443
5306
6318
89265
19252
58409
74866
13755
2867
8910
55538
6699
3062
19969
97813
51540
76138
41443
65681
21237
18013
88721
11432
27108
2563
52061
22101
31401
48099
65402
77077
71757
90336
96553
60889
80224
9866
81675
33942
92045
34891
16152
75727
30207
15834
31229
80017
20538
47495
31182
99607
39166
96479
39363
9349
19193
76960
3076
80551
46721
6147
37064
37253
57652
62368
43274
95462
6212
63312
30604
70102
13710
79695
72518
71272
21785
543
82661
1348
68223
70230
59060
7497
75433
24596
45993
40414
91719
63681
89298
19364
53754
12007
15664
6085
44984
33853
49353
45642
9173
90574
90853
41057
40881
49789
21107
90307
15424
82132
62252
29267
39672
10267
21218
92206
2037
6999
66071
22662
75110
74553
36625
41831
77593
75496
70671
9028
33561
27271
35050
89374
76532
16913
86829
77539
33429
40325
54038
13177
89260
21328
17661
63657
77142
19716
97021
42733
60333
94674
89219
80014
72969
50188
89942
55376
64475
52418
27766
64944
48936
75555
76943
90798
95203
2270
74757
5274
6100
77636
58639
52536
25820
91303
55541
15038
83452
41655
1496
90567
27544
17872
42783
76741
31713
21023
71818
84156
54534
33722
80650
76822
18286
39377
72868
69088
30592
86681
60749
91950
10636
92772
88638
78444
97282
79328
65850
7800
10357
39919
62774
91036
8259
44017
22404
76944
35194
93353
66189
6661
79556
59668
27868
47504
71289
49430
31864
92310
30600
60688
43864
19194
42909
20030
60355
68468
75726
13437
71171
8415
71930
53882
24532
29650
50941
60618
47579
29021
24337
60366
27056
18307
85728
58983
34620
20403
66009
73716
89108
96260
54628
60744
84181
79544
75051
20497
73894
82776
68389
14089
1025
78670
82941
78245
73437
53454
89430
83177
42233
75141
41761
38176
12174
19038
81399
13020
19580
45229
39767
9831
45862
28317
27578
89629
95862
98421
12577
30576
59332
64235
77918
70825
91193
53880
22235
67821
91582
27374
9445
88102
40283
85719
1411
26863
41742
25922
9828
44922
66711
68713
85024
2250
34413
16290
18863
61853
65218
81101
76520
35531
47915
63512
87625
43929
8026
46118
21108
67315
33932
15564
40088
70613
16201
18887
83189
96505
82097
10746
46944
33779
62082
50324
50260
84609
8014
62264
46403
74077
93777
84689
10557
68013
68244
89167
71740
91088
97764
72434
76694
66118
30762
87754
70353
27658
40588
4966
52579
98213
54404
62618
24093
53792
55685
2997
65854
46994
55824
61451
5636
510
66351
15091
13137
31601
67471
82754
30666
19052
60856
8077
90335
78083
15101
50596
90622
65815
60732
55940
5279
168
68347
75563
75796
38426
48252
58853
94957
28226
42851
46033
23519
13331
44100
48987
94613
49336
57485
18917
51230
60297
51269
64722
30965
46319
75173
4015
59175
34213
6182
99926
36828
48653
80823
61120
12502
69580
3068
59924
9380
33144
74895
54014
37529
28092
82601
80801
59367
37254
86112
30489
91943
74681
812
93686
23487
72967
31838
22555
93691
82430
19308
40652
37235
54092
79630
85940
18343
91737
82792
73873
90465
74892
88485
23063
99673
74129
74910
94680
12945
2925
33296
58590
93246
76106
68447
14159
62154
73992
41031
61725
87753
43414
10873
41924
10610
2082
92160
34382
73886
51133
11269
34717
54968
42201
65826
9368
5487
89976
19635
61459
94177
68983
32298
27720
12769
84179
14607
66418
48945
58967
21208
89351
52352
41386
40594
37103
19791
89432
19089
96117
3888
59911
60350
8551
5937
91680
74734
31477
48041
43770
13996
60641
32314
21668
15886
45864
85586
869
513
90056
56945
35856
5785
41917
82390
24753
22712
63572
55972
85192
93074
78715
50051
85284
61706
84272
8590
65095
33583
39150
96946
78665
71898
27361
29153
84352
87523
29583
9463
12173
12493
27202
18726
40800
20579
5920
48183
24017
56559
22215
33336
16695
62434
45254
68772
63694
43647
89296
91196
31659
1244
7206
2352
83240
66990
24369
66167
16084
17564
54117
55119
14770
11291
50743
39723
92902
86249
24213
11970
34688
82120
61888
8677
80587
99853
76909
53902
39973
92934
30287
70950
55312
92027
54369
23958
86912
737
38993
36633
35119
64440
28477
1475
67684
6391
17549
36614
74013
45739
27353
69410
25191
60606
88889
26037
78865
36063
60555
84496
31504
41601
58876
4859
87013
15620
87118
85011
80340
95483
5119
2762
67454
20857
95551
95909
68945
55330
46695
699
33518
16720
89950
16090
69775
80013
1431
86329
79911
18538
1361
97569
17377
78767
62386
65612
82017
42034
68530
51314
60844
12521
50159
77826
20364
84982
57190
39511
57247
88013
22680
86279
18119
69028
12015
39028
6429
85695
49119
41968
4527
95188
60391
85850
52555
87454
79552
42465
42169
91544
12135
35228
2807
95156
67025
33291
80938
56639
24317
97336
38609
56033
23655
24036
26621
27109
25306
33179
19785
35925
17417
16500
36972
23047
17198
20534
7031
6404
41246
67120
83181
49626
758
24674
53091
36773
11103
30941
39612
58495
92019
33657
38037
6984
74644
59408
89716
97459
24677
42933
49035
82467
37124
49230
60994
1964
57426
99036
29986
16894
36197
64598
26922
6905
30368
37140
51442
73903
22225
80010
38707
82256
39643
72224
76182
83782
25764
15973
74770
21064
24425
28625
20836
76136
18847
64853
20868
33299
85404
17749
38954
54553
1716
29126
18704
24090
78925
98684
75905
4290
71639
19309
45959
59855
55899
81508
70998
48975
55451
83825
15610
50843
39636
58038
7221
97370
12472
68081
7429
3608
61744
69793
33980
46181
39420
25011
69560
21921
232
47937
13232
29956
33985
24357
53062
59647
88954
84966
64409
34065
98680
32951
67304
54092
92538
22903
8513
11794
91635
63271
69110
93341
65942
67771
36777
71561
55950
12518
23540
96107
42776
65109
54291
25270
84268
39509
99196
7598
21529
96287
73962
13820
191
51617
85948
39918
43841
80406
61229
50785
63201
99056
47974
10527
83971
91523
54893
50276
28698
98753
49987
57268
93580
25988
14478
30010
19827
35083
19565
33476
70999
79650
69492
5595
92708
9738
33456
11689
49093
19694
70996
17041
1728
37974
40750
49472
20882
60879
70865
53529
96526
13538
60826
95877
47050
80952
79127
67436
7311
89494
18934
42044
14492
34976
74778
93645
163
47262
7336
44468
40021
53371
70457
15148
8949
51097
84871
74443
38400
33415
56381
40957
75493
10292
52849
72199
98822
58964
73920
87349
54650
96376
70160
9250
38979
8181
94208
78442
65921
87550
95484
87461
30880
34014
2183
7142
98235
37655
69504
28368
17524
27203
11441
22448
99573
91911
75001
31239
64609
96583
60294
34163
8030
96716
37731
3419
16384
26434
64435
50993
5997
75752
55964
91453
49803
95664
26585
93079
4077
69673
71589
66519
46120
68570
28517
44955
86381
61643
20662
42675
24050
91964
55857
39968
73860
35982
26299
31446
3668
58407
31040
92154
87287
42184
21796
61252
95150
20339
54819
16601
16550
61594
16875
15208
31523
64847
81713
4317
27896
98972
44936
65805
89559
83862
79795
42600
65753
46249
54215
9985
67938
99531
50190
96947
30781
90715
30738
33131
16848
29535
6700
95502
40792
64910
65951
55479
38135
2127
40925
82070
6179
60491
6932
39486
169
55639
23280
28703
76490
53333
52066
61641
36539
82247
15299
23880
39794
12136
80073
77267
22747
729
93614
77295
81475
87790
25283
31798
50018
68015
11001
7270
34102
5786
37054
97076
40381
64265
44885
1798
75000
8916
86209
36162
72150
11264
8688
69258
53184
22546
6395
25184
9963
8885
26421
19777
52277
39712
83253
85742
58496
99386
95901
43301
21065
48313
29283
6377
84013
94321
90990
75351
28328
47675
7305
56630
72889
23811
78247
66502
23576
26728
90393
22196
21229
92954
48374
96595
10352
1085
71187
14695
74750
55136
87857
99700
63723
31277
58462
34572
63049
37007
41195
90834
48608
69414
23857
90652
97402
74890
39093
10466
20584
6528
86637
4845
26238
47384
93021
27817
15810
17887
49396
55536
67418
13937
81535
68969
61707
28511
22583
38173
61480
94143
78727
60797
65040
46187
743
46554
14967
47530
228
6752
59035
34235
78361
3343
27994
38617
67123
35491
16180
21287
18208
93334
25191
96990
13193
88389
58344
70353
10069
77957
34160
7171
85854
36933
20855
54435
82749
94567
80588
88042
16206
46029
52190
10958
57251
69018
94161
46599
58558
24219
55892
72276
54007
95034
44412
15780
24842
26842
6384
94528
92065
58908
50648
11164
64293
3141
95297
32109
43112
13025
35094
66275
63786
3344
89969
30007
28228
26748
13407
31280
69232
86717
10744
31296
70260
68153
Time spent: 74
Itarations done: 16277602