28883
45673
80551
55744
44596
29031
26390
52019
7735
53634
77008
50666
8368
64421
98128
34287
58316
51501
5190
9251
20371
79998
37204
93055
49462
64667
14575
87771
41793
92051
6272
48655
3697
93847
73986
46956
45810
79155
31359
69003
80122
40402
54863
89867
47563
58001
9607
9199
32035
42162
8106
39272
23095
66811
2968
90850
74018
70150
25494
11179
64535
19216
21342
90217
18273
61588
1686
66154
43779
16489
23710
29362
64967
89577
37841
45068
81940
31024
90736
89410
56352
94849
52860
20917
46828
98952
47396
90084
29428
29971
93255
23351
25739
84784
39111
4643
26912
91403
57690
17558
45793
5977
89930
4364
51278
39785
77180
44137
39120
30301
96258
51722
71638
33863
16978
51605
75126
83910
34658
86383
18225
28431
91168
78178
7134
33004
87232
73184
24245
11680
5970
64469
5640
26972
13107
6206
99864
82354
72778
3734
75473
15899
19535
88109
48100
92093
56952
61322
79105
80346
11119
28850
57372
3362
53365
19955
13388
36275
20696
32937
30491
38348
4738
32487
11985
3018
50370
69359
34841
19225
3765
88781
70747
47184
76235
43314
83531
25174
45048
28342
18320
40386
95283
13909
82262
16540
17865
55352
79235
93685
18024
26941
1707
1535
55771
37740
1745
56639
35332
56915
60135
45859
84067
96938
47693
93851
13031
77446
26067
50642
31130
19949
66648
76898
92734
4160
75729
49089
94642
50386
1602
54545
2459
79272
65047
97230
78722
40102
98474
89121
5532
91940
983
59149
42973
68075
16699
71959
41282
53575
21942
12103
29469
58164
63163
55781
36073
72220
22044
21899
58692
52396
96743
66923
88155
95146
79012
63942
10438
21417
75735
85299
54872
13814
70444
90330
30703
18742
45415
4972
95734
50337
88236
68385
30567
10460
88014
13252
49867
69573
85924
41027
68098
37014
82364
51184
51369
86014
18703
84362
29276
88721
45486
43341
11066
59588
60895
62889
48969
1645
53385
9786
18205
99522
10637
7705
37968
5491
63309
98127
40585
20417
16537
68117
7097
80137
84751
98519
26655
19659
86079
12020
4421
2466
71453
29533
38075
70320
60542
75474
6548
90117
31673
7771
66280
48679
66189
86824
30074
73813
78989
39110
11541
40514
76500
15801
54147
54902
70905
94482
28051
95296
45208
22949
70199
29743
7513
58068
63550
22436
94917
9807
99846
87590
87494
60802
47001
48712
71047
95210
46967
13606
43711
37076
2834
81034
95887
68116
74990
53655
5663
67528
95275
43665
82523
92341
25399
22501
61069
95824
31276
84064
93389
63591
18462
62069
13841
32296
75559
66476
53233
44195
2219
81397
60720
82354
56293
97407
51236
25911
40725
34928
33832
62545
64913
52134
92072
96210
57583
20775
81433
92155
78609
96395
80661
8423
75757
5605
84118
73246
58984
22376
50387
81140
19712
7782
28738
97019
5414
43165
69544
77256
70869
95408
87316
39391
66613
14795
85776
38053
92407
80903
73203
33674
38921
80018
93279
72702
64421
18765
71763
33257
4837
52962
32524
28592
95455
38149
67835
2170
90305
88797
57280
92857
1424
66912
17247
96427
44274
7560
28682
506
67934
28755
34640
24039
69041
66279
21133
49539
37035
20109
94880
96582
54904
98533
49786
48443
84397
98403
70309
10219
97625
65588
54383
46460
77945
38359
51110
19056
2238
88258
99215
22009
33956
37950
21052
88738
1694
53619
73964
29670
11646
80658
85871
43156
43882
15726
5195
31094
12248
85684
76569
42174
25527
34475
13269
60265
73606
2742
74878
53252
76484
21738
74434
98464
76302
33081
33167
4871
22945
88928
72864
59362
2322
83369
86059
34629
83077
15122
52410
9613
12289
84093
76010
69927
73598
79889
2834
75336
32267
29101
40132
4103
30815
29961
40285
9892
66162
17938
30515
55941
74639
73892
66782
23328
74728
7609
65319
25407
69090
23838
18477
98893
87195
5415
32891
83536
57800
28604
37457
47011
36538
59496
96199
59340
78052
67099
26854
72100
34401
28730
69809
11635
81844
96338
74029
52632
26689
38626
66709
98681
17510
73127
51587
59815
95849
54840
37221
83514
50416
93588
31005
65309
848
30979
47276
37873
26227
19635
68624
13336
70871
12309
68318
32611
5288
86581
48780
57603
93754
2019
76098
27466
21608
10975
93826
88410
65156
21685
80628
98109
44985
42843
75836
346
89510
22569
34560
63330
49772
31458
89725
75950
48736
29389
92252
279
18807
98778
72577
85744
79766
23216
16793
60634
36024
39698
78933
30014
26864
95119
57245
25593
46246
93263
46805
72739
59788
27220
43376
62587
85708
53962
14190
43055
73781
82774
70137
71595
11783
17267
70837
4641
12427
11944
69170
33951
85461
78543
55049
18431
79376
4885
89588
1547
85083
29473
30265
49021
29964
48798
35307
89308
54844
21143
1209
90186
58732
70575
31195
58836
16583
87922
54352
9876
23864
71700
15302
6110
98378
51279
32476
40094
74568
87021
79430
91144
58460
47679
78074
62049
72402
24052
5323
72476
7960
49697
5382
61964
22570
64439
68724
34392
61003
74497
85795
57932
56196
34228
8587
19769
65676
98804
56427
23223
29607
74584
83687
6437
94366
24518
86594
56414
31618
69586
63909
89931
97003
64118
61975
73750
14850
12764
28476
60548
45713
39973
71222
24110
92101
18987
68380
87584
24397
16732
4782
51987
63766
13372
15292
48640
41758
10905
702
58851
67342
53835
44196
66903
71280
46794
97171
38309
65017
68930
22034
44273
46691
52908
76577
85435
10381
17627
99619
3244
66409
18001
10841
5664
60240
2650
69076
75419
85497
50878
42788
73651
22588
94030
34086
99549
98643
13109
63325
17471
56722
44514
65196
16998
42668
18784
69198
28564
66528
3459
37454
77508
72098
20463
11079
22798
52963
60865
72644
93172
86297
25449
66760
3068
16721
78181
33385
3489
11688
11534
99219
98789
27135
87518
41348
39409
67572
36353
84317
82702
98294
65930
16877
99238
69064
59484
17897
90366
38423
16378
62260
74315
45658
21447
37051
92733
63519
12040
35929
87337
78940
48731
15315
97198
91267
85589
89847
31226
87965
78987
16566
77507
56252
70094
67352
21435
15808
25544
17381
57929
12483
23180
83719
99570
95814
25373
32619
2062
14244
91082
36715
51239
1049
39645
4008
81679
91285
94243
19398
25993
5487
1023
36482
26005
59367
41086
32440
72275
10426
26832
92050
76801
32191
1616
18230
25249
14671
42241
75954
99664
25705
97471
64028
10410
31979
82608
74882
26917
70824
90087
46433
50860
84295
69115
32008
32494
75560
73595
14433
91144
24298
76843
68616
64204
2600
4110
33294
75536
65751
39427
87080
83757
53327
22036
36572
43665
25199
59431
14963
89960
74310
49040
58492
31368
3510
18577
74999
25460
27276
66332
43978
89672
60781
6979
90732
92427
88587
5884
58582
59777
63130
15521
62559
27571
69216
11242
45596
66958
4878
60504
73971
11882
71271
49561
2599
21238
34651
34731
12727
15484
22049
81511
74711
37768
38901
4145
16749
2992
51661
20686
86816
14762
61381
94167
79496
49765
5225
39166
62027
31913
62071
34894
74577
44441
5656
865
98641
57151
44080
59261
84380
78153
8069
29314
2880
74657
2042
73343
42472
45810
11790
41507
99647
72011
70518
42920
24542
9832
21021
4465
68594
49364
75915
65442
47656
1738
70153
96150
77751
38536
20445
21550
62573
61968
54747
77367
11979
44915
51641
25277
48908
43339
34209
6306
18530
50058
95933
17085
47899
28512
97154
52353
16963
37887
59817
68862
92539
36882
5499
90817
45681
32356
27119
95038
19844
21261
58285
85212
42374
59501
5874
88945
75025
79749
41240
88733
80611
71740
3339
28569
42321
33200
53117
21569
9858
97334
32649
20835
62269
43645
24806
5696
71185
2891
79643
78563
20167
74095
72238
63782
85934
81796
83355
49237
15506
15082
49109
13852
39599
6476
8713
39728
47122
28359
90420
16355
8198
7373
14937
6111
73854
83125
62867
55266
99399
66522
48164
2711
35447
85182
63084
59869
5658
38636
11820
9536
43498
24407
29761
98862
91646
37559
93237
82217
77178
90928
60651
3424
63220
51017
50051
93604
43521
35405
50482
876
90214
71523
84882
61164
87029
73792
90788
65600
80305
56348
61823
79314
58371
61985
97676
18822
26230
54436
43237
833
76929
90732
58544
33935
73612
63165
50400
36492
46971
76213
13768
28975
81660
2837
76487
67047
12202
46659
14370
52911
74021
21784
5424
86726
58469
50427
21687
97371
2029
69994
15126
22364
99386
35895
40045
90466
67637
4134
68621
97311
4631
78584
98476
54325
78285
11868
21600
34276
55699
55896
22471
33014
30972
68359
99886
16215
38867
94857
61795
22453
47803
62849
25347
49439
10134
43245
65380
58985
10269
58193
93772
98057
91909
39517
19312
48229
64530
71261
33220
83905
86206
81902
88918
40876
94968
87083
96359
71103
14119
22066
30987
87038
88271
44626
65311
79376
16334
33730
67121
25824
35314
57101
72521
95279
74447
31640
34247
91756
43112
54694
66158
75474
37863
41274
53291
44687
54097
62597
73577
61192
66020
44679
82050
54845
94991
52246
41342
48025
20730
52823
43251
99651
2544
28641
55339
80180
68379
79864
43839
53958
98400
41654
69484
63357
76768
19716
26494
80337
10348
34209
96548
15362
16353
50312
19390
51065
62239
65213
39617
98619
651
15936
75229
58443
79827
70154
67694
3715
25577
63047
15546
95094
84797
47232
63965
78110
92481
29950
21311
10883
74245
81928
243
19165
24645
15730
35847
78085
7888
47898
16104
75624
12014
78829
71063
21458
50251
47078
6236
26686
43912
40656
33044
94858
40115
76900
44510
32816
14528
94625
7986
11028
84474
37502
98292
77427
10924
46014
74510
56207
99285
16822
11509
43580
18331
33019
33368
46209
44255
16477
59994
94842
2505
4420
70541
5595
23956
6301
7607
54438
53907
54229
94775
76587
52512
20448
16671
1844
3469
38711
15539
89375
4133
32945
91216
30955
44710
26190
52438
50436
96760
75582
56565
38974
21982
55000
92098
30525
81093
86030
3768
40161
69588
99996
33525
58966
32255
99092
52396
23580
11563
73005
87973
55894
66367
18948
10224
98990
56860
7607
24312
59077
29295
35322
33307
17
49725
3640
75940
26970
29845
71427
14967
38742
60020
31822
50233
24632
14649
76601
57212
30862
23253
23870
6553
24156
7035
1519
3093
35547
65095
98520
93836
76243
57130
18862
33527
79143
70131
98833
63778
34571
75457
77351
57086
56859
79633
41167
614
39582
47315
2022
46289
31582
28099
1230
33536
93358
50176
78640
98886
73955
53338
87581
22736
82191
21397
85137
27676
12861
39860
77978
35119
28514
48481
57975
7352
90456
80342
18973
50668
78823
79183
6312
31908
40892
64926
14126
65511
59231
73699
11869
61107
36861
33124
51246
82680
55293
46229
77387
59541
73115
48095
44042
6589
97753
68154
11567
56781
81094
78055
88568
82247
60840
30118
63377
82155
93801
94585
59866
45218
4756
85262
43628
52643
5074
22605
99195
73343
19012
20881
96692
17431
92380
1791
67221
56244
48231
30774
10272
87619
97294
44171
63580
23620
7066
85550
76106
4614
82776
97699
38196
98361
15892
23150
39487
25708
11416
50555
44733
65480
13876
6862
507
30374
13763
35930
11596
72889
31101
23083
54905
75782
40889
22085
30848
5040
26364
16099
87404
55054
20335
97425
90451
95426
22296
82156
55447
36781
59569
85370
205
68984
94445
70066
26200
89306
66095
48778
86797
30396
95953
60644
54729
18298
78370
68697
58327
39310
24488
22212
16233
71125
26650
7200
63720
38496
63046
64457
30231
86551
67919
89075
97407
25960
51289
37895
39583
93264
64034
62134
24663
87017
69035
51220
32243
85751
97232
20909
28002
27351
38565
3783
18640
31048
42138
3499
6
73071
77364
55496
2563
84856
38408
96327
32991
28786
57959
81395
8448
20573
33160
6588
80901
9701
56474
83152
52968
99719
87327
87135
93799
88766
96563
54788
73798
37303
65066
23590
50384
24881
20337
24860
53454
40625
50380
18422
38883
63182
42957
22379
1105
25044
60074
31773
61744
23413
72500
38741
80231
35217
47203
63800
64492
17409
1764
82912
95037
25326
14144
88285
14163
61704
3644
52156
73493
76818
79430
72291
77685
76277
86715
65560
9915
57160
67494
41619
75617
85447
92667
32623
54950
48137
15461
76846
11616
61948
42238
54176
65881
97197
16123
49696
3046
80181
61273
77894
55125
70370
41248
34513
63090
69672
43560
55676
99825
10269
14354
54608
9790
84747
32080
75151
419
27691
27094
48238
2376
31437
25316
62570
1084
80330
18393
63987
30289
17634
40248
79364
9939
17131
60471
20313
5292
17511
88692
59624
81903
91778
20901
89026
32046
66217
48614
60771
52094
73853
94844
87463
57554
25875
37061
24677
32663
11171
26584
89130
24862
88882
16350
71514
10954
21808
64527
87569
81393
9543
90155
73584
11875
19339
18794
73219
17332
80043
71135
81404
12378
99797
15540
8039
34428
91778
26739
99308
20937
43880
67157
7658
70609
48055
34839
32832
59904
12906
2487
65813
30818
19192
5809
55150
13659
42047
26199
80844
99429
56007
52727
64822
30407
59344
1453
69015
34670
2743
16299
32123
90555
84030
75008
74418
70409
75416
76178
56221
79522
82668
88908
10237
75720
96621
5305
80461
27898
86625
47890
91127
47605
2804
48914
38031
6832
99397
36639
41477
37268
65018
34835
25269
91540
47296
6061
89326
35335
89172
46755
24881
30824
52019
72684
80699
66395
86800
17054
26324
85499
28621
342
74114
68275
32357
20879
15643
23607
37387
58290
52
56428
48061
78068
32001
85316
43143
74871
95121
98813
82291
94605
13185
55398
60507
30889
45719
51687
72571
203
77351
6167
88595
61835
926
31669
9136
63689
13264
98774
63713
63080
39411
24486
40114
92815
76315
55751
83525
17214
119
55786
84323
50135
12563
42687
81241
87634
11495
74404
42715
41605
58080
21938
53313
47545
79010
23482
24472
59521
85865
66248
69182
38512
15773
99822
28764
86459
97576
45185
16569
77693
25966
26870
48210
91844
82373
22273
60837
57903
75894
91723
85020
77794
90110
25716
21937
9647
12399
21542
95874
55878
91164
80599
97454
19267
13409
99764
6515
61427
20147
15469
85270
22329
80391
47517
62108
37046
25788
81163
84358
16409
7466
20604
4345
41956
74226
44808
77217
62411
86959
97464
91347
68815
78006
46844
22478
68552
36146
58504
1349
74658
48018
34000
11182
76162
54963
82174
86199
57595
90669
6076
65253
91439
49442
8195
65686
35903
97529
39459
81684
32296
80650
43316
78707
11164
99740
75225
50939
84444
23873
10004
32293
22080
84435
84755
3107
85848
47843
63443
14511
20604
95449
50726
60302
83701
48743
27250
62245
27044
65567
26388
98838
33055
98772
23276
99896
45753
52599
60998
49698
31245
94040
95907
89991
48077
76528
4327
90793
7258
11538
56242
61731
54172
80006
28108
9553
10173
9976
96531
8495
70359
59460
27320
39342
65824
34226
50290
70302
63630
39079
89217
98228
95821
8165
98451
42262
79967
84941
42961
83617
18073
25654
46963
75026
38102
81546
27781
1270
72950
74446
26225
58248
55372
18032
42527
32213
44228
52764
87738
3072
87286
56317
64521
66064
68955
63340
98372
64673
87472
78459
50586
54282
55382
94653
57636
70854
19628
35483
58158
61867
53089
24156
88349
47717
78121
44939
49357
21012
44472
3244
76090
58430
98876
9470
65916
15237
51696
8730
57820
96104
67191
53642
87853
47506
78282
70601
85085
96784
54134
1314
13786
70854
29464
10811
12163
63587
38135
40798
25772
85038
80444
52883
84564
17995
93444
50095
26562
27722
86699
87082
28268
19312
52075
79446
62169
13715
55474
931
65092
18310
70879
13499
67635
778
22605
9824
4579
36080
60402
60316
98884
85516
3808
47512
87793
84093
57146
39527
38559
57873
14583
1224
83420
66499
45893
66860
88735
67733
77862
1187
61553
30672
63718
57342
88381
82162
63551
99316
95571
57021
42344
94417
18487
36793
29105
96830
67480
4077
70469
37258
82731
9869
55270
5572
77123
49879
82714
63527
76575
72475
96147
52785
80642
95666
6829
69868
82690
93451
87696
64124
8587
22904
25792
77375
55598
2522
83847
84659
39059
19643
36457
14316
83411
40152
14338
22634
26278
17243
11372
73381
39577
47636
83430
25763
9969
3466
95427
65704
62509
75947
53638
24803
55957
2959
93953
18937
25984
16864
83621
4192
3356
41145
33931
91645
88225
84873
14365
84514
18747
32528
4943
1270
32526
3384
22804
26538
82741
59436
11496
87954
37342
73757
87024
91628
59305
32220
93388
61459
38705
30669
32180
18256
23248
46914
95717
3480
72880
12328
51279
99411
46267
81379
95214
22587
12138
99052
19957
70657
66922
95949
14507
84081
31545
98728
49399
43603
94955
29587
80981
62030
69645
82674
46544
44558
25325
7569
11861
85733
70949
404
75707
43131
62355
1720
32159
77898
23098
26828
40767
80553
79391
9205
57138
6787
26601
20395
32056
32460
64349
40897
95914
99602
60045
95691
7097
65943
26549
35341
57857
89364
28653
39016
99317
75586
65226
39318
68412
92573
9091
20447
73898
8296
25108
21042
26004
39888
28417
80917
74880
11666
89449
6989
56640
7117
40046
97802
32684
65648
85913
58383
47868
18765
84648
57553
26173
82297
5695
28348
68737
21412
48842
88884
18401
83352
61266
65758
7374
49195
59596
35022
10197
90424
33152
56769
82851
28642
77215
68545
80711
87555
81105
20089
12950
95137
74812
77316
9076
40901
20091
96965
44500
18278
17148
75041
96310
85331
86459
1923
77895
58395
76734
14945
31622
12680
44697
25278
42457
1492
50086
10111
72241
21442
10162
3413
4272
44869
62027
88962
30917
12653
88168
97862
13146
30720
70913
39443
90240
41746
54836
49200
20314
49926
12697
20374
87907
61125
30080
96757
23555
63359
46694
43531
42088
13243
18137
80179
21341
12920
90965
54943
11020
58932
16015
63846
82667
19607
60185
68927
5983
50764
15266
50157
64202
90858
43910
33385
1788
86199
47459
72715
31403
84445
88109
29872
13923
297
48753
85403
65224
1192
67875
36948
36495
82741
43962
88394
61079
3757
64191
10335
60110
28960
75495
57086
51678
83771
82641
58391
13833
60097
27566
64994
10390
24589
76971
16423
365
71604
21069
16607
16769
31914
65367
48346
18580
95215
79496
31229
90891
29560
52369
29203
92563
84071
91306
43818
28128
42637
94288
87077
51288
55768
19119
13837
91013
15394
71027
7891
28080
53078
31134
58136
39831
36016
52195
31625
73992
7121
55167
48881
8579
65614
70408
93455
4257
12753
80682
42541
57929
93693
39661
88345
21929
50926
59228
30952
61847
67358
81666
62590
87880
17803
78654
30474
9493
66516
48047
60836
31275
45368
11500
50254
29059
22350
51279
82094
19675
23329
62964
5616
65174
1327
42268
23255
32903
57047
68811
67583
66516
2002
97451
13632
9820
21282
18645
64562
65285
36889
3325
69032
62146
94503
4906
77195
55160
96662
51274
18890
74468
83549
23011
92390
99391
18950
80603
84964
34583
73378
72999
7568
25671
8999
32659
15120
63295
61697
Time spent: 26
Itarations done: 2375640