25248
7342
87089
15122
85551
5366
4888
42087
44239
62619
39530
54812
89587
25998
67706
3007
98457
69564
50521
99418
74457
50076
60477
1834
18092
32535
76204
22103
59410
58156
31321
29917
77483
31167
74267
62226
3044
8012
94438
45309
50682
82735
96641
85846
55256
75735
60662
89796
93480
49588
5654
23432
56168
95224
90084
39575
99172
54554
17139
53919
41798
71471
82775
71218
328
92192
99015
29248
41239
68011
48609
49573
13824
48797
78865
58530
75118
93951
22215
69228
51415
69039
39010
95975
90093
40944
14064
6192
43102
32132
2618
1730
89159
45519
13714
61421
45565
25415
39334
69764
42523
77150
86225
2850
32925
28255
43982
41938
88821
77445
27754
37536
92104
44131
66818
52405
61439
866
71358
70599
70048
43826
98877
71481
99697
32356
59014
32561
45068
7586
40918
43123
29676
82258
20865
81742
19590
79160
9485
35156
24442
83942
27723
13361
56547
69595
58597
46397
78437
44499
7827
31961
6707
73691
20585
39802
55797
23918
43891
68817
99180
86989
94596
95791
97380
43122
91435
50965
92393
36202
36266
4886
96239
46258
84438
53479
7776
60968
27098
43798
76344
67633
19312
91657
93437
9814
27035
4112
34281
78689
33215
34739
90091
38232
38776
67704
28719
15393
17729
47810
96508
21747
37315
48037
27407
11457
33905
93518
56735
21873
43244
41467
46450
87758
19703
50261
16386
67847
43333
57710
41654
73355
5829
28467
20222
42030
86885
23608
36687
58497
80998
91623
48336
81871
11403
79325
97829
5014
72631
13685
13163
36313
76076
11126
90076
64466
34004
29510
64617
39546
6591
89880
74366
79467
53862
59954
75597
89990
79807
9415
30687
68548
29517
18276
5137
47392
1781
43872
16832
19970
69446
29486
61467
85945
57686
68210
97584
44865
16401
19278
12243
66304
37120
10983
4063
65099
7047
54190
14227
14394
63332
33542
8038
36252
9150
39640
59658
19909
79867
54803
20944
31099
2318
7451
61604
92374
73166
65710
52377
33991
93328
49548
25551
37684
34618
2555
87838
21513
82041
79426
79486
42990
90588
73268
70480
29823
18916
28054
59758
82838
53937
55843
96640
34063
20166
5855
74962
84436
75546
13026
59906
90214
31533
87388
95132
14960
99364
92409
3489
14811
56732
390
38493
78772
49492
6073
65674
2892
91559
25803
53042
37441
2821
8915
28104
9573
29682
40439
15233
90478
25737
19808
1671
45650
31144
58918
93011
79647
78409
54729
9773
62605
69568
56520
45486
4765
15184
65992
53710
27414
99108
79589
56489
63870
34590
6738
69977
12552
7144
75138
24299
55652
57469
64811
14225
51573
43735
96287
54776
7038
36766
35167
31655
35667
43860
65177
30206
13814
27472
24959
98607
51581
83451
1
51078
7193
70246
10423
45113
86291
35232
37799
73104
84192
67237
89735
93181
48821
15396
9644
86707
64737
53603
944
70568
84598
37112
49872
11273
63367
93271
99155
84821
82733
11893
45989
1419
88437
52421
12074
67336
1613
64846
60903
87538
6705
29239
18080
22213
63211
54795
84110
97901
36201
43435
15945
39663
91483
15325
93490
34567
55260
14048
80359
58747
95264
57732
34341
383
40618
79060
22382
89190
21030
1921
47293
99315
72452
35321
98989
27061
25944
26246
1753
57407
69265
2312
40818
24064
46553
52321
16511
36604
40501
38261
92290
95219
63537
5816
74148
38727
69778
62117
83226
74691
87907
19245
60891
21849
66635
59912
76097
54534
19022
67775
88559
76352
49686
79014
58069
66122
49843
54059
80232
32918
49058
38800
71961
89023
19792
83116
26282
99729
41020
11246
5266
97088
40616
93275
42423
51136
52684
49973
81379
76516
45649
34189
86404
15068
99674
71241
22166
75669
37856
7947
14988
31435
44642
15428
76022
71392
37054
14290
87867
78809
89544
42490
30547
61610
51704
65952
50144
91632
39539
39933
53996
18968
25650
65139
50029
15225
1426
46805
34628
65272
35219
57164
73381
70860
4494
22228
12107
51515
37048
2250
1753
28167
56681
11976
20091
53225
92046
31519
25556
7132
73935
91633
84146
15931
15876
78188
69009
56956
45665
89819
44129
10486
31348
99971
8497
84049
24166
20034
95187
83038
23104
33725
90986
26405
50928
74605
66498
9390
20009
48337
84132
96647
57692
59266
81907
88533
55616
86877
14729
40989
5172
71892
71595
35109
82102
14032
77128
86388
47313
53883
28913
55571
38071
9835
18283
73156
33984
67740
31542
17807
95613
75700
31044
95286
89992
79321
71091
48992
37006
43791
12357
95773
33323
48318
60298
21436
36448
5727
68001
89178
20472
55450
11966
11189
47225
1649
70503
8718
31785
19903
8770
39175
19688
35654
1875
134
34674
85520
8083
29616
440
8627
37813
9610
87623
79268
50957
45510
88121
84471
54994
38008
72850
70491
69401
85937
46182
30756
68123
58680
70539
84463
11098
54949
98035
99811
28354
21129
12510
48763
25699
36814
54980
41260
39744
87782
78241
75983
81837
37382
52280
62028
75361
76135
21108
11286
9001
76336
93802
74833
99704
3548
37761
98329
83409
40086
30589
1168
29069
56943
18497
42069
2022
30092
23766
19806
86499
34679
41546
71961
13840
66359
67173
76830
32956
32865
99148
34076
2619
30882
70108
98205
81371
73380
68308
65639
40154
60806
25575
70920
25194
95860
64137
30515
54262
26065
14427
83695
38095
60931
38644
19154
80610
51260
20794
43291
26454
36931
12895
41511
92527
66555
59187
7419
41282
67409
55416
66454
27943
97342
38671
279
81211
41656
44726
86180
57593
27452
14490
1730
43198
15534
78907
9155
63627
95669
2544
26125
2575
54870
20087
10085
22766
10319
57108
31805
29100
98676
86731
90448
13150
91695
37167
27290
70632
64475
31637
28087
89009
77090
11790
65159
61088
42981
68515
19392
92306
48194
79894
39661
34305
54404
35053
42583
95492
65630
4826
29044
50468
63657
5348
95601
94505
20388
89127
48646
66724
76712
89606
87140
96163
36928
39882
5740
8637
65387
83989
84319
69093
87712
39
72162
24119
92819
58507
45517
52322
3935
46097
15736
26479
36892
95847
91888
40694
92220
77546
56508
58227
33888
19018
96072
91224
92039
48449
38805
32279
89625
70723
91605
19563
33631
16563
35138
32206
30344
32326
31571
80686
81181
10385
22963
78152
90616
95322
49972
52957
71019
39512
316
90081
60533
23189
4378
69718
79617
98714
31329
4985
39448
66523
3330
67521
81139
41100
37665
29689
68527
19338
47041
45168
79313
20772
76860
35901
39384
29423
34895
52686
23397
30366
73609
29149
1061
654
18265
54378
42987
83848
94996
48232
12621
50141
2171
35094
61459
19988
85700
76847
13617
8106
24279
43862
72785
26873
4177
74011
9702
73389
64769
94021
91503
12862
25841
54934
95650
62454
65589
63992
10606
74382
4264
78978
63050
14809
62599
67833
27107
35937
6398
26341
64944
42717
59129
89712
20058
62737
62846
70106
34658
38080
94469
1447
90780
71328
99198
75308
81123
74414
85795
7250
65
88616
39435
81636
7910
66777
47064
84810
62137
34683
97428
51434
28292
77560
13374
16864
80106
29768
97553
89630
73548
81016
24322
32395
32712
50824
90413
67233
16824
24436
44862
1591
47098
88032
54715
5043
59775
48845
27193
53713
17405
76651
1291
99215
54285
57119
42175
12014
53921
4626
20295
95309
56505
42412
33800
64838
72585
21306
37582
42479
35500
14780
75243
17052
59581
97698
71288
84437
83745
88898
29978
90948
70816
13615
4634
68821
1761
20752
46510
70753
51015
72143
15956
81631
54129
6210
40213
9886
82237
66782
31981
38355
19176
79351
40805
45115
96538
51685
95376
88424
79578
73445
8967
86732
12579
90358
62568
14658
26154
32480
50621
78914
80926
83230
72865
34319
72116
86118
82396
49389
47815
99473
54885
33423
38
25982
26773
92555
72145
63474
61309
90958
88815
46152
40456
55194
55464
71331
47982
74629
92871
35770
4452
18926
69718
37789
38369
14798
70886
36641
29403
98531
92524
98976
39380
88229
86308
3720
54668
287
84734
21364
99591
68306
26911
31374
44680
9471
70053
92316
25865
23350
15670
33322
11087
1154
1491
92622
99395
69672
10213
89122
14199
93426
24387
76421
57182
11016
13128
95112
22252
87214
70795
8888
29965
21028
40367
82696
32008
61808
44996
37081
52615
50377
20042
91852
79200
20249
84880
94341
88019
65196
18854
12770
92352
3721
8992
63632
30455
48458
18432
33491
68468
19076
83985
50216
79481
20942
88852
56464
74127
48651
72261
39047
362
63427
31589
71879
488
36500
44560
37281
12032
46749
89175
700
25720
70189
67253
27290
68621
1372
43831
45258
63379
2294
99124
80572
25561
83104
52338
10321
242
80750
57394
7942
6280
16601
89400
82509
52118
82176
37751
46404
10504
23305
96783
80969
91150
67329
98158
8087
30185
65448
60490
17171
23115
2822
41206
41638
64067
62775
63226
26743
18261
18253
54766
81466
46905
63607
84432
61221
24166
92877
95720
85218
34353
76906
45156
52606
14159
90963
26528
84893
9545
96969
20005
88625
49808
89992
39400
1970
2366
77398
63474
61574
60988
70805
27833
1946
37452
35983
22892
78650
72056
63877
90288
88677
51913
97136
35267
46653
27637
70835
75767
63911
48811
3531
30283
68944
96538
5362
6054
2403
77397
53567
86729
17560
57317
22645
34386
18002
56131
46317
14610
68377
94009
31481
25331
21100
79496
40595
60218
12195
55529
8204
65617
92840
74621
59772
56424
79659
57272
56565
40697
26465
98737
99001
65455
42887
28420
82706
36807
11202
93462
16474
86421
81709
33475
79361
53286
59076
36959
15366
24865
27400
21532
38447
34912
34
59958
48088
46595
21799
81807
36155
59048
95784
16667
99518
63059
54711
8941
59708
37323
47726
26593
30815
20545
67465
6582
69915
16651
99376
28275
90492
90451
35549
82784
18656
89334
58662
10964
24361
82911
68174
15711
65454
47015
90501
15242
41006
31024
87699
93184
62261
38255
55024
18616
14421
17963
76766
54572
604
14495
91863
47095
30451
44230
6075
88556
40231
74162
75870
78760
8678
57316
80658
65263
63403
39701
94678
30351
56398
91035
67560
6310
23959
27282
23476
42885
36317
86800
92814
21247
85308
93957
97401
7316
54622
94101
20600
63943
66485
72031
6939
96260
1055
72458
52477
87395
40408
25407
66711
92789
97639
42110
9582
521
53478
87683
33053
32328
37691
55698
85678
55407
60669
66752
70768
98647
21762
88231
83962
18555
95233
25683
94445
39987
22160
67571
75495
4636
17184
74638
34735
96322
32667
92726
42167
76260
9677
33601
4977
53768
85120
12202
92086
38293
17441
50675
68562
67175
39480
59691
60260
80213
46398
85723
32421
16893
79036
69352
32493
45049
68609
94105
17040
90750
67378
17951
55367
28395
1690
70291
78383
7237
48793
66131
20200
36026
56837
36104
82115
20932
98705
96079
33880
53631
74604
83370
55516
76170
55820
67841
14463
7176
92568
5729
67477
99980
92603
41572
74415
17413
14029
79374
11975
50294
5730
37966
79408
77053
71875
77503
95402
60463
33161
34152
95540
4117
6773
28214
53156
46071
29472
17300
62887
49978
3801
50644
45871
65084
56079
43222
58267
65613
56677
29096
10689
47339
68008
72219
35108
54586
53728
9929
67949
34390
3843
79452
53315
66260
4727
30966
8702
95723
10494
62091
37024
7775
52750
18204
13429
12374
59424
90512
23131
78296
40192
9576
77352
43932
35984
75822
88491
54040
23071
90533
42745
19977
8483
50941
68680
77619
52779
51216
63614
21948
8649
87554
6194
30192
69409
99985
53150
46463
80104
96159
91004
89955
75797
93063
89345
66107
76513
81495
81330
5481
86427
65066
79155
28701
16029
50621
17540
37421
70339
70187
6607
61072
23693
95891
67066
47095
32169
68788
15239
68331
18415
111
63210
35471
482
19188
259
44691
26176
36137
25759
61061
17518
59382
10824
36817
26111
58172
76270
90245
49503
88483
87814
25750
61089
7037
85940
58533
61668
82645
87512
18396
69445
76682
18932
46297
27104
5221
66558
64617
19501
14194
59065
97466
63609
95939
28591
40920
53522
50573
32745
34720
17659
48851
57944
66776
72733
84546
66034
49686
39636
13820
90808
44577
20054
66678
38747
71658
19477
81322
99238
39246
42184
56045
23470
43351
76859
35311
88400
38517
37683
46737
22379
57212
25077
83929
32444
59902
22677
86467
39769
30798
52745
2817
99401
95358
70844
34525
53164
24735
92478
50795
40486
9676
9314
31376
70914
31785
70665
42681
44207
33591
77121
77137
89157
90517
57511
89001
80659
17654
77852
41220
86053
2122
61458
37379
86409
37863
83134
50399
16155
53861
37140
75345
65344
69064
68593
27565
92844
77691
1013
79354
5892
67167
88936
78434
71675
97552
73798
19754
39991
26150
23788
48481
72567
43862
93870
56496
94202
911
50927
97355
3695
38711
70749
85329
8365
11942
28560
63054
74997
80290
72825
19257
22171
72880
93281
13109
14169
80047
68452
15029
55060
6913
5340
5056
23051
31114
64564
79409
29817
43091
97890
3456
37293
11493
11947
15008
15276
8530
11817
25734
77188
50538
71304
90443
88502
57539
22828
14090
2555
12236
59261
44575
41864
3690
92409
55762
9587
73807
18452
59609
85363
45828
99321
98901
32530
3139
80822
62807
19635
4055
33246
36318
38088
63572
18284
41594
79998
6697
57245
54379
25461
99549
99890
81802
76938
94267
70665
69306
69888
81645
99629
63846
83433
31442
29125
98154
72591
14499
24011
76565
44496
43067
3232
36724
5019
36148
53579
33529
9337
15213
82666
41685
60266
62301
17475
1541
11518
27288
57268
39164
49577
54047
45213
76131
47516
6222
31784
7076
6805
12528
64798
63787
29065
18755
55893
3456
88730
29083
41328
55702
9670
42822
76165
38051
84131
44387
75219
2788
10695
84067
41593
9457
69479
95089
4199
26740
97407
28492
19332
55049
74174
51482
78208
26903
80361
47266
2294
85975
43190
74699
1343
67711
42534
94700
15230
4481
10034
46971
59994
56466
17581
65408
50953
25835
17899
53448
81305
46218
69611
1671
93327
52108
51914
19108
91107
23517
49876
67015
8673
70086
70368
29262
65458
65800
30762
27029
12231
70573
47812
87179
94935
78177
42467
3421
41319
11351
67916
87339
5818
44383
62764
92346
91822
71068
28987
7831
7299
51664
35239
63009
99665
66312
50018
50421
58875
74361
16390
77567
73898
29143
90186
81788
77040
25952
76980
98337
13044
67343
19660
54459
25442
14329
8032
73337
61340
54656
4636
10954
57625
60064
6869
16158
86523
23276
94469
99657
6514
62442
43571
21211
85791
55859
23804
55920
39767
23011
33248
80326
51587
99313
67601
26928
25148
61431
64530
91760
53846
47636
11922
43842
75059
83373
59642
77595
20341
66077
28403
69717
64358
85246
66481
50564
21771
53866
65274
76731
40629
5512
8059
96311
93232
67803
92833
31232
71020
57349
39726
62098
48719
53942
66257
90115
94805
2439
89547
67988
70278
59670
93648
37057
75802
50640
82235
81504
78477
23417
22197
12106
73797
95308
72020
21786
15817
64276
80361
13160
79101
19031
34856
84264
99723
18803
38941
72844
79397
29558
95348
1863
26776
97248
78957
39287
53002
10655
88790
83748
34796
56500
79204
14345
7693
97697
83715
97634
54448
11997
61383
27751
9245
12719
15330
86669
6986
35874
55695
50734
68797
18722
5242
36912
29790
13615
74796
77609
83218
77992
67862
36418
36336
56470
8993
28861
47591
24182
28871
91941
42231
91907
80580
54231
83959
82947
6144
94289
13964
79366
20200
39324
55488
881
28523
48319
22004
23570
53129
44259
60169
67525
92832
8607
4897
82674
8359
27866
23210
40220
84513
86813
75986
93506
88395
35956
32255
6554
12291
21730
29420
61171
62628
57173
84577
44187
32239
28066
27058
85282
72201
74948
40374
62804
61656
64951
72946
20083
59234
69063
1318
37977
8127
90192
6977
90729
58322
45353
58498
71681
64169
91293
74394
12996
13179
97054
78891
39258
42852
9260
52768
88674
6328
26306
24501
7563
54777
96187
43090
73920
14721
79341
23324
34081
51817
72674
56629
42828
29193
73865
36250
81777
87995
76046
54178
93487
616
22144
89071
9425
72901
15439
19350
68796
675
78320
63719
22217
18037
74726
72548
89289
10128
63463
67879
92381
1471
29323
57254
20247
72457
46884
27119
84602
1210
67883
55284
20362
75801
87215
68677
45988
72660
34899
12643
44208
51050
61778
91040
45373
70579
35216
82620
Time spent: 35
Itarations done: 8037587