84010
80180
80303
28071
99378
78353
52039
5395
32261
44253
49679
30079
93384
30743
43603
69584
28163
64165
64226
1514
11164
34928
99070
71705
58567
45206
13222
43738
65982
38533
8189
94567
54480
12326
92486
82552
73797
6275
36220
51390
68422
67058
21471
36264
59632
12968
80451
6993
34526
60840
34231
17047
61737
32018
6240
26991
72716
24172
86805
36271
57366
21360
67653
88194
23285
16068
48632
9535
58985
33787
42791
8438
23200
83258
70553
82079
54759
3635
38861
79023
60472
43586
46982
20306
92130
86762
47095
7970
67902
33064
14828
40087
28325
55792
52574
7316
42549
81036
56748
67574
96608
77554
29043
82624
2237
2896
1300
53223
62123
24697
73804
7928
15435
24819
37582
84713
66143
98407
62746
94315
65828
79967
86934
69483
82557
64200
30610
85340
37926
40602
99275
82581
35417
27732
6551
37485
35019
75578
66670
530
51389
2582
60085
68857
65819
47661
71674
66915
45918
46967
37499
84335
61109
90120
13070
60389
66948
71330
93794
10371
6736
27055
76545
60811
45013
43768
50248
97632
4268
26908
42905
34208
23545
45240
32672
74713
95648
3615
51394
82274
68208
51523
70438
61095
13172
4844
60702
27102
79094
43850
61364
72576
41113
51780
75237
26854
54619
75202
32516
77359
335
19906
29243
43076
80927
44196
52030
86018
92205
75241
46329
5354
45646
53526
72010
83522
63146
5468
17016
44023
99822
54904
7594
36547
76152
10431
61838
86622
16847
7469
82260
34258
602
41440
72621
38805
22231
1600
94452
45775
56679
3831
49478
95413
93018
25093
85601
2523
75758
62252
76128
52402
50706
73660
14629
38664
63049
13110
1095
15338
96471
32698
68996
47829
73866
13647
17386
25154
62539
82278
67391
39334
39810
82089
58203
46886
78527
2314
34125
2098
6228
8318
51290
92069
76591
79865
50314
9461
67247
39538
99476
70523
84194
45512
11929
23098
9742
30363
79998
92211
78336
90781
49794
79250
2533
71799
80190
64876
67
43548
91601
65452
92163
38571
12099
58174
53106
3389
71028
20984
91583
19235
73624
29985
35417
63831
14038
19228
73054
18543
48740
35625
77531
73440
57431
15153
1619
46510
64405
65643
86490
12724
79737
66108
70453
33628
46701
82928
19193
88784
49517
59159
24429
36694
43817
54807
34010
74671
21155
3132
83230
24695
8425
851
94474
45413
33228
68605
329
59203
57051
2092
23878
87647
89512
84022
19162
8739
49000
42342
34616
84828
27721
21153
12838
61557
52423
77337
81083
4947
6051
28085
18695
26299
90099
52388
9976
42736
62601
92968
4046
34974
82526
14258
6810
93291
27756
46694
24425
87719
30865
87958
62489
59078
94613
37737
60689
3790
7357
14172
8753
17270
77514
37342
46269
68233
45755
68011
96331
99377
13785
58266
20929
88705
49377
4800
14632
60106
88737
95283
72345
1871
59336
3595
76790
37423
89025
20653
51833
93860
50539
4151
18912
30753
14433
92745
75558
24204
48032
58016
87334
49282
3168
61045
47556
67741
81261
39484
12728
7316
50736
75721
65882
13910
18831
87086
94885
68633
27483
34970
98232
87911
51352
71342
47003
66806
24881
28342
38351
83170
14930
9455
73299
53431
85624
59242
79564
19569
72898
72674
78787
51219
97636
54823
66751
66892
98354
57012
35043
13907
57041
96455
13112
97939
25095
13028
50782
19942
30193
28995
93014
60764
59510
55374
21081
51884
69842
32044
47297
84488
71033
97821
54077
38491
65500
61404
62317
58136
3704
84445
98959
61430
33107
93933
9097
46967
76444
12697
24091
53574
74055
33999
53883
35725
64607
69055
19095
40835
58659
64753
76451
13288
80389
22949
19709
4484
14153
52391
57487
38155
94676
49682
79272
65917
22282
36647
21365
49223
67908
78031
35630
20818
56579
65691
45660
11319
82531
83247
47333
74660
14395
58647
73718
9929
94623
71144
97911
56527
23765
3933
91606
34576
47275
23989
92084
13170
30185
26628
55782
15312
13287
3894
92722
10291
93389
83064
82808
1767
59780
34414
72389
92972
49181
65847
37429
99209
52290
6043
78295
82228
16434
27520
80353
1070
40917
76333
34482
9624
54293
56053
62055
82398
96124
60319
30084
16918
99700
60381
73944
43672
86743
31964
67472
72668
40294
49179
93200
19446
17790
82322
69125
82774
2766
11094
82632
91277
70641
5124
67055
96900
61765
29611
31871
69373
13169
5496
23599
37725
99406
90788
51234
32440
72409
52493
57430
4980
70485
67035
54575
40153
87335
21184
73594
31233
53459
85159
92470
57729
84312
94955
21414
91356
92279
11864
22044
57037
42832
23762
29081
92643
59154
14930
24789
83712
44073
59022
88767
97528
93317
83240
8674
4711
19897
10848
91083
55852
95883
13899
55909
75779
44832
98334
32713
48636
85865
99614
2659
93273
38640
88590
46050
70313
47432
74557
62056
19786
72044
45234
24666
1371
23492
1910
26834
98047
93174
32036
43439
48361
35663
11289
12904
92527
17342
42428
97166
53223
35731
19260
30216
23220
47698
50575
6496
98878
18650
91146
92219
81042
19349
4714
65005
63052
52186
27321
254
39310
84538
8463
26241
97272
3263
82208
64211
743
81436
60799
54570
32988
66102
49169
45775
44455
54138
50422
88653
41793
22218
69509
35584
62373
16445
25186
91377
1658
87379
48771
641
99544
77000
82322
85068
46178
25565
88554
63289
37794
68359
50143
95820
98743
35047
67035
98101
87162
47585
56937
55765
18618
36636
26406
57984
74602
60924
7752
37111
10863
19188
50439
65854
44370
90161
14778
16772
77059
22450
40356
33191
9570
23224
52028
95433
8789
62314
22239
91808
19312
16608
30012
19860
50825
28565
44163
50165
30918
42216
11129
82291
85982
10199
46253
10548
1652
36173
11450
95747
18578
28386
11886
8456
39411
92210
59631
69066
58467
82161
33222
60504
76836
67181
8618
30512
32595
36921
49279
32185
58293
91304
20890
73776
76023
10800
39752
61820
54183
694
72904
25196
79384
39003
82775
2010
42032
34775
49478
56034
94713
21187
9836
64934
18805
66135
23787
88621
26619
81948
16044
82808
33913
55422
43700
70217
60735
99510
8948
19850
57354
48846
70139
13402
6411
82681
4126
97054
22445
60861
38183
26830
55603
1166
719
16126
7600
9620
36606
85171
84900
99304
95149
93899
46603
97771
26554
12079
52659
48315
16191
43551
81832
56170
45073
74997
68182
17127
89623
63962
99892
93100
64183
15646
34907
66878
65650
23537
14093
16561
1201
65011
94555
99143
67305
49815
83250
22218
1017
16663
24182
12996
43032
61207
81237
64587
36039
57235
63105
50961
31652
2176
56765
54025
94481
77893
71641
38940
72915
68193
47820
47112
52727
15615
48612
50195
21847
31804
40233
23010
52463
98117
59585
48466
50084
6124
84815
63352
28264
91255
52781
90296
42406
7097
12534
78270
56378
72717
64612
91640
21672
837
12158
46117
20360
80856
41813
88850
60356
47396
59845
59474
14307
12466
32094
49097
61888
77271
15117
95009
29364
68356
20295
10319
20004
61985
22673
49784
94217
70522
11978
55769
89312
65075
84498
11565
65277
99775
91417
53240
25268
84802
91721
55730
87254
27624
5930
14054
76776
24923
30671
86356
69829
41265
53525
51876
39602
54848
2584
64036
51120
85489
75790
46450
3822
45516
21426
88045
43651
70353
82996
42321
53487
92303
79264
25397
83527
18417
63364
37629
1733
61309
93660
4391
28512
50405
53441
43053
69508
20340
76525
15218
75724
33094
71546
15974
41150
40919
88893
85208
94639
38274
41239
99951
55001
82649
71068
21295
96111
86601
56762
24569
12261
96256
62601
37279
83117
75166
67401
45755
12291
6655
51536
8458
53921
12627
82745
31631
47569
62339
17395
21220
53365
10701
25754
23980
16493
62449
57348
10160
92990
5882
85639
30411
37243
97831
10013
303
85689
10177
47460
27292
70901
67418
16361
97024
65596
14715
432
78537
87037
56268
82148
91222
88914
95042
51864
325
29954
86573
31361
72343
36384
91936
98711
26815
68803
77989
65101
66823
63099
66568
33663
56960
39776
78588
65378
44530
66365
53839
87753
87476
13563
52781
8262
60782
67319
62722
36412
62054
46298
37538
75836
26524
26991
97430
20941
91892
97175
3214
81424
24234
42536
98248
62350
27622
20958
80342
47524
12146
94315
25855
69506
87723
68569
38685
917
84359
39545
37949
68560
73472
53975
29907
74399
79414
73220
32036
5597
25539
70561
30166
29578
54920
1994
53170
99455
2291
65207
43977
40217
70803
1738
90509
46687
84879
3253
55655
542
48754
54485
11488
5591
39195
82582
39684
47994
465
85434
7458
11295
89772
79998
66325
14868
42215
45757
49601
98810
85712
38113
63802
48289
38399
11876
78963
36046
63706
25955
23385
62987
41571
96940
79425
93709
38239
31481
58706
16318
21575
95184
7445
4054
74054
69216
55634
19983
1356
4892
77391
85440
20941
11209
74032
27903
42010
652
26312
34636
15953
74516
87730
64700
44671
50613
6944
13837
83102
23406
74041
84237
61798
99451
82814
84348
85631
69510
89147
72674
35443
62736
24246
63870
10934
78088
90685
35487
5093
3413
29100
9362
93194
13644
93852
32903
52633
86097
17088
52425
3839
83082
72379
53218
77046
29884
71471
39154
64862
59594
40670
38430
16396
5383
26993
51421
65120
95508
78472
1653
59694
46667
27847
11536
84658
57280
84364
769
16205
73858
4535
97243
57151
40834
69427
57753
34801
47034
43426
19004
25551
50470
27407
38150
90910
97171
47852
36514
70993
49515
42697
30129
83656
4822
14560
16422
20057
15953
22472
87595
10767
22232
74366
58186
60467
61205
64308
26785
13820
59599
70816
40033
20282
95290
95605
90823
11412
81176
75705
61969
90684
46550
46147
21680
62827
81921
65259
87793
97426
69151
40123
3981
29786
40403
5831
13075
51020
96563
18948
70132
28842
68655
22923
11037
30744
24219
31197
81204
92021
4693
52366
33306
82551
29565
50988
23035
78265
18386
97494
67476
35948
62683
11149
82003
3271
26401
41125
78455
69935
65719
62478
89916
80295
36901
86193
85516
83072
4299
95448
52484
89503
69730
23850
52046
47756
19133
85662
813
18445
22752
52864
89908
53788
31038
49409
30389
41234
80083
99150
5397
71309
57541
20623
16986
29004
82893
9259
38728
88172
24308
85599
23973
9227
8492
16642
74013
1850
79567
36779
40451
16466
28404
4538
21682
70928
44753
31937
14698
2141
41126
14293
303
56291
59563
70099
72347
95895
283
72957
69741
7058
4632
20511
33771
36125
83874
38969
92632
71353
10028
66009
70126
12260
75321
89773
26102
36994
82775
47084
62492
86376
52013
186
70698
32168
11601
18008
53580
86707
2058
85345
28481
41178
32119
51313
6447
90645
14945
7065
47233
15339
60639
51983
9683
39798
16810
67436
52730
84094
29822
67664
93514
54694
46021
38484
96039
96445
84366
6231
46275
41695
89779
1726
67785
47754
19949
97039
45711
9712
27437
96445
56348
72013
73603
57182
44561
39297
51243
520
51940
4643
98749
49096
74862
71678
60211
92630
23512
45925
83078
40825
60451
10337
47818
69665
20451
80107
92494
5281
52094
52683
29236
18173
76017
30298
49310
19835
24716
94425
78801
63666
14467
54202
77910
52553
1166
74198
73415
46625
88832
10796
76076
46412
91985
51045
62595
99010
1289
52993
95180
37827
65620
32304
10868
20130
83083
26414
37453
70811
88553
94511
83207
75684
35958
79306
3523
93102
99765
64866
69224
68799
62048
13706
48437
45582
9036
55868
66821
56909
34171
32933
29356
81310
33485
70668
70987
13287
83496
65463
53143
75514
11842
21752
38464
57066
6523
70294
57031
12852
60880
30495
23979
578
18338
53853
80583
63279
63473
200
8731
87832
4083
53546
12151
82850
2730
80171
66864
22969
45615
68007
18020
780
81655
63416
40600
12514
25287
39148
87465
79095
92791
85552
19753
70258
33813
16062
51900
56202
27298
17488
46325
58591
34174
55881
61339
10700
37918
69469
89877
65132
58505
41653
26366
6768
95282
49056
64398
38455
39937
22318
58810
7455
2014
40622
82349
31768
6320
4866
69346
67195
54073
98939
66605
28357
87809
53749
5207
39888
63811
74436
65996
47625
15242
77634
36220
63857
84165
12710
45139
55559
11277
8559
22366
10028
98475
95859
44277
28447
1237
3593
21067
4646
65348
18226
29815
43681
95619
24056
17409
62866
33043
14121
81272
96465
21209
72391
85490
94540
62815
80111
85340
66262
2777
91760
14112
68529
25686
59444
32752
81807
22280
58445
55013
46875
62082
81194
38678
58514
7550
22133
76840
25149
18800
71703
32328
7104
27402
74156
33068
40317
2748
80896
86489
37284
95123
48776
77071
32438
15924
91045
82678
5306
7298
87578
82546
71537
61074
572
32636
79224
69917
22067
52490
85965
32490
452
1846
20698
88727
54533
24940
53592
31400
85809
5788
7150
25771
42262
8669
42140
70400
70271
74633
43117
49079
15188
7055
10008
56383
95673
7084
34620
27452
82039
13314
3896
66425
54681
59052
25379
47301
5079
85303
14566
56063
68912
37889
18705
53493
48505
33102
77074
64441
90130
97866
33898
41147
30591
77572
26787
5760
17107
57614
70967
50356
34649
63090
47521
61490
45708
85209
82522
40757
58890
32676
73131
12802
94788
21631
76640
47930
10254
98699
28876
77665
75487
38277
99559
48565
72306
67381
23886
42071
96486
49248
72010
86349
2253
286
31068
99827
22808
24103
78016
35537
37177
21013
15768
40387
30753
71780
30005
4145
14552
284
99521
49153
26520
91408
59035
3733
37135
77636
70224
9719
21128
10681
3987
37723
37292
2924
75049
22503
79176
57530
98535
85201
20855
5819
57435
79216
84057
35769
79736
82170
95572
26538
24471
57628
87177
433
67054
27194
14248
65971
56024
26077
33769
53516
85656
63389
87625
38437
91912
72190
82877
5789
32802
13722
47118
35260
58468
95242
64097
75430
11167
71560
62444
32366
20820
26630
38633
19145
77906
73428
44261
112
72209
67910
57266
16502
83310
5932
86863
98541
96681
60841
32810
53165
97866
23791
31027
66278
66473
28895
69620
73740
51553
80942
52090
36258
60435
54692
17747
99945
34212
1660
3324
36494
14791
82798
44309
34776
30798
43659
69696
59091
42601
62362
39661
98418
90364
30114
12088
5705
83220
69015
931
66555
52591
52564
7054
42652
68102
70515
60520
6826
80695
71653
12196
23874
14271
25569
52122
34098
74542
67650
12232
64948
81788
30293
31859
30275
62798
17714
25837
76372
56538
51771
97101
99347
97937
1852
78338
89299
44672
13146
70551
53369
2951
64516
70333
31940
90030
19715
42172
50088
43563
83810
97322
39843
50864
40481
86537
27917
24797
25235
419
8231
97209
84590
98173
8947
35727
81953
53228
19622
15205
37149
12496
65725
91214
28501
14967
4930
29725
43829
4881
72470
44491
39918
4898
21237
81611
58753
85485
86462
69395
53236
78172
54458
20864
95083
32370
30279
36095
73291
8132
80087
2113
42787
30520
70605
29130
49803
5186
40241
93685
43022
9324
14304
81594
77680
27301
20186
36608
33599
96112
67461
24292
97499
62209
32572
14876
4968
28301
28099
73694
98116
86408
42558
23305
31192
91760
8270
7523
48364
31024
92043
44301
65352
77945
6229
1791
9779
9613
6206
69880
13841
77396
74383
28128
7326
87999
90551
30256
29000
52167
53737
35215
60056
1198
51665
15332
84546
54779
70518
63167
98670
47532
99894
426
23250
86258
15696
64675
21924
14994
17132
12542
91312
10848
53100
31753
68839
19951
97937
98546
98893
69972
26830
51907
8665
63259
97168
81534
71253
63023
63671
42555
75556
33870
42353
16765
79946
87555
91214
37530
99903
15008
93986
83443
68531
56465
17382
24496
13283
72994
61956
73714
12248
34727
42062
57096
28976
33796
11315
65180
76115
63280
96564
90667
25002
77382
15592
88273
60892
62617
31581
15353
81633
4957
40838
24808
51378
33687
99378
85432
50327
59159
68629
99049
6478
98656
907
68704
56054
2292
91213
47614
55510
49132
93537
64743
59940
82682
37009
79548
90194
94416
80124
65872
34210
44215
9669
62888
66772
27357
25112
59656
26362
59162
48887
99057
57733
50406
68358
96769
14540
89344
46183
71403
17567
29421
32416
73049
81047
5734
73844
79224
52030
67824
43943
99566
55961
21557
10234
93599
5346
18676
14963
59547
7804
18986
69681
96350
4828
77252
54675
75966
83208
74491
70131
88475
27340
21695
7508
38646
22552
12936
96788
Time spent: 17
Itarations done: 1767016