66692
4169
1063
66452
41118
92472
24213
59570
31977
87999
1931
35158
22826
25917
20549
59303
6618
58776
37106
9322
4323
38332
27532
32831
1023
47494
9387
95694
101
49635
64640
20690
81002
83183
5631
24750
21568
5639
85679
34159
12007
83097
54716
94352
44349
28833
99880
93738
8571
17695
91177
89475
64572
41791
73113
57164
87789
27352
4636
86182
5493
2684
51782
7654
50654
92770
80065
73071
60762
17326
76992
98098
40093
86038
58988
48376
85671
17223
81553
71883
49508
54276
76691
75951
72714
18072
87406
6067
80681
12850
55511
8308
72776
98161
46050
47603
74839
50076
59288
9949
48289
61132
89547
38313
65728
70396
39071
39155
69687
72540
84680
49310
28526
27950
25123
71477
91470
84693
7848
70589
23398
27529
45346
73094
69222
89196
83265
26468
57558
94832
75160
57268
3908
61665
52062
12600
14630
43003
48958
82084
24772
88071
64845
75245
25164
87387
88171
72687
47170
87147
15304
78523
77119
85462
26064
76215
66659
68338
57447
30326
90147
3908
34301
82629
75685
89720
74038
62616
2507
39750
81396
69647
14179
5362
88805
86801
44429
47546
78088
54986
90402
16572
40024
69890
96773
49556
89757
64115
33364
66485
58024
2137
58790
30864
20929
46706
63142
42447
14215
51870
73829
46384
1967
24
90434
75644
34207
28220
86814
91725
33012
82413
81659
52428
92603
97431
32315
14851
65267
25116
50959
76808
32034
23483
77041
70501
24688
75618
65401
48537
74028
28707
65599
44313
8171
30713
74727
46258
14286
95108
43316
98614
7304
42504
1976
30176
19932
52092
54986
16821
39772
5540
56304
3678
71336
21307
43345
48409
93484
58286
54324
98388
16068
14298
96118
81404
13506
57133
61311
72085
27577
3678
15455
94345
86871
6155
88583
33949
86161
13515
8591
64677
5362
50812
8393
36587
24817
99649
23555
35522
11314
68797
72665
99287
7531
15629
78760
67785
56551
16245
46895
51964
32619
84985
60298
29539
29508
12488
95541
14231
78653
25528
85764
99665
30626
71580
80246
49080
35597
96388
58453
87667
1098
13772
57210
55586
88686
63488
60737
96646
35051
15162
85036
90125
47665
4164
60472
81364
30222
78711
79394
30534
38942
96627
29238
78368
57231
34826
75807
22679
3238
64975
96268
10112
52515
4723
86919
73872
66320
75453
86871
90039
64992
84765
65538
82611
75387
4669
19189
80580
11566
34983
9810
19068
18687
25470
58116
81008
21509
79980
71837
95805
70949
81178
50200
47120
74828
55420
56078
93151
32207
43883
88362
69680
64692
58310
18841
28707
52585
77512
80264
63591
38976
84275
5225
85424
60636
51363
19140
44745
1030
60032
84808
37710
37797
74813
80933
96502
74725
4253
72437
40015
6556
48903
96560
52748
63875
75048
45422
67360
24891
55501
73132
49497
61096
87238
93490
22244
4575
29747
62957
21977
86192
7646
62797
47396
95906
86488
4158
49159
59141
61598
80356
8825
6470
96395
81731
72687
37757
8838
70184
38611
46479
32478
82871
42145
75114
72062
97513
51899
18290
32691
45396
63644
76803
26276
2383
77548
92675
49339
23095
53645
63100
82176
8953
66884
39408
80984
16831
25006
66129
21753
21854
70018
4768
7557
45220
57178
17094
69339
45904
94167
53525
74374
53731
27525
3655
6273
90538
83453
17975
95767
86008
5707
2538
62417
45244
84612
21634
74027
66269
38082
17435
42703
37374
88080
70137
54362
66598
74087
77305
71930
8623
58905
26932
61577
57952
11543
75117
66004
71525
96930
16362
89179
68725
62841
52142
62827
32289
90721
21683
36602
99685
68956
57860
71041
91301
54667
70621
15267
69125
13261
40559
19827
57617
63726
26038
69173
87038
12062
48707
17964
38791
25255
24284
80725
82162
83842
48178
55349
92338
52396
28809
57495
30713
24141
85405
5179
50195
28443
91627
20632
60640
38039
51535
10013
52474
76676
40193
40611
30221
7189
27681
59887
51861
75086
32282
91037
4836
93356
16326
95723
74975
80463
46449
16192
80752
5416
88974
96203
52020
51291
639
33043
29721
81761
5118
31328
51060
83911
16533
13406
63259
65076
82612
90861
78234
1390
72206
16964
40392
71428
24508
20857
30260
59572
10677
70860
67736
80628
32455
26483
10534
59742
96921
16551
65706
99814
61729
24335
45166
82366
40933
69628
99706
77219
97974
52442
60275
81366
29415
63315
116
68055
60723
71181
6876
3369
33661
71344
19906
79497
63801
13288
44683
21397
86229
30907
3710
46692
87654
66177
21153
97440
43969
11390
67180
16759
43719
94765
7112
13374
79986
99594
10456
42735
35880
38018
75276
34671
72119
97147
14574
14414
49113
37399
33001
96355
80515
50802
94645
78038
20380
80444
45599
25665
31869
61335
8632
21786
71867
67661
11532
40860
52924
41741
45544
29019
11627
35944
75820
90644
20781
20425
41897
26239
31722
96722
92998
23640
22635
10108
244
77698
58925
72039
75937
2384
42475
88129
8617
3634
38080
36767
91868
1280
17363
58867
84716
24064
53185
150
91927
52979
30840
93972
93648
55107
16269
84902
85559
32624
36056
71111
13072
9774
79170
87035
96106
94429
26197
56940
44564
80187
48251
24637
58904
29
94780
4994
95026
3178
7178
8809
48215
3065
53412
64207
76977
36226
77792
94937
44336
79453
99565
18754
1555
95671
74192
97542
77192
17792
51970
4936
63044
34176
30081
76864
7761
9363
96197
75796
38771
59376
4469
30434
33651
2169
7993
9166
53192
20677
95802
47789
30145
8476
46971
79872
79991
16151
19596
11570
63072
80306
38216
41769
81038
96484
29662
53185
34797
92327
84389
90330
6009
67929
87988
96248
49686
96606
75915
1489
1518
21217
13368
45997
10358
38667
91817
67434
3576
38381
63846
7892
81063
49316
8792
75061
12212
54442
33061
43595
79497
51682
61093
97782
72078
75914
65566
97541
83409
47921
18804
96405
7876
83078
21201
52295
63299
75052
77085
49777
88421
67986
43598
95909
77561
44358
73956
60897
18181
85133
12902
9467
91372
3827
79212
9201
80116
16765
87766
8037
5687
88062
22037
44724
78645
79769
66730
93219
7638
45137
49903
44846
56570
26098
24032
509
78689
54835
36319
79311
84780
13691
99944
49657
21850
77728
80025
54239
48578
49826
50717
31256
94309
99552
63199
30826
79434
33875
88193
87725
56786
60329
61252
39434
6021
51409
64181
71933
75940
82688
21803
34772
23337
96605
79669
91623
41172
38843
55393
62888
3761
24899
23944
72877
82135
20674
5538
35645
98854
62860
73710
801
98288
2368
90673
33416
5747
27220
7269
20640
36824
10080
35598
81678
96937
30014
13858
7535
80289
38048
34965
72220
37319
71795
3199
38104
30234
75636
16425
24661
37284
49868
45369
22077
98221
34747
95976
8995
15714
33490
96039
77168
40508
92064
43120
74839
71696
83013
87178
55389
97750
85561
98386
58122
88783
14888
88298
54023
26033
29755
10810
60887
20643
39519
68312
69445
30584
39142
87943
24930
31900
23893
13084
76996
38465
74263
75968
44967
93027
55952
78762
45123
71603
49869
12504
92039
53084
12662
85948
16974
6461
69630
19680
42857
39157
58718
84808
17665
31695
76833
30039
35783
56316
27862
46183
70411
40115
35543
62878
99165
86914
63738
58790
29725
16287
81656
93577
22709
13066
22262
37580
64906
6093
8315
83512
67614
11132
62448
73342
51985
79587
75137
63116
36153
92022
77643
78629
57367
23473
55694
85684
46414
86175
44131
10073
21354
24526
62725
94479
82901
97014
89047
72183
74746
30293
15502
70734
18701
71720
4573
32698
46747
98401
38826
55123
29915
63153
60346
4565
47354
70792
8100
60274
48063
81740
91051
74633
32442
34224
79926
16909
21155
61165
61141
84135
84759
53362
72686
21183
79144
86692
33643
91033
69008
87777
86557
75811
24459
59933
94995
69311
44254
29204
77416
42546
93317
98911
12876
25288
41821
20361
24081
48596
58520
97234
28982
36035
41912
41679
53352
14557
69446
91203
13690
39968
7148
77256
12300
96439
49926
8695
34578
34701
56211
96371
2247
59364
99721
98641
15742
62230
85823
11883
13909
25508
70291
64931
89871
86533
74241
1848
28145
63876
10572
53567
70029
93665
24484
5668
71758
14485
3451
66905
93100
69413
30490
31126
42821
64518
38657
3796
11845
34610
74404
33605
44956
19057
92750
49479
37527
43167
88207
53841
95043
33940
11938
64022
60061
72909
37886
25530
93796
3348
18397
43175
97632
64300
13342
89116
73664
19680
85823
50429
52741
87121
32250
73094
63514
48308
54901
44136
76637
40189
91065
29143
34540
84781
84398
48502
69074
14193
21386
32438
16867
87059
58592
42289
65362
72724
34866
83452
1280
359
96728
64047
87648
31576
64894
72575
65552
17185
35210
57714
62403
41403
38226
93898
89817
40125
78237
7405
31041
3798
34795
19467
50438
39986
37575
35217
5646
75885
18875
70345
6820
26860
7175
60882
46746
43493
49828
45817
20640
76677
43342
47099
65098
67991
5620
97051
71919
80846
46152
79365
74423
36875
77316
56556
61413
11544
62825
54138
47059
73158
17757
59759
13766
20243
58755
74160
49477
83676
52618
20033
20876
12048
26902
74767
59612
51351
87058
43494
89929
63426
31246
30017
92969
1526
66155
94912
85563
75895
5004
12458
89446
97421
72338
51052
80600
83273
49330
5370
37847
44798
68014
2771
54808
55040
3172
91309
40007
10924
16597
92210
6147
63407
80014
65772
41516
87891
40135
96400
63949
6664
92198
49831
80973
55386
96746
93619
18483
6387
8526
537
34726
22982
86066
73811
6366
21084
15846
42946
59063
57028
15903
79418
16265
43855
80332
72584
56793
22222
88310
87938
4347
76639
29147
2177
20174
92936
88276
72538
33929
98641
98215
51485
27149
14384
83236
2056
78781
71505
16774
4052
92836
18693
66614
66718
54540
48811
24444
79717
3218
25972
3580
40891
67677
82483
41493
96702
83009
85454
62249
19216
96483
43675
38011
22112
74619
36774
38513
87433
43516
728
72697
34670
30199
96486
7703
14233
23973
21750
96954
48518
43700
99875
61299
75466
79426
94436
45011
71917
74908
53153
11881
47031
31396
80667
55753
99658
42402
76118
74523
27781
14190
48487
96983
63035
87403
40352
57841
78759
51482
49040
87808
86188
35442
33025
22895
90109
66075
31029
39849
22659
7825
1412
93141
11979
37299
10286
62993
70973
59834
58162
23645
10747
45501
37031
6373
93090
47619
52437
62762
36901
68082
28395
30288
84546
50736
36964
64478
15894
16525
58781
29770
70110
2290
86106
34617
98314
28882
25657
55489
23789
3619
45011
19124
30684
57159
33334
2709
37010
25495
14926
67625
33226
14055
62337
63997
83803
22772
4757
30455
95925
68520
16918
66385
56816
14456
3938
72379
29201
4567
68311
38687
72989
6130
56712
11185
30541
82803
36296
79681
72718
56704
42875
14377
53404
69132
76649
22850
61329
16432
95079
12145
89722
20079
67070
18395
66705
88153
7773
9842
2349
39183
9148
78216
11874
88709
17840
8142
68762
43932
88954
54560
26403
12496
62038
64115
22350
7663
63832
48058
45425
24094
41297
51389
2622
65914
67983
65828
70111
31936
46965
2629
50667
1648
54389
75369
88434
19968
29073
42518
11176
48831
15690
24940
80046
39245
11706
44455
27373
78797
51567
26122
54091
86430
85550
69167
40173
58861
75225
19276
93789
21141
32696
68435
27901
97635
76533
67599
6622
99093
63779
62151
47895
16495
84435
50473
3933
23007
72532
21888
66318
11656
96166
51815
58794
38213
37829
19206
87524
96307
65892
64135
15937
24928
28302
21891
19281
37258
70320
54001
52614
64141
89597
46314
35206
25555
93879
59609
14179
79063
19369
99147
20712
45510
1032
16177
73241
79109
60066
66601
13823
31608
88319
29844
86215
58339
64608
34423
77165
27739
33683
45801
46089
25339
15019
46824
62467
88203
85674
81333
55242
66476
99098
37570
53906
84954
60115
19496
67146
69484
75208
91421
1614
10525
36781
84122
70763
59344
80261
19121
81685
91090
73703
41851
16489
23393
60971
54156
44004
49122
81648
1907
7451
27638
33463
4465
34223
80086
26371
9305
5001
51205
1306
17325
1225
32642
51204
52204
22224
90894
87059
40600
26390
6787
37573
29107
4297
12779
57397
88557
35998
9405
46003
46602
19518
52821
46900
45468
83098
31677
5216
43359
9845
93437
10591
65178
10167
37795
41873
61085
74761
67972
60285
49861
28889
79442
68548
8126
87300
70050
64837
16161
78388
75487
72529
86442
66059
69731
19372
81912
48229
21352
72987
77636
52032
63444
13561
31658
77529
17498
39133
8752
64076
9642
54038
44159
66502
31485
86909
43549
31862
27136
21015
90098
61761
33067
96808
69941
30118
58055
64198
33188
1714
66764
20393
79314
63002
22396
68060
92876
33369
51366
68104
58427
72430
16103
41567
51860
36895
20835
95912
39591
69193
29642
12417
16611
19248
46035
33422
79837
10681
89013
30887
64107
63202
1768
20980
64766
74052
46160
13360
32986
43114
68547
48383
57803
98665
70735
80600
42312
43733
83580
12752
40531
96618
20152
70873
46167
43415
80399
38160
14837
55199
89909
32972
57265
48034
81600
24580
62548
80103
71111
29246
97796
86947
34139
18752
83283
53222
67153
3680
60700
7320
1648
24517
56196
3846
46527
95140
89571
28164
53208
95224
96349
17104
33683
838
10406
40388
13051
75775
1384
28470
64923
20094
73388
64208
60624
86886
9217
78156
61260
33491
87917
244
95486
69143
12455
24241
95209
97486
59081
35623
6481
29438
227
38335
53461
59553
58784
91424
9644
57348
23156
32633
22379
23955
89723
22787
44288
4058
2144
92165
48290
23199
25421
8023
41734
41377
26701
11091
49519
75268
34518
88040
6128
43452
13502
56850
82103
31709
22529
42428
71806
58745
20893
11004
86163
46640
49261
13517
26650
64848
40025
60600
64869
21773
5103
14749
15904
23726
8344
38876
72959
7516
54384
84682
65883
79953
16126
39150
16759
65241
79009
72958
92049
69528
1758
50701
92670
20795
80572
69568
80887
31851
56485
90491
16058
64328
24147
13731
60051
42423
84300
29541
17511
76516
31968
43723
96223
8868
87706
37797
8414
86272
60190
73987
85143
97835
75038
96311
42798
89991
16946
10846
23258
85379
10049
50563
27406
87448
4895
43141
75452
48377
49472
3761
56941
14392
96467
69144
78297
39574
39246
73936
76444
76933
75004
46048
43291
13837
65129
63666
97754
17798
12
73380
49535
98175
78384
16258
22001
69524
79710
46660
40283
23131
42247
57215
45098
74684
59094
42627
62851
58105
69883
44810
48165
78207
56711
22378
16308
18192
49529
78608
99853
21874
8348
63725
96420
35114
77533
39753
22523
96084
839
59118
52290
9823
44980
61852
99215
28937
4196
40446
94155
89355
48626
56283
23380
17749
35262
17064
16793
35504
21822
40761
18321
33044
11094
38351
27980
77913
6154
44979
78291
50123
75275
17143
96468
69141
9482
92162
8208
88276
5360
75365
58928
84290
21094
80359
63937
62729
34660
98186
50307
32782
79668
12299
20092
79382
46568
8039
47068
74839
14762
47641
17316
27439
24625
94805
37739
60276
7511
76446
65981
49993
66535
63530
60261
32154
41255
37701
8273
97656
95327
85963
70549
62893
37793
31718
65612
95292
25875
67274
31747
15413
99963
240
23351
76962
69966
64257
38623
46886
6255
73086
29722
69128
88138
16366
16549
97673
28163
5151
10970
27213
21465
75895
59529
33022
65974
52601
29638
55593
61523
48643
96721
30119
23693
62089
37941
66088
41716
81383
1915
28049
68827
71812
3206
55047
58172
57470
85410
83265
47698
48248
7301
4091
53419
86911
32748
98129
52028
7394
47039
34597
21038
2228
79757
15110
57460
94334
87478
71008
14490
96442
38365
94218
79748
19974
45098
93031
68337
64506
12616
16246
19303
78750
2786
81817
65044
34510
69370
79403
89804
96167
83598
90197
5573
99998
53112
81918
51577
79974
35245
92045
66969
89711
59347
8185
95439
73809
2249
90852
55144
36098
6016
61038
47721
37151
87736
92590
86063
28908
67402
7723
92166
393
31813
72943
53525
65207
59959
32155
29403
68879
58473
93981
66761
32132
94540
11030
19705
74715
68001
50359
66029
83729
34462
56374
79737
203
76813
50109
49433
98184
23864
92113
28985
21711
31694
60125
69146
26787
75810
57228
6582
47811
50388
71392
80263
70952
34603
53083
4230
50514
65486
64057
50463
48629
51737
77507
85914
13434
73571
77410
63707
36418
39970
13199
90125
45697
16568
14860
76157
98743
94948
63038
35280
35445
47262
38979
7527
40375
98847
49881
74056
41730
55926
36691
76071
43674
45476
23416
67329
48667
60013
59692
10402
76844
51301
41665
73432
30635
83878
70168
96362
84546
41847
19693
73423
2383
80468
46900
42122
97198
27918
63122
78080
52849
71935
31829
69738
20282
11097
29014
87318
86542
11141
22155
66355
89987
82981
81714
97724
21285
90986
38056
53260
6531
7599
36212
78936
16180
53523
21102
55996
81463
1464
6624
64538
28597
75820
43440
83731
60301
50725
2353
28205
24032
34506
32828
51091
6814
29856
39520
40777
87652
75968
43603
659
60287
11341
60233
28981
11359
44147
28655
9341
2096
80817
77283
81493
55203
42880
92479
86803
92910
97117
86833
73049
6967
34756
30401
99185
66872
61663
16687
2315
88759
3422
84038
76290
94055
86681
2720
64197
84434
31308
68080
85457
47553
76669
11029
2324
86672
69710
48471
80314
36512
62587
48408
12377
87547
3192
77062
57625
91439
53213
28710
91994
61412
35264
12824
80418
13122
93122
87669
57935
13927
47276
84686
50611
21469
41741
63781
76217
96056
7497
76088
39341
65625
12934
87795
75925
6870
32315
36322
8178
81665
39562
48425
42399
33973
26530
48739
79457
9212
52490
26818
10498
5387
54673
10896
38907
3294
88469
17407
3648
51719
20328
6734
78788
2780
66367
77679
89373
2444
55381
75852
14747
41716
96190
74469
47023
65127
46177
9959
34586
14888
10359
19350
68380
61412
48521
31585
62143
33947
31670
10681
36875
18610
68481
35128
44507
35417
17429
24917
56088
40711
10943
95312
95742
26919
44174
24742
23259
7654
22885
73140
55355
82937
22474
76603
68503
76668
83299
74409
44679
26451
56225
95238
5426
84530
16735
40883
29404
57774
85926
57754
63857
74565
32414
79187
21438
16910
80366
54854
392
97196
15855
57499
78304
90774
66181
71776
7457
57905
24985
25137
83295
1587
9750
16532
66587
11406
67665
35092
14557
37786
90852
38021
16630
25870
62606
74614
36338
13772
32565
1591
32580
66028
10613
33898
70578
69829
76852
14635
35735
68984
28117
67983
32061
48531
20275
19793
80887
11555
19946
31905
35327
8979
49310
98347
91256
92983
93290
94217
6542
65186
39699
51368
36849
81828
39806
58924
58532
59946
9307
51222
76975
887
37835
50941
12194
10502
38917
80985
12594
48957
51652
45116
72472
87363
445
4363
19220
83272
29740
43939
92102
12572
56997
33686
56076
11446
29010
33972
81353
88775
24244
88562
72196
66746
16937
76111
46927
95407
7559
62761
55194
65523
28557
9742
68258
13328
54365
41913
93386
70633
80290
75875
44394
64232
86162
39590
46981
9671
67524
89326
69669
76168
99664
44368
49038
21854
97926
15037
21365
11482
51522
95422
81885
32365
37436
28606
67577
18536
66070
29256
99727
78013
70879
66101
28474
93501
30553
65125
93114
33007
4173
93243
49163
63574
67295
21748
15997
8691
60067
49037
67357
27943
97245
82873
21067
26068
44366
43918
84058
17821
34373
54279
74074
84930
84604
17506
70445
61883
75358
79796
42842
78434
68112
86033
69185
68431
74020
8917
81668
26940
31430
34533
73351
60623
14957
33580
56823
29953
78027
33860
91177
26077
25831
36697
83845
59989
26273
87630
29820
67203
92766
20020
72340
47185
14621
39144
56368
63565
68300
3896
98980
28509
15945
93385
19265
82621
86355
16526
54414
60356
38002
34163
38375
156
23668
15267
34788
18402
11953
41488
96884
16747
72150
7586
73577
33512
95910
39238
93241
81579
11603
64226
34434
37547
45453
28223
36344
59946
97278
42173
10766
17886
28077
84695
92170
5762
1702
59991
2719
4511
83520
29407
15057
25407
75236
93115
67304
38455
56919
97282
21837
44251
14827
81672
62344
95467
56756
62780
92025
12163
55387
68412
29953
63707
14547
1038
2270
9346
23268
9322
90257
99306
48215
89857
28262
38828
16285
24510
41045
8613
56118
82620
72315
16928
99729
81929
84071
30964
93668
7222
99803
98031
32834
31524
23694
20797
9507
71074
92683
95000
65149
32374
8567
52942
43187
77283
53282
81551
67264
40418
12083
99914
11308
82065
16566
87921
85346
49331
72268
55035
34065
48479
54092
26158
33944
2137
36834
224
79163
76562
77837
6352
66495
16129
84097
42262
25052
14936
77125
30156
88021
88688
15449
66381
70422
83971
46830
72898
99426
76559
40110
80998
41936
65581
90087
90634
87886
66182
97837
52412
77127
39725
3689
13459
2757
77642
90312
53313
84436
72706
79390
11410
81467
69823
16910
73907
7326
87325
79307
44280
14850
39344
35540
69510
44435
69987
68629
31686
66354
30851
94270
43413
2718
94832
13836
4704
84603
1248
4438
88869
85532
69955
79628
25407
73747
5441
50957
39022
42619
35820
82774
85633
11060
96178
60501
98592
33931
70919
86071
21315
26238
55553
73295
56174
84265
84774
40635
3688
81854
772
89198
950
30648
3347
9707
93717
19415
31733
83795
92658
89434
76945
32193
71068
60482
13018
15179
58641
95058
65692
9135
73945
77301
7872
67155
16811
87406
82654
21309
11125
72401
6733
99549
48340
49758
99681
11170
32528
31613
17914
1328
68928
24241
46059
87329
69629
39956
12998
67237
72457
56767
55047
34780
82064
74857
44522
43665
45872
48391
38363
39067
71741
16137
78551
14423
79105
15051
93723
57607
50792
37244
9688
22151
18886
82642
75482
96361
74692
67159
51128
46059
40256
69375
83482
75064
76872
37444
17308
81697
34611
32379
50165
89212
66160
53879
41757
93461
38116
80486
31038
2011
73367
57152
97699
35535
49304
80179
28568
24496
58357
62031
14009
61982
9693
6620
4588
67008
13924
89501
4079
71670
46259
16742
61279
70257
27807
31296
50197
58757
99570
46341
95822
49145
89164
11291
10991
64420
86436
58131
58795
7579
50844
33200
44534
50538
70883
92706
71375
7456
83773
29045
64687
41037
42287
99364
81458
36
84797
47834
73240
1592
24502
48760
63736
52903
24292
48906
35462
53397
64791
54314
93839
30715
44888
89410
91601
41692
76415
54357
51609
12944
47618
20345
21943
4775
33684
31945
33576
56822
26831
30640
7987
14174
43313
74310
79732
38676
40199
3710
57327
81699
40902
98882
44665
31870
25132
75946
84814
54079
86378
97868
68141
4558
97944
11597
67576
40874
57218
78297
25207
45435
97093
33492
16473
46375
63283
99527
60893
50711
56821
74053
31567
1193
32093
35132
39602
30496
22522
36057
34193
14245
38377
11156
64241
17799
44171
77602
93188
90822
76713
97648
45205
88356
9140
60721
87879
87470
1095
55469
24260
24481
721
28105
75394
99362
80252
65299
83427
81136
93701
97388
54882
879
42552
90808
93929
37449
23297
87442
46213
85095
9314
52941
85292
41846
88801
16137
25739
72878
40353
17268
39664
84040
78242
34027
86703
87298
40598
21360
41448
52042
25406
83399
16854
14060
1599
94136
37307
57429
35540
97152
10869
93647
76756
44136
86633
37052
41068
76959
60142
15894
14100
18676
7561
64394
73641
15151
87528
12688
95453
60833
48587
28786
63859
49794
19619
69489
55790
16223
40890
65668
4987
67401
14124
1395
81638
66512
11425
46122
41993
92733
84945
64435
12341
91622
61861
58860
72243
30149
92505
97801
93009
87581
43458
42873
69165
45947
91929
17728
52990
91979
82943
53961
65233
6164
56644
8710
8689
93965
39472
73324
55581
9267
19976
82770
14558
30757
97762
91428
8578
78217
2323
2482
11098
97609
27454
25357
94703
1329
16491
88442
43681
23186
63805
52837
70033
36398
68756
56904
51037
87309
89774
71150
75686
17549
98242
58266
47235
83010
24580
14129
39533
29246
22184
12132
45964
49867
48824
85451
91525
36928
79666
59633
975
30555
21228
91418
28939
88722
91402
78718
61482
27579
67103
81437
92903
27678
78138
33121
66370
62134
43586
29394
42489
78998
5259
50705
26028
62049
11760
14143
37744
1684
46182
51880
65641
30771
70706
82286
67949
19086
82097
73812
28762
74331
33588
1476
86465
67787
80651
61105
65004
88260
50830
37420
38471
29282
21148
18688
50663
31398
10475
12806
92936
33904
58839
47578
16118
38548
70807
31344
15150
51452
45886
9250
78824
48942
5299
75129
41138
7968
51569
89297
5732
52448
64979
8533
40290
93132
49330
56095
53958
80500
88288
46817
77530
47699
63214
35175
63538
93678
13506
72679
11363
45468
91300
44993
1094
42910
73824
8938
89113
9202
48688
64824
78228
6234
80149
80548
25687
24978
97628
30455
93492
28091
21704
24162
77202
44400
57373
78411
71747
13082
39514
28427
45787
89144
11318
84383
99746
51158
52855
13239
76900
97281
54018
66598
81762
76186
43734
81138
35480
75829
45662
49796
64102
84855
29497
99057
72273
48989
66573
10555
2320
67860
78617
93636
16645
16527
89314
49633
69971
30331
49768
68280
57228
61733
10991
62056
32720
3450
59240
75190
96708
73440
13306
638
36651
74225
6791
558
92100
71526
42971
53647
84583
85344
15000
46128
16826
50379
30026
82316
99247
82098
62207
15327
5933
79753
86667
88898
97125
8305
14116
37176
70772
27496
54146
10977
21799
78182
84145
86174
94472
93570
90333
62731
10634
76144
77584
81363
44531
69848
15503
68851
93609
61457
99663
72785
63856
65123
58941
61824
48152
79709
32587
48512
26585
59782
73936
38280
58774
8061
11629
20478
70008
79608
13737
95098
55359
86207
55356
72303
38919
3152
86068
90994
28919
10027
30060
77304
3738
42142
28754
4274
48655
89856
53485
19920
38712
59363
74055
82464
29138
346
67914
78729
71543
13480
94283
4520
21455
73860
37702
54273
40749
45245
46273
1326
27133
14358
51334
49897
22111
44547
57293
5164
58679
33720
33084
38796
10517
62754
19968
23892
95559
37474
94347
75473
68531
59805
88801
60493
9448
11863
79738
34827
78025
500
95856
23737
57573
89224
88015
87053
56199
39445
28203
627
67984
93610
72926
41568
22307
59103
34677
86359
65581
93634
54038
18167
26435
50407
54553
92472
12712
14463
92644
28612
76643
50382
85699
78921
63195
85931
12812
76847
25803
76234
34793
80749
53564
28722
72660
11063
4475
20363
17180
25077
80390
5572
15939
85785
11125
95741
98945
59108
37490
89439
58995
17224
96031
46124
98782
34860
11861
25611
93191
40058
206
60531
92243
21309
62165
89685
7868
98869
35648
56465
85932
39668
28589
68384
63926
32437
18266
21317
54233
42491
47911
15159
73089
34084
89799
26403
56145
82312
72605
57528
62959
96277
90060
53096
74811
40515
17806
58115
32903
72698
65828
95500
47296
12151
84962
56325
30883
15976
27720
29128
77228
67385
36013
42626
6288
74287
91379
60016
47842
35301
16906
42377
18848
55024
64284
93760
78038
80746
54297
11166
8714
88751
64538
88891
89004
69927
74249
68605
57785
51618
82937
84072
74005
45466
16759
22532
97342
29477
24670
13555
88897
56606
44953
60582
42093
31863
91956
50350
5959
15286
72760
11080
55685
89077
93966
41568
98613
73773
59909
190
77774
90550
95349
25386
49610
44561
48060
57305
67723
47703
39687
44083
263
8246
36920
45603
45018
89509
9211
92613
83308
80066
24149
19736
31463
23942
7113
67146
6962
30825
57895
37604
25248
23545
73767
3060
82765
82889
75792
78165
61960
18287
73199
16811
14779
26972
29233
42229
42614
3946
11133
91144
92723
30400
16767
38204
33789
99189
70930
68100
56628
32569
75423
79731
69940
9577
78771
39275
25578
48295
3815
47170
12968
81684
34379
47773
8125
24753
15838
89885
49126
55541
68649
41311
36957
22723
48787
71294
28335
48600
14471
40941
95386
17829
74738
83612
76000
29431
2109
14819
28248
42488
88997
84269
32381
64345
15446
71499
54783
14264
74472
30933
99629
45152
70428
12182
26082
21331
65774
17108
1531
31263
2032
6391
94661
60754
61886
35250
86076
64321
71092
80519
88771
50285
61226
19353
25884
38583
27310
33697
8990
59376
17933
43965
96615
35248
89769
20447
89697
30118
43199
81589
38400
53932
31295
64559
92991
83809
485
45408
30398
99497
77983
93661
27651
33844
68439
69305
33545
7436
60214
8923
10696
50643
70350
2114
81574
16018
76499
29348
14135
49316
93964
18071
25387
18393
56480
75118
64479
95760
50491
70410
60861
52864
34398
79424
87604
51903
46632
40051
95147
14527
69384
43259
16523
5793
68450
56347
31573
96484
73870
72604
4671
57232
917
91835
78196
93823
36478
62479
12254
54665
31970
57944
10102
28592
50696
17298
58264
4021
14886
53611
40519
78932
85669
21990
55720
95210
87829
43771
80843
20617
60447
3335
72728
16984
74377
69654
94618
14161
8007
45969
86925
55861
13867
17859
75587
95730
40375
52514
25893
99813
95385
150
4872
55038
51188
62277
11120
92428
94224
20930
67356
8448
17011
67987
48083
8243
34647
34345
32362
461
83748
95003
30039
44950
27776
17969
28693
91820
49467
32467
48087
53190
58433
15026
69126
17412
79972
30835
25098
49620
19777
22108
4411
22184
18444
5262
16077
83971
19538
24324
11891
8265
75494
9264
42539
55794
6706
4853
48787
51510
10933
68145
53482
1598
92478
80848
25243
70659
43611
86609
30530
98080
64310
42629
77214
57317
50632
70041
79818
52156
16889
98150
44254
99959
42293
23877
78219
73496
48858
49656
82308
60167
24056
20553
66463
50254
99127
54516
66564
84289
81898
48448
6743
73717
21591
47158
64460
58741
52355
82308
47392
82555
22081
24082
83913
42142
63593
39584
62184
22391
6386
18889
26852
32489
58835
12138
56867
41386
13170
19282
3132
52577
38472
87780
60483
67541
30606
3001
84916
61863
82181
1081
44068
38427
20563
94626
6580
27984
37386
77921
34304
79037
99172
70228
40253
16122
85383
63218
14695
48471
47593
61796
2035
79432
21465
46292
31859
1152
51825
38407
69002
58720
10365
23332
49506
33275
95370
66086
12046
24594
3354
61393
17673
10198
53595
73319
74663
20270
28318
53402
49817
95474
63607
74155
52728
88252
89144
78602
25313
27229
68476
25868
55373
89086
35738
7916
59960
12585
59640
23118
52016
45379
91011
18651
12065
35837
66299
55577
35637
69307
46160
8022
16679
1083
65658
80959
57371
56796
60557
19937
65567
55014
12812
90421
12505
56591
27605
24497
75493
60560
14133
68277
82939
47411
92851
14664
12392
17102
92962
72985
66213
81395
35722
9555
64008
47953
21453
91357
46160
77039
51178
78806
78586
808
17380
42947
85269
69831
92638
27472
12177
31862
29756
36569
43838
53789
62488
5902
52159
69313
62068
5897
55995
72095
61509
34050
9523
76938
6976
76100
17656
40042
33549
54679
97530
63450
91292
38473
66520
8483
66773
54899
39303
8349
55078
35003
59148
1000
37805
20504
71924
99955
13674
79837
75233
82979
10110
12555
39638
6333
76509
69591
4122
45812
22929
80661
93719
24813
21494
59470
93677
14419
32101
52420
41586
80814
48848
7140
66542
11286
89095
63459
12753
71662
63183
11302
33909
35243
69592
17538
34174
76113
57653
96937
61852
38167
87934
91167
32580
75290
99034
24161
70304
7815
58764
22189
6377
55722
37522
22645
69766
90005
92208
46779
34677
90204
90107
78561
65816
8325
33898
74320
16059
17168
71345
25999
86501
64594
86182
14602
54612
64279
70336
19812
12692
28269
71851
96798
35862
86949
97772
91836
16471
47994
26696
44677
60151
17482
51845
17456
37639
43511
32235
97495
26043
45545
76876
44443
53423
61123
24943
91029
81338
75676
13464
61040
21444
913
43292
38200
84277
32520
64016
5239
1043
48935
98953
73740
42508
9508
22447
42204
83042
72556
83477
52357
22399
81683
41915
61789
82998
62177
46776
14853
46267
28361
39396
73112
78052
27525
8748
61637
20111
36348
60930
98134
92440
81715
90366
98107
59419
79401
56384
91196
61744
71290
75551
41330
5633
94653
37529
36465
30964
35447
40177
2493
50846
1686
18288
244
66483
2643
9514
84568
13313
34972
60971
40108
87016
57790
30454
59645
31346
85369
77318
97800
43606
38237
69839
15385
68188
71395
58194
27855
3754
41748
75227
85056
45419
85963
30752
38904
19762
54679
59406
589
47499
89294
66896
49605
86362
33551
95015
33123
65006
43701
91874
86157
17708
98225
30567
10476
69156
10959
66826
73351
98821
19885
64228
26017
35185
57955
44117
96111
91549
12031
36659
78364
57162
41320
19280
33479
130
57684
29271
6388
21820
66754
28406
91990
26437
31001
79203
8959
33982
43741
64793
90405
69977
96515
47356
63891
11155
81361
13704
72738
52724
94197
821
85547
89874
95896
29039
51540
73870
43533
96012
85544
11375
25941
767
8396
24564
24842
73848
26018
79168
75721
86936
3577
17719
21014
3302
79912
6106
32305
9093
71809
12971
27889
34648
37712
93498
27445
34946
6111
41863
66469
48740
25122
9880
39722
97082
56654
63329
55173
13636
21096
61988
57702
21589
96587
4565
25334
84915
90704
75542
49826
65393
31804
67357
88144
10998
72273
28392
11711
86151
56575
4947
86244
29813
83261
3623
86586
93513
82019
99522
88173
68123
34314
55187
79550
55600
89368
95385
8872
79849
65964
3650
11365
59513
84959
67914
64440
84725
47417
4617
82491
49703
58924
33355
94362
93593
1882
57427
43048
93030
74530
29564
9396
31683
47902
46692
89428
44348
40113
22733
48329
96207
71132
34254
33254
11430
40562
20223
51808
9573
66023
44142
13375
43068
30315
94545
86441
54584
11863
8109
46628
89185
14806
48590
77379
2907
72621
64319
38041
6766
72328
77177
32578
73184
35067
26776
96203
10456
93262
4995
66945
80075
24592
68056
24488
91647
38617
6030
59572
60583
63215
82934
83847
54872
44845
34533
2256
88990
59193
25479
47865
45354
26882
22634
22521
16715
42725
37192
95788
66515
56362
24654
89328
98440
87171
8770
14222
11298
16962
13213
34686
90823
80258
43077
3212
56107
63832
57203
49375
35132
34722
11886
7395
91206
39060
36702
35960
60115
52836
23986
17943
86405
20125
74917
27325
66454
84279
47227
15980
15855
3298
92219
3919
79115
41799
52075
53202
90790
48933
12370
67906
78928
64124
69263
90376
74026
40608
75990
57452
49727
40576
79113
39442
75070
35071
41376
9314
2372
36834
75107
79911
49647
4937
77725
2968
61993
86303
69285
45262
52478
1099
80845
44459
29766
36549
32048
45
17147
86793
66450
73179
55564
65245
83948
53395
61873
20281
21085
99789
82813
5076
82034
79650
45015
88108
15791
8464
51863
42073
68343
41785
19153
15866
12566
81692
73218
76811
73106
38369
57552
8443
18711
30809
6958
62942
90253
19729
51859
96697
69134
40478
9654
62497
67788
44054
4838
92506
41697
60327
35140
82424
80622
69106
66993
79155
35675
1931
440
81809
78430
280
90893
89008
68410
24356
53197
64242
26124
40681
2031
45421
70238
16455
1923
94763
79504
13942
10047
70844
82772
9133
95399
5859
63684
55486
9142
88075
90604
75778
62559
81958
46851
92920
41509
66603
41523
4049
49178
36871
26954
61283
22613
91017
35315
47253
12699
23641
73885
23835
52144
53404
86222
88479
61518
41245
94742
94101
59475
96721
89153
75724
50075
27609
14745
79872
57449
61063
44701
11192
66045
53380
91390
94854
3327
9812
23070
2978
70998
55925
4407
8690
90729
37587
71972
12342
80821
77989
89114
31034
21374
86977
98576
54769
97249
479
5740
50402
30487
25993
80595
38028
26837
83824
62288
73486
64657
63198
86576
45423
48678
57363
33526
35641
36008
2463
10487
97444
17221
21213
43683
78257
1494
64316
50662
50025
11504
50078
5422
13698
41147
25817
88195
12600
67131
13437
32668
23530
34119
55928
44857
94177
52323
51579
69885
60739
56324
48324
25613
10619
74370
71929
5351
51626
48530
78601
75815
11339
27813
55129
61042
18105
28718
37832
8158
8619
20688
85305
76679
66091
47533
19424
79468
17744
40146
44003
30521
10685
10668
61233
22401
41169
43799
32219
64496
33863
16994
69884
62137
54900
88099
9999
6226
95367
86275
79254
73143
80323
30094
68047
5545
42509
75292
20071
56081
49654
63877
70795
28074
89573
6204
2575
39948
98233
78063
35404
73432
62548
55976
39209
39513
41854
45626
36122
10678
29863
80698
59275
23137
22342
82411
48483
48533
64850
73628
92522
71061
29574
35662
72771
82990
10627
80785
23609
29221
33150
88888
1226
89865
43109
22920
44414
88688
81921
94395
18427
54889
52846
97694
56110
45797
54563
69815
49319
58901
91398
60886
97997
23055
69424
19958
94328
60731
52939
10474
5018
55894
86819
70314
16021
45347
86805
22390
20927
75352
62000
23539
66760
29845
61681
11813
19046
41772
31990
75244
71815
44861
27137
18794
7584
9568
44491
50421
7370
33983
43206
42064
21459
28176
62064
46837
37894
38737
73717
69840
27571
9223
99790
96716
2316
61731
64083
81470
95497
15040
79608
83041
63467
25533
49244
18726
10542
48549
9538
71809
60236
69860
62472
50596
31114
49647
20999
46559
26898
54657
40740
80386
17363
28127
22401
56504
69058
61642
47357
68963
83052
88241
52248
14600
10676
11903
57573
72979
47597
24972
39924
6871
51622
42112
77860
21882
90242
97089
7388
99327
206
6946
94562
82572
33316
7078
69966
53797
70146
286
72632
85495
6528
43006
19450
89010
56431
12780
50149
11037
69247
62414
97710
48244
29509
68333
99319
60020
92729
23317
94011
59882
12288
7121
49663
57142
29238
92367
24253
2199
29366
7695
94107
61191
20018
85291
75324
8699
42980
65753
23651
80847
19061
19647
22776
75345
15090
72167
61352
19914
34639
85010
55026
56001
60088
57833
91296
808
15535
60637
62284
57416
77548
97928
3280
40116
33944
35707
73417
70078
79506
93148
98904
75079
41981
12208
48936
96269
51693
70518
29765
64799
3764
95546
63332
61640
13200
71324
63477
15020
30008
2969
34943
21653
63999
18781
98193
300
67105
44857
86572
99188
34805
82986
71362
82406
17621
58989
45048
14681
78709
85750
33397
48754
94175
2832
12933
95085
69041
12880
81975
19738
33660
33960
70589
73008
92925
26493
77669
98754
23734
33661
91795
12341
54962
94937
86605
63764
18569
53817
81129
21711
30515
82903
20860
24224
45776
92136
66303
42089
33030
69296
72298
92196
31489
25812
3674
19869
84857
85453
60547
41488
95540
58693
80116
1769
6022
91281
40819
53631
93686
62036
19466
12851
60404
31893
42282
74542
8848
13920
26744
4019
23761
42327
32684
30678
18297
67406
28352
80303
63080
92908
29924
78534
88766
2511
91453
46263
41674
92862
6287
86288
76412
42088
30733
29843
89506
94723
56040
71443
33605
36673
35755
71004
3181
67144
22086
43283
49484
48390
77094
86454
65053
28668
2392
23964
76237
88990
74475
46822
95916
60047
81881
47093
18060
92096
35103
27582
80720
37688
60499
57590
84746
24739
95393
20074
31766
55799
73163
61694
36851
68260
24301
13939
78842
29814
22276
909
74409
23655
71467
87297
743
98681
68544
48749
46121
21447
68359
66005
37631
68583
50754
54088
81000
41154
15635
38311
48692
65672
30265
79952
69404
70437
14918
36238
4538
90407
80873
11579
45424
59008
28190
20032
28812
91048
69782
32576
47562
47370
73009
26986
28445
98908
363
93007
59681
75473
86743
70985
77019
92935
12427
18223
59150
1356
18045
4095
40689
86191
60689
32282
24156
84867
28748
76514
61125
51821
17152
94778
77130
16525
14399
56232
34909
31080
68089
74899
66238
96608
76626
94707
53859
91007
1350
11566
11899
94545
5553
49904
95723
24304
4678
33447
70267
43695
55448
3013
79701
9026
20751
37712
90651
51578
21829
30179
26237
70635
29638
51321
68808
30654
53207
15569
85556
14009
54397
23704
23068
79705
55696
17112
24374
17982
10482
24638
45254
70928
73665
21228
85252
9998
44701
46160
3332
22787
54660
47881
58040
63437
34396
32351
97759
63725
31780
92289
27863
85224
42574
85796
98477
16796
81724
14609
89109
86269
49665
24575
14499
60315
41706
13932
39863
52332
7640
88598
73058
44584
93434
47910
96246
57884
87167
19108
10252
69785
47378
84355
91111
90554
13523
60200
154
55116
85498
96122
46550
78721
11956
56159
74324
54243
45670
35616
34660
39847
8212
43462
8697
97153
55984
50250
66030
92117
54913
61275
79782
63479
52134
25173
70393
96974
79509
29251
17132
17385
36099
64612
58905
25114
74485
66482
4037
59074
59315
48135
82494
63541
75550
50424
3400
73019
38545
23187
25739
6226
98491
39614
10735
77968
37647
20207
736
95991
30407
9022
61254
8825
73448
1667
30392
10154
96020
71857
42989
85474
28922
81349
35611
7546
44769
86656
92901
48624
81874
75209
65816
79457
29392
73489
77935
67755
82342
70127
37275
72103
71694
88102
87970
51243
36913
21897
68662
73178
36208
27829
92616
13744
83151
18773
28330
80087
57451
68101
38815
80911
62355
71898
32729
92418
91477
53382
91196
36524
23836
18950
60432
96252
87432
91357
42139
42115
18926
52328
71229
32868
99813
24198
43499
84157
67915
8214
44721
69439
87138
75743
36947
28907
8120
77823
77892
14288
67720
98417
84876
89969
56298
27188
6090
44284
28259
68707
28831
38665
43594
36799
36890
36951
5951
5039
27407
12286
6232
97425
11275
24882
89814
6879
50582
305
40156
23438
31596
15023
11942
38876
32422
13625
52816
69991
20771
40404
24380
8889
9126
66948
70315
65352
2160
36912
82332
13721
94354
29336
83100
94739
14584
62662
79397
51382
68794
23042
38423
96974
1931
2562
5551
23718
85924
75700
12759
60292
41806
25636
23550
78234
20917
55933
22388
28630
2688
87698
84496
62928
14646
47477
55349
54724
44018
96944
28229
92978
89745
41889
32965
61335
98713
85036
39279
53104
40667
54910
34138
96951
2521
51276
54067
84429
24706
96583
40628
97271
59688
72427
40054
29673
5932
50178
86513
88819
59397
95770
92559
35511
28982
40024
20022
95991
82412
57974
19924
35910
24678
93309
10972
37899
62400
97352
12755
65291
74413
25940
61982
26302
91364
52090
17923
75325
85257
7536
6687
983
83668
62019
63035
54212
52741
85621
3146
63874
38074
16511
2082
72249
13281
74119
55651
98284
62272
16081
77958
2534
13169
36205
23135
84533
49337
40265
22565
90624
46110
16608
97396
48339
20583
39359
40193
71973
36251
3429
59314
3271
74248
92593
44892
60993
68646
24567
46298
73614
4480
325
47526
60544
94119
8820
89132
8952
80068
2820
13229
65700
60477
66746
1453
26817
97372
43208
34944
60611
47026
71353
30040
44722
46913
17185
93769
32288
4336
43711
99134
87905
58060
77046
1801
50139
26225
73550
6985
84121
11284
82620
48182
85097
5892
29926
57826
81802
32420
16691
94059
67143
53174
42040
37487
52908
8404
7480
87146
5076
74866
55280
65839
66818
88916
25769
91607
17348
45066
92566
84288
46569
63407
49235
53955
47787
17484
76081
61499
43773
27943
11594
50663
65050
56693
89455
25583
93552
81335
79103
88209
69618
90247
85495
55918
35814
14995
22032
51242
57175
8636
69527
92831
14186
85977
73648
19577
12195
65034
13435
48338
88952
87663
94323
99720
30551
51776
80471
26135
25312
57528
83320
41639
95004
55537
65913
84060
43288
86462
5848
36460
52371
18148
83661
97214
40618
19079
27959
15813
66211
55019
53833
4949
24948
59484
76861
98523
43870
8107
71442
49938
16672
21937
69243
55348
61684
35398
61249
42509
8721
90880
75161
87462
37200
63834
48848
8457
94662
79768
10095
39405
22220
57667
3070
3548
1400
3169
72727
92180
15507
79164
29792
2893
87840
1574
71039
7215
18978
43638
22215
98417
95823
83379
4300
16885
86214
95745
97700
62619
64662
73493
93515
82308
37111
59009
76230
61821
45622
83013
77927
64103
37506
35522
80595
27116
77643
39434
20139
76829
67602
57770
63349
16217
10673
41841
87442
22789
28018
19552
90646
24404
87901
30529
1920
25928
57304
37925
38014
27785
23247
85523
76918
11499
59727
23148
78156
67055
35418
93425
82438
2226
67183
58556
65847
4979
24870
47064
7061
26649
84043
17346
50013
15780
4995
67395
8956
60363
88765
68199
68071
89655
23875
62089
73561
45853
91112
46708
2593
60601
37911
60286
20509
61624
68783
94563
5394
90778
23673
87950
27393
36336
32311
93443
19108
69591
39291
73285
62924
28639
92030
45567
51332
10706
71713
96664
47078
18423
25957
77865
81420
55202
31168
24522
80808
80166
72414
71711
5000
14054
79149
91672
Time spent: 51
Itarations done: 13165525