89811
25393
22703
34936
60071
5708
42063
792
27065
95186
31957
36768
67308
65494
64860
42631
69617
64949
70368
2244
49968
86665
74775
43339
6443
10824
99028
91774
50777
66572
68996
21082
4256
92356
38542
39255
12619
47403
38117
86424
17142
41635
39418
39485
17219
6467
70108
32679
73526
24736
21676
6785
30255
74442
68236
93772
79914
18036
54376
28682
54846
86650
16137
55943
5870
66980
70785
63466
20375
97458
48238
34613
39674
19880
39857
55450
58604
12870
8735
52751
29121
54319
39757
66768
44016
21394
7331
82062
46912
38749
4117
49538
361
28253
4937
33322
45083
96844
36730
7211
345
23038
87535
7204
87939
67205
15387
18939
10412
35850
11415
41897
77931
75981
30557
25794
57586
62047
27976
18877
13946
64991
29620
2657
20316
60638
21310
13128
46443
42923
62342
64616
70271
56427
16757
99163
18907
52188
48318
81688
17063
977
43644
49167
10061
69008
12058
707
32817
72465
60408
84580
16300
79318
56443
98197
58570
19521
75304
67463
38783
98053
70242
13060
19436
79114
20909
42973
64661
24409
90394
32907
497
23575
65611
69256
56871
50644
64765
32865
60371
16830
70300
96118
91962
67010
86073
90679
84404
84916
23461
78774
10404
30378
92690
26947
4459
30869
12862
38020
68825
89156
57026
44307
37224
49055
17053
3145
8646
82053
7193
64409
18025
19024
24876
98920
80551
53289
52658
86506
32070
83963
16182
62992
89249
51817
9579
16474
70100
43830
61967
4998
47990
7133
46535
40112
60374
18243
27125
43750
57278
99269
96359
39533
53972
59210
84020
83790
47235
65520
4753
76480
65342
18761
70091
17676
48076
11512
11420
91398
95060
1583
47673
65297
78139
19168
84392
92085
86750
57720
49260
86565
63938
69158
53265
30753
95120
95418
16393
28803
31667
20417
12050
93327
67063
19201
65395
95165
34636
14292
87332
49810
62780
23246
38131
45398
6073
95916
92450
39542
68878
95145
21032
65304
51752
70377
13393
90175
80396
10123
40546
66198
21904
36256
97126
94211
53703
20796
68251
712
26851
64126
38030
91904
57244
72547
93817
6271
85835
12571
83188
34376
72058
99593
49022
12550
23477
99322
2188
25771
19040
81828
91030
74271
53332
70076
92171
68258
14905
67516
78130
15639
12983
32583
13811
58741
83780
91911
96139
97765
40140
48571
78947
11075
76411
46886
18678
45396
4180
1096
35548
2638
73915
81649
9513
94274
32599
79889
20734
69071
78035
39617
174
45472
96819
52286
77546
96025
14856
61537
1052
38008
46796
12304
56168
81740
3938
9923
29181
76090
8906
25457
45312
69278
69800
94892
60891
72308
86534
11886
4459
72255
97736
6475
42565
93092
27838
35370
92664
42871
60889
83485
17673
17794
50135
90816
14629
56105
70562
74014
53305
47683
35365
7783
29748
8861
26695
67638
74404
26213
36074
12645
94821
57930
70476
4417
38889
56879
56392
16941
36145
45572
66037
90755
11890
29986
97433
24517
71689
86559
63185
77212
22285
94666
81596
75021
29044
15495
18120
78326
9745
37469
95192
66337
29867
18256
74103
39553
95493
53852
13880
23530
36505
96371
29007
81369
34981
23905
340
6892
81518
38164
41734
75642
35675
28625
88651
76651
25792
95499
54417
34333
48176
68087
94822
56933
15954
89952
32388
15609
63856
67819
17926
66552
36786
97229
48852
77453
77222
84724
21305
9202
79343
83672
66217
33839
96216
48875
8269
40637
70479
93670
91050
93556
8644
2504
31782
55413
34486
11811
4586
86759
37946
22517
2552
60762
82542
48596
95771
9322
46505
37867
84998
30194
50680
23550
48769
40074
69695
78113
95548
54391
31975
44554
61905
10996
88886
14478
42705
31971
73653
7225
99976
35456
76587
79760
73353
67715
34830
63179
6912
24558
71946
78401
14744
70811
25577
30994
30705
46689
69814
23056
26627
70721
73019
48711
37592
10338
31553
58982
2960
93222
85168
91701
17422
75264
50819
62583
87676
64217
8196
4713
7175
22093
32504
25429
93940
33894
97850
21951
84572
35428
68046
60090
41355
38799
50713
73993
8747
80533
15314
89099
50580
44409
66010
5382
9916
78690
16268
3384
59796
35788
33666
51730
55005
11295
10589
1487
52485
48890
69322
50141
41196
7772
28503
45914
10973
60107
42004
81804
94330
97383
70974
97917
35188
76613
65155
70566
74132
30019
10499
17070
91088
95116
46731
86326
13201
96044
70680
36938
78207
21563
19059
27070
41737
265
67800
53180
30786
69401
94174
78377
74928
70118
22588
85421
91922
78955
15321
74226
64977
3142
75389
99205
25204
25515
337
7938
44714
83818
62934
99364
53286
8697
97612
67058
14738
24853
39915
31145
37840
40668
330
91039
51052
12984
53570
50392
40360
75809
89701
75530
35141
64390
4485
49146
28253
49381
2875
72102
33443
19774
51803
47966
15680
17802
46254
57249
78173
34210
46053
91309
53597
18079
99893
69485
26444
41820
97811
7296
8448
89001
83705
38359
99649
364
15369
18198
93971
21651
81166
54234
30045
45829
69643
12953
45554
31827
41216
52641
66504
12075
69514
18062
51611
71949
4081
12041
Time spent: 6
Itarations done: 167689