9708
15248
46424
62935
51929
21066
75230
56916
25404
12250
73217
32770
75624
63367
64143
87384
71524
89412
52301
37930
75176
79180
92517
52899
83609
37580
3113
94085
69136
46114
91435
41103
59896
10607
97182
62683
83298
15761
10055
32296
41594
47199
85113
59571
1078
73454
61777
23551
54167
2654
90540
48978
57137
41704
85223
62607
55343
89332
48010
2982
82448
88647
59511
34153
60549
49668
86750
31490
34016
27834
38250
66048
41460
10561
87261
12856
67446
20684
91726
48086
18393
92978
62701
80180
35577
17935
71720
80864
92221
75586
42008
43382
21361
1416
38424
97329
86528
36246
56717
52137
38215
12477
13893
24605
95705
20200
58419
29723
56034
78388
51504
78654
59683
8782
18824
32886
36074
73056
35858
9354
11011
87460
89368
17791
82905
73372
52587
38587
64988
37074
22334
17130
46637
97526
92519
58897
48540
97059
80427
58479
33630
36609
79656
85306
88553
74512
86761
78965
8878
15843
37404
77862
5365
97911
92207
16342
98281
46750
32534
77501
82118
39321
62066
81533
24003
56607
61300
22800
5674
53926
9006
42731
31122
6500
67185
40189
99796
10691
24227
76134
88768
34310
4723
25224
96298
13003
83800
63383
73966
83967
88845
57470
14876
33114
32141
40796
71370
7283
94212
16598
47304
9209
69559
30463
47107
49713
93980
92253
66719
78928
95851
8288
79922
56353
52452
5286
7682
48177
86881
89055
57832
59512
11073
82922
87727
19053
6102
33593
73500
34195
32221
55442
66099
25700
77973
8117
76510
32801
90239
66958
60384
51944
75227
50834
65775
35394
24175
17864
66734
29522
96941
25876
30258
76846
91669
81523
54387
40734
39358
69650
71218
37207
88450
62799
30193
74349
86421
59682
64190
6605
22897
90980
93842
8591
71966
61025
43886
61027
60101
64696
29500
20041
90531
30319
20240
10293
74906
91385
4553
42269
58732
82576
58782
4554
78361
88917
71168
23031
54158
50766
83560
10654
7049
41918
91373
53869
83743
93288
85799
94664
89737
30402
31347
70923
58564
29403
46507
71934
30809
73273
95647
50800
77017
7701
6238
10984
74926
54280
97049
50316
43328
37686
40196
2557
42379
23002
82725
63946
73353
39558
21906
30173
49566
88442
62453
97812
64612
92263
83637
3504
54077
47809
9555
84029
32519
84899
6790
40901
88808
18061
30286
84240
39759
1547
451
12398
74583
62799
22354
56181
70757
94611
51313
79531
25722
32070
68288
82077
28211
26743
53164
93285
88010
57681
34359
82724
53618
86430
49161
36511
73530
71585
70746
66073
98767
7325
45072
22130
81798
39922
33656
84140
135
46396
76700
83462
21665
30293
75111
97081
33158
971
39696
18001
73437
54853
71083
68253
48309
69764
14955
70969
55658
56782
83699
39088
15957
87947
47806
69971
86023
32734
78214
57614
31938
91364
64186
47084
50858
8829
40453
59450
60815
89945
32026
9712
22636
12766
65424
25090
18760
55417
1023
46520
89972
9644
12808
62331
23023
53375
79020
79798
89550
94059
50028
87646
59936
74802
28194
556
54442
56061
28607
5343
48407
47111
89249
47709
18268
63551
64498
8344
856
29781
66823
17644
39644
28686
18117
49393
8547
24687
34312
15539
36387
50884
94760
56540
3271
56168
41310
84718
43914
53997
11113
91724
72325
949
31868
75408
37294
60230
98570
76276
28757
72960
6786
39203
81411
68397
39040
32175
63804
93160
88124
60573
98683
29071
53966
12890
33506
99418
69149
61737
68797
34224
92253
22626
56427
76554
57915
42246
99907
63930
87799
47815
24444
11597
47677
39583
35754
57703
82345
49662
53558
4351
72353
22118
88156
3060
34341
91594
26678
88339
30219
50754
9323
58868
59534
427
5335
42216
84059
70575
43458
56082
73974
85083
12271
96708
70962
18838
22074
43420
35149
61690
11866
67180
79970
60631
92517
70579
1952
58875
40347
66886
80783
88525
94105
26551
59177
2112
62741
81005
11724
47554
21375
75637
77249
911
58517
6516
60168
71838
38865
58713
2901
87715
62879
88011
93628
44199
36897
52349
1478
82303
15647
4506
24721
15069
42811
3345
96606
80551
94703
87350
18197
42046
27096
81264
77889
91359
35935
74279
73244
36412
68889
16551
72372
70584
66639
29735
39277
27936
70273
16793
449
25809
4336
86479
48397
84309
33844
78731
61937
90763
97949
88623
72744
46514
42994
38565
22999
93236
13302
41127
39933
66489
9358
28166
99644
65306
89886
95851
64779
58376
76891
29741
58484
69710
20851
29240
80518
99718
97016
46557
80465
41186
33179
91723
77724
43912
14297
32277
58269
66621
69973
33890
84124
30248
27102
46511
23098
52817
1851
39550
43518
2866
12696
29139
21528
55724
19353
20722
77001
74966
31222
10993
88153
69948
83359
54651
34702
99582
48020
3479
84711
2379
35431
67930
71226
33258
38751
34714
1402
78754
95064
97794
3015
3966
66755
24754
41092
56995
95782
85678
30833
19561
47118
17490
32120
46136
37030
83102
35560
78146
36889
11803
40394
54683
53833
74977
80522
66628
15907
59537
76497
17221
31151
50401
78545
58836
47682
22881
18490
73106
14903
76019
6938
49494
34796
8735
96129
96065
96605
52036
78613
85404
8265
22637
7186
98534
73569
55957
2539
80145
15321
9831
61590
59561
11636
4125
91741
23638
95067
76053
74079
50104
62365
86145
2036
22886
56462
5609
51077
54549
11667
52272
9721
35226
98072
19333
42492
12280
61806
58826
61409
80422
34069
39997
54139
28127
73739
1738
54217
42926
15900
57746
41494
25518
21743
93277
29509
630
64105
13145
30481
41169
37276
62058
88402
41448
49721
40418
35990
85134
44041
81402
62230
54043
89727
38440
73843
15045
11182
56115
96175
4039
45995
62084
86891
98375
76593
22786
29265
32036
42183
51484
30966
61542
17265
43663
78948
34765
38038
41792
91369
49694
68653
99194
63434
15707
25549
21024
25626
45991
19986
9311
20022
16502
36419
28551
53181
24225
37504
38530
2599
65476
75289
11831
37756
33594
92542
64952
66533
4627
18186
83946
33073
39465
96451
18240
74146
81372
40640
49535
87634
68957
69272
16648
78980
16414
64916
91694
29269
35158
94145
58182
72057
84031
40832
37415
75161
38825
34392
45972
98331
66131
99597
44161
38031
71377
15229
52934
76549
66398
45132
75134
24212
68019
97063
55795
80703
95845
72334
55829
44296
84821
92320
93566
66300
66129
26714
29441
82064
98581
2777
30534
49628
51921
44889
53717
92401
53302
79313
28860
73247
8696
40362
6813
23903
2112
31083
60848
15887
57234
24047
94754
86873
18443
36016
15984
29967
71196
74000
78055
12411
75324
29634
82792
14934
29076
93803
60103
73307
16578
74113
10622
59630
16867
24047
4856
62429
68791
34561
81416
11885
92775
96387
76449
49320
67851
14453
46552
58538
50299
44601
18292
60699
98900
27181
8828
24098
41008
12116
14221
55577
73525
5673
54680
21235
43353
20457
99291
90683
93010
77029
66700
11319
88822
88065
12788
96906
71488
54138
71530
58198
81787
13943
11039
12462
17810
21216
3233
83419
74357
65578
82593
43480
99966
15224
87180
56108
82575
35595
33353
47714
40885
30123
74574
75696
55274
56598
34245
62086
19437
95913
82657
30698
31939
88649
48991
19764
75478
9414
20688
41763
50883
18832
84569
27467
42748
18732
6783
22174
94080
37370
31935
98719
58465
88384
5674
14016
79977
79736
89599
63741
23438
97007
42477
83222
40610
49208
87606
1681
11522
44632
72548
81673
44364
59339
54534
65906
52258
71453
12503
9590
50689
60774
95050
98031
35504
15061
62470
36394
8113
41885
70642
51413
11905
58088
74678
63247
31870
17658
1065
69797
88022
43210
48424
35483
22487
46308
29116
91824
39946
57478
56533
38119
11636
38058
16286
77102
94227
12909
33357
32663
46597
45536
61887
74546
49952
75309
79420
18408
49653
50255
63225
78684
40791
18268
62763
26431
13745
84619
59390
44642
60840
4287
22081
79484
20716
53905
26260
57498
3101
19990
1729
75994
93474
47689
15276
76723
84407
17366
73667
81361
18401
55156
53580
1397
55644
38011
26430
34775
99329
23748
48088
26915
21074
22302
26203
4739
29427
25609
61081
88885
15606
30474
80070
51508
92309
21280
49883
14906
13833
27542
56520
79645
28707
35088
88217
29958
69667
9026
43292
88902
30028
81696
11806
86071
10396
69433
47629
56627
45118
8252
55803
12014
34002
40443
69027
9889
11582
41604
76625
3673
83548
50763
99551
70548
47961
55027
75772
846
97487
84587
31801
81446
68115
93910
68209
21146
59699
40631
79603
46944
4132
24873
62884
46714
98101
18686
41499
45997
49087
97744
47967
84454
5645
85644
62131
968
55992
34873
98387
45487
82541
97950
71573
10395
54250
87215
48238
14526
23530
82440
7707
78905
69947
21653
95639
4877
99034
2505
51714
2480
61322
28996
32630
19774
4010
61544
31764
92276
5718
67128
17669
65738
73349
20661
74970
45212
99368
78734
33319
88683
87620
32547
12700
94506
56327
48082
96703
28450
18022
18511
69316
98390
17884
86293
15297
12488
84344
40615
89420
50182
8782
59568
5643
34379
24776
45851
83684
17941
1579
99817
17570
87915
1393
84330
98346
46885
75462
62142
31486
52418
90146
28431
38441
82794
80867
18632
21320
50020
29179
44852
99865
99596
46207
2922
714
20600
24309
96538
90320
39326
88057
44966
95006
85083
35494
76415
44247
97688
11113
60478
6625
92797
93115
99902
61806
13391
9252
84501
66430
73602
17900
8146
26996
44490
4030
63546
88620
40489
43323
58931
84975
39922
81940
45759
71748
13348
64306
7220
83675
39432
16758
33575
13448
59619
61038
2277
9784
60118
88305
88303
31440
72511
71765
53332
74169
52766
33955
1099
8394
32519
13352
40726
26820
36204
94221
69780
3229
22913
73465
74509
6405
42867
38736
45936
96429
94922
23190
27422
54492
33771
83969
41783
61954
3309
23923
94241
49533
66113
38992
11220
83313
58042
27355
54411
40686
21691
40642
44542
56400
62759
92386
39944
86546
29341
64392
41255
46643
35740
67784
35520
28869
39615
22261
50451
93073
34080
14433
62752
56365
34878
84105
93202
76864
26768
65992
25562
38643
83047
83592
6411
96939
87381
51780
18633
35372
68160
95217
72592
20224
2087
30740
25869
10759
55995
93665
25012
99105
13668
10288
60841
8397
77920
31854
42668
73693
47263
48887
26151
66580
41202
98998
74536
1459
88532
66173
93684
79157
98957
45002
57553
81822
9948
9456
32686
31996
37954
82526
17790
68267
65916
50426
37633
70150
67482
3042
69250
85569
2429
10901
32838
75793
17465
68223
49770
94711
51956
41426
55751
62003
79048
62974
58463
73063
9266
1574
45903
12480
45844
21445
84152
2396
8904
15760
91453
22268
39049
62356
39259
82336
49998
3400
10280
19561
24634
94956
38603
11795
39128
7252
67591
73676
55803
81942
87542
5999
46934
68752
56974
19265
98937
70675
68936
41657
99188
24188
96874
51846
26212
29017
43367
47873
48019
20528
19426
74731
83110
47111
2078
85364
93994
74743
53608
2437
64002
91445
37079
81573
54778
25435
29669
50639
54042
22514
17876
14244
1038
50619
56771
67767
20534
12417
89277
61049
5342
50471
50819
88302
62012
23719
29725
57834
74708
18880
14410
12872
48204
35896
34612
33072
62547
52619
95881
45205
9117
30700
14029
11094
80675
71990
79372
41029
56410
72772
19404
1681
57113
51731
82899
49001
45289
46823
38483
18587
10367
86058
66357
48725
10107
37721
23100
94582
35904
36628
76422
15961
31882
64805
39197
85590
25511
37284
80305
70082
20932
6759
53547
81493
65259
54394
65303
83871
22836
78373
96627
66183
82757
26607
6109
60732
80912
45510
66101
94451
39411
32877
26827
9389
13430
89629
60358
78269
88385
62555
9652
71154
88751
58166
56565
67
43974
86397
27164
79850
6601
62119
72693
95564
33083
52306
182
59451
18688
7160
77948
73739
24519
54646
8153
89529
46847
69599
41088
66528
56805
50941
4001
93590
81942
53534
31057
25809
10213
24804
10412
30354
71706
90510
9403
10260
93712
18908
99496
93093
30731
68017
78921
29682
42555
86847
82780
47069
30817
98156
77988
39335
47184
37687
63491
60178
54867
62801
35032
1896
59174
72068
28079
6858
22553
96582
22593
59600
44912
33656
78926
50357
20933
94023
75427
84143
82713
24793
35213
33418
98240
52156
62110
96929
24076
60164
53870
32484
4037
84948
24588
77242
64790
57306
47592
55481
83944
70856
25138
915
96586
87803
1854
88261
62142
19858
65175
77072
35038
37972
17882
19796
69846
71261
65382
75534
44418
52888
33540
1186
2976
58642
21588
62450
5218
62567
99082
18562
17190
3235
75876
86746
95014
14134
9716
84972
93523
22089
67352
84965
78417
58810
21940
81312
32806
62334
52036
97063
26769
67541
5612
1400
62084
97884
6335
10768
13323
74099
8680
81250
61223
49894
53537
77054
54591
69482
36557
17641
42926
17310
77794
64315
93569
96446
73071
6047
44345
28837
15029
43824
45543
17989
94953
53018
13502
52648
35246
24053
52171
58622
56818
43080
98716
25175
55667
76423
14562
42251
48582
65233
74249
85288
49170
20075
1029
75499
52282
29135
60358
25219
37476
58229
50252
50303
50241
26036
20971
94532
83533
83718
15516
64597
61531
14555
47188
18486
22550
96269
20764
84932
8702
36359
59795
17109
96150
99113
24140
99838
41711
91847
89019
36317
79068
67501
9743
37775
71010
30890
14703
27395
12871
6697
53286
48494
86757
38734
75124
36190
86143
42046
32364
71626
66091
22111
77645
88322
25588
8668
77038
41350
95423
25671
69399
81746
87503
33378
81436
943
59707
33784
51233
23008
64082
26400
22073
26060
75640
37806
43084
68504
43993
25456
53594
80561
70730
73890
34011
57079
91691
59808
77643
53713
35212
61397
75077
45296
34911
26825
5561
52606
98741
97023
98295
81697
74806
98667
60622
48595
8827
84680
69818
81390
58167
1653
90494
1613
12964
6238
10607
87289
76198
35886
85646
11163
71405
63195
42753
29327
79277
27736
24400
67846
52529
44348
44674
17985
22175
32730
90318
4215
87771
99560
23379
33452
79177
31448
32645
68824
88051
24677
37011
96752
93558
85999
65499
72265
48658
87699
25862
34159
50870
49645
26522
79046
94553
51265
35078
71238
90495
47164
40675
44123
43033
71530
37237
17829
94904
68524
59912
17923
85708
78530
88023
30312
21100
43444
74401
68678
16759
68091
73186
62474
63669
89431
16020
95910
59409
60377
29995
41312
63916
50851
99824
33881
67579
5138
51391
29090
4529
71633
74181
68845
4670
38763
6036
57996
54215
69175
75285
18932
26430
23180
32469
48704
51784
2026
6754
50484
19855
21717
90560
49192
44112
48931
90000
29676
75085
91976
78483
55129
17452
41811
56093
33251
92234
811
48394
98160
86527
20258
74813
67193
50125
91484
79029
13427
30887
119
41588
67175
88866
58082
88416
22644
92954
73763
68034
79595
83235
7261
94910
94060
77222
84582
46791
47046
8813
12412
59756
65637
15072
43332
86355
47031
27833
90315
69374
42764
84637
78869
36622
57766
46681
55359
40581
6850
184
40879
50837
49887
22023
31417
56942
96110
10463
97164
54649
27901
17487
26440
69461
44876
70473
93063
17985
70195
37878
99858
19810
92773
76104
65606
50442
41443
92857
77866
69306
64
76098
29944
65891
76239
67053
96663
41828
30513
797
80676
87016
57770
98552
78735
13889
88091
72113
75604
85465
40376
92720
72256
10059
18841
84193
94541
78345
89810
23317
8675
86941
14244
69214
90712
26736
40042
97841
58584
13914
77407
87772
77348
6953
90411
89070
90937
83828
38400
8315
17048
50236
91981
59756
65688
11870
30079
65077
6474
71588
96910
32403
14949
5801
60709
8952
73979
33459
69662
81114
92725
15757
44728
90787
32726
14971
83906
47425
98315
96832
77979
41515
56887
82403
53904
7118
3454
42634
68720
38613
73498
81622
74241
39926
38274
73023
60772
73309
87548
98182
66708
79112
16164
84235
10104
58018
82878
55769
58177
42868
2604
94590
1195
38440
66471
48725
38288
74480
58058
43996
14510
99776
48709
29329
70782
43214
9990
30435
81395
81533
77180
95549
57305
82889
34097
91661
87746
40345
66603
49972
77513
70070
49832
65285
12760
25279
92461
25607
54304
68851
60286
85467
14103
55081
40910
99262
18008
94169
91521
99417
95825
11803
32552
38218
68358
70613
11423
11900
20351
90273
62637
50872
58079
88673
33155
90958
50871
67866
25290
37079
46912
85382
33293
93040
35457
84009
14322
58884
99909
1312
39713
90763
69243
43899
18215
77345
28828
90868
69321
11477
95988
85866
51861
26161
447
87841
20687
19872
35354
76851
92618
17795
60638
53165
51679
2804
47228
25434
13286
2804
48014
56836
97159
39547
69408
26883
29552
28075
95995
70952
6837
65693
89996
79664
4504
64676
47106
75810
8336
63878
40811
37875
77789
1014
28336
6031
25578
39550
23163
89046
11976
22017
61404
88659
7536
64984
2301
71772
73732
20028
6734
50182
47460
99740
31880
72615
92359
8130
64986
94439
97630
20773
94764
66749
63286
31591
84966
78356
9733
20396
71498
91781
89100
98143
51739
37469
55933
55295
72769
69214
75671
72791
53779
38190
10710
54809
97203
12997
25979
7857
52979
58761
98554
21666
797
89628
99195
3964
6356
25856
37586
83389
89347
19244
27610
22663
13271
58781
34189
77569
70172
32165
8984
96402
86994
98229
8718
79209
24482
20348
16892
6545
74453
21535
57380
3341
86704
48188
96654
25143
72975
71393
80352
41126
42103
12133
39412
41157
17866
49984
31217
12628
79024
63564
51947
16840
39647
55468
67805
44478
57083
34388
64806
44979
14779
62792
9499
5623
77632
29800
46314
2701
58703
75771
31105
59363
67827
77671
15067
22548
35026
2393
48344
14886
14639
49008
68452
26516
79672
30298
75070
86494
10113
88943
69812
93775
63843
4393
57255
93734
94224
22705
61796
57757
44600
33541
13860
60630
6647
26024
98500
53331
76905
78299
39638
97218
83778
74429
13963
59756
85945
96630
49965
71592
62317
10879
69599
10120
23571
49574
72773
5666
75767
96194
48148
62967
57672
93801
17656
52846
55149
31734
86712
56820
68329
13021
77240
40820
70288
68769
66474
93295
49550
65196
40884
87676
72971
44018
1654
19512
40445
47499
25795
24536
28333
5781
95299
5514
34649
5992
55636
82927
45773
20138
54480
37380
41817
41958
41700
30073
45752
71656
82467
71758
48
91851
46740
60330
23778
98072
90471
22495
63027
82812
36510
75953
97926
23378
96521
75092
10743
90706
49128
15404
51209
78800
4067
49670
57602
52634
37305
12405
5133
26082
77866
58157
56752
10871
63548
93936
85762
22561
59759
26400
24473
90184
53386
50382
68626
92472
91883
76900
33430
35482
36730
36037
13787
93933
39930
92877
48644
61757
32413
83158
27412
96073
33999
9374
4988
93259
56009
37782
11161
5747
69650
2082
50055
93868
56004
50505
85731
8301
36709
69624
1209
15608
8392
80423
99877
11826
68426
29958
90657
17262
24783
95446
61242
9371
28550
76647
97372
30039
54091
77180
50325
98553
78903
65659
89683
72247
82886
63585
3907
23028
95033
28430
27377
39922
64495
87613
79281
25269
22519
31877
97126
25367
31912
95021
35586
25107
91519
31066
80075
40563
74610
49574
93605
63493
32114
85248
75420
47387
84333
58832
60327
75921
58058
32951
28798
21613
99936
78728
29627
84979
11488
46840
39323
2623
6359
80140
95365
26477
86177
14054
44095
5806
67813
85660
38254
48594
71920
12708
4005
99585
251
9761
72818
48522
87615
80273
39671
74021
13208
60564
65764
36028
95631
94539
91333
52962
76087
86420
62098
38416
15025
12858
1526
26674
88961
75494
80317
86327
76208
40372
44370
6922
62986
41559
63006
44830
84616
22926
50301
31439
40483
54214
94157
79264
85976
85388
68
69751
9784
96709
19552
70278
50752
61040
86826
7297
94908
59606
31527
17527
20324
82791
70164
9812
25157
3450
4459
96472
82511
31874
70869
94912
14695
48676
92281
57743
68987
64758
80288
62840
7205
75945
24383
83509
92187
63959
83089
63335
65687
45116
61201
40323
64276
83469
17264
556
12485
66053
95832
92881
65750
84497
20197
3039
49620
79468
13016
68148
56267
82220
34622
10617
14498
31019
41784
84321
45262
49264
73312
55277
51088
46844
63130
84063
64941
46604
66306
37889
1629
43747
59014
36469
13236
77585
39525
27773
48959
32242
14041
97221
59273
85781
98588
37053
64539
95643
6124
41373
28964
42384
16666
46741
42244
53426
47478
8237
13278
93822
50193
86532
23013
42040
62269
22808
66781
65323
31274
95225
40420
71395
12229
83184
89013
41124
10610
13757
42260
40207
6596
28440
6296
67010
49767
87778
68209
18424
57677
26407
96527
45918
86623
81745
88662
29924
68381
45800
24566
22284
22819
31460
34801
93685
63041
2169
80764
75842
7037
87026
74986
6646
97864
92097
40232
70587
12941
23169
17544
76444
12317
55129
85423
29596
35606
18875
45035
37241
7800
27857
59598
31409
55259
33299
10070
6842
64922
79640
43769
48681
42168
29894
47765
68304
35702
44387
74675
74805
1500
25726
84895
84246
72044
87882
46397
9204
81980
67907
50850
77051
76789
75074
63165
97003
97182
64122
20449
33183
88692
26820
35950
43776
33263
19187
43699
14794
37642
80501
40412
51080
42003
54597
42580
86855
31453
93990
78788
43474
42937
13016
79926
92989
60561
57406
13293
82721
83439
74668
30494
38224
31946
2118
63614
89891
30572
37568
9278
61865
68619
21453
86073
21051
93536
38561
37165
8682
35985
42554
77047
67259
537
17118
49008
31631
81430
13845
68205
74554
78914
48834
74180
84295
98443
97554
6158
4654
12348
591
44709
86261
51612
81755
34089
82061
73972
84334
11052
69628
23818
51370
17947
98274
59229
11420
70599
39856
71955
82592
84778
68820
67290
74479
38979
9149
2504
50184
65780
63799
4867
8753
19252
85588
3293
62093
61646
57648
11245
9867
49057
26205
92764
60859
72784
68830
28373
9970
30796
87214
73081
56239
61998
85151
64820
39219
74946
29583
98406
78527
42182
95402
27450
24542
11549
63176
94669
67006
6643
73035
19621
2645
49992
37644
92162
32995
44593
82577
29757
49209
92121
13280
57286
61938
9416
4482
59098
51237
28798
70042
34774
43990
32278
99119
62482
74491
74958
37943
36725
47555
98652
55615
964
2993
23250
57012
39775
75226
30346
96239
30116
52522
21349
29
76728
66581
Time spent: 29
Itarations done: 3272197