54260
2618
29908
59867
36702
26455
38829
79235
40845
70598
82422
74560
19460
97196
53758
50935
93337
7808
67887
1984
40733
62296
10058
56495
70531
1652
62459
90803
2456
51041
8449
49840
76582
16553
69984
27330
53958
91987
81298
78709
50330
60449
39910
79151
65730
9626
4597
93458
34162
79305
29279
94598
19632
25041
31545
53316
27460
12830
95115
22517
83116
56236
96579
57021
54736
69610
28546
41777
60039
38879
63665
49822
3523
4864
66978
14984
35648
13117
17692
83767
12100
9019
45662
5847
58320
47206
22790
33261
12131
40308
74971
24654
25615
93636
96399
92818
56295
59594
54720
91301
67255
98460
72924
8986
85987
50635
61855
30339
42565
9529
55791
23381
19164
33971
72846
37491
94995
54346
81749
28787
63419
7654
7097
82074
31266
83218
46235
65283
84360
73019
2721
34810
17748
98443
63629
8337
84366
28695
60990
35454
11619
15205
61238
25833
71812
41068
20803
39696
69417
24894
30824
5970
25821
24385
49482
9807
523
56556
86512
83008
86643
88718
61253
38460
58195
57167
2906
12783
26721
38985
99700
20193
85694
36448
32236
74975
82534
33223
45565
9959
60109
46902
24374
4064
52293
33328
36182
33227
1438
94807
98529
75931
89554
6459
7900
37074
39519
2832
40476
2057
47856
60312
97812
96733
56375
70015
24119
8278
56429
20464
66118
17036
46568
99779
81236
44
32073
82988
25457
93227
63119
91700
68223
41129
57277
557
88523
20570
41591
17737
3676
97766
79655
85216
70308
67229
19906
28605
75622
25132
12787
36045
6297
49866
96469
61025
42249
98162
43522
24906
72924
76398
94185
41527
74943
13629
75855
98488
21652
45387
22943
7522
17474
15445
66414
79832
62974
16499
58148
91346
60148
20144
31674
77564
61676
91495
77875
37977
52769
44497
31953
36025
29694
70201
26226
52124
5217
62198
62273
84499
27884
70913
95469
95403
49493
41603
5167
68751
13036
29693
44533
79285
62042
41446
25513
73076
91471
18006
96441
24541
70189
66503
12459
66054
65524
43144
82259
82869
91521
10152
98537
28228
84273
20905
24138
41411
80029
35779
11028
44890
34813
34973
75024
55872
77856
73987
35666
72202
35426
22442
57622
82933
96463
37565
97751
9830
16954
49960
70182
7660
76052
81154
90758
38310
3728
69923
51695
86631
97071
57589
7512
4347
30356
71184
24073
52456
42622
47842
54014
62247
55712
63731
53883
50416
35619
66542
50987
4680
60457
61780
1236
2913
99494
70012
53235
40996
39408
54748
48374
22440
16317
18777
41877
6271
25094
80537
25572
18764
81119
71505
69541
9309
3822
40614
76902
71039
76281
12327
63603
52788
10581
21310
33457
60544
14788
38484
17534
83763
14112
10810
86598
84744
26198
60268
25448
57720
28481
26277
78816
98396
84144
90198
39919
24396
12464
90570
54779
52377
99193
23391
58150
68554
43094
23007
40139
25957
25904
36078
66574
63927
74679
33619
40696
73219
57898
54218
98955
23528
19636
35366
79461
29313
9780
69164
88081
54539
12455
13742
14241
47265
9731
2336
16119
50962
43130
18252
3285
61039
51607
45851
93704
82259
71379
65183
11598
95547
80368
31063
22861
61168
57992
66152
75473
69320
9668
1973
23815
98901
74616
21862
67852
60541
95427
95445
30777
80938
78330
45531
32068
32140
14229
55209
86789
21597
62309
5437
76552
36654
20351
31573
92697
80611
18936
1050
48093
46560
80274
43820
90336
49897
76669
12177
26220
80781
8491
7235
85002
43717
96991
85607
6285
23065
53440
51712
37293
50457
42786
48673
63826
52950
7399
83897
79391
29197
54460
64214
17791
34999
39161
69828
35872
59299
95127
66375
35201
37037
73322
40006
54107
76206
51206
41696
44817
73065
65012
43871
74355
51651
99745
44957
52416
91566
43893
5623
94604
1490
78797
64218
75224
54916
26256
58347
10247
29359
22191
74511
38107
80580
19036
58390
33680
39345
45014
44644
99085
39819
64594
6949
23878
75894
91129
86564
96754
34595
63
30819
81056
74148
79073
61724
37190
98392
30120
99256
86463
28915
7648
83932
62916
91633
36983
78908
92411
15473
7538
83103
71506
87428
76479
53766
92608
20425
50287
19396
76414
68326
34007
62091
27866
65782
50948
62166
27590
79793
39222
27262
7278
34504
25757
73205
34475
11110
63264
84512
49927
30690
91136
58705
58952
99400
47374
30494
77213
32613
15367
79413
70819
77484
36710
47629
10876
21819
59261
33419
83379
11265
18200
80202
56794
96482
67152
51039
11710
97357
86253
64144
79621
2219
94539
66238
21204
16640
85170
37460
98371
38575
83710
54057
58949
64469
2065
83262
57991
24372
23675
48479
85530
3220
9138
82346
57034
30131
55732
80214
49831
7889
79116
77280
36489
10773
11001
98825
74412
437
22710
74948
59848
96787
91246
68677
44046
93595
21892
39504
39502
27092
29320
53138
14985
89822
57832
52692
89528
31774
90557
26506
87541
6128
57331
43488
9955
97912
1443
78096
9552
20454
6561
14000
32581
76698
16889
97957
3325
60327
5955
13609
83426
15043
62441
58659
33616
79478
65061
38274
41891
19890
12741
32612
59240
93140
61206
56970
1709
88416
92592
9364
35879
67713
10782
92214
63761
62343
11929
2338
62675
85518
26986
6621
15834
89556
71037
59450
90178
30325
62856
72456
79408
1224
97348
17076
32236
64377
63401
26122
28537
37636
133
61805
49389
92588
75691
34547
10912
80958
54427
89449
96371
34650
90703
25422
26184
78099
50513
75745
51271
50719
15768
58238
41616
61903
70288
98215
68949
91410
1444
38077
50152
3869
76849
73627
26275
67789
71641
99115
978
56591
28613
528
51782
62071
30826
9785
57654
69135
54317
21275
57294
24721
47141
76553
63884
83551
50208
43045
14118
28672
35255
48260
22027
45713
85766
82252
41380
76353
87783
47995
14401
88714
29276
21849
99072
80233
29101
84426
22470
71989
29589
95946
3401
62590
90378
19570
23997
84394
15388
41207
7013
45195
29661
94940
73229
44435
98298
79489
11660
24630
45841
43025
94203
55842
91161
21151
5911
53931
60319
36051
42245
1709
77804
3512
45462
76266
65212
48995
13737
85385
95636
3893
18633
81345
61919
38776
9246
51331
17394
91710
64637
80273
38875
66602
80072
44141
43364
9060
37185
19540
62332
15411
13303
88932
40418
94256
31015
79863
78977
79371
35465
1308
89184
87769
13921
30567
54233
27371
39825
60092
25677
85025
31856
35227
95058
67488
67438
1041
88723
25515
79694
29256
31077
64351
97018
14744
9511
32661
55228
15153
52875
86377
23704
56896
4579
43904
38967
46117
31277
84823
31798
4166
58594
95459
67344
93716
66439
31607
91560
13856
8219
51196
91870
20329
40592
67857
35143
70545
63430
90088
41851
2057
73247
40132
91720
27940
27580
91695
33218
72801
2710
26274
86919
79121
2556
84129
91068
85229
42718
77848
36609
13387
90364
43949
78476
9309
88038
31116
90140
42912
27440
62451
49179
14132
67841
63494
3105
7410
13051
17793
66682
3719
70698
97462
44694
90010
18089
17415
57387
2514
90011
78864
69742
2544
85598
210
90316
11278
63718
81557
10516
23463
59359
12894
1004
79062
7084
15362
68356
96559
1858
27
2135
61994
62434
39273
10214
23730
87969
72141
48514
64561
14623
6873
193
9957
85685
41433
48942
84088
46094
95907
21153
43719
60212
39465
42573
4141
30351
98974
66463
21044
62761
56332
82331
7521
87658
77289
6985
46393
90376
65750
92972
4592
51813
4460
63352
68585
28106
25516
96361
97606
21811
52241
38639
34968
9867
67793
21547
26766
97231
95211
91486
72033
59310
18673
42206
68696
21173
36340
54761
25679
97032
11475
9048
83051
79570
80377
29845
19335
25453
83222
69741
27946
30713
7032
11603
13129
27687
68762
93956
89924
63802
20897
24136
72323
41738
31973
46089
99159
10368
80056
72376
78210
96349
98522
73255
25589
57378
30344
39616
39673
19824
79614
1120
76707
35863
97204
86044
88613
58170
1190
55158
42680
83896
12098
28364
67452
63859
78035
49903
59530
7737
75414
5579
41905
41572
97240
13785
86056
89985
82848
61015
97236
62220
471
42111
15216
18565
67180
95665
1190
81594
79503
95794
65664
35372
32424
72936
41811
24957
24474
88378
24152
28397
82296
79860
73347
23925
89300
28966
34486
16175
69949
74870
28447
16936
63719
13610
53763
98381
20932
77204
79848
49663
66410
82745
21562
71382
6330
78018
59758
36686
98634
87253
12822
32609
68030
78288
70147
70753
22867
30724
70088
22539
23073
83581
42129
90955
55858
80504
35840
78150
99036
10767
27658
46151
90580
65093
30601
96644
77418
86757
31732
14961
86524
487
47535
33297
46951
44338
18303
68669
92782
13033
59231
82239
93819
45189
48114
88348
93382
51375
57379
14010
80720
85158
31640
72545
89316
5071
71041
68709
91735
61865
5364
96853
56734
72465
34221
28567
44944
9727
64570
11697
45733
45378
98436
18781
99759
32471
10862
89663
9211
3211
10991
10417
10916
88214
97622
58693
76234
34028
4660
24231
6074
7199
81596
82486
9368
25204
69481
59230
88996
47245
13816
74418
10431
91208
2361
94786
95236
17010
28071
56321
64114
31110
55203
40162
52307
22135
10106
98445
33936
33379
27245
30239
21279
14344
55785
1929
49966
70559
72328
91313
21753
48584
51392
10113
52787
51394
16793
25757
67165
78287
34290
60013
83135
22988
8699
89394
62383
43816
17129
10299
31687
40566
44077
60403
40541
34193
83825
7092
88432
47434
40924
23590
41063
27176
90490
73907
56088
32689
56632
18849
55839
37757
29534
37089
17017
59286
69553
27637
95490
30180
40130
23045
68090
80015
70423
96305
52699
73535
73256
88617
62957
83985
34320
20092
64530
46018
44509
70917
26173
41181
68881
36639
721
17932
32897
67961
28631
37678
59474
2812
29880
68509
8810
86411
38762
19091
57022
53709
40544
16628
99378
17778
88948
84829
79189
67632
19065
70510
24418
29394
21608
751
20637
85894
11254
26466
61163
81489
4401
22777
93040
61253
19760
71778
20995
6706
29011
49057
40573
33830
14120
71789
46364
13374
32951
43252
1572
58322
55438
46284
61118
98865
8860
96533
12075
31345
62656
65234
32423
84379
90729
20842
71936
92729
72348
18984
27503
7465
31510
91029
19225
99604
69018
42972
73375
33618
11578
78413
83611
97093
87825
2037
52806
73284
42477
43366
14439
34451
16720
64414
94685
15580
55418
79484
4195
464
49919
20481
42003
15093
88974
26935
53063
76957
69685
26351
5669
93041
15434
97553
45287
34216
58362
77362
37341
39169
70261
79255
33029
17171
67620
41570
79488
25676
74104
12376
48434
96154
96857
8310
75881
69511
61835
55473
89600
81074
57721
31902
50721
4378
58041
83202
51163
22819
26696
75580
89602
48755
63442
83828
95190
50735
12708
85736
80517
81277
41677
48957
83093
19991
91708
51532
98101
59799
20918
73063
14261
67670
85181
29983
39329
45466
49764
5386
42118
1408
84533
41574
43856
18129
71859
21790
63300
69410
48314
66493
57216
94423
8709
9142
674
85676
24226
96558
20073
84842
65119
79809
25873
9260
72871
22922
91734
51142
96737
58834
92084
1388
95190
64621
41117
50383
4133
11382
72759
9274
90551
68057
63398
76968
42878
3025
26978
50445
97431
32487
5510
38974
64075
10455
37155
96424
93658
41592
8727
30130
24789
25184
89791
79580
58149
6219
1514
83753
32838
17839
94974
71980
21110
48356
862
19981
15395
55591
65344
10084
54652
81429
5294
22619
25846
90340
203
64084
80762
66997
87767
6941
28370
60193
45498
75740
98602
52927
21652
64767
24688
71845
25354
13532
58068
23115
98006
98140
12431
56418
65888
18952
31583
13845
17342
77942
89588
16357
56982
42765
61062
76853
64094
88768
44477
5939
22735
95083
82006
94190
96972
46386
95700
12991
96291
58049
51680
74937
13436
99124
71540
34388
19739
34996
33332
88874
71466
49491
43229
62911
14810
34873
13394
17171
76837
57376
51577
28032
95043
15796
53632
25176
69121
11153
91381
58232
15152
36537
5188
87385
64588
78010
43085
57392
78281
89776
36471
19670
39235
69837
66144
12871
46850
15957
51853
98836
60135
86000
93539
77822
27705
21565
3117
74603
98310
19333
91895
95345
27268
50658
20616
4064
81329
36665
76667
57038
97386
83481
16088
63726
68842
70225
96833
13534
17596
60984
34094
19194
59245
81240
28551
79601
84494
59087
54015
57577
60680
82060
42244
1384
3919
61501
69576
12703
84584
28143
32549
78356
6658
4949
97840
38216
44968
16216
25594
57576
33364
95607
94633
8629
71656
49952
3054
42815
59404
20595
78344
53420
70663
59482
7443
86138
55327
3348
89062
54239
89936
86079
18079
54508
3667
76686
34998
60319
73638
68331
12200
89013
17777
72432
3147
2149
13203
91147
50664
99269
33391
51377
36142
8501
28348
83905
52694
60588
68639
22448
2257
56895
36251
79081
49121
6493
73191
24889
10501
12555
92093
67695
28578
34158
12254
72291
47773
35964
9183
12883
16097
65333
56111
82290
40015
64075
91842
7934
48563
30364
70918
40783
64332
95266
39282
90129
36475
67856
31449
74462
64010
33116
3649
46683
26477
57572
1500
30509
43413
69072
10461
74157
4096
29151
52660
87288
44688
9104
74635
77626
1155
14204
17134
44840
33243
74398
70289
20965
97310
34391
95344
69034
43952
31197
37559
64565
30153
43031
63994
88176
65033
29841
34593
51807
53357
62846
55307
65935
61556
58100
67960
30625
7293
87408
3145
99379
65539
38873
59648
21493
91581
38853
76701
15984
84578
27331
33879
68149
54037
99473
47475
68415
5961
87585
31931
32397
35456
59731
60240
50927
98234
53949
88162
19312
34688
50294
3695
86201
37156
6887
25466
44165
83462
50662
1502
56456
8006
18719
53333
77424
45416
91965
69432
77651
61191
49155
76738
29121
78771
96511
9298
40612
23109
95748
49056
58948
27119
21661
35391
67923
89220
29337
27194
23386
27770
610
54127
60382
51279
69560
12168
96210
52106
97649
42594
31880
35685
80513
83308
23691
17411
20491
96710
56509
54893
91634
59293
821
34609
57240
44702
76741
98851
73899
44241
79900
81387
30570
46593
46497
18413
26388
42029
47797
15129
86709
25414
7943
77669
53319
47068
33232
65140
61788
838
25826
77166
36619
44722
30386
68599
93154
20941
28204
74960
34113
79586
50188
39692
68202
12788
27363
57445
58399
74812
35592
86388
28322
97561
19789
36937
16512
10701
2180
14306
70532
40910
88983
77937
15419
95755
90412
82123
14374
34254
59981
79048
63460
88392
40863
97980
26658
27715
79386
62488
22788
52533
28763
71344
21617
60407
19750
48152
92890
55255
19174
59762
79074
58760
32127
14186
30287
39728
29127
74986
48177
98609
95633
71015
34452
31620
8065
37895
29292
51725
37837
780
55074
62189
72885
96690
51633
62514
24808
39145
696
16256
58951
47795
89198
25568
44656
1420
53845
38266
73364
23939
82601
59787
33380
79950
22707
54641
61852
38850
59367
99760
16868
64734
84441
95624
25582
3028
70273
50125
67864
64219
195
24822
49241
50051
84322
73596
1735
28223
6918
9644
26700
37855
9906
8364
59872
99941
16034
90848
95598
14454
34759
35586
54538
48991
74063
34389
17172
62546
2266
42651
74008
62445
65260
73778
62661
62462
66708
52926
71819
95804
61364
76155
92605
37904
95025
17705
88958
10870
48516
90274
40386
73941
7667
91038
82827
52469
86438
59605
36315
21690
76116
33156
61791
40966
79953
8766
33609
29167
19669
13201
49168
82551
67906
36469
22588
62729
69028
6952
25457
24217
59587
73200
44405
8591
89319
10252
22657
5412
73722
86831
40652
68844
80070
13853
69491
83299
60105
44360
161
91445
94773
10363
11371
33581
8963
62995
89337
98622
47574
29006
53923
53859
78123
8772
77340
3161
99678
18905
3912
21447
93059
25922
92454
27003
43064
26584
6385
82631
99902
5181
70961
61635
24057
38386
1864
75290
76487
24251
84865
34701
74368
83523
52422
11870
31514
18613
59770
72305
42153
18458
10459
74628
46912
65896
19264
71450
40688
38314
29015
124
43463
92007
17122
22065
57226
86021
37447
54904
74788
32221
43657
43082
89622
54898
31294
29326
79755
5434
17561
22004
3299
5386
50164
1490
48399
84794
99544
72430
26139
41616
42463
48217
81425
72888
89112
48976
23864
18531
40807
5030
48371
14719
90811
84060
23508
75255
96927
2100
74519
6653
61262
35992
77532
15423
49914
28100
11621
84546
73316
62830
86180
80161
26617
98919
72523
99258
58658
61449
20643
84430
98037
33206
34768
12756
15186
36281
14619
12435
40526
61667
43248
73001
90498
87178
16829
92799
75635
22105
66995
50833
77810
30850
22095
99206
87440
17121
90173
47052
85633
95329
23526
47221
41154
36454
42365
2901
67543
51918
53420
82982
51880
70904
98229
72142
23366
74075
5440
84473
77316
69788
1589
37951
8106
37681
55647
21081
33241
18885
94054
82816
9955
2153
24974
42134
55618
40828
53243
44641
83693
36850
50712
90135
58136
44890
70679
17281
50827
82225
59593
59381
59022
78114
24449
78674
2781
60181
60038
45679
75945
54755
26690
54818
68479
73075
96158
57865
12855
65967
50999
52752
32639
55833
31085
86814
87564
96705
69824
20781
16103
70626
52201
52664
73916
1782
56935
19116
54549
58551
15860
75945
57361
18052
35032
9167
36893
87791
74161
43314
27773
14644
73587
94655
89720
62681
51374
63608
58329
8235
66986
72774
19072
83153
62569
34915
44281
95278
48053
78597
45912
69009
92056
68361
452
78175
17041
30924
96611
88465
74188
39322
41284
87319
91147
12782
34759
55435
44120
61765
92261
25970
4657
44777
45659
84990
51102
6410
6537
89921
14784
34504
9800
21467
51879
8436
85606
38905
93266
10213
26669
78657
26769
35413
27821
21686
8834
71940
75205
56547
86023
11178
53621
81805
30593
18301
22235
24053
59011
16352
81263
95921
7417
32154
15216
82207
83842
11196
51902
21702
3433
33337
20621
47244
39972
51528
27860
57228
94656
31675
94278
18049
91402
93378
12877
38842
56882
38468
95008
17415
33020
7105
68210
29421
99884
19659
77882
21557
57682
46669
23386
74009
28019
98889
28429
17350
86606
44764
5438
24766
32302
43630
24111
51733
30652
29514
35465
62189
44038
92622
34419
62732
75074
83436
66330
64556
5089
7790
95883
6566
5315
90378
60331
2550
34841
58868
23360
20272
16428
41116
30673
61009
98972
73917
43901
84324
73698
93349
95567
14762
10077
13945
64536
74671
17046
6752
18789
10498
15241
54836
10310
18679
26792
98822
35516
31633
50636
84792
93884
94402
93352
92212
87283
48106
68217
50472
3047
37656
58454
49247
14875
78085
64598
10066
17451
46332
20441
14334
82988
13510
67184
76473
90906
96415
21254
9972
35490
86449
57638
58807
60561
9157
57654
57049
5109
78196
37761
35423
69297
33852
84281
15155
26362
98092
67871
16680
12670
35678
1109
63583
25582
83996
32735
80622
46713
3042
42895
68754
86843
1374
15168
89805
17942
13900
13182
8739
17627
42960
82342
22452
1895
25494
30443
50600
63052
55928
14911
76155
61512
76957
78946
1253
42503
48550
34008
27316
61710
19250
81914
77541
7476
53271
6210
54538
1462
11871
39558
66238
44475
48168
31537
59159
49720
50801
99563
69673
71790
63746
44567
41151
96499
17131
52604
57690
3975
27009
83752
13562
55463
60833
70473
71638
82869
19786
8998
63724
79332
59110
29391
51091
98970
53238
72598
94423
74435
13806
86082
79015
52010
85512
73601
3229
25755
77300
99198
66072
24536
34503
50682
83204
68770
21357
13656
19772
67352
62655
93591
53171
69435
88383
50479
69168
20626
35775
78283
50767
98631
89531
69716
40810
19505
82806
55770
46466
12399
39126
99013
6644
58056
8507
49806
61785
74300
39843
45423
49579
10375
36000
43464
99881
81224
58107
33019
17402
32675
81134
59690
21724
78970
54163
33910
60771
95198
85619
65908
26068
78937
56264
85211
75962
17758
60889
57767
16414
12243
93437
9570
98095
7775
19632
2083
63167
82609
26278
81814
15527
24586
96960
44083
94194
4330
40227
9298
1127
18909
88157
9009
71986
36660
90781
18535
81124
21239
54963
53164
40627
50952
15089
65684
87242
78048
77352
44488
50767
91860
49394
13478
62819
59586
52749
77733
95811
18950
16768
42161
18615
88127
69640
54307
17524
40038
74590
87022
59015
60484
7539
81891
64249
72589
36230
20102
24316
63618
40250
73880
9957
94495
6385
18645
19828
7176
44388
53741
67309
70575
94520
87879
27464
21779
40103
94361
52955
66113
95866
30705
20540
96892
15974
47468
88259
83767
54443
81865
27477
57107
15008
43196
43663
85177
47533
49174
15125
656
83716
64877
59880
83598
56085
29394
87387
48997
11200
29136
4137
18892
10481
91322
19866
81292
10223
26373
44654
51197
26144
43677
76237
52602
17199
1697
51574
34609
68403
30359
77034
19638
13068
81407
57538
57209
11109
20664
16564
22892
91999
75082
36120
58748
78424
87024
48658
98961
29889
8369
81309
62331
84253
87863
86946
21926
29588
66546
96258
81429
8765
98133
90370
97572
44827
53930
24488
88535
76459
55118
29638
59318
9788
99221
81767
56807
25229
12079
55320
39649
26276
61845
71846
11009
80875
17325
13283
15909
85434
19392
94272
49102
76522
61278
78182
54260
25978
41205
77482
20788
81395
59118
698
647
55872
78225
95360
74346
28399
61581
89229
92593
89435
24141
50489
8099
54971
11497
71743
90658
76791
27951
32279
87818
96637
88628
8487
53380
27654
62986
83186
16405
97748
10412
51266
4535
56377
82500
31218
67190
28835
81160
69976
66539
220
16884
71937
17147
25036
7305
92125
58821
87805
92590
8157
41381
85053
21281
26012
85002
59692
77854
80543
55199
95097
81594
63290
57694
68047
85269
47307
15102
67259
41681
81606
34762
7337
86315
96218
15017
6775
5123
93022
65863
53020
17907
97116
39112
47626
9801
8927
73109
10179
86048
28136
57499
20941
8557
17130
14659
99050
96650
33858
76178
45640
38960
91852
5084
29392
68628
98561
77538
55778
99731
82307
91333
40675
9314
42807
12735
4047
76429
50588
8118
10006
57297
76552
32293
5881
83955
54545
61558
54772
22743
66975
66247
13621
18465
96377
14895
81948
80296
4250
90147
35197
36270
82623
75132
61008
94617
73442
38277
36767
2289
66274
4398
22415
83652
65742
50379
93788
75656
66683
4884
8626
49709
87252
63256
79945
25027
88010
51172
29568
33409
48497
83536
8420
91198
81871
68785
99553
70602
42899
2959
64926
39594
24924
82786
57557
57321
47390
42504
96985
70200
7069
85261
97844
52852
3382
36676
48878
77542
50985
95497
62873
75997
61297
94293
56747
78254
8697
11709
75443
74612
96843
97095
43275
48852
5878
78116
12033
73495
32270
22509
76420
41259
29594
16217
44285
30703
20778
1886
81639
68683
80181
94081
587
57373
77295
50549
22069
79405
32981
32485
24712
81136
63834
30982
86105
61076
80612
71729
33454
58188
62616
35477
46843
43090
51499
47951
231
64099
95177
99574
82822
89606
25357
52776
16592
18456
70651
82623
74538
811
91326
75122
8592
23383
71442
76797
16171
64991
19477
48996
9986
21059
9478
30873
6981
28993
41371
56103
19192
270
11260
129
11824
79654
60392
57103
91976
7107
14900
58665
5248
53779
37547
50333
46817
39870
87362
35489
38618
19237
23440
81839
84902
33254
95092
60692
94712
94770
32124
55524
51702
61914
86263
33037
19269
1068
77524
17265
92086
18464
67817
45301
43910
60719
18156
11801
75924
46000
85523
28679
39906
89581
80821
36250
96135
30233
40237
2602
67246
47180
58990
39047
66124
81287
98588
41274
8437
38691
6586
38170
68577
60266
81280
93276
1522
86104
72853
57449
32552
30648
37207
15548
11740
11121
49027
4808
40824
39601
36604
8089
6294
97397
22510
41253
94447
59277
41423
60702
21686
24678
59249
14451
86463
43192
36131
48103
38055
92423
60014
55710
61741
77740
27156
34735
99989
75492
61297
64201
64872
33942
44157
75601
48250
79467
76518
27242
3091
49492
1347
24460
51880
88198
98254
50481
76170
96191
2045
85702
55119
21143
7179
96795
50240
12836
94691
71231
78617
43077
58437
57746
77490
8653
13494
48693
39363
93764
41131
6406
88705
67340
61947
92366
78814
30148
31654
5398
10583
6813
22387
73050
13645
98660
86540
68965
84797
74711
99822
48276
48607
80212
45557
2905
90750
84771
33215
39172
15914
75449
40738
71192
98967
24112
32435
5302
30640
22854
32053
63121
7099
86542
24080
53818
76558
67263
15429
59800
35472
11941
14362
44247
61886
21391
73812
23810
84137
36809
2279
75241
9390
87926
66986
60878
78387
86060
1254
64617
70293
34781
80841
27373
54680
61128
52463
59026
76453
41085
81808
82466
63927
4478
38040
34560
70254
56477
47140
8777
94100
45587
27374
74641
76664
41297
66772
50338
39108
58485
14697
36515
6917
80241
37436
41694
65897
85919
31161
42678
8273
87063
94753
26987
56732
10240
39614
58559
99306
42905
53996
92830
28600
76065
45276
42802
55166
35822
55227
63813
56704
94815
80518
81455
32289
94095
33518
34469
53990
86193
46944
42410
46981
30894
59949
36515
83667
36687
22988
11413
47358
42892
24097
65216
6663
80171
70215
95981
43063
30376
53710
13683
90983
30688
96544
8542
82247
31466
92273
88941
34911
22488
59590
65138
90240
87994
80173
8597
81020
37405
18318
61012
9375
85643
10156
1929
22932
24637
66233
9409
4431
35904
52789
64230
31788
43034
4293
54920
23116
92443
72626
38233
54377
80939
36750
97695
26083
19452
80784
21447
59887
33689
98132
89856
25898
54558
94619
23228
37214
43832
44555
90436
99433
33879
234
20416
69796
34159
67580
90173
63131
71789
38482
85369
39924
88605
13811
42484
25597
12988
60210
85214
39477
61124
18441
61958
56964
99438
21410
76154
89032
17590
85947
76677
39494
19758
14005
41645
92320
40823
76138
45713
88865
33647
52963
48289
77954
53804
78758
78117
60591
88913
65439
18252
5408
41168
84850
14730
81037
73695
52659
42054
37181
74045
88079
59151
67478
71443
20239
80539
4111
68325
74225
69177
26654
11247
97646
29874
15787
31442
82039
45058
46275
31082
92505
48390
93012
77733
43675
75883
18932
96556
50451
69096
24270
17460
37893
30433
62862
42733
16240
46701
73155
49585
14243
3824
29024
31615
16806
12962
88712
13351
71429
56276
8939
42852
11977
39201
95631
78765
98054
5320
82743
40270
83557
29793
66278
81064
8960
57791
71913
81783
58465
95489
1479
29225
35345
92924
86115
65277
86646
80369
72037
43612
51888
32879
78621
28042
19448
41270
97925
2832
49062
62028
49762
42319
59174
3519
67107
4880
83848
81338
62864
74562
75513
41787
20946
72651
67052
9158
62108
970
9542
59907
58141
58897
70431
64766
6790
96885
11021
68468
34163
30699
61821
95980
61415
42620
79666
84029
58126
38556
1484
37170
6087
13309
6115
98768
14060
136
57869
9008
56650
45345
33279
94405
58524
53792
25988
96269
9018
96989
83801
99217
71533
61917
56616
65018
47177
45735
24299
11981
62729
69204
29516
5514
79274
89990
62119
41669
59766
45900
28891
12156
91280
47675
95288
36728
30859
71137
4267
36797
32659
69294
61379
2761
18438
36399
25009
76759
73507
8076
55980
32452
85878
74222
61678
83874
97607
14756
16483
96561
4251
42196
52423
5875
20855
49565
91888
69798
31040
17352
37618
96482
49520
29025
44323
90436
57796
81005
70951
55483
17769
50117
52995
77462
28663
99134
40153
85169
68938
59399
16258
54112
56741
28387
55589
74424
69978
59655
72518
51610
90235
2772
89897
46820
73540
71653
85667
91941
5345
81123
76894
34028
67157
93592
65751
73489
27844
60420
2935
60887
73964
25808
20581
8366
10308
85032
48948
53446
94417
53330
58984
85255
16937
6977
66328
6322
3466
3854
91396
56603
92940
77253
94905
70687
42624
23712
98508
73991
20409
73344
56193
49220
71400
39430
63659
20505
87666
92967
80106
9356
67540
97426
89688
13937
24014
69127
48365
51152
90528
99457
45938
79650
76854
86586
62782
91099
47805
76365
16122
16923
33117
4794
71634
48215
28158
67721
42761
7620
11974
17384
12329
43743
91733
99936
88874
40997
80759
3291
53561
50776
31114
80412
62648
53483
71082
49588
45164
55148
42945
50326
75783
7263
97059
51105
8869
13918
74523
63611
31204
56484
2636
16919
28157
22759
34829
84718
60860
74924
89942
38782
20423
28602
84447
22739
59303
43938
5637
1583
99645
48855
43824
44463
83750
24522
87198
40899
62772
83515
84325
33951
16342
62318
96102
77728
58018
31515
91536
91202
9282
99384
89861
85486
18283
47631
15260
87489
58581
91562
9857
69333
67889
1271
45681
19945
77093
55272
86927
62910
35845
23478
80119
32980
62554
92563
91669
72573
33838
53477
69857
99098
81328
68235
81392
24196
82155
21096
61473
76700
13559
37881
20698
92619
91739
26374
72142
87449
30427
50662
77619
18821
35582
2712
63358
80776
99232
75646
22281
44903
67659
74860
2523
78102
36978
25544
80039
21944
72605
48107
26867
14355
58193
76668
16041
70827
54338
89964
49147
19366
87657
8934
53173
1096
96833
90696
69570
6714
33772
14752
50330
17934
55249
14021
83411
62601
43243
50612
92986
72330
60606
74300
98761
52336
82812
30214
72992
34526
46233
1554
3870
87008
18710
82952
59570
95809
29165
80631
48534
17924
89557
26597
88459
28736
4715
75854
28977
51384
93401
27992
21150
60861
37409
77475
90687
1384
34604
50597
51178
42054
56495
31268
88652
22817
1275
12710
59423
10477
89226
37581
69455
92748
68951
5188
45359
87308
90120
31186
64677
32347
51237
42503
86226
55274
49402
78247
10067
87057
43105
45951
1056
1095
88830
51735
29922
7569
27543
82861
21525
26894
78109
71620
51140
99195
41283
10604
96573
60666
30091
21171
36395
32199
20283
99258
82742
20875
57973
75686
50888
30681
70684
31738
97204
15266
2692
4982
2125
82584
35943
5232
35402
78961
63716
35976
17174
38403
55838
82756
80293
81923
91437
86684
46867
91172
38050
68678
55111
60870
24377
7963
11377
55316
88037
7013
96630
55697
79397
94330
26645
86932
67883
26342
50864
55517
28118
50175
76096
13089
79843
80162
18167
84371
17759
22714
17109
62725
95275
56513
99677
81691
19595
37995
36678
16705
74671
55699
22069
57611
13236
1287
95735
19637
49485
59927
42553
28177
39922
48185
26575
21013
61457
43715
61092
60561
83066
57763
72842
38252
80152
98863
91770
83338
59201
64089
86528
59235
44395
72850
70284
41909
27586
27444
21440
26890
98325
44455
99499
4155
51634
51562
87583
73428
17760
85451
60022
46390
70385
58235
55915
96791
47574
82194
37754
74703
63220
55586
27931
96894
95805
15928
45368
61753
16029
61369
9524
14252
55173
25646
39665
4103
22018
67596
53576
38546
47738
2322
61764
30177
75377
57835
60736
79726
13371
88361
52080
13905
40998
13507
52835
19227
87775
81068
17043
74142
8460
70503
58392
83861
40728
63994
49501
64940
63465
12449
74664
9984
70274
14963
29780
86749
34950
11961
95694
90501
73545
64625
59336
73621
1062
56197
20809
22292
39944
4346
3962
36501
62202
18050
83023
96640
37358
67284
48495
67687
14352
59308
61792
232
87136
31462
89990
36525
80872
77100
69585
19322
48515
18675
21297
31420
85980
29967
26717
64621
58206
88053
82009
28259
78119
4877
63889
59504
95837
48112
78722
90295
36408
11523
16911
59101
70965
36129
1568
29590
18382
15222
3041
92864
52348
38647
88976
85095
32232
44743
93392
48172
85196
51962
17603
97433
41732
36405
20884
37567
67087
6407
19397
85477
37075
756
88159
17187
78263
3266
52750
54785
29807
23173
64950
48982
87002
38139
79677
92991
55064
34708
89318
24290
75780
9597
25992
32209
89326
14505
12250
91350
58912
36947
26423
83546
16874
10121
50032
54322
87380
35939
81625
73787
3173
87072
33887
36413
61561
26239
79040
39341
58361
43947
71300
24662
97542
69505
54560
57522
99069
54394
58501
38985
17737
61880
96944
20240
41765
22333
8562
93037
61507
29741
21946
80189
85818
61705
84539
39487
36478
2537
68101
24599
69501
37089
52139
17275
56272
61524
91127
56643
7126
26523
91352
43426
35349
88243
58896
89558
40514
92851
31492
17014
36658
61570
73923
83582
63008
74917
99127
27833
92807
77148
75332
80768
99226
34957
93315
87370
46457
88049
97245
17757
48766
23482
27639
24653
80632
90485
85555
21590
27052
48020
3454
14546
34662
3392
29
18640
61546
57011
3836
31084
26447
15731
53703
11733
26500
75207
22656
43406
26766
310
66506
5546
24480
51884
68251
96879
56308
17980
35091
85352
47843
8219
6142
46993
1151
61013
45797
79201
78391
95139
30240
38587
67377
9508
82721
58597
8376
97977
77014
48008
20541
99634
7837
57772
91094
49267
22053
30760
80673
27553
15118
16615
54244
36005
23487
42237
68548
37849
85623
77346
34264
12696
1726
24107
23896
70285
95492
90008
14855
56527
69947
73933
41283
63716
53801
6859
77882
25986
54810
40601
94337
40995
72241
70738
99867
9256
71839
13146
44054
23694
93566
27484
52268
73719
44921
95538
51859
50469
30764
17492
88754
52889
84387
85018
43141
97891
93904
26471
27678
32105
63118
96558
91961
27585
6615
499
62948
19315
55134
1021
22640
8492
39150
55435
61497
12277
26117
69605
48918
88091
9980
35790
30566
98507
90320
42147
96401
11404
32887
3103
62991
49297
73323
61853
78997
11609
11486
58929
93705
94137
45077
44061
25030
21102
8161
32509
25652
86866
12698
71577
73757
76822
39332
88183
8324
99882
87463
34198
87975
18674
74033
32651
77115
7733
65453
54977
53423
4878
37750
27146
86702
46433
86314
70817
60692
93073
48454
34589
96652
59808
59566
59966
90336
60993
36804
56827
92467
69218
72935
34007
46886
65569
27467
42006
50248
27980
22139
36896
12486
64252
83499
67179
78215
46813
26608
18648
15829
47410
40747
26215
93250
1639
20565
76244
37121
55619
84233
78088
15697
60068
33938
79323
94760
80675
43454
35627
90600
87895
2544
23258
84436
74152
8572
99810
68592
21931
72017
77182
66361
12345
94428
69663
4642
20508
84908
19542
21331
91413
4352
82868
57851
27975
65429
78764
21312
51562
70702
67128
509
14518
41288
21605
85266
54088
74109
7397
69621
77631
67068
56768
15920
60106
68351
59030
19086
16572
38601
46360
38170
84807
62842
61943
55754
16119
12798
42775
84834
26058
39662
35858
67553
967
72372
93574
451
91171
7098
61714
76885
47089
99932
81935
58832
70685
16639
79313
77508
61386
50874
95274
15067
32974
95387
56290
38093
65959
39542
39586
37687
38514
70830
8485
80664
48336
78106
42105
91686
97639
89929
76778
67136
63961
32601
9851
68112
20612
59485
90493
52125
2301
85598
36643
80917
33845
59720
72424
85271
52882
19944
76166
76784
61077
8044
65574
71242
32583
63035
23654
28623
93371
74941
86681
20647
60523
56066
73778
8445
96720
78951
36618
50048
91859
37721
47317
60313
31128
12677
22725
14277
46843
56744
4183
19081
79960
76792
73173
79267
96432
52862
85391
45609
13410
23978
48426
68587
90820
70488
51529
74180
34916
39771
79883
41903
42187
94684
10341
92793
84332
12244
90774
88546
98010
23818
50961
2066
96707
67504
79395
44410
66259
18375
27413
23429
40483
72935
69754
65373
78808
90376
58927
52316
83950
35150
59711
15439
4389
22856
39665
77070
63779
44613
21681
52821
47413
33855
75434
9247
54467
43861
35996
22154
93995
24377
89950
96036
62517
21310
61980
86041
91499
74765
68258
10490
94188
57567
76839
54145
72943
78951
29851
40275
70632
76227
37424
93021
62584
31027
49106
20637
89262
76089
44963
24899
24016
3603
65572
82298
55161
46757
17823
48607
37106
82388
51732
9967
31375
94573
2396
40862
15096
46460
30778
32195
81908
30837
77171
21100
98202
8673
62007
88249
6257
99264
30089
88078
85038
55656
36394
42729
89307
44634
14238
61430
88187
51855
49939
43626
15411
49593
11988
86396
25257
97075
47350
44509
20500
91548
62622
84912
81739
51967
53650
36575
81029
96610
33562
61272
7011
70923
36285
61234
63605
92555
40250
95574
29789
6826
65305
98948
84118
87728
44779
83132
4391
77115
64203
55028
50197
27870
88335
3073
24105
5600
68989
88084
85834
7805
37542
24323
63014
79508
38076
51841
61987
39942
49783
82175
32594
86190
80549
46009
82008
6553
87572
83644
64417
18949
95412
96934
95704
47773
37058
24827
55290
66451
39375
13705
40883
62274
10746
28445
36153
25156
65764
90442
36185
22573
39495
34798
51062
99236
2143
50462
74054
31921
83891
4314
57598
77426
59200
53016
87659
74733
20066
14906
85011
1266
88511
8313
90605
37496
80028
62339
11449
64175
31723
71534
13248
2134
51606
96810
46578
5833
28764
11530
84459
38762
68067
53942
30938
91299
77642
74909
32655
49784
42486
63396
88355
89331
63414
91223
4921
42301
26962
43305
92738
89368
98905
89953
28066
30773
1737
13732
35593
21607
44755
24992
60428
96883
24313
87358
5578
69649
1373
27335
8256
58571
93636
20600
16423
90152
90368
31676
5509
25174
9425
33358
44561
78953
68054
47612
80888
40643
31734
30611
62771
48111
38581
71170
60935
41770
70814
84038
81186
3314
59294
57337
83024
83398
62351
56897
31980
36125
55883
99325
17080
7555
8176
80339
59065
70493
89909
85246
19838
58463
87506
14379
99134
28004
46286
27922
70490
70390
68801
51716
65357
1313
33284
88521
61530
80283
77319
47613
70089
50218
12650
39727
43641
42135
98443
84028
47890
59820
2412
39140
48440
45058
21853
1217
65202
25230
19949
8625
37915
61989
56640
54997
28002
52272
57900
40291
54377
81001
72413
82876
23766
88642
10500
74828
69768
96165
46498
87258
59069
24960
92914
22877
58134
59921
22301
68920
79146
30186
21141
25166
40109
23894
8911
68972
80748
10849
45088
72090
73222
20143
77020
2487
54620
8528
52362
28453
86875
59751
31247
92029
18919
75059
85383
34070
85796
50752
63933
34258
29923
89908
39386
75932
70817
62315
20487
57827
81329
9162
33892
52637
50792
87162
31375
55776
28495
60605
75215
76796
44483
79156
90807
621
98939
24313
52611
86103
96259
68019
87219
75339
75428
63235
35613
58793
54405
78144
15623
78462
62980
93211
65154
54165
85904
3427
26894
86472
76120
6872
56052
23903
26492
15100
94087
81706
7701
90885
53422
64869
89831
4504
853
78976
65633
996
10613
9095
84622
87756
82032
9101
88834
84309
81230
71660
13487
24269
71503
42560
78749
63277
42831
2165
52444
26064
37374
61462
7748
20841
94878
10506
34814
59852
9579
13045
90736
51178
98502
62648
88374
68812
29969
2906
31316
65502
50689
67100
99598
66036
79975
11150
78809
67392
10437
97807
3802
76587
65914
39687
57484
37068
19484
24140
25027
30126
67028
23854
54303
89105
85172
43710
14494
31055
76315
66589
76536
93001
18025
38691
61446
58144
89256
78338
15542
71087
41633
1371
75210
70571
20492
30912
78074
13203
17399
99618
62321
22355
53546
58501
71414
72614
51749
77980
47510
12117
53655
64027
53686
32602
78363
15107
12405
20123
98801
14065
85650
58210
33023
83208
50771
9575
9015
30514
45334
72560
63640
80251
64103
94088
79031
12241
91805
22229
43053
30586
46413
98315
44364
44876
89431
21115
77165
74728
32042
63675
35906
81988
28941
87256
26007
93968
5311
76124
3095
5829
6628
12050
80291
40547
95849
17938
10758
846
48015
26338
61052
69070
8430
70454
39687
98179
87306
52789
34938
89878
61128
19718
46038
74339
38971
59049
62736
90084
30648
42004
59631
12265
22763
51116
23708
92956
28633
71142
26219
57972
28530
71371
83321
51377
57791
74626
23820
30988
32113
90737
96940
96064
21663
90441
8168
71788
98691
9416
67072
84261
86867
1564
67387
34417
34880
5651
96728
19601
21638
50103
90950
57520
75927
96970
6497
38847
59501
18013
82996
71970
19308
3365
7888
86214
61895
26351
75104
28307
41090
26862
50543
20969
78584
30018
18583
52178
56353
86927
85876
29022
29679
9947
61362
60999
10018
76169
14739
34199
58107
89687
39561
23
9403
25793
11665
29913
26338
28330
38822
81034
34841
95244
43300
76926
56218
66746
5466
31855
89680
25519
23570
37913
35723
29072
12577
89892
75997
20571
73181
44523
41467
6410
11063
97889
7359
46283
76027
17645
50791
74678
20797
85134
94945
61452
50078
86587
42261
23592
41901
42279
68380
20234
75329
77857
8408
98697
91259
23014
17583
10520
46393
69263
29523
83434
94328
30768
66975
17668
42309
30030
82359
73171
87338
73667
18372
28079
31145
92636
82547
18168
9948
95921
23885
12035
51981
27068
84561
37414
93444
18881
75161
50278
41836
13211
88067
30305
74545
49931
20291
93772
132
32060
24474
38107
89917
42445
44713
71102
8268
21468
22519
32154
31446
15004
77439
82965
46869
67128
76721
30739
67372
63071
8935
48203
78318
24492
67514
71662
59348
21330
31976
90838
87114
92341
6910
92359
30502
59900
41816
82552
95663
83685
8504
94596
64594
22617
56986
80074
98060
64724
5655
95665
41325
40585
47062
21922
79455
57554
66667
93036
37898
79218
78725
73957
13571
27329
80807
94423
51892
1947
16437
38196
55957
99579
13977
90211
25533
58827
39070
64348
75547
78391
57880
70207
76448
33215
58807
28509
92123
61154
21491
11654
64963
4756
53655
68489
12228
70567
38687
90473
53042
11844
49883
90209
81141
49619
90833
92686
34931
21793
15727
84629
93463
90243
68179
27959
44592
41903
52679
19657
29918
91349
18881
72236
70003
29630
95695
96490
12925
66927
59479
91410
29403
85057
58655
84848
98530
49944
45658
22977
89561
33880
86382
76546
47282
62717
27127
17639
31140
34107
99580
21860
41614
49481
35429
67800
91251
64663
43986
38142
42323
91846
78530
74910
38250
79126
80091
5135
1720
52850
40996
32612
58884
32773
74740
86437
76030
20309
13604
27647
62841
16161
80950
41583
4616
45169
1198
85461
34792
53427
17272
18173
48613
95564
82632
12480
89012
48523
83016
38523
6542
72276
21619
11992
6633
87587
70681
20277
49490
56313
52317
75608
60639
30644
61909
95440
43422
84296
88488
77230
58652
50860
18296
17286
51222
72362
30040
21503
58609
4522
3383
69581
32023
34293
65797
23690
37394
39982
97158
17603
80408
64558
96321
22928
17511
78737
89401
65371
73075
81994
25607
55817
81872
26873
63192
8582
15520
54803
95487
42295
31780
54
4916
97664
6338
52594
61568
60753
68186
70277
2089
50439
61705
96149
34536
14343
1293
67591
15344
78816
67625
637
35640
15431
18595
94972
35885
18990
52527
32967
40209
40150
66418
39578
64757
79590
97774
28981
8008
30002
25046
88565
75251
47224
28677
41201
24267
42469
82516
82686
44767
13890
53582
12829
219
77582
37148
65863
67479
15691
43620
98692
6964
32395
83899
13939
84113
97317
70681
78854
41498
60334
64610
50821
90175
41736
46208
35583
48727
37356
87235
85200
8960
29562
28376
89387
48292
61878
44121
26070
40656
17542
90240
14809
40046
40438
84416
60236
23893
50618
66431
81697
86996
36022
20694
20
71043
47018
20975
92651
99552
81033
74865
34365
63616
20828
3811
12336
69895
81831
93453
41546
19069
31502
88600
9383
30312
66820
87312
46679
65359
74756
9376
56570
34305
55016
75878
32248
84578
54304
38651
59987
84321
47066
41009
34838
11978
98888
74526
12891
54917
65654
20509
86289
1736
14062
29389
94952
85197
97266
96409
82458
95769
83162
37803
62595
39344
12242
58087
87816
56941
56944
26122
1143
59080
65102
45292
9058
52980
96322
11446
34452
56873
2064
1167
95952
2437
57665
22485
12762
23734
27735
90343
52604
19022
35108
59894
24444
50416
7906
62171
67373
15629
99333
38681
2371
85855
10424
64191
94613
54393
97264
80248
20587
81672
11081
35899
46459
54105
2135
46656
2007
96575
16473
37893
77852
91298
28385
Time spent: 74
Itarations done: 12465457