89180
90525
64063
51360
1773
40956
63354
94070
78923
31066
32122
64895
71229
28285
52004
28459
48930
63955
55878
23748
44024
18164
96905
95272
257
76618
10988
99028
56504
91559
46480
10818
95816
36231
24500
17293
89760
15574
23410
88590
55674
84566
51797
15467
23053
30038
85726
43581
74563
91815
98102
52867
86981
34664
622
10944
47915
33818
52126
76046
65211
3723
61076
37195
17743
82178
24427
57151
18602
80201
354
27150
74719
21689
8075
51498
30558
26373
84467
54819
77750
34551
4179
45076
97418
32765
87675
71441
77400
15815
79881
87673
12736
12445
81102
68878
54477
9509
51364
32334
19265
32603
89549
81561
10119
79906
9486
26848
27465
60366
96575
35200
68695
57383
30585
27975
24391
24810
2934
75446
79869
23320
40061
34106
21758
22121
68437
34732
31134
23502
21292
57074
17028
15840
92327
20472
7160
24466
87480
78799
66348
9182
12229
32833
57273
52257
58985
63487
93159
91339
26774
45289
57404
78035
13748
21084
81311
84758
71956
6141
77824
40000
3364
42673
26504
45316
6317
44231
93006
16066
52385
53542
44897
92374
85020
87027
94928
86769
83443
54602
62695
70633
27909
24304
96158
52827
35757
47873
35560
70778
11609
75616
34046
96837
69608
66739
71660
60830
40774
44752
12338
3535
74365
56667
57193
5182
78531
69399
41563
78095
22630
77107
8210
73270
41222
99199
64504
26901
38087
20258
97568
64818
87508
60410
78084
90261
69635
67426
30832
3624
56918
90374
88002
41502
89373
28651
69974
76836
37920
49992
57441
91914
57026
36332
28674
21671
70600
47411
36172
65981
18387
88531
88065
86525
14005
31133
81399
36362
30350
62673
6749
18438
33259
35728
6652
33076
30113
45346
23906
53858
86505
88385
20070
66334
91132
48885
79330
14658
16762
9479
38398
27480
33404
10474
99221
36367
78775
65363
88024
57498
80652
94441
21552
80560
55934
56597
29393
97522
81993
43464
59852
8357
47339
49811
66107
60817
40676
49388
29219
16995
30094
86400
25069
90682
17448
39355
83410
66426
26900
26262
18961
93719
1146
97951
36812
47874
34037
9783
27427
62933
64086
71073
70141
71336
89801
46263
58248
30108
44818
22221
43697
73949
88480
61993
74865
11911
25842
36911
66985
76199
69948
66186
1574
39193
98851
95923
98548
37913
39951
17967
42701
83911
35083
63078
74841
90992
1172
2613
77121
23156
3358
58255
91955
50833
136
50266
14408
4714
3384
11338
89042
33404
20057
55301
23980
3635
6901
17814
7253
29909
74681
79573
73545
84240
24252
41713
23023
16012
83217
47725
38184
7045
38945
36592
79538
97561
31439
67777
66399
45031
77803
80278
65197
19777
49018
35195
14450
98727
9260
44057
12905
91845
58183
3633
85320
24560
87396
42026
19034
3879
73770
30563
33619
15916
84282
31305
5866
38197
59759
30997
22770
1372
78214
58811
76346
1872
72354
97491
45801
49549
90421
75298
34993
32504
44701
69647
46064
95046
87808
62373
73767
54170
93315
61312
99224
24894
94331
43174
46750
85505
51295
78673
42825
89995
78578
72438
82444
26864
58403
87460
64786
31004
10120
26637
7534
78520
63096
12451
87133
33084
2229
39900
80928
66858
16567
77485
6309
49012
83526
56425
61916
80504
63902
19193
76384
55082
66156
95074
61267
43349
62403
32638
46496
29240
3039
46860
49092
76432
82176
32076
88848
65942
51805
51035
18307
25613
69054
35040
78593
67143
87975
20469
27524
57012
74927
2948
11930
73909
34968
12032
72188
47145
85569
96432
73750
28081
3512
62686
57800
19729
1034
28613
91139
78452
58045
36977
74050
6101
48702
24492
34093
70917
52668
56638
93683
31205
34039
19695
49752
87030
4249
8016
44939
52092
59179
56742
41490
20447
95238
47999
31376
906
64375
62076
29189
5682
23775
54179
97921
9287
72411
12026
52025
38653
43684
89928
66976
16159
41062
20921
87
53448
61908
80104
93389
85854
53656
9567
86175
44786
85980
18087
12145
88512
2847
37267
94079
50613
39100
49843
77583
19732
47645
5608
64692
34282
85401
5732
17975
61409
48805
67207
6272
30789
32983
75743
54307
10719
12648
97622
40180
46496
7279
48883
57059
29203
98380
13636
18433
26813
12355
62405
39855
88901
69006
46106
74385
31275
22699
31580
13766
17493
90897
589
92878
80483
73098
55728
51133
69399
12108
63951
11183
64351
39157
21202
32715
74789
74511
40146
87061
26116
26067
47022
76991
43455
39823
23393
95272
61566
8168
43880
75460
25507
34618
41924
38865
97936
86920
82201
82751
55833
44384
30538
86567
41926
59826
89977
35373
34288
11718
15138
72605
11294
17909
26062
97945
18559
18729
17468
20297
89480
14317
99652
60724
31654
58728
13250
75720
67708
71619
31631
37254
10985
27291
1924
62808
64028
20392
78501
35980
50978
87754
71190
96183
33738
86661
64594
4643
16178
91244
64567
13069
10658
70779
93271
71290
26796
56306
85154
10603
43686
85321
32805
30715
43646
38201
93817
99876
18113
44566
97662
50186
4441
42977
84986
13034
76127
23160
70871
93250
88381
66362
48274
24764
75982
26520
38199
85479
11004
62573
49130
74491
54263
40567
29817
70959
76238
73121
86708
623
80721
53370
90184
33364
37624
70684
12173
23162
20111
66265
21825
80440
45640
98124
15638
36013
40503
37042
73730
15723
83108
7731
14947
95326
32512
22770
70057
46329
15609
30776
4482
15184
28895
14841
99864
633
8879
32441
47229
6979
38979
83807
13550
54667
90130
32208
18284
23800
37364
76595
96723
91079
55249
94793
33007
96155
71360
33672
17196
39458
48837
21691
18030
70365
76609
18743
65811
71870
69023
98413
8326
85953
15342
78553
36793
52435
74032
77507
78526
53354
76727
75382
18345
64754
92430
2415
41714
18275
3769
59801
89178
66035
64030
2272
73869
24043
36197
76268
41681
41739
63383
12704
47189
8251
83805
19156
77440
59565
82833
2712
80482
95047
69701
81765
45805
46620
77066
12727
39834
69383
7907
65926
21205
38581
96129
33892
47746
44558
4771
44750
39920
74702
58849
83679
83964
59381
98643
96118
42007
37466
43626
57896
86186
66286
77263
49473
89094
60735
98534
64165
83859
96712
37324
13519
53729
55212
97705
66966
23259
15106
75656
77367
1000
25044
95924
99305
67080
97842
26477
2741
8128
74404
58411
21090
76702
98407
84187
49810
92724
27866
67726
29305
10368
85185
76133
4207
45436
13411
34763
50041
95467
63139
74809
97847
87658
81890
65776
67475
58111
15761
63952
41093
39
61773
62397
69873
18235
28573
97972
8858
92466
73002
56597
17695
83397
80548
19177
48230
11237
48799
7540
63871
99502
14753
22247
181
4132
39227
12286
81346
41641
24545
80409
52953
89074
95362
7302
77949
53249
16663
72762
69690
97086
57880
62720
3684
66793
37528
77214
57902
85257
98902
96308
80505
64185
74086
18475
73325
40403
90919
59102
9669
60124
65522
85562
75780
19145
1627
69651
36729
16576
87173
58275
79574
95087
38500
98830
79256
21586
92966
7086
66062
8820
91923
32175
47364
90639
27713
55907
50909
41430
50732
61690
12122
73753
45586
22176
23660
57236
88961
84084
1917
76530
96105
73729
2178
86446
47646
7384
31863
28345
63968
66898
69536
43442
60510
92884
96327
55898
74038
55296
85943
1390
97350
84381
79637
45318
97839
83741
93272
68889
23958
1648
65085
1023
22865
6769
54780
39349
2406
102
47257
34546
71046
96194
97592
8813
80524
23614
77809
41527
77691
27159
50525
82916
44394
2425
99741
50071
67241
57147
94837
18693
32689
73105
50264
48674
87156
37390
70475
71935
36692
22525
37318
26935
86267
21130
5396
45792
34814
82782
19847
87232
48922
58200
60547
61335
35446
29039
46880
10590
21250
90362
8081
95773
26971
57226
35518
84927
90872
86862
85380
59030
58757
43562
92892
28888
6392
84652
92470
4391
1978
12843
12181
69470
47995
22739
25403
93907
64062
67463
97755
56642
85468
85106
63188
64274
55630
54101
99530
23160
84994
91661
50843
63886
33719
70043
61619
22778
51025
1674
46151
56764
70141
36092
15334
5069
14581
19137
22697
14061
18798
88006
71652
10047
4286
14526
46760
38855
80780
63429
93186
90801
61484
2390
70648
94920
91075
86268
50765
97336
85755
39248
10045
35196
75721
75462
94696
79835
22156
31221
97946
50638
53225
30096
95778
94538
26527
65874
32771
85176
79085
67827
36150
20440
70181
7705
63225
87454
57225
18560
55057
20015
70301
21744
77485
95090
67196
327
79605
2171
57393
14710
89292
72124
80950
29335
95587
70629
16094
8184
38528
45382
68030
41129
38454
65943
60691
83245
48854
10450
12988
24812
9512
34355
31659
61025
9990
2959
93877
97303
47430
81685
24558
8640
77207
55890
95637
69549
10118
95474
87609
84942
5624
88596
57195
81681
47075
43565
49286
65551
61874
98248
76126
9042
67272
82341
62241
11622
80717
49409
19678
66047
32652
32806
74902
71793
59198
82434
16023
59834
32321
7733
67062
31767
5899
86407
24520
70652
17518
98064
10797
51000
87888
7310
8858
60941
2432
51773
43025
50912
42924
87130
61883
40061
60946
3398
61059
44118
49516
54612
55941
36614
74395
37435
77456
19087
72392
13355
17574
55326
10401
93811
95508
19722
25972
97951
50386
20425
37875
48625
91697
84291
23425
93885
54916
32488
8266
28371
16438
33161
3865
41884
19339
90685
58117
40841
49446
19809
55302
72421
79829
57406
13031
30909
71053
84534
75884
41081
74408
67186
98105
94410
35798
75349
41043
60498
39112
6916
84922
8297
59619
25490
69106
49548
20297
19271
30174
60305
56991
2003
2945
45517
1925
6316
85993
86302
89307
64860
50264
49945
71642
35240
87075
48541
10862
1050
50075
3840
74484
73180
44666
13020
23747
23116
57963
12976
28049
3072
2495
9142
77992
46571
67710
68972
97943
97500
34727
79888
78282
85658
11849
36856
57342
52484
91023
55697
83569
31905
8740
4819
79497
8159
18772
10271
10925
4927
48734
16859
37003
8314
17583
81487
79941
89926
37013
34021
6672
75724
6111
65635
59021
1349
35674
94939
3823
5238
6302
18187
99884
37149
72643
71370
94832
1579
75119
19284
71611
13107
9996
39439
61757
13804
38848
87159
30563
91667
89261
12295
17878
43376
10045
47693
87496
44738
96283
4866
97974
27805
92211
93308
58203
14914
13229
26440
72159
26816
2272
89403
9012
64564
50311
21752
57122
62976
65940
11528
33461
27255
74802
6305
23579
93765
66031
21507
21498
943
79935
66594
23783
17015
48832
15715
7499
47407
61242
20977
87908
36690
18567
3702
8476
87357
92935
61863
63141
40943
75077
372
88763
5688
21888
24934
94306
69426
74757
39930
12532
6321
21809
56105
69852
71779
19854
44779
70464
81089
75178
71923
82033
84273
6187
7592
91892
82122
75523
34105
75108
76551
84381
69748
78761
12179
67625
83925
80380
45418
14676
4338
22715
72390
68213
7143
61919
57637
20414
36954
91653
31842
34745
25193
21787
68687
70252
62441
97078
8492
74839
33318
38586
69426
44208
40847
78563
75830
13938
31367
38177
37625
63591
80742
66668
34759
63792
17954
20380
96314
89921
43137
10634
15154
59322
43672
90488
5903
22894
24181
82179
96533
56459
44086
69429
42026
52481
99862
91730
62305
8523
98187
81402
36056
45235
40899
78410
27053
63732
83021
42802
80265
69894
31034
60127
1291
51412
20199
1290
24545
92343
46925
55064
83160
49481
34979
98801
16691
95021
82854
10925
91513
50804
73634
57351
63150
855
28431
3254
79836
70970
49808
11450
12229
6791
32522
89149
95469
65100
15558
35954
86689
57007
11579
27713
73569
46233
77785
43194
17698
10881
85607
3558
80277
22892
5769
48189
57070
85792
49933
14700
44542
98399
490
25798
69779
79841
16012
11161
43038
99512
21460
8615
33664
4556
79457
95619
27659
26975
91755
99449
98304
82675
98500
22428
10014
45542
26957
97214
80010
91064
91088
56332
42393
56075
58700
60058
94874
53876
83814
77212
59650
17271
48541
54551
56850
16003
70890
42181
71461
9611
12836
64775
92805
51913
66364
41369
19407
59109
4347
60129
51490
89950
57782
8711
38333
63428
21260
45693
8406
57167
94498
74082
86439
87953
39341
43957
93487
74785
68845
68095
33562
24396
87912
81769
93580
59331
73349
15892
22085
29505
15369
81311
6665
9566
42214
81267
39949
86461
14925
78938
49756
84250
10259
47427
70198
56545
6298
20708
47465
847
47534
45751
6530
13638
94042
8435
53148
10225
52786
68836
49296
79155
48218
95078
79615
27455
14011
29199
21397
99966
78117
53320
41341
23762
69279
49926
68548
36901
94735
66136
35133
9722
26028
98628
33342
56411
82696
13204
11212
64780
22048
1004
17582
42959
27340
51965
11656
93163
36345
95365
72331
74725
67667
17179
78167
11270
83092
14421
80123
30202
70848
87793
56098
96615
46873
5688
18808
18258
48998
94953
46716
53405
42419
26815
21460
49241
63926
69985
84635
74823
7037
77179
71824
89719
90549
56184
42376
7107
58944
52065
99739
68410
34692
33223
89021
45484
79700
30770
65996
25899
25960
28024
54893
17063
3952
34942
51089
25714
31396
10905
79230
30739
24681
18503
87296
69336
60622
856
42803
99200
47160
75466
98571
82725
58175
28734
12424
63122
49839
76985
37663
66941
3722
32245
49314
72606
35335
73963
34955
30432
65889
81515
58256
5963
79748
26547
98444
45575
80368
59085
79520
30908
13506
46831
29331
97044
48038
43162
50489
38240
91934
66110
42672
14580
73790
67950
88942
3103
38751
63001
7541
7748
91751
59893
74960
53884
70706
13755
46159
45257
47626
73651
33394
53844
36552
51109
56443
46417
33853
76645
43856
25546
28555
42985
47426
77311
98274
55995
30183
73174
49746
27368
2004
69273
72021
46679
6327
82804
45131
64707
6459
2230
87336
4744
80631
5717
30035
94140
11217
20503
81003
74394
45426
54832
73809
4902
12290
73635
4127
22782
3931
69323
22090
59215
67852
99830
83926
41343
11376
27521
65819
28010
89412
94574
8274
37482
32329
13160
90222
25794
72028
32030
28675
65455
41164
65051
61960
56006
53017
31767
2383
70276
17628
65268
37639
3171
13619
88414
19360
43455
14465
45915
1899
33194
63063
6812
84791
14430
99032
19560
68275
88120
69487
10249
52847
26488
95894
63403
1035
86686
27172
14339
32395
71023
82307
12275
41200
66989
74540
84146
10379
78952
13586
40527
44950
32605
2356
17115
63553
93123
80277
37893
67611
88488
16621
19392
54273
70528
24105
9414
51440
77970
45565
68111
31073
88173
64646
54490
395
57191
5227
77235
79688
51413
13675
5140
50112
68301
63067
9509
95273
28581
79146
28556
66271
97734
64049
2129
71480
60760
85750
24021
29574
30917
8665
98676
27123
20500
64018
69267
90520
39715
97348
4927
16128
18321
84904
96362
2196
63945
80723
11082
91460
80832
41816
2198
64277
73305
80154
48026
18746
49288
7047
23651
36444
21020
68038
70170
60286
72416
14543
32505
4415
25553
22297
82470
75163
92341
45984
30210
6804
41702
94529
54190
6146
47431
22113
47550
55999
7403
56262
87001
49094
40902
26279
79304
11273
77589
12763
29973
25574
48997
12139
8980
87321
81404
98874
59066
4374
67583
72470
3691
6436
64131
96299
63668
42632
20978
71056
84262
27516
132
36815
7780
42281
81848
64594
638
10117
88154
80866
58424
42510
75996
66568
67672
96748
65310
85961
98833
93939
70873
30056
41381
21608
1080
4373
69032
85223
71638
51418
40731
78982
57637
74552
1359
17784
73602
21810
45045
9479
27856
95738
43519
49366
44871
78495
22102
87333
87308
194
86754
52128
38024
32881
67011
16963
21582
62551
41690
55967
54661
77265
56934
71988
15254
10679
29452
72787
11633
97210
51740
34920
13843
27566
80628
22402
82795
41530
95663
20711
95069
58643
59643
5790
15106
26825
48
92382
10748
64015
57146
96395
42903
78517
12261
1924
85652
80046
17958
45172
49177
35347
837
14673
84664
79758
97193
20100
47684
69288
11949
370
84545
46485
62096
25838
84714
97814
77276
99104
11662
254
82209
74254
84342
90492
78346
95345
31979
41327
75411
1508
86004
96843
97435
58257
4662
367
2440
52410
48211
47430
10091
31519
35615
9681
27450
77741
17236
5116
99378
80833
92277
34992
87199
15252
84600
68460
96900
32330
66003
32190
36440
50036
82189
54191
80698
60089
93370
18519
62086
74982
88826
10722
85088
5952
72726
72653
83739
97010
47125
39648
2519
39851
37306
3113
83156
59792
14462
27194
82540
93850
71261
49476
30226
78659
96882
12554
57938
28099
79908
5836
98045
8406
39779
45080
53137
11907
50539
80955
84655
89688
74171
7270
54929
28138
65120
34584
84044
44710
42397
5519
50627
34130
51202
54376
73958
17930
52077
55568
63697
37342
82371
62864
13132
82451
32137
14626
41966
68935
64575
68956
65499
57835
89763
37092
78482
63479
69641
3387
93959
10018
92075
55862
70092
78009
2329
2602
91289
29041
21378
16140
43827
8611
12231
30500
40777
5303
77803
13732
6169
87756
86858
52508
24143
50022
28166
14771
95281
70578
87237
1439
19337
30636
24887
58808
41272
43308
12348
99569
55798
16812
43777
72250
64576
12052
3726
26413
19726
57802
14536
44080
67533
55130
26561
46630
26983
36814
42786
40812
99238
47175
88616
37519
6163
73134
47466
62643
98738
88191
83309
80565
59440
67677
62413
67755
46666
95775
68258
6476
93750
12683
75973
16703
80374
43717
15646
8176
39900
11260
7443
13869
52656
55156
95721
61197
2173
77470
44205
47913
39132
83526
79751
15930
6010
12671
88351
58184
24378
39469
73784
51185
36354
78812
86644
79042
21866
46936
19517
3515
84215
14382
42636
39049
7813
36665
23624
11756
44063
63728
34779
16967
73997
10253
1848
41232
29594
15425
89346
81542
29633
33015
49214
77091
478
70424
81996
66996
7377
38836
72655
1207
17645
85664
66817
61207
53543
55222
47420
92119
69699
63856
56660
8515
7606
81744
83554
12441
38030
85147
3611
54113
1073
80098
13804
73222
93213
1365
53409
81970
30797
58955
39270
89678
40263
38536
72657
23251
86818
61832
94126
67775
55320
78403
72642
37172
39799
91169
15744
86107
81363
14614
78594
91254
18143
26823
31551
62510
75501
4323
18219
92929
29871
22183
98940
19893
25450
60869
28320
49443
9329
86102
59567
90707
77748
58260
3356
58014
93811
83854
94362
24532
45303
43160
34741
53204
60178
15325
90587
88217
86844
75076
14732
63448
76534
53626
57261
73037
75860
40456
3727
53695
49070
52349
50279
48312
1593
11397
84792
56126
69108
54650
93564
25951
69682
44662
54266
15878
90475
62384
7574
25361
95012
41720
22252
3760
92239
48471
81486
53188
4367
15507
21829
72878
6917
20720
50398
37334
91462
34601
50817
61155
19214
70296
63863
79703
91912
40531
94925
66673
65386
63039
57096
17139
70748
58917
6092
47811
88291
56845
61174
4991
40032
50132
34876
25113
28214
53299
13559
62782
49161
70214
40698
86857
54547
16775
55275
46410
15437
37701
28780
25264
68393
19200
26060
36357
87478
27125
87598
55308
31179
93684
93832
56338
59053
34833
25687
93080
99353
5225
79786
61863
75912
87872
31616
95653
70251
71688
65459
63151
3199
91614
5972
89408
69192
93261
93082
71853
46016
36842
39168
38772
32907
73590
95559
86039
40724
11990
33917
32315
69356
40801
17388
52905
59548
91244
96190
88176
99024
1610
12866
73639
96086
94209
43490
5745
7775
86716
32889
39925
24272
37841
4272
15584
66329
70702
36694
16504
48393
26349
7331
4510
96455
74613
89857
9279
86729
49767
84995
17820
88956
84453
34883
83396
56394
86913
38940
65596
3513
43768
45709
20753
51955
33411
42470
85042
5476
3550
2456
31410
35420
513
78069
35815
19679
37637
47756
58333
80147
55390
34081
30298
6357
56834
10974
39927
36284
98626
9315
25767
89237
79945
11667
19828
10289
99593
99431
30409
90894
44926
78594
18387
76130
35428
63917
142
55432
68356
45621
5309
60729
4306
97492
28185
63587
86436
10831
37901
71237
8711
54761
54346
70319
35715
70180
54379
56710
29417
1956
45963
19970
56745
62025
36685
21774
35872
94579
27459
19075
28873
83848
82274
34849
3694
4790
60474
71895
69369
67510
49321
98512
34983
47356
1510
8756
55093
24350
64793
74579
2146
77995
89046
62270
49904
96483
9854
81484
60942
62942
37096
71512
46023
75595
22047
6532
3458
43568
37124
19246
52538
75583
78704
603
46696
44867
95316
32253
89262
70361
51047
47888
77508
1665
57123
99865
69153
33163
43420
28231
99546
1351
96044
90767
77488
38669
57118
14664
52961
66973
68611
73152
81000
14279
43254
73698
2531
29530
62514
68299
25181
51870
34131
60966
14938
63275
89821
92667
2952
16365
67561
29781
70886
82873
2256
68569
2908
12427
43581
95194
82768
26227
30482
8508
70335
95629
78038
21131
13584
71812
74337
3257
39201
39407
42474
23188
17815
64338
95989
68762
18337
94138
4779
4654
49950
47570
92948
31933
39997
99668
10058
68346
11382
28144
52899
60421
4001
37612
66165
71844
31357
19188
17308
66442
75676
34761
23369
18679
2699
37597
5746
39738
20784
53924
62581
3077
18000
53768
77900
89744
85654
33525
31620
50826
76982
17648
35198
2045
55705
62296
93958
23843
60744
9903
89037
39202
50578
385
79400
81023
93574
92041
47530
41020
39069
83205
51150
12946
38058
54325
97754
4334
82077
69363
28720
93023
94163
85299
85434
47409
36761
18987
31131
12651
98018
11746
19027
89003
80110
13781
29868
92970
41080
82926
50151
97200
35134
55146
26026
90781
55397
97904
7321
88071
7877
1674
91113
41224
35672
99804
84934
79251
68455
32369
35966
4772
93824
85818
14469
28506
34319
46902
97216
11142
66755
6794
69840
12371
38950
39239
55775
17681
23028
55237
83874
24936
94190
5969
26785
24814
39147
65544
77847
1853
79409
75654
85485
16142
41160
75302
31045
99657
15709
70541
18453
15744
32274
21493
42301
85460
8380
36948
14673
80284
52189
70401
60455
17105
65792
5671
35879
68491
38858
5088
85694
18867
27942
68720
30633
55589
88375
19235
68731
82763
62856
83727
81585
85263
33684
91195
59763
50555
14043
42355
374
76722
87830
37082
84173
56536
7210
64017
9617
29462
22441
66718
46923
36153
49436
1261
76445
93290
77146
91271
92595
30573
79017
68124
87035
96183
20645
56418
73028
42242
49175
27801
76591
47579
9107
99848
99505
21544
53838
943
54231
59663
12638
56942
81454
89606
28700
80929
87230
54226
5477
63458
78599
27366
85750
67419
34073
47688
40667
29044
18522
85937
64494
54534
40769
31850
54867
80417
56597
98388
8048
34986
39883
92954
74037
98019
80233
97992
97327
6479
16739
36641
15680
95001
84397
73027
1520
91719
32238
11371
8349
12337
70349
13212
28064
8352
16762
47893
74134
28926
44564
27853
80304
50174
74598
57334
44809
10477
19784
40778
56065
65914
63347
55498
7365
46038
45142
92134
45318
46947
37768
5938
99618
45967
17338
2135
10156
60249
72510
99390
1602
203
49795
76829
55276
87923
3183
12146
93444
20630
1754
60963
22177
59627
50226
10938
75430
16403
94280
68036
65271
89236
15022
96917
70965
76025
65098
42598
93114
52057
62711
6303
58121
55033
39245
34894
82951
63930
31156
10281
494
93101
17473
92913
1802
48550
30522
81734
73050
9401
9355
1936
92257
4322
22910
21368
3684
50045
63062
26648
6215
7090
96500
60831
76185
86432
68746
35898
94751
10069
73671
85391
65306
88340
37495
15192
87323
27296
17528
43750
99659
20575
82809
96977
18517
11940
26312
37584
73112
37022
56546
63822
85537
65795
30125
8368
50419
70912
16300
4545
44641
41285
29445
64089
37766
45143
26157
28391
79726
22301
39864
13398
13947
51474
17781
67317
1269
95216
32511
99802
42866
72433
63793
21475
58817
46388
84620
53458
13071
44753
40384
27971
75244
47486
79684
3162
75032
88172
81123
57966
35967
14974
21649
16094
71843
48426
48910
72217
91321
55068
52616
57909
84081
28257
78028
90119
55318
30504
88484
90753
34499
5273
63249
52329
8958
10443
12004
51775
23274
60477
97940
82062
41330
89838
87678
79715
89502
66306
88134
75120
86686
89591
87985
82149
19648
7992
94507
73746
40690
73840
45354
60970
48656
37095
79221
4374
64061
45680
69363
38678
24416
81011
59587
84355
6797
7674
93601
53058
31299
57303
95494
27734
11190
98461
41657
12831
93455
66676
62569
5168
76835
41799
26683
31850
3582
63419
88004
38039
95835
69368
23984
84414
47868
27151
51024
31874
91408
3668
81092
49295
22812
84695
74930
79115
18094
12321
54770
35035
64621
55908
62683
86342
6770
70134
89413
4111
36890
22291
52975
6020
62669
90225
76282
38527
47268
42221
98744
77840
49621
10554
58031
14431
88813
61614
95084
9745
18698
47184
67994
78319
26739
93864
8505
53710
64488
50597
18655
42408
76258
67871
84493
56359
17180
26405
78785
41765
42221
68006
35327
89495
3681
6759
3678
20761
16254
14816
35103
90619
35962
83819
7953
41425
52108
60319
73924
68523
9826
41577
95361
31289
64913
96706
48192
54025
22321
47393
85068
13293
25034
2278
88984
936
40981
89547
98847
85326
42258
73454
55437
67327
83112
72153
98650
41989
60979
16669
45114
32179
88324
3748
89002
56153
12119
98994
98287
27494
92499
40904
23672
62894
92459
81307
98114
90943
36424
73165
81083
13370
67107
82841
93640
69129
67261
60660
97896
91245
15788
50944
97585
26552
16088
60715
75241
9207
68670
34860
35872
40336
59683
4773
97033
28180
2425
87389
50853
85816
99787
11983
24839
66801
92226
43229
85172
43046
18017
50761
58733
93736
40393
47832
98234
79324
89658
84654
78612
20420
27374
35619
92223
87792
64523
63850
5405
36799
55782
81362
49621
87204
48086
48647
46648
57642
83180
73567
9198
12937
41095
76210
15861
72014
64320
83699
32397
54320
20866
6960
40195
13484
48544
30053
37096
18359
72457
11898
95791
93639
3037
60123
680
24939
2937
87214
35304
66492
57650
282
59392
63582
96938
7500
97064
16356
91992
46607
55896
66836
96703
53894
10292
86770
10484
95673
12030
80370
14830
78483
35862
93038
76091
39152
28678
34865
12921
91304
7035
85981
98435
71040
39733
49764
4321
81246
59634
59464
96974
81332
72093
23973
64179
7219
66098
19283
84977
34992
88647
93579
55005
20873
12888
55989
44981
60030
16203
61673
945
7240
85678
89229
91428
93520
85311
30351
68971
54590
51801
76173
41206
59388
33941
89969
40191
89853
54386
1620
37778
76797
51954
45739
79474
40927
57663
92350
99613
22955
68333
86732
36607
12194
7856
23303
88613
99180
8124
27378
37177
84585
99152
8163
19247
74041
71032
76532
46381
76511
59175
91930
54097
2413
8641
14187
13976
26996
93428
88046
56506
44269
2190
80920
33562
87333
53152
27670
96048
32033
67880
10130
74404
32599
16064
13661
27508
60334
41651
58169
69002
29346
94408
96867
89087
96979
20384
12427
64606
20812
9799
17283
90525
38969
61483
82459
71878
15962
99290
77659
86858
62408
67798
4224
68906
93705
42124
42148
58496
40103
9824
12523
43782
58599
21628
77548
43338
25709
62144
61708
83932
9385
61693
79746
91623
28233
56068
99743
45405
6666
2303
52917
39217
25725
75409
25687
60340
51074
3560
34070
20044
91995
47371
85699
65785
8240
92656
80512
63360
35172
5473
87610
62103
41898
93253
62816
46578
71937
26491
39172
34140
41460
1716
30864
99343
86266
68356
40046
93380
55374
99662
45542
79558
46495
60955
82600
24277
66613
17263
93675
67073
79552
26805
41621
42968
71602
86773
28770
45731
26174
33546
57986
1582
48930
50716
5150
69481
25938
5195
46401
96328
29161
14210
98054
33250
5935
44134
82260
62586
2082
55849
27287
94295
71924
40768
47727
65188
22707
36625
26989
14726
25776
72818
42094
17105
2378
71333
29115
20894
58048
21196
86514
84729
96274
51900
53182
377
89523
54411
78172
62968
23673
37115
19891
82233
60521
58475
73987
28345
82280
48187
31169
71243
91828
14241
8907
3313
42967
34611
84243
31852
66072
49144
78887
89983
36232
99770
12292
42483
3357
15287
43621
56469
66721
742
69277
65964
30001
70833
29116
84060
17139
61762
1523
6746
64196
66643
35170
8410
27865
65787
73622
50617
67422
65139
77847
12960
63624
13624
41247
7630
35446
43308
22022
57790
3515
65068
88443
3933
27723
56836
84072
52105
15745
1512
71991
93209
59038
67302
9795
3558
3391
74466
40398
83434
2218
59399
57624
2612
32509
29459
20115
99644
75731
118
42241
25147
78939
19759
86549
28434
15010
16872
18632
61517
55101
49377
62446
14867
51330
96492
11691
5245
3156
9796
11232
7519
47055
32055
21439
59587
65807
99892
17876
72349
61100
69509
58939
45138
71118
43489
74873
21100
43423
31022
92976
16707
92644
44005
15902
24943
82382
17036
12598
22643
71212
40643
64760
9046
53775
13962
35580
64841
9693
55583
92130
48804
45414
59475
17895
42603
77067
46612
97772
13394
56028
42358
44272
88579
83136
4675
60720
27393
92357
38857
4920
29976
10194
60772
25050
46138
13237
12487
88487
33253
12994
91663
13800
65547
94521
29256
46341
15490
23328
38842
88636
12095
13667
65249
8253
30641
20566
80228
97816
83644
77795
8530
54553
63881
54466
19015
80054
36850
44082
82322
74833
92238
31582
79159
16846
41828
6280
41397
68296
94715
1619
21927
50847
49783
46225
18655
65804
20117
5040
22983
12866
44329
74128
23830
78719
45772
68261
74453
25070
72164
6508
21276
4608
85358
57769
1421
72964
73847
55577
38791
44896
29029
29479
7324
63733
60337
28903
84435
14540
24062
34674
87675
13515
6027
63199
73283
48800
29203
68833
76587
31198
53973
41037
91079
37199
938
74701
15545
91300
53998
64344
46736
39726
94881
35911
58875
13528
79411
83487
90643
65389
90475
22493
55369
91585
93004
5787
720
18169
72229
74595
70519
38795
58068
32284
63184
40473
25680
35754
38800
43151
15101
96583
99983
9154
31276
72026
60482
49329
69931
4614
19830
64178
64410
38321
82396
10278
63945
99121
94823
75019
34775
78269
27123
75936
22131
97727
89567
74858
23271
68928
60056
11678
99643
78383
94784
17658
99646
46688
8786
64051
72583
11045
42346
38208
29095
75681
74270
16387
43698
59403
3681
20200
994
45023
98224
1865
58720
1478
98525
2427
38003
6237
76207
66608
54018
42937
65950
78164
68708
87161
30841
385
81294
21935
74637
67841
72038
43683
84621
77503
80011
29324
74336
70047
26632
35625
96772
75460
93259
93050
15481
20976
23381
38113
53598
63945
47760
565
88895
17377
24327
24750
26786
81755
43729
58098
62551
83082
76145
83923
39116
44217
25269
10589
17338
84214
11392
54579
2018
48681
27023
71128
8783
23113
95741
92792
14450
70672
17789
33734
6690
66107
4383
5447
37529
68276
86775
68283
89637
85160
35832
12378
84387
37335
43230
21429
96291
18505
96296
23276
89692
85036
25132
72339
60503
80333
12858
40711
48287
14465
37641
17074
82113
74611
58633
25575
37413
37709
67027
80437
10441
93107
98139
86295
61956
60076
40771
79128
42410
2707
86049
78135
87174
3030
29532
85021
62241
52104
77563
23906
48361
58394
11712
62400
74699
52916
33572
92434
51902
91420
46283
77980
8816
15345
28842
96095
7161
35287
24617
7539
94065
43423
96404
93746
53674
44628
96991
87992
35924
19946
66356
10400
73078
633
94494
88732
42794
36155
82298
9945
247
85336
92025
1071
81215
46266
3568
82256
73083
67647
83086
69603
61337
51901
26519
31020
85408
68709
62080
14320
79606
46517
83019
73605
32423
99164
34816
17313
70601
74900
99376
89292
63169
85903
2913
72880
44992
87814
23905
77217
79467
30871
92825
24869
15567
96869
56331
10329
45770
69523
25168
40092
38271
59693
37227
96709
99386
21490
45076
91628
20235
50492
80699
84571
75531
51040
59270
50854
71710
96067
58520
72269
86656
79922
50546
12014
3904
82363
68908
9652
20511
20151
65404
98184
99632
61648
48163
2078
46391
19336
95487
22427
8770
15374
8354
53430
44016
36102
98570
2990
45434
52817
9267
9448
94508
Time spent: 34
Itarations done: 6777079