29607
31223
65499
22805
46603
66428
85539
52522
60033
83593
66214
86751
26812
3498
34279
87703
21706
30514
60256
91927
99243
40884
82618
59885
77668
34764
42448
37010
87753
83898
77076
82956
69553
91661
81832
43450
6201
57703
25339
97456
55409
5530
95652
11277
76521
88098
62074
70777
53839
33873
60620
43094
85361
33777
49882
39977
40179
98069
38420
16358
87478
31434
54847
39779
65410
84443
17408
8992
89090
40000
61121
83337
93507
84525
97454
8444
69402
95374
14014
88341
77936
48320
69887
59240
23493
11953
6028
66050
22986
49435
69489
29132
34779
92303
45303
15815
660
85876
492
98902
10248
31293
70908
92686
18811
65350
63543
5910
36674
26017
4452
40675
61230
48893
35565
96463
41013
27842
52454
9247
45399
51666
79499
67082
63179
97906
98928
95630
68599
24734
85848
99740
74414
52382
52640
80507
38082
66657
73009
21160
99439
8858
38483
49684
6013
38733
98308
41242
25611
70146
47435
19296
54880
82706
56733
50700
7260
6852
84533
7147
4073
64778
69282
82987
98444
25029
79347
17743
33351
94746
87903
70591
72290
30261
48367
33609
43873
94102
68963
50768
10153
24479
23798
30467
2524
11903
92213
804
68779
96857
88183
58851
40220
12275
27196
7876
58680
95110
79324
59730
99903
82336
74043
3588
91924
88518
54953
6730
54930
34403
30624
18273
82546
59011
31602
92529
43554
1288
63002
35120
7779
81639
37120
1996
90203
48522
81140
49222
63309
80755
41309
39658
9267
52333
46811
61611
70759
73245
54111
4077
12077
17202
65683
63365
20600
35118
5808
26706
62803
31834
40503
89862
58705
52809
48694
17811
53955
87357
87359
50259
49731
45495
44659
87025
97206
6598
41957
62275
75544
69773
28150
31132
50219
58245
7880
47360
51892
43022
58960
6636
25207
54734
23760
66317
71515
46769
4284
29710
49912
57686
51347
468
6917
96402
14521
71097
76701
39720
11396
8434
30977
88547
82251
38541
60507
76476
19350
13613
38630
62435
98857
64324
51294
67667
97761
2425
77796
36603
48226
40496
71751
11001
67399
38410
22775
7242
2015
69361
75943
77786
44012
22260
48310
19516
5888
21817
9583
64061
92682
52850
87515
48207
71229
21106
17665
16067
16736
69360
81873
48977
11740
94570
70135
53896
83157
79558
56515
66609
89403
60987
1321
42146
11457
4325
78971
11533
59255
46051
83811
81406
77962
93499
84604
40968
27418
43598
82490
19393
12460
93116
76927
6026
61851
65139
59442
5589
89165
69132
36009
51081
20271
45280
25409
38186
38953
17690
93172
76743
84693
95614
58520
77172
34828
17026
55175
2774
17045
24660
35995
22400
27552
1086
86105
92256
75321
66418
49511
80445
33417
59925
80156
23352
54700
85141
99952
69095
1093
96975
83523
19983
43113
48871
92242
33302
9519
98263
48590
77750
5695
89348
75946
71407
73777
93644
28635
46433
37570
90844
2374
95487
60910
15140
46245
55389
49442
75522
93862
74640
42639
82453
93648
93173
75427
77881
45947
35036
36928
70741
48155
77735
17584
25874
8141
15567
15346
40728
10938
78482
66603
71276
14001
2925
78194
36220
2318
76566
63100
36883
56196
94928
24326
79123
71794
74715
88967
73106
27285
65929
67648
17024
5989
92929
3242
41561
71899
33136
77218
3421
42742
11375
61939
68209
21033
47669
42921
15681
24535
46815
86299
33651
4153
59181
93661
40798
49449
73880
68917
93123
59823
27876
20029
84037
2882
27531
32186
43802
90543
82743
78399
80534
78198
48035
78532
81975
32520
49850
78400
14943
19532
54770
96866
17674
36058
99503
80725
79184
44951
60210
14733
39324
77283
86126
57226
23402
33161
60393
10594
46015
46897
79661
90244
80190
81985
63221
25698
89954
86665
12341
13143
67163
71793
40909
40000
96680
69350
89652
18973
97962
92104
17910
1574
55626
42780
39306
89246
56769
14554
30657
23984
98604
83763
97072
19758
16400
20434
20430
91045
8779
32556
53277
45419
5066
16005
45697
33454
27734
3572
8805
91034
51873
93791
25239
66726
53181
93060
14436
6
66148
23050
48400
4886
44909
29422
92344
17896
30652
77633
13787
89391
81543
36907
63571
32802
13777
34425
82739
97708
35694
8360
30332
99513
30796
585
58911
21024
60076
7740
86954
99378
9238
52765
30285
25523
2169
48111
58291
12862
38488
96544
34939
36698
90008
15797
89436
6727
8656
79246
36912
11145
56670
36427
35564
62793
68831
14365
23484
85285
96048
3546
25730
244
59765
806
60197
15481
67479
15517
99453
68416
1089
45118
64955
48993
91810
91407
39907
12033
38126
19952
87523
90225
6478
61556
52563
35831
78385
16930
5758
51728
72185
53548
63090
20542
72807
77131
74893
4390
48743
19267
33355
67168
21854
7402
91214
66293
82667
73758
19354
71521
11506
15691
56442
94665
74100
41587
19890
55966
9248
23607
54167
70402
15636
31403
89831
10320
75133
39415
74647
89597
20633
84410
16785
18880
67987
99659
49304
1534
83586
67452
85008
75502
51844
12632
81253
57609
40140
6404
75374
13712
32679
61871
83175
60610
19317
80590
75245
3790
80530
52911
58889
28839
5548
23912
97061
93772
17075
11478
89916
14497
53069
3405
29478
96345
73751
66330
13397
40810
20279
70924
69887
48566
50488
74953
2672
47340
16619
8650
12137
96369
30137
75318
86856
57926
79568
14138
88296
80815
28668
71887
70734
10728
24322
95591
88267
28033
86228
89089
41316
14802
33735
73085
6105
69802
29116
50457
72364
22682
81113
6424
86844
46740
57777
66638
63232
33411
3413
95346
72675
71039
40868
40468
73336
65472
67458
22777
72300
50709
20501
22327
38599
64075
96721
36835
2286
2277
58718
73971
81172
32263
51260
92289
74252
3897
80289
24043
48795
267
78399
97172
26718
65829
91906
23467
45086
72591
76712
35262
25434
20232
82856
33936
37124
17255
40895
60121
81033
57230
37246
7681
51626
86666
80115
81400
57823
59198
12859
41737
96061
84565
27397
89118
72555
10226
66723
14914
66025
18498
82638
86615
6985
82722
32463
40650
25205
2276
56827
27873
83067
28083
79528
93983
69255
97860
10037
79925
74606
23414
9355
95823
9928
11145
785
56044
54192
51233
68557
62728
40773
81074
89324
90415
99243
14115
84217
55402
70735
26555
62447
49999
5996
11241
51355
84101
36987
40623
72392
4287
85262
28784
27654
54158
33320
46297
7412
98650
38780
21107
15521
59835
15415
53599
36594
1986
39993
84711
36564
59693
69332
82174
96509
24368
68084
51891
28558
91692
54543
38970
12266
25399
69081
56058
19978
11226
57834
65436
70550
58971
42887
45668
62185
60283
19402
93679
87218
25138
80037
48727
24336
953
17481
76047
37043
24800
97020
14810
81094
71469
22828
77576
38165
37902
44003
86556
48227
47993
59382
45773
8852
70860
83768
77596
46162
20348
32442
97168
39119
43906
65708
58847
96580
14903
10682
85103
44815
14054
43690
80155
82124
22806
73326
38205
96729
54405
11636
79215
24306
16777
58835
83996
42311
35480
55630
54731
59685
64657
76399
97094
62578
79283
46393
5773
19394
72921
66591
36458
31783
81817
20943
64275
42099
18356
22501
61134
72431
24725
27278
72638
75462
51107
7672
38945
23214
21788
30908
83375
46192
77293
32180
87588
62441
70967
7055
82773
3757
54403
73167
12593
54554
7693
67362
65503
67840
57663
51180
31579
12294
80122
94933
12149
34613
587
98619
99284
92102
92030
86527
46595
21906
17914
81636
72809
65329
84089
25746
75238
58360
44128
61817
81527
32841
49189
36037
34961
46621
45774
8961
91119
75589
2537
87335
1839
55682
90760
1296
76182
58725
52223
55180
37519
22422
62860
74454
40866
31843
40961
56134
75226
67439
54619
5536
51996
92921
54703
8329
72360
55249
96855
43595
74128
8547
18833
90963
81624
53928
7972
22863
20985
8000
27645
1589
17640
74282
71275
20053
62747
93770
77808
35016
21017
93609
73509
42058
53626
36090
1516
32641
46801
94147
62803
55390
69191
44064
20032
76062
29285
71277
9232
93663
67894
30968
63324
23783
117
91561
76212
4475
16246
16293
26508
14841
61663
5692
35903
21996
42111
32122
58778
88190
42575
46439
86857
76598
5540
26410
5553
91666
87531
66657
57082
77865
1638
80750
49528
79359
58075
97450
751
32285
34887
85194
21330
21229
46537
31553
21740
81987
29386
37725
75493
73775
29965
62027
82215
75818
64471
60933
52452
85611
16039
31327
79451
9111
50154
53504
72250
36760
57904
70834
99111
93460
81847
19066
30674
35491
39886
35929
78159
42839
38806
39998
93515
21545
61045
66678
35646
87381
15776
88770
9656
49561
68513
29210
54527
51160
2260
94386
88697
51535
17562
17879
22762
55288
48887
6514
13808
2147
60380
23263
66861
32674
85320
24890
85529
35774
90484
96100
36101
65753
79166
86550
17207
89024
94728
62227
20614
83532
50329
28500
27780
67619
89876
68611
11542
79258
80275
68369
2605
61447
45666
65535
36470
35070
80648
70653
18043
56621
21341
55030
28330
64924
10697
91104
50496
18371
67588
60625
10999
12152
57969
16862
15601
43595
70843
98497
9767
62960
21712
44889
8283
6889
41914
55094
19900
62211
63454
66303
39374
48909
75872
1313
91493
42804
14198
49170
89502
80859
35168
98313
13813
4997
52697
37352
25941
3965
32927
75030
7342
6975
94259
7969
53143
67742
18372
82491
56717
53026
54525
55075
92641
15889
91329
54986
42774
90620
77691
92102
13033
93645
97775
33192
56898
52736
43614
90674
55751
15422
83365
29309
5883
6771
93260
98348
27308
16560
6913
39309
40502
96339
36945
2880
53746
38013
40758
32357
65992
87305
34824
35575
17960
17812
9989
72487
17663
54381
64080
31311
25634
88118
47465
52623
9819
69599
12270
87815
70460
1706
66589
46000
91212
79007
61271
91764
94368
36700
78802
5088
65220
78899
51292
4294
63460
53383
7721
63081
57957
27924
39394
23484
5341
1932
76905
18029
42516
56385
91982
66416
78577
4871
73182
4708
52549
59071
75710
38362
69951
63106
12503
84280
43392
82940
36264
81698
40249
59345
60259
6842
83924
45988
79463
22107
64254
57742
83038
26941
87381
48625
94147
54662
35674
23591
33751
77113
14318
63895
81293
37357
32688
11899
97099
29551
5919
17857
78810
84672
64825
98665
47322
963
30869
96468
96486
78747
46877
53693
95191
80703
53982
40284
510
40736
70542
78768
26186
87250
59790
13317
12050
29936
69514
60020
56829
83120
89302
57370
9325
63250
98705
8311
61110
3287
73124
68176
47622
72577
73322
86469
43964
77179
69158
54682
36723
42700
38483
47192
63758
49352
38072
67786
40191
97249
65091
30458
30732
28891
14748
9877
85956
25321
92661
94272
33352
22641
58908
61487
2671
66336
64799
77558
69534
32331
93134
86396
21283
95700
28048
19055
84670
20676
61463
1512
6276
78864
89799
81021
43445
76528
66777
22856
6027
86341
55960
51576
87363
34169
70191
23982
36747
87285
94103
24524
54952
26801
60633
68152
39449
64177
92781
80478
66607
79337
27818
608
74392
16224
12723
18100
1011
70548
96842
12255
42464
44037
50604
9311
15086
19666
7559
11092
47957
33165
61105
77280
84447
77495
46987
62719
42172
79069
7950
21021
66289
27139
67918
86236
12331
21105
39638
35441
11671
24392
51937
16887
5225
78111
10564
646
79152
32904
72
71746
71
3152
93237
39351
26726
34164
59258
79803
70019
22
52291
66213
84016
17408
17824
62750
96764
69075
76005
77918
31670
79515
28214
77825
27719
74955
86024
57845
39923
89971
40136
59011
90205
53815
70981
94147
43274
985
52341
17944
2102
2597
14741
35063
53228
7825
16247
90843
43418
17945
14952
30296
36059
89462
49596
42799
78238
77350
12612
32293
7550
84597
43359
65739
41491
80076
78359
56234
21655
83144
70087
31408
29997
90473
26183
22583
55047
38254
26909
85688
62250
51232
50266
31007
14491
28956
71386
95586
96379
59176
5646
39511
19017
28491
33416
85211
20755
21162
78420
47601
33813
58420
11409
22083
56678
32661
16178
7309
57832
33580
85906
40086
37624
46614
14380
10915
92026
27976
8885
10408
54472
25123
79367
29179
40195
16669
51915
96784
81193
91563
13728
98929
19372
73762
21398
56373
20438
25702
94706
83819
81730
31535
74072
72607
33488
69386
41360
57086
74929
30839
91004
31325
44004
35390
91178
80151
92894
17789
93257
76529
30047
36994
31851
75864
93940
66876
7437
7092
43815
80883
58906
20250
88225
35535
14341
738
23547
90919
54899
1562
21473
80284
38878
76628
87045
55399
10886
20479
6912
89482
64500
32883
21279
15347
35850
30283
82404
12805
80315
20360
7518
36437
24808
40823
94692
92508
94111
39025
46439
32114
81298
35123
37736
26554
69476
68239
72675
30498
14936
72432
97085
18682
70224
67290
73250
2647
59764
76564
77237
95511
20337
7497
49355
94755
84081
33359
13943
95730
12610
22221
85915
31863
87457
46065
98409
61475
24217
86100
18411
85672
5648
22511
65340
86962
22393
59844
11393
24016
69103
92860
21793
4457
68440
61915
88155
84589
85761
81796
18781
12652
53254
53425
76009
40503
43865
83961
92589
77542
22584
47569
56627
50245
55463
16474
27745
60864
75218
79937
35888
9621
86332
47360
18614
56189
42304
1017
72697
48264
42999
23715
31551
37738
81014
77230
31218
38275
12588
48437
94583
51998
40735
11815
45988
7590
76173
79354
66558
7229
85020
21901
14342
75639
41362
49568
62724
40919
77470
33089
55634
53878
64790
32856
38689
70292
64778
77870
1676
78777
60254
2940
59711
55919
15119
9214
7867
69836
13164
60477
7281
33532
95096
65655
99460
30209
47037
26566
99936
94105
93447
49194
92421
32517
12718
26635
30273
17294
24716
2358
53330
57429
96045
13505
45102
88293
71085
95741
87779
77574
64652
3481
20708
53214
45577
62345
71725
4390
99625
24285
10149
93036
84829
40066
65237
40457
82693
98669
64575
21227
4640
8637
73115
4921
34683
12527
55500
35103
76501
32365
41802
24567
25923
41339
49976
76013
8299
44995
7069
8120
4300
33776
15648
78411
37408
38010
31914
46369
11685
76292
57614
12914
69370
38719
99133
5677
84421
87530
14059
53410
20361
89446
48003
7451
58569
16376
62619
23294
46657
64144
69554
11171
25637
42479
14410
923
69287
83788
99862
43534
9470
3074
97699
89350
27096
16836
75823
41306
60027
94937
58150
80434
16405
76125
42864
447
84730
25289
27614
68385
477
48499
29045
49107
63096
10490
38398
92839
96993
18520
24993
87042
15359
46343
84988
16528
76743
72578
34142
59065
20776
98837
60158
67637
31725
94723
82711
55070
6328
89166
17436
1908
95872
90571
3884
54240
51515
71836
36868
64586
26590
577
35650
56004
79946
29703
96035
57279
80331
89039
96741
65312
33437
34759
73281
39804
40386
20134
30135
24827
49309
48507
35106
22107
80112
57325
28571
11589
86591
60739
84665
26328
69794
47473
81530
40756
71837
90553
73341
24097
60343
75968
8134
43966
60261
98436
2337
79125
2032
4218
65420
14934
32878
83242
66243
50186
81481
25826
46434
39836
75374
62889
15526
34553
85083
2764
7611
55067
9396
62610
39905
56977
22082
67903
89884
99959
71969
59581
99559
34279
65504
5198
22970
57018
63739
57750
56114
70637
94145
43875
27308
97280
11755
91709
80380
63649
43814
27937
53079
73348
17479
83423
38776
26242
1041
47323
20768
27699
85741
650
85397
54512
97453
42052
52732
8823
55334
90883
11685
96574
88013
15665
10213
12799
76951
89633
30651
2493
21333
19310
75250
92857
9172
26897
97602
60379
35262
92792
41963
4524
28206
80617
94322
48725
35951
73910
6626
78922
72081
50978
28674
60065
43601
12415
71022
41806
64996
54367
26556
76028
13092
49924
98500
20905
92532
60811
18180
98869
62699
52100
87212
9158
23425
23739
45624
69549
69104
4446
49964
76418
98610
75885
43599
27461
11894
8022
15145
47203
33230
90162
70406
91847
75757
36436
88188
87065
2324
29336
91011
70018
43586
40410
38010
65171
5886
33329
39210
22434
38671
11275
97883
85657
34003
17979
10828
39733
99211
39702
95202
5341
77783
84084
64908
11774
93328
31016
49584
80380
56759
60557
34846
93792
7793
63402
3769
9435
58486
30523
76412
99725
68668
346
76766
65927
11034
14184
4633
77799
77069
93636
53696
36974
34068
7284
96467
48447
68247
38242
51791
11567
39230
98993
61239
9648
27197
65418
27004
85578
75525
18053
5782
39748
18990
85338
10671
76176
40405
80992
46239
52860
17042
15613
90693
63221
2267
41264
43483
86900
37511
56992
76676
225
5056
63114
64099
29363
13038
2606
13501
62445
50689
69011
93895
10891
64019
92053
32754
24709
79983
34480
55875
21730
50629
46674
56495
86519
97818
29151
9654
31145
13791
47338
92792
87043
13216
27860
34238
14870
38289
41063
87496
77555
90042
40624
21147
20684
96239
87808
21696
43900
29042
35334
29825
27169
54117
83761
69318
96579
26909
51964
82279
75752
51539
22446
54305
71008
83088
32164
98923
81089
85014
79984
71852
5553
50014
13022
2563
49885
54850
35838
63129
89899
47499
58863
42477
63215
58438
65357
57964
1348
86958
29884
15553
2436
38104
65464
24919
71610
76186
11469
86428
23758
16734
99803
93232
51674
387
53004
33588
11558
79379
74681
36062
67338
153
90024
73378
65513
84043
82131
29501
82962
92107
48524
38875
1632
9846
71420
26803
16048
2902
55250
15584
72265
75790
35336
12277
70196
12284
2812
60896
35157
88297
22578
24304
79036
25921
43438
59279
26652
754
12585
61937
78703
23710
10196
90143
19085
93248
14117
14517
51440
54242
89529
10327
67481
5705
73929
78781
7895
71159
93900
78184
75611
82627
6866
52897
711
32082
8409
71192
36494
12635
83697
21896
86960
5817
10186
74056
27423
71029
38025
73936
82029
58563
84399
39254
64592
98550
78604
11865
72509
14786
85701
46981
47398
74562
18373
49531
80682
13507
18949
16436
47507
67854
56563
7292
98180
5670
38019
45418
22750
73259
75178
46176
31389
63313
86541
80170
60931
67304
36196
5157
26187
96241
29397
42439
83636
41078
90811
30981
64581
96905
48790
65688
65096
93543
37047
15008
50831
59181
3727
17434
46215
93471
87066
76523
29634
41769
76746
9640
48809
43218
30506
56964
3953
71899
56692
24142
20158
2542
5174
14523
45055
10058
31407
5039
62937
55664
11423
33568
12354
21431
89126
95015
30607
29773
31532
88353
25622
24777
52430
17539
93348
98181
40440
25449
57156
14416
93577
31903
4599
26333
19128
54367
36475
76056
5041
13038
23305
43873
7016
60819
85124
42150
24077
33076
71928
50965
54667
82064
24164
57486
35159
46605
35312
92081
63156
8806
21934
50719
99103
6565
30475
55450
21409
3079
74646
32544
82712
62746
2412
81380
77852
46599
37405
66210
87760
19838
25979
87649
7700
58999
48234
81090
3164
56986
18942
45167
62210
50437
12668
24996
29148
35801
96267
62125
11216
98009
41508
75949
47242
48788
20734
59816
15300
60417
59306
59110
34945
85128
29940
48342
88898
70368
26168
39564
48865
15794
44782
35416
40694
69130
40436
86682
25187
24919
89502
26441
2606
72713
14848
30730
71277
39401
78346
99092
83716
84130
43743
57468
47257
33682
48954
60594
10457
91182
3880
11406
61386
11656
47520
20893
39389
14228
56475
3448
28065
92656
95833
39940
53888
93383
43007
43606
62300
53487
95251
32269
81089
29615
92387
44506
9448
3442
47708
37094
90398
19172
82062
66369
34076
94261
98811
87116
59903
45812
20636
99189
16760
91985
33126
34239
22018
20273
44584
2801
32658
62663
76717
15412
24685
81449
46632
50540
10669
48861
87015
66790
69462
98717
78397
47205
97031
38915
35113
19418
12820
39872
94841
17015
72159
55912
10538
34644
41995
94119
33143
82279
94574
18312
3601
62464
61691
64580
43543
78469
70734
49198
45397
30999
53001
69770
14761
76401
74611
36091
10522
312
90842
18485
61540
7234
65824
68279
12600
38761
31251
47571
66924
10985
80173
3631
47692
5099
4859
37008
96818
54260
91394
41827
65666
44519
77878
41784
29431
87918
67959
5976
74597
31852
66934
4992
67166
40346
73760
59564
8299
20110
19052
41617
23546
67079
86499
10687
12033
77591
93152
7456
2743
2440
32604
80530
26504
21747
4359
92636
14296
83927
62523
38027
75200
82999
17467
4168
90598
45027
15191
27679
85161
56739
886
27006
99718
97179
45532
42465
96257
26679
77389
78050
71149
46582
13795
18802
39051
67785
33004
92557
77060
16551
60573
55519
86321
61983
70367
7407
36610
71118
16323
83777
8333
84839
17862
30679
35939
60596
19214
39917
86922
46424
30887
11991
81372
34795
40142
18152
68480
94562
46570
53051
28448
94600
38724
5095
60915
13664
78256
22887
54336
77617
99114
23048
4663
77352
61103
67189
66215
98574
19460
34015
72837
38078
85107
26233
63205
90208
53831
81400
80586
61941
76895
829
94419
15311
30450
71320
8730
41900
16596
30757
80720
45661
95049
20518
71783
47588
1141
75132
92757
28529
53185
22804
85400
94944
90301
9159
2859
86467
10335
10982
13360
43834
96801
76727
53366
21086
33609
16227
99144
56905
6835
63303
8978
16521
83904
51857
12192
77841
42310
78569
85693
63283
92319
73446
63923
12240
1150
63255
73918
48213
79676
92249
73578
19315
36985
59637
98327
81230
42961
43875
88991
47619
64553
10131
82053
54584
57518
39174
92340
72996
2143
73453
7774
55307
68830
49279
45973
21965
87416
72788
93298
76577
72702
1768
58382
88735
27914
15430
24193
98690
7683
89890
75400
79063
72603
48337
11071
35347
8561
21817
26703
39145
15765
39055
64081
65959
94740
61860
82696
52756
69582
96480
2202
99667
92350
40621
1857
14833
66720
70885
39912
41790
13898
36026
73619
14709
79258
97686
18802
58400
44306
52180
86872
87204
65287
74391
76730
59718
7146
48022
79153
14760
79497
85184
72078
48055
9918
92711
46618
88850
9092
12610
5696
977
92184
49707
19855
63841
21356
790
8111
85418
25395
16497
35632
61518
34203
59645
84583
23427
38241
71922
59653
9488
46022
24562
35576
55265
66338
8056
40392
21645
86174
10972
95231
70550
50101
48583
99100
53916
72442
28279
55421
3149
29614
80646
86046
93484
86779
42597
67952
10529
10330
52092
58080
64685
5673
2756
42504
83265
98438
11093
57596
59802
46458
69021
82884
55404
29707
90081
97966
27932
15915
8978
29167
11399
40655
60951
85533
80156
72457
50048
98307
10305
55855
13489
33231
94192
38266
3069
40786
72949
90220
33982
45923
26750
22680
96414
55904
2767
90080
85953
82517
66787
43170
85086
33253
36025
61892
19979
24954
87864
55239
24246
12982
42115
62408
64547
9146
82806
27564
21639
82421
19631
49122
74900
97924
88872
23710
8347
51638
58938
14833
41828
1099
36645
76745
92347
75508
66920
55149
87345
72693
80824
68089
84312
14885
74631
42756
99228
40436
96146
46918
10112
54436
73531
7294
81348
47585
46621
51453
49472
19730
51025
44640
21762
12174
61297
18465
65230
61146
21003
4466
5509
33739
74753
92324
12663
97201
70083
29858
24071
2621
15518
69911
43322
34846
65263
47861
58447
91917
50630
42737
42829
9334
93685
34751
37791
37154
19526
22586
67102
11223
30204
4873
580
33766
15480
62010
66445
93103
53487
96884
10247
7460
97775
6006
11965
73609
56324
56200
2242
37530
42829
36214
63772
81317
20859
37510
64480
38225
67472
93940
45406
6090
54458
76159
78115
28218
82562
93355
13948
50455
6895
2235
70602
43280
60179
61190
40273
98584
14580
96202
58002
72222
22557
64249
38891
45468
42514
9882
78474
21190
85988
11077
11835
53854
19688
1637
43919
36390
17898
39107
96043
31523
88624
59565
61717
40313
90272
23617
28692
46490
14759
11547
3520
61555
37671
69818
69938
22705
26378
45963
23049
63293
53015
74414
47507
83833
80796
91919
49848
509
79336
67943
12599
37678
77498
32797
10951
61024
80728
74250
21560
18859
63935
51971
57414
70441
669
48401
82758
32282
4681
34508
97662
66053
40933
79376
33143
65013
9650
73684
64608
69817
19295
68868
33914
59107
42086
56144
68498
15446
89227
22512
99775
62996
52018
24536
12430
9723
29791
14876
1210
3995
5892
41444
72504
33099
38932
14543
4244
49508
8075
3444
69557
9654
88371
80609
37140
49517
34942
79128
84432
1509
23311
66926
98480
77937
27243
69901
93737
7758
15144
95415
46091
15389
11457
17393
28048
72996
374
84792
31261
41012
45837
6320
79506
35537
63956
46008
67705
25845
11839
36603
10764
70375
50252
80760
49734
45400
96654
63588
42236
6995
9807
44380
59070
53967
37538
30192
19602
27085
15156
59444
24777
88261
23634
39806
88516
72245
3847
91416
25744
92962
76011
43768
28485
16769
31911
22672
50185
85751
51600
42255
22853
85563
45949
86212
51604
4396
41749
22411
66857
22307
7069
45405
65680
3486
61084
82541
40705
37901
24860
31091
77522
93380
47390
16191
99626
94308
84603
72356
53754
38952
18217
54964
57845
3849
75937
82331
78871
60712
54900
93872
68442
49041
56170
85316
60338
5873
9712
48076
26045
53051
6447
96588
91860
81963
56844
14829
44301
55839
63964
91184
89302
70527
32917
39451
85098
76079
38457
23028
38693
63530
37728
9169
41472
63934
46138
80694
20777
90019
90942
23649
1161
74750
19302
91157
1561
25629
65417
16046
42761
18766
74808
7852
3312
2509
42879
23395
41429
66905
49621
44360
95459
62250
62641
30189
86097
17730
36638
40073
69854
19388
59080
33949
35137
55639
78983
69137
89835
28061
8565
6630
62446
55384
5994
29023
27561
69407
31535
50688
70888
12982
19083
70046
29058
2265
20452
73631
75057
8107
60688
52158
71436
44768
89306
29888
80313
28034
24519
40349
1727
79412
65393
3820
10034
8212
90290
74975
71798
99156
69059
32705
58055
69554
91150
78358
8797
37164
52121
93524
68231
57508
47021
83961
85574
47732
90661
2370
68085
13002
22026
99490
80541
31011
52900
316
8490
30323
89232
40243
41421
19077
87857
24572
86344
82032
10899
94019
92333
65944
5492
88748
52187
15970
67445
3948
48678
9089
44034
21060
29711
54444
93318
80533
29266
95074
45209
34306
99122
50676
2992
79261
80146
86833
83052
26436
21303
82580
15288
5096
49593
95215
17030
35553
4732
88958
9211
30185
78694
2346
65155
98157
42104
78181
69523
36112
97001
69407
17810
84483
68627
64451
5239
17012
37692
46388
37972
9737
18915
11694
49267
4893
11705
26406
18559
45077
84465
90197
72372
3483
5280
12161
92577
77157
98641
76032
69695
41927
90382
87115
16799
90062
1144
48377
3004
84669
62451
8962
74644
68473
58898
64787
6896
58851
44922
67975
69003
45870
45328
19505
92150
85540
24981
77804
669
46629
4957
14896
4429
26130
10010
91307
53112
95805
55303
1068
21540
80242
19165
58986
29277
95473
3006
63766
97457
96435
49545
72611
11123
91410
76155
65624
86297
82084
81404
61611
37601
78980
99750
70838
4468
23726
11871
34808
21768
22036
66279
8351
14188
54218
31602
85065
52749
83667
78331
53620
36563
28035
83853
99447
53255
92620
65222
34050
27458
91025
70398
42443
88336
94227
580
88165
74327
55961
93766
4859
46104
59661
72840
33601
97238
20210
50231
35931
36103
52352
85600
23999
62278
86856
13026
1263
76047
75396
89800
99870
40536
75592
70223
34141
62614
48768
74670
63513
70895
34723
6737
72830
47015
90189
69398
33072
9798
90601
44900
1400
61026
98465
32482
55796
76223
95815
83073
36694
64199
63116
30708
85589
25055
62480
96732
28986
7943
49145
34707
54929
7057
91934
91489
68923
37191
30753
83061
96231
98648
37186
22509
18328
75344
72851
91885
92729
9698
59436
19755
7437
63202
84169
11855
63964
2523
64996
83542
66151
47588
90821
59644
15948
80301
33941
39822
81883
40358
4125
75684
11084
28112
76818
69688
1573
93506
81531
85253
37924
14787
80741
52514
20459
61074
4468
64802
85839
88792
31201
87213
25164
43557
21947
40497
54682
26337
20917
81050
83700
35511
33739
70917
54516
14916
82054
20472
99948
22075
11976
90877
75496
80474
3150
63395
75204
95100
84973
18304
32971
91427
17058
17424
44363
84589
32128
51149
17895
97706
71249
93432
79321
26158
63710
6259
7617
88052
16797
48975
77176
10217
84371
77184
17131
73761
77370
60975
75796
83570
64208
12866
95866
32067
84572
92145
64349
99146
66198
44153
92
67394
90940
40595
81355
34556
3853
10107
96019
73646
96941
87069
17854
25185
27890
61048
73671
5773
53293
79287
68253
82516
65782
40290
76612
93786
24939
17818
96449
93397
62987
71526
77594
57446
27996
32959
9777
20948
99702
3808
55221
4813
76019
67058
58402
52811
81961
91083
51691
22878
96890
1748
2690
67451
30911
8229
16708
93459
6686
94529
16169
14209
19089
30555
67627
92580
51825
14167
16641
27802
27530
28709
20929
56527
55841
89354
43026
22993
22537
55949
75084
22798
32105
10081
20523
40110
75932
29737
49896
79125
48820
46183
81653
37133
77634
34598
12398
78799
57630
72507
35782
49052
14372
98207
44383
5483
22145
15152
4673
60186
13367
17650
31643
95720
7748
58245
66683
60184
74827
37818
79996
52348
18971
75684
77141
79397
42058
8880
88180
7005
95803
77337
57526
24331
83036
74801
32690
14956
5238
84108
70988
58883
82264
69835
44644
90414
89393
71356
26818
2059
66741
24978
83738
15583
56533
45109
81421
37886
14868
11301
39395
81613
26323
40516
28395
58215
22132
72143
14158
44671
65641
57011
95270
84112
22376
21101
69423
5341
76271
69619
89501
36558
88500
7777
38589
44539
20814
80880
61292
52140
61417
78228
37694
74160
98146
2824
75816
64457
81086
82087
28624
85662
4734
83463
12430
96919
18452
3291
14965
4772
43162
17248
33440
37675
32135
16377
75590
85540
64179
3947
90018
92335
98672
95304
66040
1926
53602
45391
57828
35226
90159
26743
42790
20135
400
94553
19949
4858
98116
4796
90483
59896
7294
96395
39680
14315
27396
9097
57188
77891
30191
84956
90786
72273
8980
93246
27788
31539
57788
26122
37784
35349
5473
35523
90554
6333
67671
20532
83833
37478
8135
28855
76997
14935
20235
6074
28812
67033
49276
11958
80064
1240
76760
24432
5161
87373
78843
68641
80771
7596
52966
41123
84067
21543
79021
47198
38341
88399
44370
33489
69573
46814
15685
76858
23921
78260
84785
86088
23184
69772
50527
83239
2968
47940
24285
57948
86546
77657
62683
29755
96379
6268
37953
11125
94789
86659
53694
36942
75435
31240
1758
15027
98099
32871
34627
56646
70641
38502
96878
65955
34102
76598
19182
3025
99552
20416
28799
86306
18637
15737
71613
67327
43642
13921
72517
92913
47502
28918
83298
68387
29312
80387
80177
48942
26736
94117
76772
15807
93102
5663
12469
38832
74039
53445
61075
87758
36201
53523
80115
30712
58882
19808
87210
50374
98312
30726
6775
15750
73904
46147
77572
70675
5971
46863
49696
38892
55167
2968
28151
99985
75383
77233
39430
60445
93846
34847
7358
29790
74861
61916
24967
12949
6936
91630
279
46990
76943
99270
35583
42802
59548
55022
72211
40504
55269
17042
95752
51078
56384
6278
50286
36175
6287
29302
54450
73007
44953
5679
47020
61930
879
12405
15160
60555
98117
79520
74624
70146
95979
58173
77931
57566
68544
35303
23883
69183
61247
87514
29801
81920
32648
50825
6457
41026
914
32675
44922
54153
66579
7894
84413
46998
75829
21327
80708
36997
21867
66343
35820
48493
55827
20701
81340
75292
93273
99072
30248
94680
57470
24951
24955
50728
96445
33803
12976
54139
47253
93979
75843
90859
97940
72264
21762
92374
15345
76903
27985
96850
65206
82493
84982
22160
49948
78376
51257
79414
29087
84973
74980
78675
67351
50965
76633
17384
76443
78307
15452
96373
77756
21785
81706
78370
15454
75117
66693
89551
91954
86603
62863
65969
81190
43886
37531
63559
98933
29592
5444
82972
74020
77451
97784
8610
69489
51974
88200
25012
48449
33823
90063
53141
65924
17716
83393
44127
94949
20071
64747
78682
62910
49509
38864
46670
82368
14951
86968
23181
9589
33229
53380
15039
53497
50987
89418
24739
87998
14069
81616
67659
91369
1714
69824
82713
47888
92560
30076
96691
98870
44780
56903
38135
23020
53683
30297
47897
59238
96610
93642
399
59015
87264
649
32144
70035
39339
11711
72179
7839
82868
33078
82966
68160
85713
95858
49516
68990
7385
66104
99669
88486
52668
62094
99039
82482
98520
30407
40409
23707
39275
98516
39270
3694
32384
78339
54705
77957
29779
42582
77963
15156
48388
33666
69848
31789
67406
93664
82436
55369
39653
22900
70643
61096
69664
84729
84840
69717
42123
74521
36944
77543
80831
61944
49332
13564
80603
97435
28446
83091
82334
46060
53086
62601
54907
74986
31167
56192
6724
74390
58116
10536
74332
35858
5089
12239
25948
47214
75850
59195
73658
88185
97406
5838
9625
27432
51410
31107
68871
28212
10830
67485
74018
67305
19560
59672
35820
59816
41407
92229
67428
61097
9260
36965
20008
86236
25309
22898
62684
47468
98793
24273
10720
60319
59033
95460
52455
10416
48413
55431
37690
4633
82479
39110
68078
52626
62466
88044
73513
37750
39355
48642
67601
40034
57933
82667
50002
68049
54355
71706
63758
41444
41364
15025
21697
41353
91575
78513
87561
12023
21136
51347
34726
53741
83604
6566
8226
94500
6997
41897
84217
65841
45770
98010
55134
36902
73860
12775
68478
79965
14954
72159
12519
50649
91775
61074
73133
66375
77470
792
82607
57849
49059
83457
43423
50052
75430
78793
37882
1595
20519
93254
27879
94249
6062
7710
8214
18129
57728
6129
1563
42199
53432
34816
73517
94664
3304
99423
2090
3276
17022
15242
57675
61720
56152
75233
36615
94954
26620
89773
44410
93784
39615
82309
43017
76882
57971
95870
60813
17137
49488
76852
13454
38410
88645
54511
99238
48661
83850
27290
13512
25894
58572
415
73250
14469
81671
93097
55142
21099
24701
48242
28353
22168
22136
32759
6592
7042
24237
12328
53178
85610
61653
20939
47534
82591
85901
22556
61846
25927
10482
79936
2589
12156
53678
3925
43211
97701
75962
55507
11460
21795
12492
12393
97680
14098
24256
92138
18865
78070
30277
44588
7315
69768
37601
87832
92486
10966
55885
63954
9919
85376
68991
33501
2120
67227
37288
10906
72816
22566
21261
67039
18255
5407
49527
89585
87016
43187
2519
97150
13263
68990
46865
48779
27482
11630
34876
77007
73405
98886
78588
99598
50190
64080
18436
32832
54875
71652
32919
37470
21692
93523
77494
77465
42061
74745
98485
61051
1882
24337
40891
63996
91240
55153
57803
5611
25674
75290
33486
59554
67912
2721
52230
33484
54282
34775
80702
44321
10961
54500
82828
49163
91825
97115
53078
65838
81864
31462
36609
31603
87939
33755
2809
3710
82145
43885
52600
1330
72112
98182
69208
24762
47267
26755
67186
64918
90447
88392
55045
33728
50181
91511
3192
4422
40545
15737
722
49574
72725
5448
92139
4339
25216
53973
8238
62493
28079
35124
44144
33678
70733
67353
91885
51694
42482
15083
4916
25719
80307
41571
57646
69024
29402
28237
64284
23034
18516
66404
38229
18533
14386
9224
5732
80352
47360
43869
35713
87039
93764
7072
11384
42849
59676
20731
48728
5776
35434
68500
61884
42429
80589
69181
86159
48212
54916
28190
95643
79588
32724
64522
94295
94103
24889
17337
16893
83436
85864
33682
49395
14872
1403
26836
66998
67446
36771
73391
92617
60378
74980
86404
98488
23519
89864
61839
9266
52168
79802
45983
16258
21938
34467
12657
79310
13279
19183
70755
75396
9791
39312
45039
51123
89676
90542
86075
50076
25437
10028
68831
15403
43392
18069
33681
12985
71598
80288
8431
81223
22467
26292
25479
89738
14658
32339
14305
81159
37747
12744
6259
77713
2735
67615
35966
57460
1626
2938
61640
43790
20113
73126
55239
6207
8818
95855
32606
40419
20617
54335
3633
81415
64220
33132
22932
4488
7497
30222
12660
86023
87966
50183
10841
28437
52405
11248
70914
1747
52725
92419
1223
18074
71046
5898
86758
34721
33344
4809
79738
76540
98078
26541
80427
78903
73901
27947
55132
78888
28837
90275
54386
24182
2249
58862
1097
26711
20469
35489
15778
61155
47128
59748
33999
97297
70045
99822
49764
59509
37930
22838
87807
26739
12241
30239
67621
21977
92183
24604
72550
91466
4152
20919
78386
40811
20847
27507
27620
77652
89830
99661
57911
8733
6482
12485
6272
52942
62112
8509
14129
61309
34387
50390
52619
79966
64329
49297
72371
52708
81768
45573
57484
36077
99463
89825
29568
91783
95028
9820
4399
28776
39334
51365
51151
90458
10253
49852
42118
21277
51400
23192
9491
1332
96962
76575
44943
7660
85738
74859
87699
46494
30218
69293
47201
2074
89795
61908
97619
64473
21163
53094
63207
31426
43479
45719
85834
27290
61059
72597
29033
46034
32172
73210
26528
4563
58918
70272
27407
87674
243
87080
25014
76618
77792
2535
82083
79487
52636
62308
80773
23552
99804
51825
33002
27196
97118
89600
83819
42218
75005
17854
28572
46086
44754
51503
43222
68063
34118
96246
96394
53199
11202
61866
71627
3791
70271
77765
78771
89198
86391
64382
74581
81796
19768
26326
44317
59357
65168
10879
18503
12316
97008
19010
11997
8119
56495
65094
76133
94269
63605
56262
48937
66692
13770
2614
73277
90708
36796
75505
28311
38119
53842
2695
85677
95878
67220
26340
58655
9284
57318
52661
59843
45789
41139
90565
20922
4312
67724
10583
56666
49294
87184
55195
74611
18803
32097
96945
41646
41599
92696
71700
19295
99362
50603
11001
70554
87177
59752
59652
22888
57879
27737
92521
44377
84026
55947
37998
52957
35008
42705
74629
32342
46230
40008
92145
72429
52295
81543
98448
86878
66774
67324
10078
86011
17421
98578
85239
99328
87572
5470
45706
48646
72002
99776
86745
70239
28650
14793
92629
72350
96393
65595
59444
93064
53446
74152
76549
92738
10976
55881
33416
75104
72182
56884
99517
81581
38346
64417
71515
44509
10248
87070
94214
16714
15889
15680
39566
17182
93569
31183
71482
45636
73174
21403
33279
22392
27892
5205
69300
4111
13621
39505
32583
10955
73955
2268
36404
76110
64915
2976
79095
94773
45494
70924
8772
6426
87587
11293
97406
91596
82030
99103
62150
2278
56248
1944
5910
73810
73396
83844
48850
85242
52902
44635
87865
45086
37963
91884
52001
79831
36815
25770
18390
93728
81504
41161
15471
50061
80371
15766
68107
96531
88662
58342
32655
20312
85383
36797
29130
71992
23967
92421
2333
41841
19307
73528
34094
6692
44361
89491
84807
91247
35816
94431
63946
3684
50178
58751
16514
12234
69177
76263
65179
26710
26536
84835
66314
36993
16894
49265
22236
39079
52098
66541
41673
48530
50073
5682
55763
61033
77145
87029
77924
70275
15945
39169
42432
94427
97922
45581
68825
94297
22021
7667
77030
88555
79208
5987
21602
84439
16316
37326
22517
45942
2060
41647
44698
15734
3105
10044
18758
91947
38697
82452
1416
36395
58663
2223
45629
56983
81453
93544
87665
63724
36431
67291
61208
45201
77775
41010
17015
50275
76080
79595
60741
88453
48212
24602
21256
81581
55909
82217
27097
9372
89341
82562
99675
91788
53043
6322
68416
42389
88592
98619
75245
8515
871
54581
63640
86522
2923
66250
40932
63278
58192
66279
61645
88759
78292
90269
4323
28790
29512
6668
4674
81869
11888
30835
63785
69487
941
48141
71760
25464
84074
19950
74339
16586
81163
35824
62866
24143
11981
5525
86481
4020
61906
55137
69425
21544
1726
3095
66123
26569
37389
43932
1990
94137
1194
60260
28881
6516
47176
16760
70705
93579
80340
63930
46895
80162
31917
93856
39285
11466
90966
45451
11399
40517
16400
52431
98219
65305
82924
63691
59236
97512
59391
42823
27896
29533
78704
71167
96520
42041
34705
37115
47359
60423
33344
93286
77653
25174
32956
2770
69385
88687
31639
75780
22898
88866
98451
18888
7600
78618
99584
80417
82711
9487
40670
77637
6328
77595
32006
34060
82034
40507
84797
38461
88881
4776
63350
61155
2753
65656
50741
27619
44985
52813
33555
54727
87527
98899
75113
656
3063
1409
25988
65962
73186
92538
15602
10364
58050
66558
79384
17450
86905
39787
2209
47830
50472
34278
737
70172
63355
83132
24797
49129
17476
52686
31110
99305
66035
64817
71394
85260
61513
81224
41308
58925
20992
80773
56716
77889
7386
20874
59362
40684
96116
24327
5365
8480
43364
74197
56794
56548
84243
31020
79139
13399
67053
9001
45599
656
73237
60845
62925
82561
81752
24494
62904
70399
11273
79262
48620
4204
13964
43734
45263
51781
525
23289
81527
23360
47802
81198
19527
99153
77448
64016
58696
6613
96959
59322
62257
64382
62871
1868
93644
30710
59969
72813
4625
55552
90098
55932
86923
37613
29451
24584
84753
30262
44222
33694
66975
23566
51041
82117
74454
53600
70854
92500
90741
54748
52720
28108
32320
75880
37468
29081
18467
27107
90230
4200
60111
10212
55571
58460
2165
12940
79292
71647
64396
14981
96894
68570
52179
61792
10329
37725
50410
11323
61816
61920
71312
48275
66385
21727
69
90671
83214
20632
70964
84360
89960
59372
11091
92443
73949
56168
8742
38733
69448
69443
99202
56959
51188
30095
11980
30794
40893
31501
90347
83665
95770
57194
76641
91873
25763
48478
54881
49734
29809
27263
56036
11235
50440
93011
60688
69132
20752
6916
78827
9475
18136
61306
47182
97215
45076
7740
60759
6845
28935
83400
47132
10952
69848
32102
99579
79130
68661
63612
8284
19837
35335
32960
67592
18624
12287
50037
91717
87569
46877
49001
41304
42789
12565
56905
48893
69599
9214
1417
32618
18188
69613
88625
4351
96584
61490
63677
11021
92256
2126
39346
96004
58867
96117
40597
31220
50491
65947
66876
49984
72032
69712
18045
5686
41646
90676
64764
91992
28623
39312
69619
86555
38501
30033
81391
22109
66110
82061
31607
46332
26784
46678
59890
5019
6169
81586
82575
71869
39835
77184
97729
52592
45362
89249
88897
11047
81570
47879
49781
787
2292
93489
2569
36636
5345
37237
23700
7830
51312
55458
22623
16774
41282
5550
41459
25605
97869
94145
56472
6521
89648
37565
65842
21237
75554
29197
42520
99943
22848
68792
15746
50789
69939
14646
20362
7177
63627
91189
19111
12058
99290
21730
59896
45930
32057
58929
77301
28392
7214
54027
85685
61867
78868
39949
39774
40511
47331
3094
57891
17341
47734
83978
12865
8258
65055
77818
96109
12914
34058
2766
51503
49257
6540
65685
57432
31130
32862
83192
7707
66410
9896
9166
5078
16983
93338
78977
34670
41202
58734
5425
28894
34542
22658
51687
70273
94759
3121
62548
4083
64183
6604
56746
48851
43616
78038
70508
99466
29880
39606
95144
15038
2145
74394
70052
71621
71007
81764
76560
38527
8596
42695
27728
6214
98109
85434
64590
53561
76709
34442
50243
92865
97092
58948
99794
71993
99844
11322
96373
44856
71282
60057
21257
43742
59586
77295
69601
37
35813
36670
32365
63466
15777
13627
99714
64231
3793
57463
81518
47288
79931
21974
46542
83483
28700
99945
53453
28399
98972
5574
84055
56478
92465
88553
91907
45372
1274
43635
48013
23450
53689
357
99308
21999
81927
39002
55376
92915
95457
80944
84204
62506
29201
44164
28673
92564
37193
38080
52130
10943
19159
95700
83544
55622
9
5707
60615
48608
30361
12227
62640
79023
40010
95858
84035
28303
55627
35933
24106
14723
89003
81079
59016
69278
12804
22774
17826
80473
67055
74926
6086
61669
81486
11417
7659
1382
56369
3112
48283
54275
17650
25993
22846
18608
50917
82897
72417
24483
23160
92757
46803
26489
21298
53282
3698
54196
72079
75719
76506
24458
59250
23597
89424
60564
20759
61329
10661
95057
91303
33052
12433
55362
53655
47296
49870
44388
75989
38846
80037
31847
41808
15618
16991
66321
24096
75384
59111
2903
15974
94894
30902
16797
6394
52209
53075
39323
81314
42012
91865
9540
38298
83207
41446
82046
25644
98274
61692
69522
55922
64679
27673
27175
98157
46
46931
5498
22972
44840
65964
7611
60593
49011
18252
87942
32930
52335
62790
20125
37811
72099
24255
43716
95993
76360
73797
71704
19699
26170
82896
3790
25203
15934
41795
43984
91393
27543
58734
65359
61239
40936
46560
99619
93754
11429
59200
54662
309
32466
62128
79398
41039
51354
8097
1853
14609
95104
42299
63939
47756
93664
79531
64236
79787
58664
80045
98803
41609
87162
473
59201
48878
12000
11529
6838
64528
12983
55164
93188
37159
36460
60438
36587
88717
44765
49550
98002
7371
31549
43336
20595
99664
94208
18973
10815
69772
50399
81731
42440
23097
22090
87299
59176
36466
87603
91570
36303
97803
19821
10699
37359
94466
87006
45857
67928
21291
91614
64284
85387
86935
62031
31104
70782
20234
92353
54795
7035
17074
46102
43312
36251
22660
1229
67551
88177
14097
15769
94185
81699
33825
36232
80858
1764
25746
54080
23290
45217
42739
39569
6088
10798
26814
46815
36849
80889
11286
89085
36624
5604
58105
29126
18889
53411
22902
15781
13872
36744
35308
25183
85423
55878
92753
32483
43557
29889
92225
48399
77403
99575
66370
3760
20487
93992
47805
54806
13104
49609
58705
12156
45005
59071
11447
67166
45689
5183
10536
827
39322
4947
66011
12396
96613
48376
64208
97645
96939
67260
93011
39881
60610
10223
85626
50865
23353
32083
29413
13254
2929
27954
84487
31417
51267
55475
70527
93226
94558
92186
9682
81910
38490
69292
58412
54035
56104
7937
21826
17428
81734
59589
20270
1101
6060
18248
69879
8188
4519
28937
46277
82462
34149
64278
23795
99145
2386
78986
21297
11567
45449
80668
40166
46617
53608
74604
49939
44004
46004
50031
62807
77014
28626
75915
39405
75746
65628
65374
85236
97746
56395
49565
29597
55491
38589
74296
27004
15384
30844
95551
84905
28669
87904
3771
826
41162
65663
50932
87168
55698
83920
89371
72467
88887
30616
56755
94229
72077
72900
57731
40340
95344
27576
99524
53556
82870
96318
36101
86758
18268
89497
63539
85371
9185
46550
87805
77807
91967
10513
55435
74750
29208
29690
97437
13787
45668
40381
87240
37142
81382
31166
54625
57165
14665
1460
29302
46753
22301
4884
10188
90013
99359
11438
69385
42267
56901
31585
3515
77867
52244
19999
39282
49336
83523
17129
84991
41966
97941
92642
95269
84304
21432
26401
82307
66825
16347
99858
63722
28622
13366
73551
84469
95098
43977
94858
88233
88390
20691
14263
42351
86673
73577
88056
39545
78499
53744
10763
9601
43969
57093
51526
74644
95816
4942
65261
72742
30368
42066
11610
56328
70860
77235
42540
44294
33754
96530
12909
69582
12436
25475
27385
17737
52105
2504
61831
96092
84668
53288
87567
8155
3081
23141
82927
33223
80892
33027
38066
27382
84579
73618
46195
68787
83855
41374
27266
67472
38196
50850
48569
47932
26679
28174
90790
91341
92556
2101
57791
93485
94045
61095
43705
54387
88456
37563
51874
66058
28034
13657
6792
5929
12784
17002
12349
75277
28107
89247
87577
44289
93155
65524
54506
78427
59647
98672
61835
24346
30231
98560
2841
27870
10535
33834
26267
41392
69668
61135
44890
53545
60211
5114
18055
40113
40645
11501
21672
91888
50659
35032
21991
22529
12934
4222
37939
97498
73793
25767
10893
53717
49451
52776
434
98876
14675
43113
90010
89145
56260
76758
17355
84562
15033
84452
41103
72453
56966
63765
17248
31010
46519
23318
86934
77492
43457
1035
70504
8509
8176
48130
21836
93472
79952
56925
21685
26505
87553
37683
79091
77026
62300
17294
65874
4621
49927
40952
30804
20031
59490
6892
27254
80732
45089
53819
40982
7013
89320
50803
23113
92404
46136
10266
17522
60950
5185
56046
21485
93032
59737
30646
33811
1332
95925
18395
25636
89007
72312
94579
15631
63264
25701
84511
43574
9237
21586
31078
14094
51483
65842
24449
25821
43346
7966
43465
10288
28085
95618
94627
79616
9894
85203
11663
22348
57802
73896
96336
92777
40926
94777
39438
10653
59667
8626
59862
25413
94192
33473
39176
1855
38871
76114
9308
52689
29368
68593
71763
77435
97669
67037
88184
66859
9589
40257
84161
97502
49137
61150
50848
71747
14644
15254
12235
55526
82627
57635
49881
27908
77146
81882
41436
84709
54737
13053
74465
31647
78010
248
42898
61714
4626
63846
19842
36113
62566
47462
27538
78425
17515
35347
92949
47672
63640
22194
85730
77473
85174
64241
84281
55747
42926
98040
5134
72205
37256
86450
61079
79354
86972
40149
84267
96822
42281
67367
61921
38505
19125
24566
84373
57367
2112
76421
97777
83712
13745
24748
87194
79281
88744
32903
89631
41776
24026
54696
51202
72227
97238
75024
97724
61067
59751
83170
83881
57883
13627
29144
22513
64503
76306
58425
72629
31409
21625
81135
82421
43434
61284
7934
41870
52285
96955
76822
98444
50615
30007
2544
28939
85237
63145
3467
40712
75499
66291
99520
96326
36939
7600
29239
17069
10033
69788
3929
22865
59202
81789
2627
8752
38166
96229
12820
41427
14355
34375
38747
83253
7270
1889
31652
15713
23512
51114
44501
39433
64686
28624
77419
73718
43437
340
59538
64977
67588
90782
7929
40438
42710
7894
14965
11259
99366
50335
41698
37415
72890
10290
36775
15697
50750
91546
57887
41674
55383
59971
45926
26680
48850
31516
90772
21659
29720
81469
32046
11146
42342
27924
58164
92716
33941
2309
2693
49876
75984
70289
88255
59727
12799
7472
35147
50601
12675
66100
34338
39457
74474
91256
82670
33989
86258
58112
91848
80195
41514
5356
12194
72589
93266
34170
57182
21277
66692
27000
75386
87818
56823
15856
92758
60053
9494
95954
40057
35060
20894
37317
87747
18888
93937
94240
33843
31961
58091
50580
28951
29775
93414
67389
77134
10002
99239
18693
21272
79125
13281
11049
7199
94411
17907
83017
22221
80338
66878
71795
20444
42518
28095
16000
79928
66698
65693
35946
84781
95605
78304
95754
89100
22203
69377
5239
99046
24349
50162
63775
4383
92890
66292
83172
1418
72925
94837
52121
75585
46237
80330
20850
53798
31853
65419
91383
94200
71219
24671
96165
54106
94660
28490
35781
65703
36601
48203
25139
53432
78442
63071
66704
47058
50039
45307
29242
80009
13406
80163
61025
13894
85576
24699
7541
96962
31459
21075
35529
46807
72102
58043
87481
45771
8934
17743
3765
51233
60361
54033
53144
52421
43525
23249
6663
50351
11079
28648
74807
98173
70505
45741
3239
15470
71805
67285
88627
81926
48324
43951
32721
23349
35018
99464
284
26110
68634
67521
84410
54904
95106
31828
11405
3069
70853
50342
36633
74759
46771
10116
92607
83894
66316
90098
51074
56087
92456
5835
51971
36637
2117
72228
33856
40201
51364
48314
72796
25892
19697
21513
99667
45346
87644
47864
19441
90661
88279
89472
279
64146
328
80725
35098
2487
18203
10795
3780
14149
42603
31524
80311
30792
84267
86995
35843
30945
62975
13929
86086
67370
14122
80495
19374
18283
85926
15216
20404
87007
21829
27347
73852
94668
74632
35445
91969
46156
91634
1794
60698
868
43316
16950
40030
46642
42046
90860
85997
57793
11827
84844
84093
16334
25303
62199
96908
89204
20006
44248
32349
83750
42292
33378
33077
48700
44431
4936
72661
48538
78012
75813
19398
15434
85118
29117
94926
74793
87652
11564
11429
48014
14746
23032
18641
59157
88361
86177
29821
11045
7991
18102
24506
50660
36795
25789
45053
13760
93554
12291
13888
24258
97509
11699
98828
25194
96444
67425
44978
35008
32290
30595
73447
55357
63113
83140
19463
4851
65477
83658
45492
16860
87006
93186
18549
18940
5389
62735
85143
6436
77112
54771
12157
33476
26897
26784
87456
70828
37095
26660
90120
22003
45252
36799
46944
46482
47574
56725
89218
12115
36221
32418
11766
87499
69146
24659
14864
89522
82630
58409
78871
21313
8712
10543
81284
71442
52378
74251
16417
96526
16698
84980
19008
76254
38003
4998
24800
12379
7744
41500
23512
41387
12886
16640
72602
44284
22434
16925
43820
66374
84163
24162
68817
4896
72656
70420
34918
83043
47419
65499
57656
5160
38164
16905
22791
79792
73261
99597
47268
4800
6917
35564
55916
31892
80822
11777
8715
66682
76779
99118
42036
14793
78298
34609
6511
54537
61154
94599
94058
2358
75583
17502
47069
38463
66139
31304
33879
77008
99078
3203
56376
97680
31770
56644
27986
3697
63762
94417
23223
34985
54932
25587
53655
44712
82601
18750
69326
42364
36528
94398
19573
17205
18362
25177
32656
82204
20469
34383
89712
20451
7925
70235
75318
73567
17073
86336
84283
84760
14163
77145
52290
97983
28445
1393
56610
18998
85468
76077
2373
64201
18421
38996
69722
58691
28005
58744
47657
96361
94649
17674
21532
41633
20771
5537
12847
35044
95392
39336
92395
62978
28528
68407
771
65640
98624
32788
13893
86756
92710
17691
85400
13496
96002
87171
82672
15769
5356
86090
8702
70303
99287
71025
68152
46824
96166
67994
92674
41158
71802
57687
87949
63242
87747
57372
2856
26769
2492
2711
49829
41622
99138
32413
24678
80250
65175
44036
84020
74782
2682
20132
38954
2960
30557
20585
14724
37856
64324
99143
7860
68844
23587
30008
44640
49487
22422
23799
7715
91712
43739
71269
51340
5074
85140
77899
69903
74938
90786
42780
19310
84015
51505
91184
16250
8001
63658
91795
56508
57923
86204
76788
208
99349
24955
35743
69244
51740
3204
72893
90144
60010
48685
1232
94218
34725
38266
96753
56088
77438
93826
51407
11555
43252
15436
44312
46253
44010
71269
97373
87646
62385
37593
93609
64662
29662
96736
14388
21638
18174
56122
95176
86204
13083
47233
8516
94394
57628
99809
57639
70456
10955
63644
4468
43754
18317
68006
61708
60590
69661
67008
50307
14925
14562
18185
60782
78700
8937
81096
59737
59823
92155
2918
51347
53874
31904
78830
37676
84206
28573
36388
21395
44337
40949
95150
59809
66414
80633
95499
10045
39998
23895
73888
1839
96552
6542
85670
36588
56728
99919
41243
39120
9942
14299
26375
82145
58689
39674
23420
62389
13672
13394
36529
32147
70062
99057
51023
80301
30068
71768
24782
12841
62472
31093
17773
4456
5921
4976
14806
80025
29473
65372
86129
37635
61298
49514
60651
43211
84387
69501
57403
10948
76754
97262
32248
33421
42855
32023
48921
40583
42793
92988
76139
47828
76405
31256
45838
99876
20383
21883
81511
29427
48381
79499
20166
27395
86374
39062
6614
64955
68552
57071
34592
16746
62634
17992
45632
9259
27730
75621
73681
58797
52735
19807
41101
69310
98733
35178
70025
32039
35015
10449
71938
6070
15010
64377
17922
61758
85855
77597
72169
37417
63261
58329
92169
93764
31978
24340
60422
50329
51388
53582
14533
53331
55621
41538
85280
55528
38085
4621
35496
85092
1391
85826
16560
42791
35423
51372
23839
94573
58644
15227
37592
20129
20727
92150
81645
37064
18209
59308
18593
45037
19103
1518
27304
24550
27286
25843
76202
81021
42920
57494
14097
46382
91350
70936
49252
37598
99584
67574
76932
24410
96884
84558
45863
76981
3944
8020
24812
48273
53774
68438
41940
95648
56628
15851
21625
61542
81186
8285
36135
13996
74675
98025
22809
94438
85765
67272
91371
32286
85754
47219
60498
63807
5977
52747
17999
36083
22329
78704
94706
86071
21416
33120
78656
59390
77080
27737
73139
73852
50922
6879
19923
38682
5912
71940
67209
11964
88316
50695
60843
16048
89881
68113
76828
33500
49602
98554
93381
74628
92372
17931
21559
41684
30443
28888
74916
14572
72839
1990
60707
48220
97758
61641
17821
2701
43458
46638
9925
23828
64256
92236
6238
54088
80001
13061
46906
81669
19737
14389
95093
28756
23276
23064
23758
39366
17995
8722
71458
51699
32442
61011
28616
30322
43141
99139
83323
89427
76552
16364
64092
60045
4181
3901
65859
41237
75626
56290
35122
28170
31678
33367
20248
28416
27601
42776
63802
61891
75318
11352
25168
89581
82477
33711
73784
31506
26219
22048
85995
15351
49990
32388
11812
43771
12802
9466
51817
80564
52143
74878
98976
33778
44056
81357
55323
57231
56913
69728
29260
1043
99029
94552
55656
16448
54477
29440
57971
60530
86362
23692
89308
52444
62267
58181
47611
4286
22710
40281
59120
86989
70206
85177
63787
94419
3859
54031
16490
37361
62426
58243
38727
33100
67387
93448
16846
56065
76816
36909
44981
80304
70682
27606
53469
75518
88725
49589
46891
14989
33151
56071
99750
15898
30133
4240
22398
60418
16452
18919
14951
39364
80643
66983
72779
19323
41566
3813
93551
58842
91605
48120
62874
89621
66550
52077
63255
34595
29694
60008
59393
56378
73792
90735
61748
16756
51297
36246
59886
80727
40594
42456
47265
17062
44009
26624
29936
31448
91918
90372
23058
17951
96580
7286
91168
29905
59119
99700
80842
52263
83639
70561
27652
4046
93491
23147
93294
11719
76525
83927
3266
72170
8461
42035
10683
67404
16546
32532
7611
2171
49250
20100
41710
10436
12003
84762
73052
16941
13841
71926
23639
46046
45304
45278
30452
41664
74067
72959
11790
99248
1488
84993
96198
13680
70660
63054
43481
15327
54504
62440
8075
635
81086
20525
56490
63328
72556
75971
52587
97615
83987
8618
67121
75762
28856
11262
51287
98972
69069
21399
37942
82722
29100
73558
98697
65534
66256
80974
90288
23622
92004
19119
69406
32923
92942
63025
41598
44758
44232
25324
36917
31658
43167
52594
72657
15890
16031
63874
71813
14766
67547
57073
54841
24052
48907
66565
11837
13597
17785
28362
92425
27796
51681
98062
21455
67544
54594
71136
60038
80071
66232
75152
83474
98377
42849
39185
40348
52931
29274
96905
90310
24888
82819
46768
92049
22294
41488
75212
27462
38554
51278
46946
3228
95935
80330
80152
66795
85917
51346
53843
10196
92936
17858
39629
12187
28396
94881
10779
86853
7772
29892
57751
65135
75212
66244
31247
34674
17261
7845
41381
2886
10153
41276
64668
28388
13569
9552
49342
86682
57868
60302
63890
97426
71465
10410
3698
42686
60396
79005
56380
48225
83049
41188
27589
83183
59632
45989
46056
57459
18140
23798
99058
60608
6441
80855
97727
91278
93532
41392
35330
72011
42110
51634
81074
30629
59321
4079
46997
56513
22850
75383
76150
7741
35513
96614
26557
53340
83055
90797
67321
83860
57101
19382
60763
13013
58005
76641
77637
23289
10828
58994
81233
79276
11736
14851
20551
43836
71834
49840
92784
84325
40766
22111
70966
48737
73387
12913
43923
24942
49382
98761
82551
70129
67910
83237
28974
12084
17205
68833
3276
79156
62494
62235
36266
11520
4706
10071
66131
42791
37113
56351
81863
18104
67418
97743
56969
32435
78737
88261
93266
31234
74504
11090
86436
14395
89548
92009
32554
24103
52416
76217
17936
77299
52463
28378
73416
24301
99336
44287
28586
76531
62161
81841
71513
48363
41093
28808
5114
780
54829
25415
92648
57823
24283
50880
1650
90751
94819
64738
88177
29364
67269
66194
11372
65145
1427
97709
32116
56641
14783
72640
28944
33971
23986
51012
59407
26353
66822
22329
5721
4269
98495
79856
69795
36137
Time spent: 75
Itarations done: 23121615