37003
97506
76719
28152
89512
14507
36733
89654
7779
35810
27252
63395
1162
92795
30694
9421
89022
84066
14991
85763
38340
72269
76938
46485
76628
77597
39197
29170
71250
27930
4990
75465
86644
18656
96481
85401
79476
81391
2946
66497
68439
60124
43064
1999
20170
45789
1990
29141
25677
25788
38371
87919
2709
63718
69025
73635
48646
36344
29765
2350
85805
19825
79679
77374
86415
35247
63145
27076
38106
34715
68962
69512
12373
33577
29216
47792
28290
71797
81818
71577
61642
18033
80155
94742
35680
13719
70863
56991
43885
91212
76478
18086
97375
90033
13557
17373
60032
38315
48835
98376
32945
62716
46081
48541
76430
39413
84538
17540
12670
1215
36190
94077
34936
71409
73551
40760
60366
3625
42294
9358
2473
68856
73734
84632
6796
45670
31051
33950
88557
37755
80095
72008
34694
64104
50719
85242
84317
41472
7813
98898
81410
6186
82547
11216
1520
2931
23814
63835
90195
1868
17465
65252
15118
92206
86638
35084
26137
40334
30335
90842
37833
93664
79390
56093
97773
57528
49035
29120
80291
71796
45528
14569
50380
66319
40638
87087
75233
79869
62248
25575
21975
85937
61955
29430
69302
80562
11248
4044
78025
52328
46703
81817
10931
72695
31615
27080
65894
16058
26561
58567
87854
43219
64628
11467
55038
59414
8397
52581
92737
88593
25213
56747
53961
89347
54907
50427
20466
74695
59836
29277
19952
87881
40949
60461
25589
29398
75595
87653
2623
26650
82832
66895
93439
86972
50275
74877
87244
77187
62825
47677
3456
28423
58125
27680
28920
73615
96154
19091
88210
86941
71139
78377
93600
9372
12750
94965
16651
12573
20590
49643
46946
74622
51013
73373
55105
15274
28594
67613
57077
65987
85867
88722
84518
30474
44463
43684
2201
25229
38351
92118
77476
76304
45612
420
99150
88552
39038
47907
63516
96614
87798
41938
93838
53128
42529
59259
36229
8934
14435
94180
79652
92521
15289
60719
80696
1506
59771
65454
34797
77625
44099
40589
24746
48548
5685
2629
94605
84768
37386
81036
42568
37860
76860
43392
99830
97627
16693
28836
64194
29947
84119
89934
86938
34581
20562
34615
69352
92773
50665
54480
11416
58154
68079
23500
69228
81297
81013
52033
20102
48184
54380
85064
4629
55938
57366
40737
13571
45358
75336
95452
14083
59093
73199
35241
64570
96760
3735
9580
50375
93865
38831
43462
83542
60062
64181
86304
49053
74135
18733
2125
47230
48004
79003
34444
77393
40116
85353
11491
31398
19813
82435
92546
17369
58531
99210
94638
13669
51179
25321
80295
61125
51562
50036
31715
37507
39454
17627
84442
22461
23700
18717
44526
53347
25696
81014
67157
92868
80648
44815
31870
77904
40207
8742
9694
95610
59403
9424
80994
37659
3207
55167
29240
16371
13678
68126
5583
87553
37275
2105
31877
13996
23783
93823
85643
20894
73213
74323
89501
39823
25119
14203
9697
11498
55956
1414
53633
19134
74424
53601
44668
54078
82186
48340
43975
73237
97910
14033
83847
93901
26277
61899
74633
85697
90425
55156
48328
61714
36215
5373
5870
41222
59798
57932
42314
54977
6142
78640
34305
90736
35486
81750
87671
31403
57153
46004
59427
21141
85684
49779
88135
5816
82993
19011
89328
33287
12017
22313
98540
66367
42295
66517
73544
56669
15983
42881
99488
51093
3992
49273
75889
54367
56254
66875
2826
50857
77560
1299
25173
96735
41005
7479
38333
29675
84712
5299
6709
7367
24396
58645
97005
78448
54198
34399
82472
9852
1347
79900
31327
43114
46350
57454
52834
28826
19759
52733
37926
93233
39003
30216
97731
23848
54304
43344
72996
22031
31449
19599
60188
59607
10941
31505
75876
93901
48047
33332
60058
40978
56290
90314
1185
80394
48144
52248
50897
66451
91004
26588
84898
50707
73935
87484
57838
78429
11284
16687
94757
7682
92917
9857
59376
13935
27674
97506
40392
85337
16563
23676
946
84220
35281
97424
43574
48942
1867
82263
53179
36810
54555
16964
93960
63655
67400
67439
52739
78486
86769
93925
40735
22736
80503
80256
88620
62733
53356
12770
95539
51350
97286
15219
21803
70157
13212
43016
47076
26981
62044
15290
51156
35393
77140
16398
12782
82467
97745
29914
63472
99027
63553
77585
77950
82676
44239
23347
30536
88024
64583
68189
97712
90833
25806
5552
41108
53212
16738
28857
62252
65522
54704
82924
80717
17306
95250
29197
50646
54369
2351
51106
97152
12003
76245
60306
23730
75430
94772
77177
14545
7665
35888
49672
31372
2296
13973
43453
83935
64100
80634
83209
34548
93926
11858
50195
83200
55956
27732
44188
67607
35233
68350
99466
4258
51250
80117
3843
91121
79436
50343
7418
90410
46540
64833
23404
10707
8181
53133
17261
11737
87263
29134
52323
62212
50472
30968
10198
91426
26749
13391
32474
88653
26400
48352
36570
20915
2428
44954
43073
59299
6704
8751
14496
26768
32747
22112
46095
6294
4178
42339
68261
77135
63314
82284
16950
79201
37923
59417
3722
40732
15777
73582
70189
42864
36489
1163
43001
36184
17965
73899
14996
68979
70891
44335
65719
34666
18797
26646
238
96758
33541
41581
29055
3699
16481
87287
33841
63090
4092
3988
63878
5010
53512
99815
86249
27574
68219
57511
69228
84342
56996
47304
12741
42823
80360
29939
52407
16100
27796
45680
54364
45430
86409
50008
86947
90735
7042
74852
2254
67984
47409
65332
85727
57741
73497
66346
35109
97530
30225
10770
11485
62169
50306
91572
64568
30856
56248
83889
72020
37543
24643
19881
48288
2011
24116
9147
72321
43070
8773
40543
55455
82426
47488
97442
20910
58027
96034
67779
94513
79050
73871
32677
12648
71235
90270
73011
37876
80871
75537
41964
35288
28488
12221
13439
3374
29231
28511
31128
72017
25837
11387
51122
77222
12311
20691
92127
97278
61631
36882
81662
88254
9188
55070
14060
88118
85185
45799
16677
68200
33838
39112
54370
98340
4975
52586
89160
57780
54506
76274
51906
67712
44261
47973
75900
43352
88793
698
88482
63519
57010
40943
56084
33920
99890
21098
30560
76694
42019
2272
50224
13223
44322
64838
7709
19830
18134
13157
8565
26715
46602
38231
9487
99301
48443
47441
43088
88163
1194
44070
7363
58788
26347
40954
22273
15655
27158
22412
33349
16458
61384
26488
72753
31773
25883
5616
71958
43071
27715
37914
56990
87695
17295
3673
47144
53271
63147
11961
21136
95995
54918
60818
10857
7335
31593
41182
32197
81910
45204
49464
64859
45649
86856
56601
48654
87831
21495
92456
72435
3159
625
43581
93680
90793
48028
29670
41645
76083
42581
19405
25088
17719
54360
69966
86758
38136
25496
26109
21154
68195
25619
94521
99501
28546
53225
17063
26460
79534
98951
2541
86777
59105
34463
40825
26891
93898
41574
15389
56476
12551
50187
50791
47928
12239
10813
80124
58038
29519
87640
94132
95379
44837
21523
38480
9388
6342
78780
58563
82692
93177
71273
52295
66908
50962
6056
80443
13983
22961
98695
1410
20059
69222
63423
42720
16924
12995
75383
95046
17318
78795
85476
16246
44634
89730
56735
62681
55059
73029
82595
22976
90706
82219
42126
15446
86016
81955
44991
24553
86521
57257
19803
94040
28977
2749
3551
64819
74983
19465
96894
44201
86344
96885
60363
19742
79810
86091
39925
85730
1199
76271
26814
33294
14540
71288
76224
66097
10523
25611
32154
42788
371
39636
31618
14635
76201
33278
90419
22184
86989
13675
4804
38341
458
27952
38599
96892
95523
45215
3779
25310
57365
43287
83936
8576
27766
85181
94743
46789
97057
57884
23263
33487
10798
11774
38833
73909
4304
82822
22248
82822
71159
1698
17109
50065
18069
94027
67455
38647
57713
54226
69159
84997
43706
31730
29100
3885
57334
2872
95730
61569
14429
14289
97405
69883
72565
74432
768
71257
83691
38640
80416
30086
55388
80158
73259
19383
55129
64639
76214
93325
16239
48832
34259
66083
81688
5561
57371
75230
52417
36513
99512
94055
90598
72027
30567
71300
65028
72706
33033
19069
15819
41617
59245
40127
58594
27736
92063
84288
44602
51443
62206
50300
42478
11082
88772
4385
9813
35933
26024
69508
78267
35440
19110
50505
84653
57115
94177
99340
42237
6282
34190
92045
61419
99645
20784
84324
97069
21673
54603
36318
20942
27851
1838
48700
91927
92113
53043
32065
24347
27069
21828
39445
35053
15174
55644
27879
83779
76517
78634
79075
8030
64690
37410
1513
93719
25997
74596
56736
15826
79273
12142
1124
29558
73661
86636
11093
91791
59911
42235
64446
45038
67139
53336
83539
1717
11428
18747
6911
25229
75270
41848
45241
16133
87560
87136
94744
76668
2709
82543
26534
44945
24409
19036
44038
61293
44680
84276
2177
53590
72061
55483
11827
5839
4141
68164
10998
4816
59112
71974
70170
43305
18613
82768
13427
95257
49871
40739
79271
68157
68960
88568
15449
80923
79025
90640
637
11896
67363
24617
12479
10752
73504
90062
16303
70635
46778
95280
31685
12372
96329
3211
45133
41319
99119
39927
76267
99197
72210
95184
72203
48242
34447
73485
211
93018
79640
86224
32307
66491
58432
10745
67040
81212
19284
80541
13577
73960
90339
12290
71058
52719
93391
20088
72242
88574
68820
14967
24631
81927
56023
38684
74542
72367
17770
34761
39991
54603
18855
16879
6818
9053
69512
54997
59107
55009
22312
62944
19779
86725
67574
37719
10110
58352
6812
70385
97979
42336
96338
21181
93817
97700
43869
27366
70500
49589
9804
91303
28841
99506
11851
78429
3880
56877
56755
40004
8826
6882
26112
63913
43282
6934
24580
48300
50313
34772
58317
87447
92929
94802
49015
57048
34743
26144
4677
86927
51815
45794
62082
13240
73135
3363
87897
9341
45718
20058
75474
4724
46935
33873
2577
14865
21518
75414
21673
21256
3556
54337
38847
60590
94846
45077
40
4763
10137
22361
43995
39294
67067
11927
173
76712
94016
89965
6856
73633
52633
85955
99766
55476
23450
17920
74725
91154
82795
16534
59268
1590
7091
75106
37560
30513
76720
96145
60578
53777
15730
92023
39247
54288
95996
37211
62061
43653
54829
62603
684
68788
23569
28668
67146
1976
41364
13454
64450
76233
33112
3925
28762
94363
63471
84690
95835
9709
39844
76840
36898
49331
26445
91472
99986
26281
48816
27369
61524
66576
13570
60418
39934
58660
41685
43512
48172
18373
15330
60000
65278
50807
67978
51209
88411
81987
5492
69097
86280
27872
31878
88824
12506
65989
67591
52817
53150
75856
90532
7850
76513
18360
320
39749
25266
31389
4911
6485
41077
29281
55358
19775
40120
7003
9225
27717
64204
66504
86134
6583
16730
2312
89920
78554
55270
6177
11053
34028
53312
76470
90260
52048
62531
47032
19694
80479
3945
82305
81526
58747
91397
20819
75507
40280
44026
87521
66829
99212
75751
36874
93505
86494
59255
33361
8567
34256
49550
23714
96483
94040
17936
6110
95537
34527
91009
55557
78278
17382
11346
21843
90715
16085
36599
76644
27573
41905
71939
49801
25720
93613
87153
61260
90779
53122
4162
24784
32985
7900
53327
72351
77495
92846
87633
23956
31643
9242
12690
6618
37070
96474
37459
8454
8140
3394
75709
38982
59780
30521
31449
55181
57604
91718
82887
4312
81139
74543
39000
29192
76976
62171
80331
79303
92849
16595
11411
72043
25915
12763
46006
52404
88923
56358
18393
6508
96507
14142
63945
94672
476
35081
40546
83053
57779
42925
68684
69454
97719
36472
52564
18447
66039
42440
7173
43786
62651
27692
56931
1914
57062
92498
90453
89394
60987
34572
52879
69214
61130
94848
32342
86191
66821
70216
50377
70031
6947
5956
97403
66168
18544
61109
63898
79077
5444
73741
5469
60552
9537
39895
45761
26290
29486
59912
64977
38143
42149
98938
43776
46522
30498
54552
32381
47698
98478
23832
92994
74104
58036
14579
19917
2278
6474
50983
76300
32684
73294
82740
98975
68424
4871
18409
13629
95721
72593
68757
71346
48067
35474
3907
64570
18037
61844
99288
Time spent: 22
Itarations done: 963861