15233
2095
56626
74629
72653
60501
77754
3101
78161
61743
10058
24
68119
81590
1178
87006
36379
95124
35764
9140
16517
694
6279
8360
12778
62033
68927
28675
53350
43046
66550
19231
75599
43469
87975
48936
17096
30432
98976
97244
78494
886
23896
39711
44794
2919
78923
4052
6
90192
58130
32696
46924
83027
51601
51194
48486
62127
31306
8375
40112
26477
74889
23721
23459
5662
10090
50243
41162
28655
53280
36978
49457
16070
84416
54249
50945
80943
47705
26947
23339
94294
92353
6373
81650
96040
71014
99519
41102
9265
94883
66207
5916
46434
3867
89108
95213
79806
47852
19440
31363
85149
90814
1986
58468
57762
43366
87138
29030
42917
1316
44725
95394
18995
17885
4707
69249
20911
65486
63152
67212
93891
49290
8429
43458
23183
19297
42194
21384
94018
90192
92467
75468
97943
19051
42012
81739
16562
9734
24218
50719
81829
9843
70802
80217
33205
41168
30924
17009
66295
57809
19676
96235
95069
57466
95409
35246
30269
80914
9989
94684
10370
22221
23846
83707
8215
38042
28520
78594
76426
88124
73452
44346
87746
61168
50888
97454
72654
40264
52977
24646
55920
40357
78601
77231
46204
6528
33900
93547
38368
96377
40124
63082
46867
82358
35218
34954
391
672
31352
90786
92891
42140
69710
47344
4161
27479
95889
27911
74362
34482
64575
42991
41182
47838
70520
50723
25768
83658
94333
25322
84131
275
46263
47865
24413
44459
88873
47921
27240
97910
20392
66813
96296
82759
4553
83687
9345
56767
39826
44127
36114
79009
71227
57684
38748
55048
61271
85513
73022
76975
53100
22171
64032
58131
78510
86713
38791
24949
86293
77350
59975
69067
92224
11233
20003
81714
81023
66336
22691
89336
22740
65935
932
84535
1270
97867
93151
99624
91097
40496
28738
1420
59837
75271
53219
95402
18821
1757
57629
14943
91681
35203
63348
37048
21792
58983
53623
9873
93424
24672
36060
99301
98605
41034
66544
61888
41908
69871
64385
29802
38809
51478
919
49632
29711
15321
49358
51489
1413
92652
42378
37386
80500
36855
95746
68604
39059
74693
21235
615
32108
56947
70135
61096
68235
50549
19865
91658
244
15913
40509
77166
10940
42992
55528
67825
60707
77484
41481
58736
58177
54638
95280
29172
13004
72285
34296
59591
30672
77003
84614
38211
13260
7718
55761
40977
37197
39604
96460
18828
89319
97781
75238
54403
55911
65117
32204
56671
75908
91324
3836
46435
89084
21611
31344
48279
32777
2266
24954
45219
66616
87882
71446
71201
33686
70292
40300
13524
98721
72883
65024
72400
39145
5532
50545
78060
3189
55288
84990
97176
90786
95750
14734
69833
57598
34186
75317
5894
90268
79559
57608
35308
51878
6939
28559
50777
50593
14167
18973
3150
41607
15198
36850
10031
32738
91177
64257
16295
27446
25119
48051
1559
5482
78958
393
64130
11085
32766
83659
23545
91323
95102
66173
74542
3106
10745
139
94157
86379
37472
91210
50597
83139
37059
306
87653
67160
27378
42653
61630
37720
72216
26401
89133
22095
43372
3792
23490
26224
75606
91511
15228
70723
49200
53691
27722
50269
77147
30956
72967
58416
44409
41996
4448
26994
45233
80302
54107
39545
91135
78061
28710
91578
16996
11623
87183
86966
95584
78512
5038
79416
81881
84673
94539
90717
47724
42426
90020
63319
34583
94587
26619
33833
47698
48225
37624
46151
38320
22768
70773
58142
72482
91456
77049
34271
64498
22591
56842
57961
61297
7591
57870
42196
99752
96572
6796
64562
23291
48965
22236
3848
36400
46635
690
9307
96010
10036
88893
90801
87309
4124
56195
78346
8174
20061
58791
62897
91206
71195
43974
96761
25267
47362
77051
1641
99433
30239
86176
5050
81466
84313
11047
1751
60172
2957
10301
15841
26418
7173
29372
21260
41153
65753
55712
63733
40379
29936
91462
15560
56862
53063
55052
86141
96241
96312
82625
5780
91255
5278
37838
98050
71948
78989
54263
56882
32012
42882
28494
48556
41833
80323
54031
65876
57332
73474
36086
72098
374
53586
55721
85535
41282
63283
58035
72261
96902
88920
23614
34009
68736
29840
45057
1041
84760
33130
71082
65721
75894
37437
99616
21470
13444
37471
98196
3940
57416
2014
5135
66488
17231
52553
18118
60419
6173
37124
8248
31947
78810
14509
7025
92494
76645
97597
1347
66647
71446
91581
37343
73029
87965
2566
77691
47289
8166
85243
79054
73598
7639
44483
56354
51237
51509
5012
78845
86299
81952
15764
99263
64978
62341
61095
51851
34585
4069
9713
67594
91172
91256
44000
45779
48507
35861
77358
89805
42188
41073
85253
62157
4759
24459
46841
38552
33003
53949
18373
44489
56910
79557
37005
38773
11370
1631
84232
68078
6228
2479
21816
54185
88134
82344
49949
91274
88462
83028
27264
24481
55595
52846
35456
52925
77005
5126
67379
50476
6800
49163
66877
25792
27794
27268
51004
49476
93664
74515
858
60687
16370
28798
15974
28135
86805
57952
88995
81112
42462
38035
72324
45060
24982
12212
76490
13151
2503
83252
61183
60440
67036
44325
54194
60397
55460
32521
60989
94951
84206
97472
8150
58659
32375
13464
97663
45216
55738
27608
35809
70235
64998
28891
40385
28080
55646
43384
23028
2505
33913
9371
89613
50957
43549
62864
1018
60607
61545
68728
88984
30537
97440
65561
27363
68977
428
53502
17743
7088
51310
43314
60260
21496
92143
2361
45330
26651
25493
78506
20121
45035
97302
56510
54773
88366
62637
3152
57669
86138
21976
87087
66534
79213
7183
17369
72682
55632
90952
30584
19431
43425
91254
70739
52517
90912
43215
48283
90294
58840
14827
35091
24550
20675
50048
50755
58984
17459
33099
22201
41687
41871
81126
53405
50423
32477
88920
24945
45071
43627
69011
54099
10270
19047
53192
85408
73142
37917
47436
48885
95893
21046
61132
18463
11172
81747
63757
26817
89257
81115
57268
44349
431
609
90977
9910
63400
76225
87081
8750
51116
47978
89726
29221
59107
66046
98175
93896
28191
60620
95587
53099
53440
26379
38859
49200
4268
94465
32166
8597
26765
64923
67044
94955
98679
50828
75280
62068
59902
41627
7334
77590
46879
27722
18682
49970
18059
40917
19214
80017
69311
56053
16679
75881
3174
68042
64211
15575
33888
5438
4059
14752
81315
66815
84932
59089
31221
69432
18716
90402
16773
81009
33863
93564
6737
64918
77340
17284
69492
6686
14815
76020
18835
5431
79601
22526
37478
7705
24925
50995
17203
33175
41177
89267
50825
91693
10076
65222
60459
19507
81052
87307
48992
68732
71656
61999
17241
68651
13445
82083
97991
40039
87519
58774
19885
84401
19790
37981
29105
88887
35063
36447
64850
84590
1123
57013
5789
71059
29295
93921
79007
73077
36305
18865
50390
27070
13793
46399
95951
4038
96438
13334
87331
63451
67432
70963
11464
98300
90885
81166
84397
75337
14792
27934
12280
96502
45277
4320
98757
7644
53117
11536
97285
58853
36904
11663
59377
77088
33726
8379
35296
46230
37865
91121
42454
2314
60761
67279
28559
42403
41390
24290
21511
14406
95172
8921
76107
2145
71704
84541
98803
45035
76814
28896
56117
34992
2843
64609
49663
14522
2568
72613
71411
59416
36787
24706
36435
67069
23354
85608
27233
87184
16333
77165
73641
25434
47940
67772
35452
22666
73066
48618
51002
62306
66439
84996
64332
86846
35849
85747
45980
10658
31377
16769
77992
827
50193
95603
82463
60331
59227
43230
34726
88567
83927
36522
17238
13123
40295
198
38296
83631
19528
649
60896
93645
69859
55693
61357
49722
58536
54077
64806
38209
38441
86456
85140
49742
88406
25636
30807
9019
44106
57999
24555
23176
87230
60332
25237
5920
14684
36691
32824
56531
66675
78454
3973
72986
52791
87392
4818
56629
78569
6367
80087
22199
41560
35162
23210
61490
35496
70012
90790
21486
73960
94546
16605
48596
20804
67117
45276
19391
93587
94970
23772
25284
88415
59142
60137
3635
59838
55743
83138
11037
77825
48974
13960
15835
75340
89196
91659
46451
94689
35385
77764
69649
38534
35461
2233
88621
32377
60270
2921
44606
9302
57420
53778
77736
34893
89678
73182
52899
524
49328
53132
84631
26547
94656
52473
1392
33468
37632
52891
74067
58777
22921
85082
96114
19888
77491
94362
43512
49502
77369
29886
61513
58728
73536
9727
22173
15402
42446
35261
71717
60326
78355
2605
40060
22511
24391
86314
16086
36003
47245
51109
1840
5530
96366
81069
46309
15929
52728
2580
25248
31217
64496
17258
77320
83156
87362
54100
28815
6289
95821
96364
39288
36716
8348
37952
78696
55184
74193
76527
2960
21661
2458
56159
29338
18102
75113
30994
25610
88946
74801
33239
17780
44706
75551
93721
89870
73046
89934
81320
96328
83872
39731
98785
32696
187
18838
96755
13385
94881
46927
45237
86755
65096
70281
32379
77199
30447
52267
44047
81471
39150
10069
14549
62289
66957
96570
28775
76025
97820
96721
99102
43323
82341
6224
36600
21548
80296
87058
85378
66203
6931
49129
91374
74797
19191
90250
32447
91133
97724
37712
45308
10554
3203
73809
46679
67434
11426
95040
60958
5042
60642
50064
34799
24863
76676
25036
40136
87594
76697
96631
41568
91207
90830
52817
31395
82868
82339
89375
16227
70930
91710
26176
72720
90856
77756
51410
76851
44611
79695
94217
51075
76951
78206
46622
66750
73963
90555
4156
85446
69358
95173
71259
22051
22194
44409
82313
65006
86093
90729
22073
94620
24461
21210
90302
99061
38837
67985
44565
99445
68202
38131
72442
60415
85936
85517
89811
80627
68100
29261
35394
28779
31773
8674
33422
15129
45448
52988
26055
65883
94810
35633
35117
98409
46680
77465
98708
78921
91555
61124
42460
81087
60834
19546
87455
53975
8715
65684
67243
50786
20710
37596
24945
66056
60799
43352
88062
78281
97500
3539
73417
97400
55457
5688
57572
72106
23633
4564
59058
20669
13787
25001
17968
10754
3628
49863
25715
28682
17913
4695
53172
46609
97697
82790
48959
17338
83064
89597
31278
755
87877
23844
76522
53346
76446
54183
15740
92802
61458
94855
86127
83429
30163
31576
48838
74869
71460
99766
76715
66619
20449
71212
35933
63857
58934
62410
34102
36304
10482
38070
84019
91171
46862
46660
37061
23650
79044
91347
73098
14014
40390
9353
94867
99051
82292
5470
63888
57396
93204
61370
32298
13243
20908
21348
70382
81013
24770
37271
63127
44721
9890
40739
50770
90116
98240
98873
18107
85105
73251
1627
95243
34530
93766
23151
18474
19087
10893
97506
14196
64944
36997
49875
10973
80611
9924
28459
55341
40634
67529
89349
5441
91916
97672
96914
3248
7743
57059
15662
80935
17087
58679
85979
39831
92261
12025
95832
51454
86758
62924
83241
69290
76859
20487
30228
7233
75601
77557
37924
36036
55697
28019
4683
72666
39249
59390
64283
89092
86366
52381
79658
46836
42281
50431
29153
71519
83086
71718
66874
17689
33931
23709
86503
38343
20324
46086
68785
65869
53136
51674
46931
31540
40945
57034
81296
99211
69587
94414
94947
65555
88061
75034
85105
83930
92404
29981
91974
1907
4701
89507
76067
63507
3091
74069
27924
16361
70457
61228
9967
81290
94405
61325
9265
87215
69237
81855
62097
47836
21776
85547
96454
58195
7261
50369
27019
18992
98923
21051
28632
54479
25463
1172
8919
75741
94313
72449
98477
55374
75407
43621
77925
21835
10088
25123
65093
52152
52893
97760
92793
40218
50113
93658
17835
44563
8357
36014
15348
74257
8785
90492
28965
54543
78243
65611
67066
24802
37235
62047
58011
60631
6453
11498
3195
79094
68574
64625
95743
81614
50045
84521
4802
12519
8818
77309
60640
62902
88291
44625
14133
29245
25130
74159
85741
44176
79271
93849
63682
32745
88028
2946
58783
11790
33102
58878
74363
42220
49191
42708
3498
64474
95982
47915
23161
95949
61511
37384
14970
45832
64158
91642
5668
7574
73026
27796
86950
22161
71983
3039
43894
66330
51374
29239
94000
9106
23185
15812
14722
97248
20421
26949
16374
75662
59500
86221
99434
22338
15677
86717
20518
79043
85800
68043
79662
88777
90178
2909
33084
8932
95870
95464
30185
55095
27436
31159
71347
44627
67956
33642
83934
51411
43128
78005
17909
53601
24247
81729
69627
54698
82147
44724
52596
84987
73408
38097
47395
45115
42662
47649
79423
36512
80325
62545
92808
34418
83826
62211
11526
98383
32190
95252
4688
82458
98778
62989
1948
2651
95073
17242
37095
42789
59563
57028
33180
31572
80114
62118
80880
3400
65641
32689
3322
63460
63490
13842
45198
13585
52588
71296
71789
59578
29278
50325
14363
12966
42663
93854
52427
20552
29374
17579
80453
3690
43859
40092
66935
65846
79594
44219
77026
31807
29092
2102
96493
14805
36105
31061
64377
68857
52161
59842
94478
72782
21329
75594
41686
9660
82123
90765
48157
50860
93446
16080
86484
27360
62724
50843
2258
72696
78663
5067
46793
51691
28523
49243
82294
46994
10357
47054
36368
61534
34355
63935
80552
9122
44263
60097
8393
7731
79768
70485
92612
60395
43827
46112
8053
7208
35083
81306
17308
58537
54872
79636
29358
74403
702
17625
58012
37828
13721
49824
26605
81025
56326
61444
88131
62471
57912
15432
55887
60145
81704
59748
68713
41679
33645
57567
47016
95658
55566
78228
31046
60001
19108
39961
31268
63109
64376
26800
62147
1407
7818
11532
75343
12911
77546
4155
56024
70643
21118
11009
96904
11968
70749
33641
18612
40375
43971
58373
62126
84716
3979
87713
39266
77631
3190
42891
90609
19603
85994
23235
66699
28072
32253
42497
18064
32015
81776
74893
52267
61584
91826
34306
92166
99679
44662
78983
48479
7733
40159
80993
1951
11537
79782
24843
75631
34572
72467
2843
66156
96124
70430
56195
94455
49342
73468
70202
30894
20463
24038
69657
47661
24562
52188
76119
52046
75484
19365
82703
58285
78030
53200
73930
62777
88987
61554
68314
97710
60262
63416
89560
51544
32176
76706
78617
61267
27862
58589
43297
1008
10757
2592
4747
14301
6357
58656
40822
63225
56635
57161
45219
96590
71011
86067
18232
71520
61218
91474
80063
98011
99124
46238
50857
14418
16341
58715
72996
43348
72335
74272
60604
22043
53836
55902
48892
49118
32455
17080
81615
40357
99747
19961
18817
40325
19329
45062
68996
93640
84224
84788
49892
40018
44256
12460
60384
60601
73094
30941
2254
69545
77476
10552
25119
14507
12145
84612
80379
22407
53241
82810
60781
2722
114
47506
71031
99581
20988
96164
21868
66045
31417
64283
65106
19224
96123
87525
90372
23249
74625
59187
85629
38636
88940
29691
23017
71189
77701
98521
69182
51368
15185
85787
34940
75892
16021
60588
73019
47389
16785
46379
4555
55008
24186
19759
5132
49170
46250
68400
9391
77015
77648
76291
99546
61605
93273
60024
27659
27569
15160
88551
84093
98640
57037
80647
65302
18390
18069
89275
12945
74510
92750
50085
93319
39070
87470
92505
61157
72474
85912
86162
5105
77205
85225
22854
3502
28934
32851
14809
28589
57229
29881
23723
24849
95832
31020
21814
52921
73347
63483
26130
34357
69217
7587
40379
54489
16955
30317
84767
80750
96873
39824
93607
32022
23942
33577
12959
90941
2885
45818
36071
85544
92263
60996
73129
79259
92064
49016
63601
98948
45167
95435
4438
99563
22084
45118
85429
10961
40479
51457
94225
37494
56252
24836
77840
84251
51325
3902
24898
65132
34787
31033
63455
7454
68687
99474
52903
5337
27499
53764
85304
89888
1184
67353
1426
78017
55764
91723
69816
33702
72460
69864
73462
25615
96685
33621
97873
93254
41586
59193
16889
40054
7318
38006
28067
56451
96848
31187
98195
38428
31877
15045
41304
7850
98321
92247
66486
59690
79783
38779
886
58256
69629
80327
14438
79611
87465
43368
47228
50601
64258
6051
67804
66268
1794
81843
71329
76866
56835
4978
60144
23339
48055
50878
36161
65805
34754
17017
74400
93453
70319
10105
40096
26245
90536
34010
57965
18878
57142
49474
41529
55726
40324
81504
42888
81799
90453
83186
88820
49238
18892
25727
27851
71466
80535
73710
24713
67834
26570
21773
3557
50456
74987
14402
59362
51875
28468
44024
28174
17343
54558
24233
31104
88675
31388
64826
84483
88016
53736
33155
99129
69316
88823
72418
75350
42922
69006
61607
37176
94389
9427
44151
39181
12504
42631
22694
22405
13439
69351
15991
91995
98092
34881
531
38578
7866
53828
14344
27751
50508
22581
83288
37697
52064
78405
41203
33581
53670
86876
54446
29236
12543
65214
28630
1554
85442
78099
70771
91101
69822
74666
3611
43623
52995
70641
80534
21474
72840
17959
29267
41396
24965
45697
60486
75672
60663
798
13469
87365
7650
64805
75105
57152
11242
73712
848
99233
37525
22038
86626
56828
2003
89355
89227
13995
87340
87766
69380
59813
92015
92193
36492
93387
8057
81861
6950
63749
60516
90957
48909
97371
53903
39245
75657
77852
61564
89253
66918
7279
62806
55671
42903
96813
79561
74734
89395
5261
89461
26614
33873
68703
95439
92199
2425
41680
13311
17192
45123
1024
98254
51036
3582
47097
68710
25973
8558
74030
1969
42383
37744
70475
69509
30587
34334
55480
52178
66403
85446
50256
25362
28012
86173
35947
32547
95062
69798
49943
71994
7444
67635
28836
5735
20806
72983
14836
62711
18624
22843
4244
48553
66518
78339
31552
93409
23526
80180
50798
66141
57154
79054
96973
58353
44290
92484
84633
94914
78446
19484
28274
58985
45289
52242
49621
29054
73061
60108
70651
13040
12229
85312
78012
30306
49607
82139
84409
36213
16163
51676
5629
5850
4884
72805
18040
93674
75314
6751
60736
64004
84750
57313
98929
43662
52600
1767
70752
82540
34025
68522
98347
20450
51749
26726
55915
49360
10792
70323
52338
28937
99891
24469
4073
60319
65501
75758
45183
48127
29522
29349
45714
83932
10272
25889
87042
65774
97739
9040
73394
27766
28771
20424
42444
91447
5611
12996
74687
66248
2066
16125
91244
20284
5610
56061
72819
14679
50840
34019
28708
44700
9964
90772
94105
59212
19367
41408
36346
36324
37840
46846
6348
77551
51622
99713
80151
45414
64242
41373
97320
10153
34936
94154
17871
90026
58511
88249
87491
66686
11569
86299
21971
32203
25328
60329
96126
77512
83609
55471
49900
63447
86095
82856
4898
24961
61568
20056
18336
46741
63603
61645
88156
14167
32082
54710
63022
87380
57860
74569
3997
68220
45100
44487
90846
29890
25984
79832
65271
57409
45949
41903
55806
3288
4042
19579
34661
97318
2670
17955
15502
61956
33730
22323
12988
75543
4016
23097
49782
94390
81784
32734
14874
91794
28497
99211
48204
97094
65014
22288
50906
21144
9874
8569
97939
35882
18843
59295
60432
35199
49475
70809
28755
41852
72260
41833
64156
40946
50743
23944
96741
14302
17056
22080
30639
22051
76393
50411
13384
27852
84247
75591
75869
92372
53574
34190
51661
66032
65577
94003
40035
96443
77426
39987
85782
28616
42975
4709
10647
16710
88424
30518
46219
84945
13880
46003
86133
72277
23892
62899
96662
70532
25300
51215
99068
18921
69093
30159
64551
49189
54521
20358
43168
85155
58269
38887
81820
87959
99332
82786
73189
4094
1030
39042
17483
17112
65676
79400
71872
25896
34485
46929
8727
72470
65604
17901
3078
20540
26497
27358
22125
42330
63434
79612
95251
5707
80465
26009
1628
66244
32998
81387
24351
59529
17008
68012
84976
57933
13866
21117
90392
2980
32955
63762
95156
49589
79447
60353
6736
61660
63028
87975
38556
79836
54848
22561
46274
41745
94600
23018
66465
72615
47390
10518
13641
79879
10937
82512
81536
79261
77660
71383
37600
51751
63294
56233
95879
81036
24005
62927
2745
49140
97267
42318
72401
74374
18345
99479
64646
60193
83796
57811
6055
86126
56202
81058
17602
12692
30193
43530
26618
91047
8836
34253
9118
65082
71607
4317
29660
28805
50379
18323
20263
55027
68297
50637
67323
42773
37849
75064
56039
40252
59119
32583
55567
87870
6949
25951
14911
91451
46602
82277
79521
79716
71534
45055
31633
22007
14023
5697
3565
82369
39629
61274
12510
64308
99857
89931
17808
56904
83907
68380
7240
27412
79991
16894
77583
18109
29497
46395
86476
95835
33107
99500
17603
71555
47031
22822
19242
54220
89611
81328
47434
28310
63810
27244
69357
47664
89507
65775
59897
19558
30977
17795
54997
12448
99601
65737
9071
58399
9597
83037
40534
36964
65424
89802
39514
21082
63536
47743
54804
37581
98281
6003
73358
44944
72007
36112
54932
59222
22786
49129
86900
65328
99711
70926
79866
35429
35312
62600
33360
38725
87427
12164
62750
67662
48707
90954
93410
24430
50966
63597
96284
8617
23701
63925
60146
21954
1368
867
70208
59312
12373
38155
90125
86483
24241
99575
25057
14719
64073
87537
77111
69625
81117
66891
91309
17704
69199
58216
30178
57725
20738
5199
8101
6031
41206
29266
62804
5015
13145
61300
40612
62219
62246
45039
24596
83851
44465
39679
40286
985
42831
10231
32289
99319
35294
83355
17024
54072
70903
63652
81661
40467
70553
50838
17480
37203
50704
71737
47002
65427
53721
42693
28611
8937
56843
7802
99780
42695
23331
56242
50620
56195
53937
8064
3139
95842
94611
71908
8421
66212
57234
20443
63879
23905
14176
99722
95791
69692
34594
87155
48549
94740
40652
39513
71320
64925
75224
27116
95305
33596
89121
33284
50324
57626
75560
9180
78153
54169
2284
13303
61848
76282
17684
32209
5250
4417
36230
74416
64906
47745
40667
53008
57867
24387
73700
24101
43092
42856
30227
28125
1685
38327
2740
88778
21711
26869
77094
60552
27049
28346
23627
79893
76566
74412
79479
67321
99816
61892
71971
48286
28541
33793
90024
9022
29460
70309
70865
80364
43119
50378
32631
47257
86046
734
49996
14591
78987
83826
39572
21051
22738
88616
94589
81814
54848
78953
84242
58219
85464
23105
12082
97939
28604
74966
9980
62728
16390
2584
29426
62470
8032
62860
80318
44044
82841
2616
58891
41430
37101
25724
1072
79509
88301
3552
95286
38184
27078
21733
89650
25730
47147
50097
32454
80665
26546
94585
91979
20027
29751
40062
11970
78533
49491
21152
72426
37936
9580
64602
41901
28780
5591
31110
27129
97787
68959
47184
48536
73290
1848
58313
96097
28379
45111
53556
48970
36877
9705
8676
74501
40757
23134
69985
57434
99309
16793
54338
48519
70116
7548
72034
63264
79843
7432
88861
6147
78843
29046
31128
43400
37779
41053
3235
98353
36714
68112
31193
97293
17555
22656
67466
50975
19261
2110
92623
17132
91886
84460
27486
52739
90321
7529
25838
31265
81485
22885
52183
69805
59795
73985
61712
83710
54853
59995
90284
62224
32615
11643
31124
37651
36685
23555
21893
2685
89949
58694
90898
15798
78377
64844
14407
22969
68654
20532
18410
15518
69174
58343
17619
38472
29989
97255
22111
61607
91457
52473
57735
26211
33612
81155
40244
84619
48702
65494
15106
56684
57871
30824
25018
37617
19608
45719
95405
4995
32404
53506
34494
89256
16922
40178
29051
91613
74067
52366
79471
56077
54472
40888
58610
28173
42205
20282
97613
61907
50932
2841
98969
68703
54277
86828
52099
37259
23813
52882
80033
91664
27859
50072
77056
96614
52226
33592
6704
63200
40032
49835
17039
56486
11907
51333
95930
56985
20177
64058
32828
82146
11028
22591
75570
31060
17188
34901
70803
75918
80322
37752
54846
87045
7125
56236
18171
44914
96012
86462
1149
62126
32313
79154
91294
11113
39087
13699
82973
29200
87909
17145
29405
51669
19420
714
63717
5572
96959
57577
90957
82344
18255
89964
56155
95587
39941
11121
74893
21948
27571
98187
72311
17609
29833
55765
14073
688
89850
86765
28523
90707
48703
57055
13158
301
66751
83502
90448
81463
86848
71199
28190
38879
90213
74966
67782
36284
50496
62682
10139
38268
74506
13538
93467
49608
29076
93031
59701
36926
92733
8301
47128
43390
38089
62369
65580
36140
46317
93916
7531
58276
78582
10394
23556
92495
80970
96623
43814
81830
79246
8434
58570
94468
27671
41504
80254
64227
12153
99212
97121
86061
72168
70162
94350
96794
98151
65965
62217
25347
81514
62935
32973
53784
42921
37546
88168
90823
41161
84807
56352
22781
69727
61171
77464
73467
81111
99141
44670
74133
39867
99434
47021
17383
94667
18389
27022
44780
76836
33235
36049
96924
78275
85903
17518
36896
35227
77267
72823
43194
45977
8000
68274
56718
80377
39692
22599
57801
97006
80418
74082
43958
69780
82663
63964
76772
40023
78305
88501
67184
52274
65314
65872
72508
2511
3877
36153
85571
26030
75870
62633
6672
78855
10890
30980
2402
21349
84520
49131
71900
95613
50065
35226
60715
99281
73677
43519
85233
97492
4611
18921
56484
82094
27295
89671
21148
82557
9973
4616
69728
56595
85844
96653
97088
40171
76967
7151
38938
16326
98627
37473
49381
70202
62423
3214
29205
33651
30043
54385
62434
86989
56486
90448
69453
77740
1459
43006
39095
36607
80716
20892
59155
19485
75322
12509
25076
80929
16124
18502
69934
89342
13157
44171
25325
27004
5288
15534
92429
79128
64081
95523
75235
5280
97685
67533
3822
3787
65493
22383
54586
25163
32386
31723
56417
64131
62559
16031
57111
61452
77251
18535
12661
76593
78147
77790
53571
50149
68761
51058
76998
60979
89846
78286
11230
97171
21634
92169
99942
2258
95716
73640
57628
28469
2368
24113
54770
27398
75400
75875
1539
35077
85837
90293
12212
63258
78250
99785
48993
91608
39095
34043
63539
66557
95093
33544
77278
51702
1532
94138
67441
41941
95297
5322
54787
48957
55496
41824
21071
89150
35757
43160
19614
56844
6561
69115
80665
45312
73460
50384
54790
86133
17544
63136
82114
13378
38256
43819
23040
23334
65442
26272
36886
92705
47482
27061
48967
38686
15403
26888
3685
52817
69076
96090
61537
17187
30898
90389
61242
16346
64831
99468
34770
91201
64208
65380
32622
42179
70417
406
89512
78147
96396
24705
36443
24814
93815
12953
44199
51786
20869
86109
65398
50961
38816
9586
27486
625
89709
62305
17467
79380
85202
22446
90635
51954
66883
75214
30210
34988
82277
85509
82563
65025
57487
94125
93534
33247
37362
89942
75428
21896
7167
82562
41324
75844
5918
49916
53653
69457
90845
63613
47329
83679
14920
1137
4266
91142
34906
38478
75690
58192
76134
79366
71468
11852
41971
18027
61505
87014
70930
51192
63294
64610
12412
52105
21820
34992
13277
94321
23279
72450
81741
66370
22441
86575
22559
49648
5009
24059
18006
41419
50940
30599
62850
92380
12444
46700
48360
93971
71276
3469
30293
94472
93918
4914
8909
44875
60393
31764
95218
75646
2692
78530
37012
83701
52199
40277
30649
65253
61959
98493
50151
64694
39321
16510
83830
22245
97186
44024
80524
93835
8010
47631
72415
85531
23690
29628
59498
91797
6607
70915
11965
51969
2337
35476
71055
42549
72945
3689
6393
4271
1246
59661
18392
62372
71083
43778
57987
36078
26399
95849
72788
49065
12767
56495
78669
46478
9052
64850
98905
96088
64002
89168
9117
1228
62815
53610
75646
81428
62125
79230
77392
82948
48319
40150
56715
65941
93779
46882
53721
77548
8339
7966
40025
60933
9169
88355
83065
69163
61283
78396
40088
49756
72995
10774
2116
40852
65917
14487
82534
73181
77448
74646
72366
3330
95232
74864
64887
13309
67670
34989
85888
99000
82340
21120
52760
35789
55056
97116
25468
53552
26284
7240
5585
75109
18796
28082
85727
72388
70658
4590
51042
72729
21051
89829
86882
4148
92932
40961
52304
2809
86141
85023
37776
18590
67358
57202
37264
45316
19147
31609
29821
71108
89364
9959
83861
91259
64316
7104
68502
51132
74314
74019
80663
89830
28654
28632
74069
36694
68537
22794
6837
72204
21106
59727
8073
2412
35499
90444
653
11783
82703
59913
7372
53172
5025
44170
10656
5621
8075
18084
32259
80757
98458
20182
48660
86827
83722
35686
60345
65700
67628
1855
88683
2691
93423
50734
82843
71625
10557
43603
80984
18299
66185
18667
84891
4339
51749
68975
75334
30421
67119
91062
16553
32941
99990
96487
72660
1409
56625
58217
86140
95218
21532
71715
49208
47900
68298
46633
32500
34582
91552
9161
22354
44068
80913
87387
57898
40835
11777
72399
52227
24199
84921
96438
28146
91996
7179
46033
98255
94358
68801
32861
71617
19496
39605
77967
74799
87907
75701
26031
33776
43964
1258
95510
74999
24641
5730
87783
68880
53901
75902
23836
56989
58313
64298
50547
75486
24500
80694
60305
11598
22307
81910
97481
7396
98863
26521
83163
55711
8228
55775
75625
16697
78900
59747
98145
20390
37170
88656
8076
10519
98171
73250
51485
27935
8442
25320
46214
28171
73921
99639
62858
77000
35494
11999
27985
70275
60599
24552
56761
79910
3831
29242
33266
36555
52106
82917
95858
21327
10667
73555
52313
53911
5046
26064
44797
32398
71092
88218
8329
1430
80249
72590
18017
99530
513
68664
139
63955
24823
80860
90064
51929
8134
92819
56023
70881
42004
6029
71927
97046
61248
51791
14686
1791
21079
29491
81911
98070
5097
81294
74411
65588
24626
73630
64560
12611
48071
19202
76388
84759
55366
39776
36160
36708
47015
39624
13255
41417
49860
32246
60308
23307
52398
38889
78845
66754
71348
56369
82099
69351
98124
73835
172
80546
98970
3382
74418
90616
45740
77780
17668
12359
35650
60088
74864
28444
17808
4587
4672
61089
81906
6162
16824
57497
80216
76195
42215
74478
47843
87008
83207
88698
58180
34018
90088
55248
610
75048
36358
86471
95711
19589
20223
25495
69573
57326
2662
44441
93314
34861
3404
5977
56472
12341
15361
88728
83674
57538
65317
91946
22835
63979
44095
2974
30110
11825
52961
32158
51911
25438
64680
94246
57551
20008
77426
42702
7379
71046
47649
43955
50801
85234
24066
12295
36115
98854
69057
12930
79868
80885
46077
80673
87264
71897
72079
94791
37106
46949
82486
96728
44904
51013
32908
36758
95950
18764
66589
88027
96545
57118
9474
72044
26011
38534
15829
98355
84747
25808
76493
32954
24276
25010
19148
74922
14110
42204
75374
38861
47208
1708
62821
11875
10913
68915
32478
78166
53483
9086
60784
81755
57652
5008
24276
28411
92158
51044
80477
11544
49764
38886
92885
83667
96007
51144
80225
84930
46780
82961
40532
83344
64809
18951
99151
77450
15189
3001
56434
61568
48359
51876
65657
56133
85273
80063
54632
61258
63941
22909
15486
298
69176
67883
26275
82049
8056
29643
35361
25133
12478
33627
34887
56194
47161
4973
73252
14715
76533
94884
8114
71601
97176
14859
81247
96090
73843
90799
4493
86130
26538
93548
82077
11070
3735
50235
58724
2292
42563
91645
75282
67384
60593
44844
33994
96507
45874
37421
24062
75811
11929
39961
34848
22039
62674
36749
88799
4958
68546
81186
59128
29761
89618
62064
98293
10309
94063
79561
92499
75900
11059
5729
74706
19178
26071
83228
74071
10871
73423
98204
53244
78233
6171
48455
86642
68385
26491
16407
62582
95202
41186
47929
50066
98927
66340
32654
57062
31425
42783
79196
21271
16779
39726
79578
16659
26876
17796
61148
29442
54710
94653
31409
55754
64303
6492
31446
99876
45478
86915
27001
6706
4134
91071
82757
45034
74288
77359
85017
69259
46770
21646
722
26302
71344
79648
86637
41789
3924
31970
91515
14976
38632
43281
26203
75408
85643
42193
11905
5993
30080
81641
55169
16937
34641
70894
39708
62903
29239
79829
69768
31780
64602
3661
47511
97635
93611
42065
17774
22686
84081
90492
67563
13530
59781
63399
24750
85445
12646
69274
60734
65186
28485
35518
65174
67517
20907
37603
27413
13627
73758
21409
28847
20602
51067
20223
23252
80292
45294
58630
57940
63193
99635
4336
67640
28388
58179
75981
55115
94099
68947
40059
57797
25099
89106
33313
88070
22974
19132
28291
26380
63183
23249
19262
40925
8855
77161
43244
5492
45457
20908
66657
87829
22731
84630
61928
84989
60706
98078
70383
89182
75160
90902
97828
77957
4509
40079
17455
35857
74945
23260
61065
31282
23515
92397
64064
91821
9882
90714
92279
44170
86675
97861
19380
10539
65605
3091
42528
82532
11953
74305
20852
25557
23543
12054
96445
2110
2023
51860
10795
40645
3988
5698
60932
18240
67474
14011
49008
69907
45310
13353
66658
85149
41036
11554
21206
3231
35331
2238
54610
72661
11347
43611
28026
97479
35855
72609
44985
53221
29766
24821
64359
18811
66400
83041
10675
37110
68760
82870
23802
86520
38118
62481
2611
18754
35375
55480
87968
93789
53942
90719
99235
22018
68305
81019
85436
5736
15959
53910
77367
57361
72076
1849
30099
60161
6033
6792
26731
28766
66863
24575
73679
21373
30697
98247
55400
53308
57455
6319
32178
62482
46313
41826
58435
81279
49876
61169
71017
76568
5543
37904
46980
29738
69192
5942
58651
42092
91113
79087
60072
67386
57006
89395
23400
92962
27921
95517
6448
13665
52165
74036
73282
68622
89473
21717
8593
39946
83189
64669
63606
44581
39684
91621
46311
85734
25948
2808
22087
68748
76051
93416
22083
27740
5082
71113
66253
53980
65214
40851
95467
64745
42705
76983
72915
2226
86922
42646
58816
6126
82891
9442
84446
60657
27418
76644
51578
76942
45463
88463
61666
35182
88265
348
35441
77468
87601
50877
18065
11727
1614
54473
77585
60071
76786
41990
95152
60675
67947
41176
14319
11318
3589
7070
63694
24864
57302
83581
92354
52199
87832
1828
60595
16518
39992
98249
9992
94373
56628
66044
96197
73514
37839
37243
5478
15303
97811
29466
91767
50374
11941
81410
64801
40197
17290
44147
31922
44364
27984
91537
46200
43622
53819
62327
41775
82108
65107
49011
43635
8702
29725
4029
23556
17083
59356
42631
36497
6774
41077
83499
12480
13412
97717
83207
97827
85403
15846
88624
36619
16326
3766
52590
58290
77643
93548
32483
90560
34693
80941
18770
48194
70433
4892
21156
57594
86008
4447
73690
64800
95024
54956
6949
40216
79225
77823
75411
37205
27323
38392
21157
83700
35835
95173
1260
86045
11043
40191
5518
2510
74568
75090
43629
303
41556
511
86500
44312
10112
57272
5027
78475
73335
47097
61548
51357
41252
77862
74066
6362
38876
23791
91452
4007
28803
64521
88986
68755
91990
68665
17949
56144
88732
17243
20383
17282
13366
20283
50737
97266
50871
65941
29778
41675
41268
55607
92999
999
58597
20808
85648
16730
15297
88070
99617
44810
9875
56477
43592
22216
46072
Time spent: 37
Itarations done: 7887596