92477
52016
3286
27566
64928
33195
89950
71954
83647
38089
15943
42501
15769
75180
95775
36112
31033
57542
83888
15293
69049
94740
32871
73814
12358
98917
90411
23811
61066
22295
12854
64921
69822
12156
52278
41513
25937
16331
56079
67570
18650
97334
3356
438
73860
16497
90727
74487
6090
30806
71750
63577
70005
4618
48715
27306
77498
76026
13347
10152
83197
33383
33841
4918
31144
51305
89644
62291
98514
7493
62528
26868
68390
51776
2769
6649
12954
27011
2588
37812
70879
47832
25573
89455
58297
27696
60364
64053
61364
7292
89687
88535
20321
78078
91675
58160
29832
13580
19433
90793
48493
18049
36921
72705
31561
77167
24485
28698
75295
48725
5765
29119
88737
62542
89165
54267
89304
8349
61769
72687
52295
77991
21264
54072
31192
94000
82377
29696
5603
434
48287
33790
6760
13882
94638
7755
16641
32594
74003
25793
36171
79942
12058
5304
70312
14763
33195
98324
83503
75596
22970
21315
37531
38431
7498
69742
35778
58323
5816
81222
62721
34035
90223
56373
25593
81897
71733
20074
76372
30113
13049
7480
16507
48018
59821
88941
64289
6102
72475
5858
95316
22104
35508
75582
50180
86073
18929
37578
40364
73024
67371
55397
73219
45648
96419
59395
60019
21524
82836
13665
67226
29375
45611
17331
20466
7116
28122
5103
73109
823
8246
94953
6956
8191
82834
41744
41198
72664
95757
94864
87641
75141
4589
25162
5126
89008
10000
81910
74152
61222
4072
64050
33882
57255
28981
41635
98047
60959
75903
43176
93692
51729
95465
32493
47278
90832
35720
34727
76355
36365
71371
35321
31811
72022
38846
68051
75685
78706
45826
28615
72548
99981
80961
98828
18695
52483
9782
43096
32680
10588
6140
43676
83161
51042
35087
74100
35625
77661
72667
71198
58210
58880
20888
55303
38684
1585
52009
65513
29580
53561
95269
22295
56549
73829
61339
3251
96174
35268
85008
19516
53824
27110
55003
10062
49564
6276
91353
29079
50676
5975
25318
87632
73086
47585
34688
24986
10770
17567
88092
27226
42154
65005
56007
81258
5632
47334
53258
50781
32447
1934
88058
87490
74569
49454
6017
45559
67597
41122
34071
50354
24291
46739
48866
83374
63040
42656
16947
84559
37383
99780
79920
40413
47636
90457
86805
21782
83756
30109
7905
58664
69741
44543
99770
91100
54227
7128
29222
14968
19327
21325
5907
49417
60364
33587
17465
88710
22834
49198
9174
65416
69735
89363
787
44159
92361
71706
87298
85554
70708
18313
27504
68492
35850
95527
84458
35603
85935
67969
45332
31488
59912
5561
14666
36260
78667
16833
44641
57930
21914
94377
38747
36349
21037
49040
41118
28728
12992
78287
2783
92112
18456
61160
98232
51772
78612
97315
50945
46121
9249
10899
14896
68526
8327
21318
50579
84326
83696
42465
28700
87397
51375
9544
92444
74738
91593
48369
10127
59879
39746
95861
53995
16284
32491
52418
48130
40489
25375
96963
38602
51339
47746
23677
52459
96519
63086
65775
28587
20443
58524
56158
23139
58612
95939
37366
14984
62741
18898
74000
62479
28179
24614
39593
91902
90635
78176
46916
30005
82675
67477
65783
28377
92187
71616
25656
65721
44750
42963
31680
55625
39768
83645
32270
32060
6282
30926
63957
32558
8487
52738
64927
49948
23328
94584
92533
77481
32903
12097
2046
29351
22978
69713
43972
78838
55542
85265
15533
19696
88159
52716
58228
22912
45731
80821
27854
30572
11383
44226
76006
1365
92269
55287
72740
98081
33464
29865
68993
86510
98442
38406
44270
97250
8220
4810
10240
87199
32910
39909
44108
25877
59165
73808
6941
23229
14973
81931
61655
10209
19229
83272
42900
81147
37732
26203
46883
7854
69491
67107
2926
39349
57664
90171
60618
8289
17973
12902
76440
75365
4122
71173
12031
56388
84483
80134
62550
93213
87287
22820
18116
49337
82539
27014
23865
33726
8067
52729
44906
82332
14386
27626
61307
55728
98480
35726
15198
43463
20121
85997
7196
958
46027
61688
92563
83153
46934
78738
58867
80633
80563
62145
76386
8562
29502
82889
81
46538
27200
84785
67716
78336
97521
70626
82507
34530
53744
10012
90698
98095
51423
77455
64533
93359
66178
28692
79326
42051
72268
75539
29671
36681
30725
25222
64316
51145
56843
8796
31823
81165
25987
35071
19838
83093
93976
71423
39679
58576
53688
70932
54887
14735
23087
36458
77504
14740
61529
36622
59057
22076
40976
66053
84580
33256
56677
72875
37471
88408
47890
60069
40581
46876
13402
4163
94661
15904
48859
24664
29132
24413
3370
80694
52125
41078
51330
67483
36820
46098
2122
34716
9361
79499
25110
51115
9937
5248
50241
95284
83129
50145
15643
61447
16196
99159
72729
30611
84697
54801
26620
72554
83709
97097
85113
12159
19858
12873
12947
14775
14481
98295
39783
19608
21471
77028
50097
77605
94684
17824
91100
30830
49285
80035
70836
4048
48981
63255
82756
66033
16832
88207
85365
58074
11170
89978
85943
80193
30132
61829
25879
71819
8401
48087
41809
22928
47992
47967
81555
4164
81242
58713
86737
9947
98658
56049
15004
67342
86859
82696
63963
75219
12584
91599
76180
3208
57569
69484
50039
98009
56089
48531
54775
15813
12039
99164
49661
23899
75664
85378
37112
91922
41391
55492
37381
23965
87691
35860
58554
66125
17484
92838
49715
61225
73351
29162
67439
12165
95631
84911
56164
58517
63476
20344
41562
67142
9029
68182
62656
86933
23110
56239
23220
20221
77149
17869
25944
18961
70559
27255
63826
22488
75375
19396
82455
15469
90672
80457
94125
99598
38135
23202
20113
40672
27145
94330
61012
73849
92806
95800
46658
24230
63595
40606
96972
27334
46648
4970
32965
14606
28168
83546
13162
62794
74042
1982
34891
92832
81472
92075
32146
43830
76288
88738
22154
40822
72560
65152
1305
21108
11237
82716
67770
83377
72772
95770
52919
76190
15016
17624
76549
48012
22166
23976
1972
39646
63116
42638
56192
11754
48325
54300
97651
65078
43109
8116
59468
29054
42299
37988
69596
65696
36251
50698
51024
59942
1446
45423
34888
45096
30256
15648
77313
42578
73937
79134
56802
78864
10480
79369
43177
79333
64702
2768
71346
28670
1802
59944
23589
30544
87558
86438
22587
95468
58464
28624
64073
35075
73319
93813
72792
43459
24122
60131
48320
1841
68616
61362
78396
51455
9392
84682
36506
41421
85227
45130
47809
73274
59143
29615
2848
31901
84658
35438
22083
13826
6812
63514
25885
38104
7750
64903
44454
52513
38001
80721
10029
28323
84083
60165
9767
70586
10620
89121
41876
57721
80931
12706
9810
64116
3849
89101
9814
12520
76542
69167
15571
49196
93177
56568
40429
34134
67505
66540
62421
91033
73791
67909
30229
67376
44974
62624
29262
13558
79570
29798
76203
1888
99506
37152
27626
71206
69966
1735
33734
924
39288
63960
41774
89498
82018
24197
55371
36643
31515
79603
85778
6067
69777
90314
88985
76033
1681
98804
68626
68777
78411
23934
38824
86623
50556
52116
83356
72558
25243
51994
17976
56116
73604
46213
61227
41616
84998
84063
45763
45081
92624
72174
56966
88653
1515
36969
68578
16853
34358
12163
56074
7729
73207
67389
7681
13775
15857
19900
20237
82414
84511
287
62469
73925
21340
75301
11839
15878
80614
66108
22736
7467
80348
38690
63599
14543
7708
84607
68447
76770
81924
54966
84350
81947
66046
58200
60516
49432
84603
83119
16963
4467
48064
62740
51145
18351
6985
51480
89458
35522
58828
48597
67192
7985
8629
64108
25281
9925
41085
89942
45127
10940
96065
8692
3798
44994
52168
45115
21062
24025
13669
41362
87001
10082
65034
15980
4381
77919
4175
48803
53441
71172
90690
19147
88490
79587
48583
13065
5418
42149
44279
6959
77196
11591
20242
29445
40431
99422
2094
1129
30231
57423
12856
52851
2905
41522
21777
26920
56440
47019
27195
73028
57220
309
22973
60764
8146
41585
26261
44034
48043
35444
50709
29198
55213
1867
93692
18362
38990
68759
68755
22019
42312
9031
55152
61103
45635
40166
55244
7547
57911
32262
47486
44528
3866
91744
97799
62880
68517
62249
45401
48489
39621
11645
10455
57036
96660
54677
80433
17029
31017
94470
19622
49878
46155
52887
11979
46589
78871
99736
91365
94702
3154
83820
35144
6201
26656
15091
97269
57383
66497
46410
35176
15063
95877
55915
41141
89976
85881
36545
23267
27886
27918
57935
93831
21653
11368
77761
13456
3393
48333
44515
8426
54870
82737
51778
25427
56380
94640
75242
13090
79660
12205
48051
22959
18708
73604
7467
3811
43931
39030
76454
22785
59638
39029
27424
84318
42676
59507
12251
33643
40876
6091
32575
25448
13963
60880
67479
10260
6746
43211
71834
41207
54625
12680
7909
32065
34856
7482
75287
3807
93509
94005
59696
41370
97665
14686
30062
44943
85202
60266
74881
802
10330
59891
83997
15567
12105
77897
49876
54735
65233
29663
83728
1427
7757
80569
16073
4514
78578
71896
78854
16652
39295
25394
46719
32202
99436
14288
48810
22622
11944
52667
49202
32648
56644
47462
34091
44410
83417
77635
36875
38620
43944
13765
78475
82055
1136
67820
99576
48780
68745
67752
13868
38925
144
84414
16975
93259
14913
99365
44432
14452
24608
91258
83883
96603
94963
35837
11626
33479
60804
59917
41684
22858
92055
63325
46796
9516
94478
24375
35000
12548
17188
34290
42967
64143
30457
63855
37766
46326
31967
51642
2471
49844
37426
17297
17816
95052
12344
45670
42043
48524
5739
57984
34163
41074
53731
84754
62048
42988
31168
81857
86070
80465
42859
85904
11456
83636
62474
88018
58094
40994
46782
16111
5219
97651
75697
54947
30208
75593
94422
551
75686
12927
63047
40934
47168
16077
51033
78638
64702
94030
49296
62267
66251
96894
10989
73959
88022
12431
73552
27660
27509
83667
59272
69090
28691
98294
99313
32466
15681
66295
77065
1320
41020
46077
40692
41166
7902
1366
91827
20297
71811
71209
17695
11670
26346
13671
97249
73604
30464
40125
78456
39933
39952
91565
93486
11296
64599
20896
51302
28402
84371
35948
23040
25391
22855
26751
14559
6821
94260
47631
2697
65358
11488
49734
96973
58892
67095
62856
76913
95591
76409
6770
46643
33325
2610
71725
43020
85905
67321
45406
31362
42779
87021
79320
23665
51058
65570
81494
58246
79220
16179
94262
86855
80317
82371
66078
25547
99204
76774
54489
39014
23090
59041
3746
44543
57603
29756
25012
41428
21627
25878
69729
94392
93292
65086
27411
25477
6821
1332
97995
97841
95313
21982
85846
7048
98109
38104
37612
30684
3023
93787
99342
25506
73506
47819
99646
2850
18755
61602
75115
57629
762
60903
41859
74030
36498
25822
82704
81889
45695
3323
63467
91712
15110
29731
13677
93472
98672
96805
7231
64528
49593
94271
56674
95424
85296
14201
91150
8803
18930
8144
22557
16321
52276
46617
17002
31190
14005
42392
79422
29849
44531
63959
28026
35291
74131
83571
82255
76679
14513
75539
12987
65144
85685
4685
6984
14045
29784
22369
78906
23472
21377
18013
23693
43391
69861
57797
39710
27593
23668
78958
68779
91501
28333
98116
93072
90860
60846
35077
795
45491
61275
49791
82712
42545
9285
39419
49765
67047
47979
44947
68408
24046
40394
72318
94721
36320
55004
41754
51004
24305
15775
40780
29237
847
19568
71349
24665
42332
19111
49604
99727
29904
93306
37939
53652
89733
78283
63379
26261
99669
12391
3728
95876
71114
56260
3495
40679
59599
85053
15303
20510
5271
14244
49314
1758
55405
12491
53118
91904
75044
75615
37634
72200
9005
84222
10727
17092
18731
44168
79595
67216
80872
13846
35394
79135
952
55182
39158
9455
65138
6283
86734
3582
25852
62808
42311
50057
92868
72455
95009
30308
80535
92320
11123
40588
43878
32473
25737
87989
21620
10720
41812
65631
92500
73304
82241
93491
42809
94238
70943
70786
37674
51963
2789
23435
86357
96214
98912
45859
92770
60230
33957
30193
86334
43901
64849
47994
35516
91914
86861
99597
56572
17696
92093
74516
43437
78674
7897
72616
61192
91312
48358
20264
65180
85424
20629
78272
30581
36405
89747
79151
3137
81320
20468
50053
10744
20190
82760
74750
7729
27366
28776
23099
58888
49529
23412
29648
8770
46632
38052
34420
23147
40041
97627
8340
34282
68120
4813
73411
69338
13723
52035
93434
92156
60277
71841
54935
42631
53614
69322
79927
15056
95187
26414
12233
77030
69012
67253
97319
93950
9438
26174
31934
90553
49754
65542
94328
50661
52701
49266
78419
28999
13088
89677
45981
24830
40020
50395
79824
46204
71639
5863
67834
75675
48833
29436
72925
33660
75994
6209
47094
23947
26747
44234
29187
37396
10415
88309
25409
84469
1076
24252
9235
25023
45201
98357
93089
64640
6149
66687
18015
90802
74212
31928
79523
29313
69430
21704
57912
11669
91072
11579
49564
57418
22435
98430
2088
92066
82562
85395
40633
40735
27477
48350
35304
60496
42725
15637
330
205
36264
7735
34497
5681
36198
51620
9295
20156
21339
5754
86377
65221
64278
5966
99099
25858
46405
69908
64301
4631
12250
78376
99926
54779
66533
85423
11702
49664
81486
96059
77811
96940
74280
90243
4330
59797
34827
64948
46201
4758
32718
12271
88573
55780
8774
50872
61603
97768
61410
80486
18126
39130
70993
34786
38091
12618
66328
66592
36269
66470
26655
11237
40422
73720
29743
38823
76024
66591
2131
24181
40547
84954
1096
34556
75456
13149
59543
59300
47268
67812
54870
83374
30377
90855
20703
36961
43814
96381
6472
37210
31732
18086
3949
74961
93094
4538
2146
89215
59918
13778
2390
15189
95399
65767
23931
88004
33310
21505
57079
33348
8327
70977
75682
78900
33263
28636
3635
75891
63668
54715
41167
28831
52842
43452
95814
93289
41050
45164
30247
16515
41559
18124
34567
63791
83088
38321
54183
94576
43381
30433
56081
26810
61807
21732
96044
55231
50264
62126
57324
70066
31113
98196
67271
56188
18493
36809
62621
39646
25062
84809
66387
88391
20080
5242
59757
67109
86708
87749
80879
92266
26499
90963
59140
32769
37287
78191
98266
54095
47012
34090
54531
9321
20507
19741
17370
39160
68861
96233
88856
54926
81702
22778
75801
43312
71581
14369
53620
49907
66626
26103
34676
69584
12713
16603
75435
96200
49646
31272
86588
61505
7168
37685
68181
23690
26102
40018
77837
49750
47525
97172
54314
72583
28597
70141
60938
93766
37506
28151
83831
45946
51984
50268
18432
25017
35917
69376
4422
51564
96823
18856
23999
23480
33304
58745
61306
77247
66055
77852
31903
84052
8601
90983
30285
68734
74683
76382
10778
54486
38022
27436
12515
4327
57203
24865
62768
51511
53479
70854
44526
85406
82565
64947
94048
86771
72778
43073
1985
86956
11426
45642
27724
59230
48868
28463
751
37252
55460
81067
75146
95669
10400
71049
23692
20840
23485
90170
6639
45938
90872
38192
26831
23954
64186
43837
87666
64580
68617
88718
3288
66521
40187
69765
71443
35484
64897
8385
8573
89870
93243
90498
64032
21202
72390
586
75716
94313
85319
95016
2898
43573
11300
45168
73775
45718
25317
69258
14978
27283
35390
63265
88215
95231
16220
35990
45264
63028
35184
51037
26686
81272
82419
79381
71903
71884
10605
70193
78717
7957
61987
54708
48860
77561
10329
8211
82838
19081
73665
8549
42125
18157
60096
46119
79637
11807
93329
59885
50508
54060
27271
96751
54288
59194
99700
17479
27022
53646
93894
1354
97045
35718
74061
33933
41873
63396
35513
97443
35234
64907
63759
21813
53071
94095
28034
95789
15241
33253
44236
82231
75689
79737
29883
29445
38033
39522
39374
21273
65765
90778
11727
62676
76708
73618
84915
54667
59882
8389
31028
72709
29603
44128
44712
26078
36431
91337
73685
42176
87467
98700
14588
89430
89576
92142
10053
25153
18221
6389
73565
30628
31935
4147
37570
74673
97814
96111
67223
29088
66995
46142
7296
44615
40704
70351
32970
84456
97277
16186
56595
3854
8453
38257
1964
58913
59258
71265
95250
25562
99989
37270
37480
10445
1080
14425
17263
39553
52015
37421
94466
17486
44052
96023
35617
60564
3102
47447
10066
20307
93962
60735
62247
30359
99974
66856
59873
29555
93214
96969
80511
36546
49507
53085
39668
77329
29809
70307
82404
96000
44945
97899
57434
11172
44187
47634
67795
15787
19863
32157
45378
56392
99932
43587
27944
69473
8383
3100
26761
97082
9378
45964
60567
51704
15161
93293
97272
51242
30111
1733
88722
98963
23663
75365
5731
40388
73398
70287
80772
89383
96248
21683
43878
79040
90543
75579
93688
59507
44557
13113
80018
34479
28203
13783
86973
892
73752
15991
96284
32168
68666
98118
79460
24438
29096
21456
14281
7220
96113
47478
46249
5349
98395
66289
18889
27307
54881
50505
78057
46589
48831
79385
14976
37408
90733
61751
50239
23760
1686
23009
76795
1773
91165
11566
73753
99258
73476
22977
74826
43502
65756
36355
25324
18621
37021
6899
89836
7131
32573
60836
79086
26948
80947
94620
48915
94608
1663
88957
86954
68286
71161
10011
43254
50061
71627
85097
80004
55869
42788
8245
12436
93735
80310
52193
88113
26105
76107
37692
5005
30499
75606
38446
144
14200
34990
80585
50070
83314
97408
29233
11921
14314
71362
41593
99720
27039
86713
5870
34267
12126
24202
78439
27011
22988
62891
77870
58384
2713
66590
93702
89292
79603
35145
20335
815
31631
79331
31957
91631
89661
39174
73118
75279
22084
54655
51378
10115
19375
15045
83402
63625
76069
58526
63945
59782
49815
67307
98333
83183
62399
5059
63415
16957
96002
73347
39347
72774
29485
21569
85171
30747
54097
31014
14838
44639
5772
7771
67113
83478
52058
61518
52798
74567
75715
17638
5707
84820
4162
8628
60076
27466
44194
17440
26366
9382
94779
179
39896
40668
27246
98474
12267
12535
41793
62906
24272
12208
32022
48005
60770
84220
15058
6624
2963
66367
13840
6931
61573
25534
10278
18752
55610
93724
23240
67691
15739
57823
3707
35231
18690
87995
80926
90923
39736
99076
38054
78812
43931
26919
43483
44401
23643
67379
14987
80759
29836
69467
47762
92755
37643
96182
94623
26972
32938
66615
46827
91493
5960
71159
27402
94538
90450
7982
75350
63848
92372
23426
68725
69744
10927
51563
7344
63950
66442
38870
51758
63548
14603
8850
94131
54856
44614
68367
18783
65540
30025
82592
95426
54942
25300
48656
36490
2393
78637
79465
41437
31172
62116
68616
45607
91837
3947
44911
88868
42775
44397
40741
20249
8157
26927
92422
58711
63822
79134
62548
37375
236
34271
24531
68726
38238
93469
77710
81762
28162
31169
67767
98492
45755
1906
71656
36864
9408
15224
68850
49929
82328
7349
61429
36955
90607
53166
24393
91167
83519
30141
64540
80960
85933
66987
41361
96668
44379
84216
56609
33338
48103
61149
50576
21486
14331
44522
52542
62430
63027
47512
20510
72544
70575
74852
71011
91658
84097
49598
43650
64846
98535
10220
67018
63954
47164
92862
92692
75482
32852
12923
42285
44823
32184
12586
68826
33341
37453
46436
68254
14428
62582
36056
89389
7413
28195
36269
81459
24080
58316
20641
87143
81569
66622
11943
36021
17534
83688
54440
18445
28719
78323
49209
23062
42471
55894
51116
2574
22219
74431
56659
91768
2571
5345
95567
39487
47448
79765
75870
31893
25546
3759
22080
78258
1411
96136
89221
2460
47553
1057
31593
33481
93288
54329
54520
16421
39345
37064
79725
71882
83805
33278
10587
16053
24576
19039
92194
16432
26314
49955
22929
98838
65644
81046
89285
40199
97485
48480
63649
78614
17447
66182
25991
47227
30493
41970
44733
91743
74471
97681
79475
62691
88591
85647
48854
83076
61577
29905
40496
79611
41961
84719
26824
31473
43883
95236
90438
34367
35734
65543
55856
99641
56146
87899
70574
8310
62064
63600
77750
18069
77009
50706
75222
77705
74163
6774
61171
37812
98528
55765
25416
59295
5161
97483
57132
11889
66359
95146
4752
23737
79708
22145
41852
90079
90985
22536
64030
74181
31196
41518
66098
36854
55402
11890
26341
12266
62484
40421
55181
7238
69622
24095
49250
38773
13038
40342
28728
40341
47407
97664
25696
61237
20357
3473
34374
55350
5614
4480
30260
5748
88581
81662
14523
59717
11545
36589
42451
55234
2183
88814
50304
4345
28693
15084
3626
61478
47612
247
51880
45504
36267
37069
89215
3130
30808
7528
89236
98263
22905
1740
2858
87000
3447
82295
82592
91198
79939
81582
24131
14869
35835
27588
96584
57138
44630
29705
66471
63115
99327
20200
7353
19721
68744
39345
26956
47391
46157
72565
36676
60521
12868
96521
34578
69640
99588
67702
72290
76513
91855
91886
28651
69704
92252
45727
18539
62643
21789
82781
23986
28792
15587
45440
46500
79266
43865
21497
44490
97084
68250
29530
37702
89221
25556
90780
31811
42715
16404
46879
40613
74303
64491
12577
60686
44429
3762
10502
84006
65905
45400
21051
17617
75149
74296
94641
16361
49590
25540
15871
24531
48743
95472
79509
65441
28362
48977
36801
14055
27239
94933
97222
37171
54395
15136
25598
88048
10768
48500
57420
97988
64000
51978
66233
16032
57484
82387
56098
9766
75580
69224
19465
55165
5751
77527
96162
11487
35343
92006
92758
98388
95828
88890
73224
66785
20547
327
11582
82400
13357
17688
5159
21507
35032
24732
83098
12089
1887
99361
8923
40424
56809
73577
68252
83066
16718
95228
53169
17249
22475
92292
3282
8941
17325
696
40162
77082
58212
80010
36667
84984
20626
7924
95510
15446
92139
13978
72528
44810
62363
85821
69230
43029
7793
57123
36488
91723
38862
65278
76671
30296
23478
49170
5024
11370
26431
42518
32790
71093
7282
6701
64313
97342
673
38465
58322
9398
62501
82548
89589
46354
2965
77007
61335
98352
43242
59908
61038
4661
26383
70059
22708
85709
84987
81569
57230
72331
18334
22303
39029
44853
59850
39644
92114
97037
22148
93513
1439
95516
91335
76200
86592
13991
4921
81332
13939
83339
88319
70166
90684
13664
43848
12415
79666
12423
83058
10927
97296
43950
68334
54814
8660
49997
82960
83975
13620
78381
80128
89500
25647
47358
70910
19026
81165
7071
98765
3915
81327
46214
13887
75973
60446
32000
4567
95437
95712
64582
64668
69096
21345
73296
76480
97661
87017
81359
66360
54879
5152
18150
46999
67374
64609
63735
94541
33865
49314
69001
21463
95120
89551
6571
96769
41912
90899
72637
33969
27250
31242
77879
14225
31254
89786
36856
37189
12343
73673
89567
95259
66749
37615
66314
48332
9881
49810
37563
35600
87713
43494
74214
98544
24086
7630
80471
4997
10730
12484
51474
57988
50796
36318
50908
45064
73817
57883
4
33883
50277
6137
18644
48078
47350
13320
61754
63764
83855
498
49702
51514
62132
35673
145
51229
77268
43736
30546
8070
29999
14833
15557
16434
98620
53108
51512
15957
57346
31325
1477
58613
63837
68542
68603
19205
76978
27794
72987
52877
7500
38626
87812
12774
48661
85396
24201
28558
81967
66386
41092
12205
3777
21077
96305
1378
72656
43334
48128
72614
34459
46784
62845
56692
42386
25338
83045
66751
52618
56603
63892
6074
42674
28793
90195
56936
69225
32858
45735
64520
54869
50635
18165
20594
69266
87167
87735
20529
49009
40707
66136
14188
82741
77489
22987
96319
73314
79984
61758
85301
77105
67163
84425
20462
12179
43183
14648
67627
21545
16964
33016
60184
75576
49268
14683
18652
98477
26190
49676
85609
7745
28371
69210
84780
62654
63790
97558
63211
28072
58636
98315
3667
73288
55559
86349
728
42040
51509
32305
78546
49552
18398
95207
90823
85146
88987
80523
84280
24883
57683
36002
25741
87673
41344
65658
89939
447
68725
63470
80233
73207
18843
42669
7648
23182
8362
63951
85020
28795
35956
46488
2470
38791
27692
79334
38049
9625
91609
37616
23109
95085
81954
47848
25816
66131
93961
39776
38171
96066
58581
68355
52023
6399
83234
88753
87774
32138
89443
19770
95823
31778
31118
36554
85258
36837
38287
92256
46936
8584
20251
80044
28762
45471
79393
11834
89884
63771
32312
8196
7439
56066
8471
65046
34625
17491
98214
87077
12072
17995
51793
55315
15841
90406
88942
26742
84854
98700
64602
47646
8153
48649
50526
99144
68103
3873
34793
83290
29523
74342
11686
1227
36668
51516
32890
71044
30115
74531
17652
82326
23808
25245
74334
86791
88874
66459
68670
80023
75291
57239
85103
37954
65091
2046
66731
33599
91493
16231
86663
74477
77224
19481
99014
69210
42251
917
41287
52995
6232
34802
11572
75955
64250
64190
23742
85819
45698
11372
51779
16945
75696
18572
10365
31386
45994
70127
83042
44537
68042
98251
1546
7807
24767
28492
303
13862
59548
78106
18631
36158
41005
80860
99847
13791
20417
75106
41257
45161
54942
58517
81923
59480
4291
82483
76140
93876
21084
31908
89702
15633
45868
12067
73337
94070
86603
43134
13089
44625
9397
45167
30977
38883
92384
81567
10891
98629
97834
17398
54504
69440
98971
40487
29874
99875
57402
87835
61426
36055
84693
17608
24216
78200
37342
67898
47594
35656
88227
47405
3867
60013
89611
10344
56029
32078
92865
78129
65344
27828
18286
83765
14309
90866
74759
31382
83464
94498
13456
82978
31530
85229
62393
7176
67537
61292
29351
50711
70862
54775
79563
22331
10540
53957
91485
10948
38713
23686
69125
95127
84773
55909
42574
39357
56512
9956
19773
14097
62525
82684
61994
21164
6135
82345
43121
53837
65264
66799
18547
71881
64984
46680
73341
25744
69857
47160
41302
21270
71738
68156
86646
76557
25355
82156
18264
85939
88787
61258
62850
72601
58834
30586
57664
80950
52367
3971
36310
32616
73827
69546
71602
45849
26417
57895
8475
97074
69855
43436
66831
85489
1164
915
19344
46862
36574
63209
52446
51044
2455
4071
76
9228
1050
19
99236
11612
2862
9263
54019
13881
31685
42389
10460
91785
50553
89429
38441
87130
27302
11063
88838
75582
56969
97843
44203
96967
44909
50665
9486
2142
9307
38174
95663
86961
44658
42311
33595
3558
98833
11942
18061
61874
55512
6314
22596
60245
81031
25005
44659
12888
90134
89131
37584
74235
8615
59742
60896
95317
62526
53674
33777
85793
3411
44542
7831
96713
86909
17148
84755
83732
58133
77261
92130
58250
61389
5535
96263
84834
84056
84282
74869
37273
64904
18885
94334
82756
45614
21813
36422
23908
20972
26537
97499
91811
47936
51069
39688
49618
6762
36423
7856
36028
68325
43984
38933
50608
10999
7590
80753
58866
47714
1075
6512
73947
69214
78
57855
53978
83097
88124
74728
39325
29862
81304
73367
42422
86965
23298
15101
94313
29828
33086
68172
46700
4746
71355
2318
26027
82816
28440
71645
37020
6289
26580
35108
17092
9164
72315
35925
50177
92376
91088
11343
58778
60576
25372
32388
6427
82312
80134
79587
59222
18306
54984
45109
74771
73576
11070
14400
9606
68296
82567
21063
62007
89579
57594
87635
96198
81791
21402
61836
25977
56512
75930
33004
71135
54944
24081
66616
38360
75338
34573
26180
19844
85929
83719
61219
47444
79902
4253
27695
87990
93068
58070
72927
16225
97213
89742
60906
55844
2509
10695
35895
36261
50885
10163
22286
72957
58944
88314
36901
42648
73769
59422
46318
91038
37902
78487
36193
80511
20784
3425
72245
57915
63128
16763
23208
98419
97968
95695
84951
60487
57551
37445
91932
69085
48755
18061
27230
29534
81386
87092
45650
62771
63511
78025
5718
44304
35849
44930
65872
23767
3325
19480
37749
99736
36027
19276
5183
25345
54082
28397
11396
24245
81413
14146
88798
3582
51831
40130
55974
60922
77612
85175
34573
95425
45467
79978
45257
50074
87746
28984
26249
31412
87734
93655
80688
75966
17066
75145
99689
58428
70576
49283
26838
65684
59290
74886
26878
92876
45839
17581
96379
52975
58179
5655
7444
29677
97351
61863
6850
44993
62870
35723
2471
57472
55393
94504
56462
54809
80486
17921
70373
55421
69565
81506
91228
87599
54525
6690
89586
71992
81084
1804
60661
93380
22556
17559
77850
11132
60510
92959
84327
24206
31736
73211
42847
76199
1924
39870
76510
58697
15656
5255
23950
47066
89578
88156
1248
81806
61041
5871
9872
90766
78022
88839
55016
32697
17814
48443
41948
31086
51734
5973
99317
58642
31040
21348
37847
27488
55256
43858
90444
37824
98270
44007
95458
38755
9873
75486
78691
58921
80792
59376
61730
71753
57823
78850
74255
70388
22317
21991
76217
40691
76
12759
2120
37302
53601
25715
24110
87283
18690
88808
93177
68680
86535
40334
58506
37190
99752
21132
83837
3147
26198
51136
76695
93140
97935
60595
21424
65857
54413
20611
60212
90114
8670
45041
97594
34539
63302
16426
13445
62992
38967
22267
57050
77589
42363
74796
60534
2043
92882
27338
53836
52062
47587
93408
85351
96656
12656
20903
52443
74481
6126
73036
24321
92696
41542
20137
96024
2348
35028
51973
46839
13892
99333
78961
88965
89243
77563
2447
83062
22615
86606
99175
66085
1398
85641
83131
83835
20478
58697
79143
45728
8648
1847
66918
22512
14114
35431
31680
89012
87649
19614
88076
73454
96540
37605
27772
12510
236
25033
77937
26950
19497
66261
47768
26605
34832
48831
83266
25339
57149
65750
46697
96819
23794
82027
86429
30095
86539
36604
65341
50347
74573
33781
71525
54638
35188
89240
43703
75088
77600
34948
5609
22645
71231
54499
18516
83424
78771
15863
29149
36617
36479
92053
11437
38017
29431
11867
74856
66471
47797
62673
39554
61888
51744
75079
59036
92924
17185
55398
4857
80050
82340
95955
14594
65439
65968
85595
44316
64953
82132
63118
59833
59484
33463
4955
47190
83003
25191
15007
22198
42886
5531
89410
71233
64442
4570
61831
61092
86038
13397
96011
14408
43820
17970
81364
58910
75723
78132
4771
23784
43364
21131
17094
74444
17325
1186
86486
48219
96476
61854
32223
77770
35189
26358
62563
66501
33642
32524
98068
10793
5899
23607
47849
47573
78023
4047
20339
42563
84239
70075
92508
24479
22973
29069
31844
13519
6595
28735
63924
88687
88773
27387
5115
87790
81579
50033
34675
36410
80831
91430
63478
57704
2625
46933
67586
23583
96619
74708
94087
69639
42334
18741
13866
11126
53614
51115
91423
65363
13325
24109
65355
7138
35505
57978
84796
57987
5365
28604
26900
37663
78931
60746
28343
86702
33537
77235
99866
2660
48027
2200
57052
19406
57217
67325
92794
98836
69023
24090
37325
97387
54628
22131
245
15965
22182
74073
65589
41193
62718
90577
15817
38336
13332
35855
93480
61825
17161
23523
70368
7986
72256
45424
83108
46409
52210
1934
11455
31334
50211
81257
20928
12466
45196
17355
65007
35882
13846
41407
43715
49941
15424
30074
45248
8606
57766
45345
55185
95118
12235
55373
3877
72677
83034
23461
36746
5570
52000
53245
34535
84174
13850
82101
80930
30278
88811
21977
73563
55400
49693
57043
985
94065
28638
20993
63074
36464
75186
93296
95172
40480
21712
73332
67346
11756
74937
14114
69269
2284
92899
23166
58563
92970
25643
67118
45797
93656
94847
48748
12913
15297
62709
60406
13490
43295
93640
56169
83051
68447
43644
26563
95517
12515
21759
4328
37964
19124
55516
77439
39981
67515
58093
36498
86230
6611
38714
37595
61200
99935
19771
18879
23702
18092
24295
69317
85296
14857
75585
11532
71630
75357
7174
27066
78597
30376
15771
22085
96223
89536
2428
4281
62380
57899
37897
17593
25697
65491
56975
60404
42457
57299
33649
94956
5786
62515
13896
41030
7131
86068
86262
35272
59766
42981
51667
29070
72032
86614
13363
92529
43984
65568
45566
89811
75349
80837
15009
92016
14920
4723
23515
97777
51975
66129
11652
38848
48797
2985
13632
58267
40080
31937
81842
61993
79744
87819
5751
61473
98627
41027
34385
44199
47542
9597
74183
32059
39347
44593
74764
13203
70963
82372
33972
62098
1693
25351
50557
94617
87710
34078
27924
40250
24275
87761
85638
51877
26985
97802
66671
15092
91313
39507
37918
63657
5695
767
69027
55452
57602
33394
40390
14123
64314
32669
74916
95685
80520
63783
10250
96429
83411
1
28128
78742
12586
36719
35854
54846
46871
98018
51166
34943
33089
57885
76280
15900
42807
56966
59465
59344
22299
7526
33257
83935
18200
44237
87227
75579
6779
96484
80233
1463
28262
29065
22156
99075
29312
22478
58342
99715
46558
41431
71350
37534
21962
70782
74032
89768
26879
81796
5615
91557
85775
28432
58136
69655
32907
63313
54470
43323
5648
6098
71128
47823
76667
93156
49112
46193
53876
86782
64354
8359
31790
24608
35588
53143
60891
45457
31981
68355
12611
36548
5472
46912
56708
8809
13449
2807
35096
21974
16282
59752
11600
49208
31177
37445
639
92212
98917
95679
29510
32056
73297
34871
68721
28439
74379
93107
72725
60651
56183
24418
9471
37172
27042
90766
21311
87708
26527
51092
52116
91354
6744
84777
95846
87678
87749
44010
70367
63691
56941
89797
96953
9000
60488
29722
70727
83860
91230
42108
40147
50437
11946
40790
74760
76252
65466
7547
89520
30628
13860
95040
11323
59871
17760
82169
18778
45002
13845
45856
59782
17045
73629
98523
53138
29187
29903
28920
10222
62575
38542
75453
70614
73068
2837
55788
31679
69977
25148
74290
66187
54617
66351
29678
64396
36447
87441
49346
7403
87653
19597
83881
77122
93194
59129
5583
34885
2664
11938
68173
55478
92780
18479
1365
86300
4825
74683
33623
12397
30116
26890
59169
47274
78367
59574
91184
36653
78733
13480
72156
57795
31431
68778
44460
20501
48996
2927
19485
27593
545
86157
22045
32440
99887
8856
28265
39035
58862
44576
59810
26115
60987
40017
45036
41040
97314
89024
8549
1369
46329
91531
4665
62528
72809
20302
67353
58474
66725
18468
9558
98929
42611
29049
68120
11541
72241
14012
57059
50248
29056
54878
61581
52131
81433
39503
77953
14233
83735
30373
80241
79089
79009
78591
73939
63122
45279
94728
78615
35603
88536
12790
66982
57522
9907
86782
76161
19519
51849
40694
98420
75910
58856
52222
53291
57913
71793
88107
40729
63286
11843
24721
75858
61948
99944
81373
9831
27482
705
65766
48505
3023
75945
81153
90829
36655
82342
72954
22270
76233
50101
98931
15077
96472
35125
91521
6831
42157
45875
43496
51457
10503
7890
88855
62793
62986
43921
69692
99766
52340
15666
76778
74398
74011
94294
26665
99094
2952
1283
91351
28046
56482
88489
27914
89098
31808
6996
64964
47037
2859
47929
90377
87044
25254
25259
50497
57895
90463
10570
14838
68525
90697
22805
82287
88693
4549
22234
4912
64731
90075
57155
83697
24750
76820
64333
46879
14174
81155
29710
56029
72101
30382
74618
97623
31750
70164
44566
8562
4125
47178
42583
52959
83034
4266
67179
14474
91728
98894
86186
93589
76691
57412
2037
2411
42462
7368
41506
30980
12909
88060
33473
18480
98981
25517
21994
406
50723
72305
98755
18412
72220
54785
28940
73437
82142
40909
87602
74687
9683
40140
19823
87125
25951
73766
87264
8360
24238
8639
66151
12172
79098
30313
17297
80373
33809
42554
57466
7322
88532
19388
23196
2106
87350
3105
33130
32269
31414
37081
22997
49943
77495
45790
48536
16317
16557
26055
26016
93612
65278
93347
7406
5088
45018
34894
67851
73063
67306
57348
16779
32523
92705
80957
30784
83658
80782
24450
46372
90444
2910
45272
43739
54432
46769
48317
98914
92952
1652
52994
80926
29188
77080
13228
23128
57920
73711
17915
3307
85202
95185
60383
25980
52844
62261
54573
12035
49290
66535
92933
65841
77325
79976
86449
8010
96023
18684
733
33207
79445
44517
3790
76671
37824
76602
70851
50615
28294
76271
49556
42188
41748
63568
74841
48394
89931
21248
37012
60187
32685
43045
48787
97888
79024
87022
27494
43139
67763
1905
7155
8808
83459
4600
21838
37569
91713
421
56443
22329
84154
54123
44012
97218
7966
39394
99666
56597
17373
17278
20457
21292
25239
19823
47683
86265
51784
44313
83649
51952
64385
95496
78373
62719
77539
48557
53402
50183
35270
43897
9696
6615
29636
66317
74432
94166
18434
5827
77634
29387
92829
45058
13683
69317
11320
69116
35042
65345
60354
47753
45955
44124
23813
96825
12414
21028
43739
86285
81318
50912
32878
25328
6590
73431
55949
21806
12860
15695
31046
82669
88415
73759
15156
94932
88255
6245
28518
2565
45355
38347
41375
73668
33695
92520
93661
34478
108
33379
43253
31956
83678
38591
41647
75114
71208
85062
17257
96737
95177
70211
6013
71766
66642
71875
6540
26410
49714
87166
52900
72866
26498
80556
91751
8592
71834
14548
22741
26168
55658
32446
11042
90052
17521
12091
9165
49916
12549
11849
31551
76728
11044
85709
9873
27425
44978
53039
19625
66707
33773
70377
9263
435
89051
67549
82033
4055
93462
78502
77566
61645
72202
18405
75462
66404
27530
32913
96253
71813
86349
72911
6536
24165
18840
28621
44490
51818
22181
90667
69638
34275
27506
92483
6391
25059
80610
28416
94795
56364
67235
34914
83852
10606
2385
68406
2895
4222
79720
12788
24719
92469
81894
1864
90502
70474
85607
47666
1059
15394
56169
24262
91522
87342
15541
68491
97303
82564
85105
23982
88015
11390
49813
72899
93024
55606
63917
71048
67379
45133
20127
26273
50110
82287
33839
37547
48208
33416
51987
42692
39111
2291
82090
6386
22066
97445
51248
16909
64515
6472
47119
50029
83455
94354
63309
1505
73720
49968
70149
85850
45233
15216
58504
48352
59469
44572
59023
39743
61761
59369
22170
58530
90516
80744
55386
74633
7028
47962
52934
9842
30286
54661
21202
65522
80034
64611
97722
56055
28294
691
85632
27723
34688
36037
77010
17027
94088
54691
18286
29903
56491
90610
78827
3839
88488
98495
19861
48600
33269
57655
25033
48094
91877
61025
46186
45829
92214
95434
38384
29504
34319
76364
6687
76444
517
60684
63903
20924
97260
24230
3283
56868
51835
57607
23059
94951
21586
3206
745
51861
85880
29198
4297
61259
81803
12136
44506
60944
13375
78803
18399
28778
11093
40072
66970
11127
43662
34802
72227
11884
87034
90161
48305
87590
37212
96297
39336
24724
12722
87865
22762
58941
30313
22715
30989
32826
53086
48903
46512
78709
4195
55187
96085
56126
11143
7310
68041
69699
95864
82627
3509
42565
53972
28996
67092
22858
72902
90376
85434
56386
23163
61199
53196
67285
19505
54315
45073
50270
89512
93231
39787
93039
6028
68329
57416
15465
36725
28890
34925
33370
39292
18025
16449
29037
83896
95947
14649
38018
15927
38582
7383
42382
81533
43084
69959
94234
26012
19626
7404
80154
40883
99683
43464
77143
79284
45032
43462
43733
81333
98854
96686
36103
51172
80523
60608
38379
5649
89093
74065
48697
70931
46980
79405
68225
37820
84954
54655
98997
99137
42335
45924
68227
83269
32138
7541
61747
66807
99946
2832
67229
96200
87381
91985
99095
73413
96345
35102
1281
63844
38531
68328
1524
66054
46248
68856
21342
42378
15212
10647
29621
47057
47714
26848
64517
4265
65455
37199
38314
82256
65349
69113
82968
81802
98700
99653
90239
7241
64451
72295
49638
16621
20544
97141
89857
53816
33964
26167
84920
49932
9640
6125
94968
43950
61164
50859
73433
13244
12130
42119
87273
23479
45937
63316
65024
4363
53999
94256
8607
32823
67565
46488
79146
58400
96755
98738
94498
36991
41886
99785
56755
48581
86810
42169
61684
62132
31746
74299
28862
76611
73954
10794
31235
10899
98606
21312
95878
37359
99334
26658
93914
53902
8217
7610
36906
67632
78293
36705
49423
19492
28243
76117
93103
13802
28490
45821
76174
29176
80716
55358
94264
78054
18681
9850
13220
50887
37235
46276
22767
28020
38542
29590
60996
67416
69775
39912
34014
79558
14946
11787
32502
82245
95015
44468
77520
87455
25062
88145
11573
10048
75062
25269
87774
3804
81678
8363
99878
24142
62478
86129
39033
88836
91149
48219
59282
58140
2481
45655
83166
83961
9330
98716
81220
84068
30222
86985
14717
81786
45923
27298
39720
14232
26038
84497
32297
52882
92595
27169
9711
99074
16544
35980
90467
14060
75279
95709
57263
18301
34483
53804
61250
47916
56041
8016
33403
87554
75209
93596
49405
8431
34903
76595
28130
27863
12699
23929
30603
72360
27017
13189
66297
70176
62982
65562
6659
21211
15567
33790
51970
92220
7876
53721
96946
63551
5819
72829
92936
9945
16927
1954
10140
32419
30672
97574
61966
70849
30436
71071
65431
17607
83129
38738
76511
21411
91468
71682
57346
17580
76069
78326
3444
45930
39732
53850
83324
20794
54709
60726
20490
99016
5222
62376
78176
51178
12146
18064
91012
79008
64512
61233
24582
37550
83375
25846
33752
14583
47591
55655
33759
91734
18170
29879
94205
61811
8140
65416
15440
5133
58220
10523
49245
33946
95122
27788
81306
98537
68906
75253
1648
11191
88596
33724
51017
84924
1118
95572
46158
2720
87635
25750
54969
30014
83495
29277
13733
58220
63234
11110
52936
20363
70483
94103
25608
51209
14115
68662
12718
73732
96600
83750
13819
81414
88302
53043
17958
51527
12300
42322
89837
68456
58367
24628
99238
58050
1819
38178
67934
34113
63236
58786
7635
36348
8415
3224
74938
95439
54441
12958
74835
95407
17359
28655
3010
15985
9716
55069
28980
28474
72101
33166
87083
87401
1820
81786
60364
7253
23980
44640
13615
38682
35486
80147
56142
61768
40877
61344
92273
95320
90375
11070
48167
80620
25202
83624
47217
35633
32941
18254
43114
91449
16603
32150
9603
16528
85082
90997
29029
6329
79783
93685
17954
65978
62480
34442
77438
41876
2834
60430
58044
64460
20511
25763
85155
48846
56452
53937
98922
62640
70624
59815
24942
10964
89445
49619
6737
7551
55075
12754
99149
97774
60917
42865
42979
74544
92902
77152
15480
81253
34516
22780
78805
27270
35047
47115
29025
50982
85139
44560
82064
52967
91497
56922
19696
87607
93487
16526
58682
45299
18345
1707
99218
79385
28861
42830
55034
32040
77664
93686
66798
91560
45578
87836
52953
69844
8074
32459
57627
23350
43417
53217
14011
53381
68908
92893
53353
12299
67470
83757
54715
11098
45846
59106
48659
70760
47795
42894
59254
84875
30935
58067
93093
64290
4260
24003
61450
15836
14856
71324
52293
66701
66971
88454
52535
83590
54358
28383
57737
51546
87673
46440
96414
71153
2726
10247
39168
4804
42510
21599
59040
52836
16181
16632
58833
68528
51546
65462
83546
27343
74117
75380
91673
50219
65427
12705
67781
43365
76037
97579
20611
57697
94575
93263
25883
89920
3107
6905
41066
44232
81319
42288
40527
48713
57200
96713
93853
73699
40327
73990
37503
30778
15329
93372
70594
40524
17761
10358
39245
44675
62358
29385
60780
4193
44518
80794
78972
68491
89880
54784
34643
23071
83967
33662
82063
22932
74154
40337
80952
97323
99559
25773
46317
67755
70993
51069
43897
55679
92714
80822
77742
68811
90491
93620
28187
45824
86363
32795
63502
7970
39479
65950
66509
13168
54540
95355
88673
33185
44605
62911
68490
77773
23422
23226
28438
70963
93927
16199
95295
44190
94197
56594
72379
48518
59901
72206
29008
3981
63150
64536
62486
97853
91675
36281
30938
15690
39377
28494
51540
39052
89554
36919
7986
72024
85485
31807
13497
65049
99548
88396
31213
89011
31702
46326
62530
75124
90880
55360
75753
76912
38763
32117
62352
29404
4356
47902
76218
77631
9977
91270
32473
21637
84470
610
16715
78408
77858
41833
83027
92493
33162
14138
99637
36551
15714
2889
34809
30665
48087
62785
62363
74975
49584
6779
6167
34040
33314
96628
35999
33314
70915
79502
73382
28195
95331
91690
65306
84371
75363
55300
36183
64489
62244
26688
33967
50673
78123
16441
45039
45019
89075
89863
64307
80889
81159
74222
71858
46704
37031
44408
85637
70894
92744
32204
30748
41758
39655
6013
90342
39224
24683
97694
80470
36824
93728
11039
21856
91701
17627
32493
65228
78032
37835
78844
63677
34994
69854
58924
75435
94246
6462
96762
23548
23865
69914
62151
35098
75767
72536
81273
31953
51895
58531
54811
47460
10757
16288
93852
99066
20425
70151
94977
55540
26648
83327
15039
99292
45499
29515
73455
99214
8803
19821
5227
77550
87562
3673
11446
75477
93702
97683
5697
96418
13689
34805
34573
33518
58898
67625
58398
68309
27101
4248
14308
61268
57036
3013
48011
41791
23740
3131
92793
45041
66176
22369
94795
36212
60664
9987
32086
8919
53705
3448
51733
43760
46036
749
53845
65524
76084
26752
84500
43099
85457
41519
60457
34808
61722
11396
37768
93730
44431
39494
53642
12511
49211
31193
16355
5205
11701
52441
91530
94924
78215
23867
34743
345
73248
82115
50249
91596
55263
31281
13475
16599
31699
2016
81011
82628
41716
33556
25951
14684
30920
94856
78746
2194
36175
64997
24137
88644
70553
155
3262
54925
48596
24695
96697
96479
20272
97322
18981
96812
88368
19703
38074
55466
68511
74652
44244
37247
13640
3678
32029
71340
65442
59592
26210
43856
14139
98885
78150
95442
44961
10692
82360
56765
24762
14437
14860
29005
35445
96616
74631
43933
92200
98679
17426
18702
94062
12617
7181
54201
41860
88596
74486
12598
24374
9859
63811
49684
17352
44145
71624
70651
62022
37969
26063
24167
89811
80386
35486
48904
38245
26229
37995
39125
59304
35322
16973
1500
56007
53784
8663
34018
95611
36323
17018
69666
38485
84256
68317
92505
90625
53035
83453
51816
34700
65166
19334
71210
19649
49658
32507
73888
92049
17543
47893
22682
33848
74482
73422
4090
30494
66117
87419
69192
31128
49587
39720
81161
78195
85485
49806
9011
77705
48571
55638
50317
53329
62638
65431
61797
77623
75228
91231
26000
1883
1246
97985
84750
12505
81035
84675
25591
26167
18088
25126
16157
98778
84366
35280
43202
63827
7011
975
27981
34657
79306
95722
57720
2113
70822
41469
94131
34148
46962
17023
94212
37179
46494
98590
6047
70328
7160
24779
82854
13168
74080
14481
92253
75181
73425
30168
84513
860
84721
71465
23504
68244
99121
4239
77126
633
8151
78990
10187
11336
27656
69006
22023
79526
25071
63498
23589
11632
84634
83863
54315
77143
14800
52261
97706
20347
74850
30830
66516
40183
73586
67173
93203
99302
72007
27148
79515
70351
3961
69526
30184
52625
14069
18746
20053
95428
549
21789
21410
45869
42111
33080
48835
98246
82693
57396
62598
59800
45581
94877
8431
63350
49320
74566
61453
51121
1852
33282
85095
26113
56405
95170
12058
17408
22958
33948
3646
34053
42448
54651
46284
88514
47406
14551
99555
55139
52345
14031
18838
91709
39950
27278
37374
92834
35039
10004
7609
62825
87223
16784
69650
92652
15356
84137
35935
661
2114
87144
55465
49990
65397
57192
48451
86934
74787
56302
82742
54003
25897
39594
97136
19017
33217
1551
63454
27279
52925
94051
19226
27749
1156
24550
95889
46094
90327
91334
13604
77575
66398
89385
13089
51003
93295
25260
47337
71276
97253
12208
61631
82536
53457
77864
48977
6567
70101
5956
79870
1755
881
50792
70282
56820
95936
8671
69790
80460
83372
3926
22987
73181
58772
48935
81611
70784
48465
67259
22278
30341
3823
26936
55282
88959
78507
17033
93591
63235
38319
14682
88009
73015
54196
32152
24401
66933
32887
3873
21952
99173
47001
71901
67617
56981
36341
54959
71237
66705
65825
40964
28241
12463
41819
25884
32419
86019
8312
32776
89928
49057
67120
84042
47544
29742
92201
67211
63075
94332
37153
29960
13939
31557
67092
63639
61103
62576
81381
86216
59882
42577
32037
15339
36550
51392
84155
30121
30284
79996
9336
56317
33629
7357
50818
73665
51533
27809
49933
36520
38888
32990
77485
19254
69631
74345
70794
46474
36611
32296
37380
44751
80769
96398
49675
57350
603
17166
21618
96333
98479
24702
27646
67495
79000
21878
97331
92685
26513
50530
94791
71418
53736
97982
71029
69039
31568
58181
59445
92264
81331
86828
70069
14585
35025
93112
26381
43786
46602
91997
80153
81761
67821
488
34326
12830
85983
98909
1714
70932
57601
93916
28202
78347
62054
13874
13103
18997
42301
39126
66478
7959
95950
19847
53459
45408
29282
62360
89028
98075
89268
71144
63153
34141
44181
18249
95884
48589
92130
74414
44693
55128
38591
76927
12273
88170
99033
28093
31992
53658
50736
15157
40329
91161
79128
17639
80878
61268
38271
21233
22877
52094
72569
88798
18739
6652
27340
48425
69666
8854
9576
46164
16203
30073
47050
76726
21459
30489
33848
49308
68727
29830
43487
67678
52355
10697
36968
3739
1000
94266
92419
22030
35740
32995
35442
68955
32048
97848
54829
75005
24263
98587
47010
30861
63921
64839
44418
88933
19220
32956
47877
10812
81871
29053
1219
28017
29735
12182
17489
8551
78889
43243
90451
25008
47138
75013
2513
1296
42516
16609
70782
74535
84923
11697
56650
46270
66803
83960
1104
12880
59679
45595
37927
58899
77306
35029
79996
68935
13386
48585
70099
63982
82025
57475
36986
96136
2463
56289
99823
42072
86167
72075
19783
20117
3958
74108
6213
18348
33616
63627
46584
61865
14286
90115
44451
66242
63016
36072
17631
21128
40873
35799
30068
23071
91347
45363
5133
29853
12137
60681
95547
39974
62893
88591
65712
10415
56161
11820
75888
13373
26476
52875
44499
98404
23474
34230
4779
70271
28874
52544
65033
14729
54314
33203
28000
4616
37284
8126
24088
96816
15772
64583
65720
87017
28743
45648
35591
23659
59208
43983
80312
95069
9384
19776
92753
94486
73326
90969
31332
36557
51427
89299
42553
45816
33297
49229
24305
62803
60789
98488
91735
16661
71331
48743
84959
94420
13206
42824
88438
96650
19073
957
15539
6741
21756
22632
48608
16828
97225
43000
14850
47185
23679
13125
21333
67912
52786
71934
68674
81836
99379
4374
12243
55749
69289
35076
42183
93482
61499
89724
9108
28760
437
67382
31013
78399
76965
6164
78787
37127
2524
91940
52615
14137
9878
55182
29655
8492
66031
24559
84550
95564
98164
57601
58660
49925
71789
48481
81340
61460
1849
20924
27143
10940
22099
50243
26543
58891
85870
22704
34565
67315
22201
32677
1669
17668
25302
38446
84284
10484
12481
46098
78599
32114
45887
67565
60515
52272
76807
3662
67124
72452
37779
35913
60621
79724
77384
71937
74273
73028
5357
78389
51874
19812
91519
52682
57043
69686
41041
30151
46823
98776
50692
96868
75187
83515
35959
79938
16414
5862
7311
16938
75705
73273
65394
64030
85003
96228
79556
88339
65658
3715
11869
4349
76393
92781
49689
56326
54972
2133
13786
19230
5051
71717
16237
89069
75849
330
52490
60357
31637
41513
25419
43062
10444
84334
15666
54408
26979
50160
32225
31869
83432
99079
99944
52899
13651
80383
66527
14200
1126
80360
40612
18752
79281
17622
4616
42356
43764
11284
81329
3114
80736
539
71560
37040
42621
25522
21719
90919
83317
88820
24760
79557
98584
4600
5747
18731
4124
8027
94116
37427
23826
41509
38762
93372
53701
56277
79170
64403
13223
67891
46094
64850
95133
82509
28637
40942
77156
67079
11113
32108
64712
71106
52699
46112
92330
20237
55612
85108
23330
92627
43467
76980
52271
57891
50435
11765
32722
5442
3984
56468
24110
14089
69214
23244
75718
17998
11181
95723
43331
5479
23131
76139
64631
46514
63155
1985
3086
82559
39570
95050
6929
27857
86176
48000
19757
25364
72569
24071
22328
72355
1805
43963
81367
80860
57958
60708
30446
66339
79520
78038
10513
64309
51064
50738
53161
59150
25232
16438
98439
71873
9886
47529
822
94400
81087
79109
91902
76713
11628
64333
36424
70235
36945
32018
39469
5867
15473
73072
36934
38380
78931
62059
28878
20147
9493
28130
95860
76724
25432
25610
72122
44352
4598
18661
36242
95207
25951
86732
19871
20030
63386
77944
28181
59787
23197
86045
11898
78078
76817
3284
30062
44239
3803
6289
95132
53442
26580
64983
97601
44561
88064
25582
65984
89167
96046
7895
29862
15749
34088
74407
18592
2087
17710
74084
46385
15706
56742
37312
5616
7397
70000
93
14566
66052
86799
65380
43234
24389
61347
67348
71419
64602
20658
90446
16966
10613
64412
9205
8882
9270
36043
57104
69984
96725
88349
3162
16785
18181
74059
13501
80534
19292
2010
1747
2637
55736
13014
26951
60118
73813
45966
80605
32363
99409
84372
15368
29069
35238
96255
7284
61135
7042
6250
10543
51179
18224
67719
59258
48440
69398
34837
94279
33990
74424
69856
44680
76522
57732
59136
73402
26418
49047
53041
4396
16340
1167
89402
84657
70333
43973
8041
98732
10180
53620
14691
45509
87743
59686
6685
7567
65067
35043
29884
91864
10215
13278
96599
97205
76118
56768
57605
68732
82188
54806
87894
32573
23964
65692
15396
64832
94803
29262
94685
38248
15400
67091
3556
7167
31899
56413
19346
36834
61390
10809
14037
56590
34812
25787
92390
18207
11571
50608
85776
70353
17627
29073
5852
18140
89405
11430
56857
22684
89507
77188
3081
9824
97104
24335
88902
99383
65751
74285
12827
36802
84483
13898
64073
7476
74227
45966
40502
40831
871
47810
80075
65910
88800
43973
54528
63187
74231
83463
93562
68348
46424
74604
30641
22932
86618
71274
87317
34035
29506
23141
42054
649
40125
99524
61617
87787
20217
71539
8366
81176
32457
90474
75164
35094
58361
31653
41111
33841
86264
82514
85965
23366
59461
41262
48826
33721
1386
58127
67574
5331
74696
95158
89547
52432
24141
2420
1056
45608
99330
8567
83610
71986
52806
2002
68095
36461
61275
35161
24649
201
23422
18950
95612
13754
46423
86939
51685
91203
45070
99664
27298
89127
42401
28227
70203
99528
78753
3338
22446
39405
7373
41078
35088
21342
79035
59846
7477
19247
95542
84327
33332
1280
42568
91786
30546
88069
95986
93570
29389
8447
32642
60462
94620
67244
66471
94333
61080
10074
73926
20555
69423
68592
68884
25695
98919
96349
36500
93267
7633
60183
37920
96639
6781
34949
53356
92687
15723
60476
39671
22376
66764
58773
40489
65154
54842
76781
1752
12936
56180
15409
13718
26377
72112
29098
21609
11267
89522
31835
21388
6088
87756
25318
84646
3121
63330
72876
37084
34976
88418
78811
48815
45989
66830
96937
81503
33688
2094
84434
77303
89348
46242
37517
67626
88643
55042
93937
25969
83495
35650
64036
88322
24444
36078
56824
17159
99218
92315
471
90534
7634
18637
17653
56543
5586
99332
5327
5184
41578
15995
85811
74623
78112
23519
41465
26934
37229
70048
18767
99539
34562
41426
89291
62955
69541
99022
84824
92824
20667
71354
81821
94828
54305
54525
96385
4746
93016
74278
65154
22734
5159
63316
29751
30874
71383
11566
12849
86058
55549
54190
72463
76514
57764
72377
47729
79564
55408
95368
64201
60652
44382
8636
49637
9268
77303
92781
22262
16044
57927
40475
52644
57159
91840
24633
67637
67099
12302
20027
60230
48900
97064
12655
92680
92188
67136
66470
31968
43655
11647
55409
36417
2027
14330
10204
20195
90189
66611
74061
58482
90770
39898
9059
60225
18364
55360
45996
27714
41450
33380
24417
42582
60189
26783
26674
66420
92422
42082
70148
20798
19556
31195
85113
16330
96425
92410
72244
33274
34803
53888
3397
17244
28933
25566
2038
42725
3248
96039
15584
14405
27408
19876
70910
21727
61833
87764
86428
35600
68117
97004
99365
37880
43015
43071
55284
4009
12135
34333
98364
17100
50049
91471
95597
77822
77195
30755
25819
88557
20808
46033
65363
32630
17005
98172
6123
39779
74265
92626
48959
27615
14691
75932
25617
35431
58798
10132
15720
21550
21989
90499
41884
78287
46441
56382
45663
29626
845
7606
69749
15916
42230
79589
97753
37117
49049
49157
31899
21587
2791
40044
21081
10909
16546
72148
86985
2918
83290
51828
34374
74896
44076
31880
73119
16778
56913
79327
24200
40274
80770
76705
29649
93967
75993
48299
37283
6725
62344
46602
85097
2175
68935
56258
67290
75537
56545
72824
24162
751
92085
91954
61515
40648
7472
894
71666
65787
80670
98707
97823
48651
35425
84213
56346
89036
67961
41351
7251
43753
73914
20544
42373
79182
66793
61576
42673
38734
50481
28642
41494
18973
32593
31407
18890
77886
42956
87286
43686
56740
52033
39614
74568
82983
67810
83991
29211
35804
26484
70787
31389
98265
82228
45657
49965
90305
44375
61878
50819
75481
6554
48427
93013
60950
61628
45937
13877
64982
98738
29008
64194
9216
34287
17839
74305
3897
37441
44735
54696
33497
72494
81754
60517
17398
95417
54639
78483
15741
9954
65119
26730
74071
9838
18777
93471
52066
8016
8900
78653
61420
81180
38095
44338
45890
38531
68878
24144
72494
57322
82101
89863
67077
14606
87757
24207
19683
84503
76585
2688
5627
63414
22835
44730
16676
31761
48687
54377
73408
60182
39017
34351
94609
20517
51549
23689
32471
67522
1932
78851
43408
15919
15834
90927
53435
49210
30918
7442
94362
61616
369
6281
32483
52598
96642
51374
84912
64570
39185
45033
20467
78758
73121
80220
71700
61581
7212
87524
42648
84525
78911
66250
82879
24131
51898
86783
12578
85573
67224
52276
25703
83221
63022
11688
68650
54657
49746
23362
90407
80809
77955
78564
86820
34171
63918
7784
16406
79525
44648
9114
48029
7162
18441
57641
11815
87264
89606
77549
63829
95936
76784
84496
42314
78337
63112
34842
88736
82393
63444
50445
30366
17789
58967
22961
72826
69248
2734
40005
30813
20542
31022
17003
33080
26257
24866
63206
73860
2003
53745
58095
47008
90610
99084
65278
91464
1765
99120
64973
97055
15613
78628
43338
68139
87061
27110
37110
19319
86809
67276
95442
82200
67593
11978
87300
35072
49683
42251
52418
28462
78384
51709
66582
68631
18076
93237
67852
38398
12304
32823
69389
80068
57471
62288
66628
38787
8892
47816
31828
66295
62270
94380
77410
14855
31123
87518
60960
9017
71212
33389
99457
68935
86768
55626
57993
73098
90080
23241
79159
90649
75978
77669
23264
83825
15820
99018
96685
79646
71730
1689
55902
36605
81233
77767
88140
86890
64790
12883
86071
17614
64364
Time spent: 74
Itarations done: 22240819