76448
20859
95059
26140
14291
51837
49107
36381
54137
7463
95783
71130
34363
92018
58785
91687
83856
16453
58078
68890
81281
12241
17358
37463
29408
85566
11529
89669
43264
1767
26045
98191
54077
78303
29765
35639
12358
56025
20859
88628
32908
13145
91358
48085
62150
84086
70087
94219
63921
46239
46011
84586
13669
41670
44434
96689
63022
7958
27030
72799
86747
2587
13335
63943
52376
18697
76119
72510
59099
6506
45977
48423
77010
34335
71491
2583
80389
45941
20510
63056
9410
96715
75327
14443
13546
80334
70005
28937
26874
89559
41589
18743
606
90144
18629
13890
71401
25196
50210
96854
75328
8817
86600
6041
26861
12504
58672
53808
69861
95536
67393
91553
73223
81438
86984
94352
87733
36640
5746
30649
2616
64558
77088
28740
40411
88596
29965
51083
6960
60926
92693
39907
69713
430
17049
3182
71971
32788
50567
68667
3328
78491
94143
45610
37267
10394
99290
98579
15716
81448
4855
55994
7373
5391
86496
47115
91649
58406
93919
85544
23368
58146
80608
94770
14658
68039
88757
1817
29955
69400
38088
8770
27664
41623
81428
88768
97702
91652
32219
42989
38034
77858
39491
98212
85247
80654
84433
20752
64356
82381
99297
71858
51200
32404
64192
32130
47177
89848
20222
78043
50530
56043
48454
2398
70976
31487
3368
32307
75205
58033
56728
13270
69648
35997
3223
95963
23825
38009
2737
83571
12749
76705
85828
71775
10042
21703
28701
40979
94775
2851
11941
40920
44525
81319
13264
41476
74741
17905
48722
10345
50216
18762
69075
18151
38326
92799
38461
64673
95675
12099
71032
65998
79847
26975
77855
41803
56254
50659
81223
94343
26328
95120
86353
76328
37878
9138
61559
3549
50933
42506
67088
79930
23195
36132
90131
67633
48022
16796
88909
52885
24858
57454
22291
29437
67108
49235
43025
45810
55712
19657
62493
39997
27962
23091
52781
15808
50647
24128
37888
98748
64149
92259
40087
46148
99877
27164
89701
76200
67252
37898
76997
23604
78427
6403
23408
25743
29052
76012
75981
92618
81571
19017
83716
16197
3928
53847
97375
30416
1007
2047
45377
41770
38740
98009
77556
12211
1525
90266
35840
91055
42474
2182
6327
60644
82935
51984
30757
81696
92894
67352
7053
98605
37015
68153
88374
92392
2485
32404
98050
49564
34261
5190
13795
48847
90940
58010
38743
54558
183
56895
69166
45330
36467
51676
89113
99979
65933
55855
70767
8473
3169
46853
35953
75299
3011
79729
39050
34957
66778
73997
64430
4872
76837
2805
92617
59718
85996
86464
78493
22955
78929
68216
2178
36318
91711
29142
98625
86087
22478
81202
45480
36119
91365
62703
90460
41976
11065
48823
29241
97908
10717
81364
2788
99014
15298
16497
69096
84604
20293
87052
18444
65589
17134
76761
43576
28691
18766
7865
46624
53300
6639
50653
63122
73022
70549
73712
10117
63258
40972
67088
20175
38628
19854
87031
5988
99568
342
90639
11325
76177
28486
51473
43217
79168
708
73090
47571
82724
9647
46435
85813
32152
47994
29181
93671
90385
54998
60349
54919
11714
43575
61909
2627
58589
77265
20600
68427
57858
75806
87786
36305
26538
15631
82975
21604
84018
57362
37453
88207
7517
76208
68534
37268
80724
93141
32024
49419
31697
4826
60777
39007
55452
88513
60564
83739
69076
14425
1028
25976
52809
32673
9084
3011
89186
14308
44896
52766
24181
16857
16449
58673
39219
13518
67720
42888
40993
72197
57587
90539
47209
95613
31889
89357
70720
36982
79386
98828
81907
87092
53920
20919
59789
88072
39675
30459
25989
66755
34191
37419
92510
96257
24684
95624
44249
88242
37212
42832
20181
90306
45355
55657
53404
13035
35341
29472
79504
39482
37920
48212
25157
76181
53808
91899
44461
89285
19115
40772
79161
31993
79975
74026
80773
10188
71434
28492
47519
52015
24678
77960
97101
44138
58805
17410
17469
72494
48588
88076
12124
58575
98089
59021
83883
13646
91440
88857
81626
42748
36779
27247
68234
17960
67054
79993
54742
6088
12303
53809
85660
79828
12016
17277
53507
63398
93312
63020
66770
63743
921
32801
94833
16638
28345
72013
65842
33357
66061
12971
99073
68060
52271
47419
12026
38635
84461
37853
54298
24461
25887
34516
85236
33402
20142
10373
30436
77326
9063
99856
23325
20519
34499
28882
62413
68616
92838
53395
92216
46980
2702
81602
46429
76978
40838
41133
75620
96168
98992
66463
18526
84131
15428
24285
65979
49568
38773
64864
9564
6202
88967
86000
63272
15170
90387
22847
95774
99778
65571
31632
13336
44856
94465
18233
89003
77433
63777
73602
42332
88011
53739
17196
35810
92499
35481
16834
69001
53646
81215
48834
19546
77852
21561
85816
1348
78284
19590
51208
84552
48468
69563
59273
49404
21881
69806
67409
26634
2521
63845
3481
10685
39046
91627
95128
18937
80793
43567
20242
10020
97825
64146
18276
67368
69150
8925
50517
358
43317
19088
74153
14706
53861
41006
99758
56212
28381
84820
34682
37542
64517
85670
75932
16383
58712
3949
5230
5188
64323
76840
56266
57587
24541
12401
69536
94694
72521
99589
23727
Time spent: 5
Itarations done: 173842
