60276
62716
78693
70456
47554
12893
22664
81625
81931
60171
96952
9797
62881
23334
30387
75191
23315
12896
9427
22910
44197
46391
30977
43382
37907
94855
12679
68737
21983
49832
71008
75120
89292
19825
88547
29594
43339
87896
30956
82152
8100
87977
41449
18244
40637
86476
36000
55331
71709
87880
46039
88162
74709
18302
7044
61765
16468
79329
71240
78615
74807
5998
30510
26988
17217
7371
71665
51203
22614
15935
50391
71286
93859
22935
62442
99503
52576
30735
11105
94316
29761
10451
18459
38455
65806
13345
4635
27170
11733
47843
64047
5129
79839
555
503
96010
26372
49295
44110
27523
61499
88858
62069
66427
72517
66182
92728
43016
15136
542
77684
62659
74595
46540
40238
73130
23519
42901
60205
80806
6609
78492
24814
86241
63621
98456
93397
40190
61557
67994
99563
4867
44597
9086
28724
41993
26016
26312
51147
39195
40180
41945
61059
29321
44685
67610
70955
53467
12804
50066
36818
67824
84637
42039
44834
96871
51681
65538
73039
91031
34050
54726
52391
55595
72125
88151
90920
79516
95184
46046
91894
7652
48372
57391
92335
68055
56364
33568
71782
87150
77172
20691
32832
99911
52746
41073
34788
89626
94412
35806
69648
72379
50613
65024
5712
75087
92041
70228
88236
42739
14990
53883
78843
50414
7554
85512
35836
88761
45326
675
86051
37748
83311
19411
15596
42890
89009
74172
11567
60514
17953
3715
19764
44268
67495
39103
44465
3717
57176
80675
5459
77713
74800
40766
84855
30155
96131
5911
41549
93824
33127
54454
44819
59182
90724
50688
80136
29318
15396
25060
10084
39674
68
41462
31184
71774
69439
47273
53468
73822
7358
99564
43780
37900
3627
61742
16100
73409
91444
68945
22567
59470
18694
67603
97437
55200
46351
44839
32852
96081
95527
76769
20094
7096
71020
41262
72907
18860
73681
60349
60495
81678
76546
60217
16980
34263
80386
62618
61371
98799
83153
50513
57530
42109
94826
82905
67116
63848
4199
69075
204
46996
57429
50798
48008
33341
39459
82641
90071
67221
58957
45057
4334
84471
24956
72742
72622
10367
69151
31626
66402
70259
11613
31839
18062
9684
89697
21136
31489
66944
69976
63535
62409
40403
41284
71276
3711
45269
43292
24720
43901
60134
19507
84449
27858
22270
96191
72568
38246
42481
79405
76081
33183
75253
31254
4258
21220
98020
33364
13975
28184
24553
70712
2321
12126
1769
72188
54117
12377
16756
25566
23494
76642
71306
44079
23313
96090
65000
99369
93980
92557
64668
51295
24039
44276
28002
98961
99001
6927
92169
49264
61918
85386
34453
49395
79535
38154
61281
57905
21188
51287
84423
35347
74125
1509
98723
19929
38579
39268
84415
16252
68654
61619
18887
65888
50962
12134
97705
87450
41980
40422
32758
70727
17184
77405
16614
84595
20312
34118
16444
11617
39459
11643
88351
53599
78222
17623
83492
61832
34732
20915
51067
33376
49192
40043
30091
80422
31374
53414
61759
23651
33574
39694
47339
82470
91627
5241
22669
35095
16854
32165
19682
99682
85173
85387
37812
44061
36129
49952
53695
66079
64224
30903
56287
99180
57659
37181
6323
88562
15523
88296
83988
52084
53412
27928
6736
87111
89647
2153
70384
9521
89471
61650
90932
14385
32998
77016
1984
29128
64209
14256
93234
89484
72878
3517
59147
6133
59115
48317
63813
5651
31040
64799
17858
23238
90161
10943
6389
96663
66099
64224
3134
60968
72608
32833
55243
71692
70194
40400
25679
90729
37128
7028
35677
53390
70307
60528
58441
97864
60151
50859
77078
78969
9602
8096
34705
6952
96310
79637
72709
49047
9200
5925
74375
6632
25887
45568
5374
34008
35769
40594
70064
96206
55143
20430
83110
72668
25316
79252
89654
1291
32427
25528
54020
22982
38588
94831
76957
30789
67954
37427
94417
49587
48447
40685
57114
72436
70139
22991
89393
57926
84638
40661
78380
49191
36384
82242
49980
9726
86317
85622
46936
83751
61204
2553
36021
79598
37742
52438
36354
43423
49579
52689
78897
37523
87521
86458
78385
62661
48438
70219
23270
66982
76790
13483
66674
65491
34142
20798
31946
53508
26736
72252
30072
35126
18880
32857
23040
3422
60833
83452
57174
3010
63852
36201
33545
77508
62196
96284
78721
54574
12141
58035
28479
49410
91439
78580
39510
73959
79152
54929
99724
23502
15427
41502
16459
74976
63526
84255
23714
72006
22314
14831
64453
90571
66399
43584
72111
76114
23256
13861
96623
18058
31917
31580
94596
80897
66191
63925
30701
42377
46880
8907
17937
98743
12078
73550
58075
84662
62420
62642
30457
21107
48983
72269
17208
48371
25594
2742
46051
23338
44398
54110
78040
60239
33786
44050
66892
72335
61201
92763
69026
28336
49805
52381
88961
71814
87625
19449
3454
64483
40583
58183
19550
4941
56642
79512
86663
43295
27346
66306
875
59103
55147
8738
10833
95116
60153
15379
58937
42573
48335
95422
68957
55113
54708
65323
21774
27853
69659
19204
44655
15797
54315
16507
76246
81432
51760
82680
59466
55231
4879
89075
57490
64762
98763
76810
84255
38190
55846
15938
90192
16177
25328
46137
46376
12549
24956
27967
25804
48556
12836
44830
89240
48155
89726
34898
44866
22472
58129
99574
65917
90445
93522
30456
18554
79605
15155
20310
73418
26093
79144
75221
48609
46177
54945
24859
59303
82932
87786
35752
29772
41182
94293
68423
57243
11426
86276
83484
3893
49171
68528
94000
33186
19962
10491
81903
99819
42360
48784
44713
48772
61217
37821
15539
78229
61826
29143
4078
73618
91869
26589
39263
25548
92554
34048
55227
3143
52931
85309
51431
66076
92112
21381
75084
63541
42947
59676
19365
86480
57698
81583
4545
10569
81341
50174
10712
91781
41351
58229
60635
53780
84174
98200
9172
36991
48067
40422
81694
62839
99568
3587
18136
3521
76605
2417
21586
37565
75078
61426
80724
14522
87736
90858
33954
48345
54264
31063
69758
8275
9708
85020
12537
78553
24738
75178
26177
13799
15687
80437
78559
25618
64941
31825
49412
97794
32941
71332
31218
42382
61930
7333
68232
77071
68543
32205
2277
25385
97429
2943
45587
15605
61338
24004
80779
81727
24413
13094
95950
50360
94958
75237
98900
31134
81490
58228
18687
15015
31645
13447
94960
24880
17353
40017
75961
55736
51639
47416
94602
88201
22556
31900
68690
58143
7914
25501
76157
17842
90890
42815
89070
29595
31008
20490
11208
91374
57621
17022
53190
5957
43733
16370
96377
69931
86848
57914
42238
76963
70508
97389
17339
1002
5267
88689
5833
49338
51104
64821
11084
52909
4579
87790
5972
91809
93548
31804
17453
37635
59832
61996
5144
31146
25960
71654
35936
3618
35951
45057
27089
93377
32091
20042
28781
5166
79719
34763
43745
9314
80319
56428
36409
80135
19483
6334
66883
28535
80878
15134
96147
92497
19846
65030
47959
10953
31081
1461
80319
21450
63608
25865
14678
90133
33298
13220
94679
3716
58232
33315
97813
27468
95467
93093
3228
60644
89085
58915
26768
1385
48892
62192
70415
66792
66734
39636
97422
698
43098
10216
36743
41595
40553
44926
40753
16261
2508
42606
68797
70787
75913
85308
45771
50065
54711
10064
49707
89198
17219
438
15265
85898
65082
70858
1058
81580
84050
89490
57887
90742
37521
61275
52277
83095
72691
71781
45082
41019
66076
74629
98491
86107
60294
90513
86394
92838
47219
74216
12895
84924
33953
97528
1634
40384
87540
90591
4622
15120
91957
81965
93469
31591
66615
78576
38153
69089
89474
30713
48900
35235
39831
34380
55264
94461
25950
33544
23184
78587
90918
98219
65541
7033
96468
70820
84693
99775
68962
92838
96464
74844
54355
46673
24235
83987
69659
73309
19090
55040
57282
55530
57343
77655
45589
88515
90340
90168
94139
94890
73068
99772
55252
79695
77909
95544
14936
62241
7761
94472
85653
66444
58814
94328
11011
98993
47393
94009
8197
95568
7604
81955
17798
69348
86899
86294
52647
53171
15227
26555
37421
86956
86
6117
8928
65377
4596
37006
3398
27293
98600
94191
91533
38063
33849
55265
34691
88611
83486
93171
26293
11015
3326
54607
51390
89379
17840
74784
44295
26872
7283
50425
49295
15093
74081
17201
92681
40271
96350
55222
55646
52345
34356
76812
97136
17569
41753
34438
13281
73052
47583
23520
35786
2541
17323
44759
65493
56716
71670
33715
9313
48441
40287
61536
38823
63633
54396
60060
17017
41816
36882
26972
46096
96911
31499
22228
73617
68461
23788
75696
56925
16217
45470
87731
26541
96923
21407
19386
7978
91118
13563
36992
58483
79911
39998
97067
50260
6930
98556
31785
84974
99043
4685
22731
55676
60939
60769
31189
81756
3282
10354
86918
30148
11918
94840
24207
1706
16486
22456
93897
5544
70794
79805
73176
66085
14434
64729
41094
7682
45388
95971
87114
39873
96737
59853
72399
22695
77096
87110
69152
25962
4022
14066
61995
8987
32412
71486
7175
37964
55765
61732
10361
27084
37188
30238
1832
36405
9190
10907
59065
84619
66501
26618
51039
38072
64596
55892
56017
18728
28050
34618
35132
33274
67528
47807
27799
63118
1939
80495
71787
70786
83160
39190
40724
72074
24766
25697
34881
95238
43299
43643
57267
98679
30887
44736
56395
46721
91391
76540
19494
49496
88761
76480
55541
57370
75922
67808
16152
62988
95253
52431
64213
4690
67602
62804
15038
83946
15800
30456
42943
6394
732
52300
67303
31179
83321
87517
6462
66516
64125
97582
15328
80738
93760
49915
3043
7565
92000
41702
60805
11943
61159
64538
16742
48487
30210
22877
74677
88470
20154
39663
86688
13197
78218
31053
55564
71773
88774
8801
62562
79450
32197
73667
68328
89097
29438
96115
40401
2821
79652
41602
19407
3354
71050
86922
47878
75543
20951
91357
50566
57131
80067
31790
73182
4994
18158
84463
57700
88085
93443
37760
56656
21572
96559
50126
66338
37996
51330
25188
89322
50744
49266
62156
20478
2750
92440
53745
87439
9026
20300
46160
66399
95509
99941
46067
37234
8656
66530
58037
38094
20330
10792
62595
28942
80735
23874
99784
75960
78516
26401
6099
24303
51596
28140
63623
35382
54945
87500
59420
26653
32165
65902
20477
66864
56657
1124
84928
47745
5083
55805
93801
74335
951
32583
39226
90454
19356
85685
84781
83273
75277
329
81610
91486
27292
55895
39934
75300
16166
36593
79798
93257
23501
4233
77100
70866
79480
1696
41449
39056
70707
12854
10858
66688
99243
64913
24983
10656
22164
22563
43387
59561
57316
89791
8222
52498
75407
4878
11761
13201
11182
86808
18360
51594
17141
67254
7729
49747
52116
21254
51792
67294
43998
91856
10963
72571
90983
89248
37299
30045
68958
33277
1815
52033
93964
99752
21118
53303
48180
25580
44581
30819
15437
25497
77412
27712
88014
74079
57297
30512
312
10699
72647
91720
16964
32215
9084
66025
53061
48461
37398
97743
32361
88949
11044
99544
95729
65743
24104
18047
56517
17043
91743
90619
62173
78809
54272
59459
62124
57631
73281
24048
804
7017
83669
81079
51660
41463
88968
22185
83105
57860
38991
34100
570
72217
8628
73320
40172
21152
4547
67909
98996
22267
62537
32776
74561
35227
62464
71584
51803
16300
80020
78352
19697
13067
14924
44944
21687
3173
83714
26756
44113
41235
41961
18286
25114
41393
5521
42681
22785
89508
73321
64944
15868
48626
15259
97145
22834
94100
77907
75829
15963
90610
78031
56747
75843
2367
99329
90067
78699
9870
81330
10486
34080
91879
91063
894
93606
19623
97884
65763
32874
1762
29746
80937
68065
13274
75274
70230
6408
39180
10110
96036
45357
64873
68327
41109
29218
48877
50092
1725
43907
20940
55306
8633
80631
58637
59608
41534
27498
9051
3907
5238
54432
38578
51529
91244
41203
13557
78087
57165
61019
37158
98361
18235
72824
93850
1731
60091
94305
81785
63156
50065
24581
45541
20180
45444
60642
56930
58158
71432
4832
29973
25627
69040
92024
97616
9707
93643
74582
22422
37408
78678
90846
61197
32917
65747
8549
54414
53194
42339
78470
65293
44636
21460
55554
50512
12100
43626
44877
4796
68214
81030
7999
85001
35739
76089
21662
85816
8589
52183
15195
8828
38219
93071
25642
39469
1201
99281
315
22208
21110
94723
45340
3400
63268
74845
65729
93285
94395
58816
67613
83926
915
32578
96488
48226
89416
47008
66686
36683
50692
66028
96729
83156
54837
43187
2866
28689
58986
42030
18758
73307
51636
5554
3187
69690
27841
23075
69579
79792
88140
39057
21269
25693
80720
97737
4643
79371
61124
19850
98640
52574
26692
63308
43570
67618
93984
28385
74804
12652
26591
29772
67616
10875
88003
72807
18299
62115
89647
39268
83652
47379
27722
9269
76035
22195
54106
20174
64415
62955
6442
90821
63156
71984
30355
19965
99806
91669
62855
1514
40708
25765
10073
85963
18992
16827
44836
57348
53368
82779
69917
88150
68077
72713
41405
80720
24502
62285
23256
3160
53116
72456
48870
80000
30826
61825
98486
3599
83232
12418
62176
90882
3916
1585
47416
21837
73599
28491
7471
61151
30859
42729
12262
82410
93066
4694
56901
85504
51291
92606
4752
22169
66176
59466
91656
22063
73086
34719
75867
42321
64351
60034
4283
47233
53985
46353
79723
61507
46018
40264
56268
30524
21400
91733
60119
64041
30418
22365
31930
36006
27679
3630
13266
62472
14892
67853
54605
82006
63096
91280
5198
18595
70385
8160
56175
15715
73823
37529
47406
92055
74953
30277
15932
84332
57149
73069
59191
10690
70024
17821
9792
9383
31231
40690
70252
81740
49186
72923
35896
95866
1614
87397
42041
88088
14270
69321
7593
32858
71810
47326
11383
38638
58482
12049
29823
67216
70184
3310
84882
67006
61368
4120
99930
57029
90428
40015
37635
97639
5358
45578
98904
36448
67877
26522
94760
23518
48665
15336
64076
48543
38933
91250
99263
64579
14313
11155
59280
27822
55873
77108
94749
988
80036
48193
83499
39054
54297
89768
76506
424
78836
41477
84009
4041
95482
76954
89461
83502
44957
22726
65033
72974
30915
1629
76539
96468
65037
66880
7931
22016
61260
96979
5936
85331
19215
28755
43930
83751
87037
16077
30812
90545
21937
15196
45417
42146
73263
14123
59935
6401
97260
43126
26810
48653
75340
26152
42783
74261
48382
58879
71014
41113
98439
28092
97616
3777
6198
19214
22497
72075
87649
94075
36044
41236
66614
59388
12976
78196
71168
87879
62600
29171
51423
98694
10751
47353
3785
51401
52833
26372
52467
58843
9690
65097
82933
78047
38436
82457
43891
95580
98884
47108
34568
83931
52935
86119
72216
68943
78990
89282
91142
14774
16442
31208
59033
2523
16272
92088
8948
51392
62985
69777
76056
7152
50362
40843
97078
1668
38954
46244
77313
69380
96753
48539
55287
91887
26146
31798
98235
30149
10039
92869
43004
95346
67953
3198
56419
4048
98921
4086
26776
61104
2189
35109
13812
14542
8989
85340
78396
30781
29085
99
85103
45562
14306
72132
20991
56293
67959
95457
2068
34852
83792
62527
45325
56408
81078
40964
68654
59459
13447
74767
43595
75015
68234
16755
66550
88759
40406
13917
32976
29005
60540
35417
96021
5409
79855
54201
66180
58643
66970
67460
61763
19615
50825
68647
51308
18330
52154
64311
38562
27109
81867
62706
28241
70642
48943
47954
76493
86223
12634
93460
73855
71533
34264
61376
30453
14448
32388
81080
33304
59607
21777
98947
23779
29879
21439
44167
99667
87326
49848
60877
80719
87927
86531
15615
89184
57070
68364
895
87523
88686
6204
20638
84393
49921
52884
61287
66918
55360
27135
23599
42388
60070
99675
14431
75737
9124
77472
75293
90504
72738
80106
54980
60459
90825
88189
17311
56660
48492
57961
11815
30437
4895
38470
25126
6656
1869
98148
73936
33566
85891
66133
96554
85662
87167
20345
49398
44173
13027
9119
17224
86192
29321
76086
1464
97877
23109
69058
59688
89800
62741
52806
31097
33201
97249
12923
97826
54791
66009
33363
99937
24688
21762
53794
43183
47189
5313
64548
12900
17295
48625
76750
34872
37249
24529
13106
4548
96833
5891
888
39692
8758
44827
12770
98366
56203
33460
93510
44091
53408
61689
30840
33077
42213
44578
77472
44633
47496
52244
7813
75159
92735
38471
97719
68586
33221
30802
48581
61675
98956
14498
38027
81292
51841
15470
68713
42587
52506
63216
3953
61947
959
93758
24335
16665
62221
34739
13028
54438
13202
52
79130
80160
50302
9799
58191
24874
78558
42847
86968
32356
62647
23881
35490
82455
57635
44639
93678
7164
53104
19836
52059
45316
58112
82354
86489
24877
26437
29350
55396
57990
71645
41213
44642
83250
49738
8682
49948
92127
93495
19924
69704
32021
67084
79027
92023
87116
72138
50082
99082
38
77176
46934
79041
12238
61136
17684
31272
69108
58742
5132
74152
57010
70513
99633
16336
13736
53471
39190
32213
81341
39928
53135
90149
50865
41228
90368
18172
82151
80888
20866
55905
68781
67337
50079
33835
58094
60278
39813
41421
29316
6676
86331
94076
79023
22474
66674
85734
62483
74368
27554
18462
91837
72298
57706
33528
97695
17822
54191
29346
19350
66087
65909
40883
698
49895
73453
72413
33828
83140
43448
20883
10369
7937
77629
725
11830
74801
62194
82586
94509
48490
11324
88243
1990
13464
90271
41873
68780
12397
98049
63886
62393
88738
87517
7701
47924
20103
1514
82102
49173
23059
7724
72258
23399
81892
22051
70991
62978
4005
20579
58557
86588
32846
53529
23990
84943
55587
91161
3961
41698
27279
51171
26132
58816
95767
79917
83181
77517
52414
85653
30898
869
52487
50988
99238
92141
46074
83883
28676
44238
35462
1783
95924
89841
28147
81839
72842
49339
86005
51685
70258
94182
80588
39872
54487
36990
52155
52796
88476
46563
35734
95857
41786
25887
61370
10584
34050
84287
57693
56572
25051
81072
88040
27357
41265
17338
26558
52720
33458
5036
38113
6419
92861
47968
60245
7963
14483
28089
98068
79830
85260
2266
33678
97366
92053
79654
20523
47639
89895
67832
80132
95644
44428
47111
43732
41489
64150
56697
84456
40604
67833
53833
67244
50488
90439
37645
2975
62162
16852
13065
30982
72228
46922
7054
69821
52337
37607
39274
70014
76848
38392
92418
74458
76611
34723
23623
42283
97038
40831
7676
20177
52038
38115
5194
51546
81853
38171
4499
98311
42500
60587
94621
12816
77256
54754
88669
37952
46501
62290
31749
32542
21260
12019
95689
15923
77881
63025
83987
817
66567
62938
44776
36779
64852
68421
16968
17860
68595
82694
15365
17599
17740
1011
94183
2058
1783
19143
15267
37332
40826
52199
87206
51812
92060
31555
34631
35465
88668
96157
3168
58469
78381
71166
4836
69788
92314
31656
61112
92603
41203
82038
6470
67999
5778
42845
73872
10897
60809
25764
95520
32942
48173
94999
17114
55917
93358
58518
41925
86218
41904
6252
92187
46013
77559
13966
99631
59955
72297
61325
14416
77640
9853
70570
52285
71492
19057
58270
83477
87349
51003
6772
3707
40743
34961
4240
17512
45719
51973
72610
7293
35010
72149
1309
57596
80489
11994
31243
53472
51011
81429
88352
74221
51170
6701
48936
59369
68881
34980
29997
32429
22386
49237
36990
29817
37925
47824
68674
97228
8221
72215
74156
83844
78873
98497
80767
85946
84834
43422
63040
65797
12420
74265
2896
99148
93600
53161
99004
85219
48799
91312
19334
86770
82067
36123
55104
54642
98162
65271
26571
31103
54956
15677
11550
19425
86540
32491
16066
53265
32510
83464
83230
98779
87132
47435
41169
74815
38428
52197
23800
82116
1708
6601
59247
91132
64665
44547
9851
49879
51869
74349
65037
38214
85355
6012
33688
12965
64954
11032
56220
59530
17135
54653
58214
89913
64338
28815
97247
4564
48118
5600
12454
65976
98907
25579
72434
15703
82797
33202
31214
3225
71452
72301
44327
85097
75134
58723
67418
95824
50769
54289
58374
88134
47108
76478
30606
89622
77223
91679
59894
25178
14981
56283
30140
10193
96534
89576
14385
28204
70553
85127
26612
68477
81564
93223
47166
13968
89669
35950
19977
38144
26859
48606
43381
90368
65240
76413
27925
23850
25721
93866
74373
47612
87052
55556
33019
64490
64570
31932
41452
90858
15624
31241
2090
40625
94357
59733
53059
95946
22376
26250
6432
80191
63813
54417
76359
94884
93384
25952
96290
81660
24268
41934
29265
22708
18973
55419
8176
98764
40841
98402
3915
82367
16431
98876
8511
55954
69740
59623
37615
9277
58091
49384
2124
88706
86447
39155
72264
42175
2062
1650
59108
27833
74556
80324
68283
31920
47868
25844
38566
71937
10029
92572
64047
44883
64255
85314
12749
17143
629
47521
96857
42557
61446
86104
20107
38253
65305
35158
26454
44043
5097
71153
766
40467
63288
5518
27091
3039
94223
97058
92954
25801
7665
46263
39180
55977
50364
56322
93880
43356
23199
71554
96543
22951
90250
32938
13592
17565
33161
22586
70255
68075
79235
4231
75326
73571
84930
5200
95118
50914
87765
26834
40855
3867
49142
14948
69776
25618
98145
69689
64370
45346
52147
25006
46480
69420
33869
81972
3385
60891
26527
37326
51526
47113
8783
8822
40209
44664
89466
22419
2377
43172
18343
92769
92478
95212
83717
98156
12486
18141
20230
23756
16271
25549
40935
22976
99839
70942
76602
25639
30330
4348
52153
3902
40230
13728
55232
92059
14895
47375
55154
44744
31280
90946
11801
9576
63665
3326
73510
84886
58223
99222
624
30956
92412
3186
67050
4044
77476
89733
86062
86500
32754
67263
78533
93389
58996
59693
51886
46307
64608
89037
86276
18427
53453
64593
30864
71364
65832
39961
97514
24016
75225
7847
1840
16348
82585
64353
42259
56926
17244
89473
26554
72033
48900
58524
52409
6322
38688
20454
23493
60201
9009
53289
35892
87563
91556
34419
1013
18926
20915
43980
80596
19712
77123
53291
97019
41150
44744
37127
47857
72135
48311
88526
97454
54418
44378
7929
40273
80601
98970
84605
30875
54678
55889
87668
53599
58250
6095
36403
61365
32022
1305
25200
47500
51840
16005
37085
27067
51277
51192
91658
94928
18644
90478
38163
96589
75319
64598
22528
94874
24409
53871
28358
40553
44015
59861
16212
58279
87750
7243
62915
40550
46668
94795
33243
1854
21376
486
99992
82780
50875
59771
65270
9593
45543
78492
25786
8614
75672
12219
67977
46719
74118
42357
75020
19377
21860
6048
77055
35856
98646
91652
78443
57594
97416
94516
51385
30172
20814
38771
93977
11972
856
10058
12557
43267
8700
11365
3148
18392
50467
49583
74882
20579
77198
83890
79458
54159
72272
18776
85025
62051
18006
4273
60314
47791
84643
13885
15400
30856
29579
6723
79182
51606
42434
44552
80480
7913
22423
26691
39581
49374
28539
26164
70149
76990
130
59001
37580
96297
5753
95266
19241
50132
41542
25171
64416
13592
66834
26540
57409
68204
34436
40931
45896
84923
45657
54870
8466
36295
36117
99959
212
26974
77347
31001
33327
78761
61315
14851
20803
31406
20284
64326
35712
23671
22769
81339
15922
474
77870
31285
74731
51411
74899
56771
61533
23570
82947
52932
53505
67230
35947
68872
49190
66955
32762
70149
77962
82476
88983
95802
35527
73946
87360
70040
4934
14297
87165
83520
25013
97824
69309
42031
23723
38575
13642
91480
42598
14727
27632
67161
40250
55848
71495
82664
77907
88798
53851
69109
57940
54995
4106
98979
7607
86852
63025
80464
74489
84449
71334
88017
27597
64817
77674
2737
38638
65697
31910
72216
51662
73240
77481
63665
36109
8837
7425
76416
58220
54092
2666
283
98838
14963
28304
54841
91825
26162
23909
21309
56640
75133
87162
83515
51039
81297
16739
27351
75463
690
49930
9128
19338
38749
3243
92436
51350
44706
139
70368
20678
29903
49022
35401
54267
99312
16761
32744
6366
10647
28261
34643
40930
78672
10982
2895
4874
23650
94811
64751
80771
22379
72316
13421
91250
57812
22175
58537
64191
79033
99437
94244
57739
77160
290
22975
87224
54762
16128
71508
92285
16440
1983
62574
31779
36461
97729
60047
96539
65690
57017
88689
85571
24508
58486
40422
5
91042
96585
18294
70904
34720
75181
36559
51994
64029
56175
90731
76440
54329
47439
34985
97987
96661
49669
55945
11085
61724
20104
11693
72087
4532
52589
12729
24150
44740
18068
57649
62171
45228
57361
492
60911
77248
68951
18944
29393
4296
88508
73058
47723
38827
14020
92623
88693
26053
90638
8026
25817
87264
32733
44201
81919
11476
27151
30191
77925
18665
31311
37874
241
30469
52511
52557
16878
74931
70707
95455
37465
20743
46024
63442
30310
83372
34394
25035
80915
70604
19969
13203
615
38218
61326
85396
71498
7882
39999
79092
44290
58802
94494
77191
89614
42301
20694
11759
39818
84169
20451
76895
48540
33528
84155
91914
38213
88886
201
54563
1930
82179
94535
50671
75387
29812
16838
41385
97076
66050
6392
32084
30462
58603
90339
38081
30564
68828
89757
1392
99185
59702
34882
80128
87973
73564
19808
27487
76566
98601
59097
847
74252
18151
44042
93127
67907
90113
34631
58369
66417
35099
64835
11403
72330
21454
83421
17484
45212
22847
271
51974
7972
89864
59063
2393
87367
20897
11153
5599
72975
39562
22675
61388
25103
86027
7060
40456
61415
7787
38631
9458
4519
91849
69361
28800
78302
14687
40572
39856
99500
98980
54066
47436
22811
56837
43074
20627
62794
68085
62412
80555
33863
89134
99365
17118
20887
13074
92061
78430
17208
4846
30490
6490
44334
16693
6821
50492
98153
48575
76301
75245
50163
55801
87764
96309
69069
21906
43678
15774
18019
8581
53636
2968
25818
66502
52352
62963
26664
40957
63451
62392
12245
34408
3745
36847
42495
94483
39168
87100
16874
80340
23197
82349
16703
22969
71317
27923
90946
35711
50978
22107
72723
50104
95497
22199
81944
49177
82482
63414
90620
45359
52611
25952
1741
3450
82980
25271
20037
40405
70738
8585
73515
43157
27339
76589
78358
33350
31538
13592
26570
73500
40078
1542
15724
53026
9071
13800
33204
14498
36173
33088
53541
80613
93924
14677
6765
20559
87986
20679
28117
50857
40541
84201
5040
159
68712
23172
96079
80152
643
12808
8100
95389
47744
42952
83201
93743
30622
31956
64769
6141
38327
42297
83285
49332
85817
44784
26839
68688
22917
7984
38741
79332
39544
47423
15168
23436
6612
55158
59502
99050
89778
44434
86819
31607
74061
86489
61917
53063
41389
86923
97370
25614
50237
47616
34256
97039
76794
86829
77532
2908
90456
44904
60484
37294
52953
85901
68223
98046
50057
16527
58917
75320
87563
82892
83235
92758
9099
72897
17439
29576
22369
47476
93639
48772
52498
47447
31877
31791
76470
74397
53063
73167
30972
23785
79212
20057
27503
56390
7983
51012
53199
30244
82245
75960
83617
79357
62175
5069
84567
17828
47365
78039
34106
68341
89461
67312
52922
62586
82059
68813
91607
37800
13895
72038
86681
58417
23809
57664
63741
24702
1528
5332
35732
91328
37008
6827
17103
7947
32886
70648
50476
11159
59541
72752
21471
42645
50318
55279
19438
41789
5677
123
87148
62762
99332
7474
90805
95844
56893
90768
33311
30639
8082
58976
28303
84915
97302
94759
50256
36914
74132
52734
76800
41309
75292
95939
43450
79353
52643
60573
38014
92340
98042
89164
72257
74112
65120
567
81733
53187
90545
71508
21237
77939
72869
88898
42924
29328
75771
94710
66922
24839
84290
85956
80134
44555
57633
51125
27931
5711
90161
21450
95558
35616
13375
90431
11345
44477
46043
8293
42182
79460
27026
89388
93215
49215
45954
80033
68379
44139
20578
21875
96092
41818
56448
11581
75356
79350
64505
1514
51484
94686
5240
8027
87831
87654
74275
94102
60116
27972
43519
71276
63355
42382
24506
22158
87890
45899
26095
79305
90636
43242
37381
8820
60438
15658
78505
37774
52285
25635
26984
33371
44153
17409
45237
88785
52361
64717
6198
95663
26593
18893
38201
86534
34105
40198
87781
11694
34146
53181
29587
74629
38256
52911
36299
87610
49845
3065
58266
24846
77345
9160
52517
44400
19234
20614
43850
22075
26347
13860
96923
90542
57160
35405
27570
5236
55090
38491
83998
64872
93390
29951
84113
98917
52805
54874
3891
96941
19951
85838
73541
95513
20221
50800
53134
57122
28065
29084
27458
72619
29573
68500
81032
93733
47590
28238
88540
55456
77936
32003
83378
79451
26837
23743
47589
59078
84263
54375
128
14264
15678
92060
47242
70145
5522
40866
98676
57251
39810
73086
46476
53016
72317
28974
49375
84428
79088
14374
65046
89927
69400
31449
24938
94949
87795
10670
52013
90025
11434
73242
80360
12919
19769
42285
47482
27025
89437
38430
95017
57082
46243
40818
31698
90244
88262
68117
83550
75645
79320
35742
80650
58793
522
75333
7213
68526
38952
60374
72314
33680
87356
67951
42297
44260
26325
20739
12669
87600
61403
95634
87285
83858
91535
55849
75647
17168
92403
61817
15368
8857
8453
42908
76136
7367
60795
66765
3981
75859
94657
25960
20196
42974
9711
72699
97975
44787
39334
71501
1610
26735
70756
7010
88086
93159
27037
79557
38922
89038
63963
44589
11333
73622
70186
3764
72105
98880
97318
35280
4983
37022
88210
58941
62989
10855
16238
67461
70730
68270
96215
19700
68601
7966
78398
83796
30728
7275
91067
38575
81545
24998
54298
90141
82110
52210
47786
37223
56574
62238
78960
23648
81647
67368
64144
49180
67495
24287
5139
71065
17175
42885
16346
17706
63533
43756
33454
53252
47441
78587
13694
77230
19310
74587
19809
16934
17000
89230
65126
71911
97579
64775
85516
99696
77811
53401
95511
89829
68837
43260
80491
59251
74167
53338
74601
16321
56981
80751
74932
82977
72600
77946
46525
34985
5130
9244
79852
18756
43410
86266
72717
29854
80763
10007
21872
93125
25445
53661
26166
67271
64303
4788
22657
7745
30782
47993
99886
60970
90308
10026
58386
30224
70950
8052
17487
48880
35384
38812
99649
20285
11329
21500
58745
35172
71981
60387
57164
57319
85373
24603
38057
76064
32200
51919
83695
60318
25289
71006
98677
12892
50761
2347
7571
16217
90826
41830
10616
80974
81265
53041
98197
57655
2798
94340
85105
47772
4895
85056
88935
56173
12996
71470
43502
58879
75695
87732
7768
21859
67120
19450
3547
95333
71567
68421
91110
25470
42377
85814
70837
70785
45128
88093
81177
84023
66384
95055
48436
22036
93574
32600
32299
75896
49017
24179
2482
71442
91668
54347
76555
76436
83845
25443
46709
64734
57032
44150
24147
30099
788
68523
33756
12735
41839
18046
98869
137
76652
99398
66159
90514
70086
28803
34097
61841
35161
38196
64922
72478
64557
36925
79662
30365
93142
63280
58550
6928
32640
888
95013
39141
34504
53838
80438
58587
5119
71395
29056
9898
18638
88237
87507
72617
47102
99398
12063
80309
54896
20413
37976
38650
85204
92673
10028
80277
99774
81561
91161
58327
20147
80690
16882
72870
58451
79385
17198
44887
18895
72560
84939
931
97323
92185
29566
8307
5490
17827
18979
5376
99162
80034
78313
4500
94708
4850
84342
6183
17556
60319
66878
52113
37683
56568
4434
62114
12260
19913
80383
45411
73646
8389
48044
50152
72102
61228
38305
16786
6915
77989
31838
30700
57087
4446
9406
27394
53266
61768
88445
89541
16333
93150
51815
89434
24845
17749
75514
72569
63487
75668
66158
48597
47753
19660
26133
54327
16260
59353
74615
80192
31434
91997
66000
6347
31713
60101
63808
77457
34025
60797
47748
56323
93949
94339
54397
35589
92800
79920
77792
54120
35842
85779
85289
59996
13842
17586
36115
85648
1444
84179
25342
52288
40094
12931
14360
597
80718
18399
50446
52522
41931
37368
22637
45078
73220
30995
48898
41227
99378
20493
40424
15153
62401
66633
42934
29707
70135
25317
11957
72292
7135
11583
39321
92151
62533
82592
11500
86770
82138
6559
46902
18065
57571
18979
28885
5
23911
80172
23977
88530
49172
38847
50709
21872
63842
75254
43422
4818
96800
44450
37590
3994
55121
65331
88417
22869
9574
4257
22854
55037
25093
83505
16699
72151
6026
4198
83061
89013
9701
11006
56210
62412
18635
41593
55756
22617
51655
97683
20040
6855
37293
46525
4825
62605
68968
11708
53552
15229
10825
40431
58866
49236
25503
40740
51587
35371
50715
66666
72942
46791
60163
91836
8627
46705
6177
52820
89135
97181
56373
62356
89820
34213
4708
89534
96258
77666
58497
79143
35746
96407
77274
35601
14152
28691
66818
28227
38825
65789
12246
84101
52924
42872
67731
22340
54246
45352
7264
49353
22546
31125
80792
78485
33322
89607
13128
59423
93183
6972
29252
2843
92151
83662
88888
63992
31658
55029
65736
5269
53470
98878
12262
92304
64426
74703
9678
90659
24609
28602
14517
21004
42472
15093
78192
99432
99422
32505
33967
36598
8502
42136
16975
94416
97084
43027
7214
2319
91821
3993
62925
16386
75660
12464
42287
64159
81308
85707
95085
55529
83319
4196
42805
55829
51846
69131
55563
11094
35091
56576
77322
87424
44633
39159
47077
36507
28064
72999
12971
27543
26732
2261
38751
92195
32901
16668
57575
13641
80276
8353
36812
53407
24571
13560
79347
50382
96704
92003
1825
45277
40188
92127
98317
80736
76423
73993
19114
2419
76848
13234
68649
39620
59290
89260
53996
75287
67349
68845
95961
24819
36295
32221
48476
30602
96690
52998
58806
44963
17850
35506
41052
18079
47240
33549
28456
29336
59057
23113
16257
749
85464
78231
6112
9263
67368
3986
15580
71109
28098
13529
21702
5856
42998
97066
66419
404
50667
19883
63392
83881
27514
3788
10694
93265
26230
91752
31965
56502
60968
69074
39763
45011
7247
16034
39188
50687
72969
96818
67289
23841
88465
47370
94329
68019
58094
10890
96686
25211
13691
83848
47954
700
11015
77662
64800
70649
14377
71613
87143
87489
21746
31087
68453
48271
92875
91913
1272
19369
56391
66335
5491
17274
88271
9080
62497
29679
73783
93004
86989
23661
87686
82976
90080
28497
53417
63926
2241
99470
70930
74413
92708
66035
35051
20581
43179
42770
1403
97062
7921
34801
95381
21131
19864
692
1135
94369
82825
45314
12162
42094
23688
2758
72848
44993
65197
35116
91192
69677
19931
16775
56945
25279
99145
95861
56521
21769
76300
24557
36299
82288
44452
28241
29299
66634
59115
39748
26748
95894
63750
59517
45637
29292
53761
15002
16175
33461
46662
83420
88879
1626
91051
10793
40072
25628
65055
7181
36682
97214
86153
23115
6478
16704
78542
15470
48280
16920
21706
92343
8167
68191
34375
85997
42332
16238
31773
40517
85007
18965
30869
16545
40745
90419
68273
9318
24346
30606
38503
48200
78860
18400
56529
95993
12338
71416
97823
94544
7388
31532
71574
9507
74097
17625
38311
11583
36501
98146
91855
94183
65561
75308
87339
68157
97445
39949
11980
93086
4962
51530
63360
1622
22088
21291
21140
48432
56796
28222
72479
68551
65783
77294
78853
61277
6175
17326
52530
25228
23938
71875
44671
57761
86462
703
33819
97701
17682
1675
43490
34153
48071
83328
10660
26151
49021
86905
73096
77995
81322
13295
42847
93359
50875
15127
85600
87576
31257
47133
31211
72015
82383
28991
99396
37023
67283
63959
36384
50660
44865
73937
23279
59278
95555
56985
34939
22999
18841
46874
99377
44199
26974
55882
32013
50375
47490
11868
96516
74088
38702
58533
74586
32157
16938
73836
10681
43884
92077
75680
34530
43804
8773
26272
54202
38295
94821
16978
55587
27383
25171
14015
40304
63136
20433
71989
83407
44300
12025
77086
94667
53146
22657
64607
22791
25005
30474
66594
50636
3527
7911
84449
91273
75448
52214
48732
9719
97498
53579
23723
63197
25036
78982
37894
74014
27112
85040
73077
23407
25876
11611
24896
82209
29601
49344
54964
74710
38050
19042
91353
5793
86532
48408
98027
68249
60705
82683
26202
87112
58020
19633
81013
50909
93708
16506
85394
25929
49266
76829
99750
48928
39646
88273
60778
46111
31706
49344
35692
31827
80925
92281
49181
99083
66009
82274
29537
25805
91736
49024
37710
85713
99205
85662
88460
70758
69669
32146
46278
3234
33207
45564
80451
40029
96708
48090
93390
48873
86997
34881
94289
67067
64412
18833
76183
36812
99722
86837
68660
48107
23011
43091
80750
10127
46995
19006
18938
15025
39213
36382
63761
54345
67640
20771
15147
97502
72465
75353
71390
44255
23165
42108
89613
18652
4446
96748
86571
80625
37221
46582
77825
93229
81556
26404
20596
98449
87304
16454
21023
22582
55165
38686
90072
53383
45991
22778
84027
5478
29380
71731
45248
17997
93943
98394
66819
8941
51115
48896
40732
44487
51969
76687
13401
68252
2212
81815
64617
75491
4400
84025
46434
10240
78380
55432
67020
9648
11042
98746
81187
19016
64732
20422
54061
53539
29976
14606
97302
88284
42669
43380
38292
16651
98474
71556
71888
29366
87884
90164
61596
31004
44281
41755
2476
29097
44252
42801
31565
2090
24558
83705
73328
76709
83371
75323
37376
22748
14710
2397
43635
3864
84521
38941
36184
6632
94412
78355
61108
6964
94801
31942
26045
22901
3056
53485
29480
45885
54213
54698
46379
38783
61913
86592
83442
38275
95466
75182
71999
1639
85263
16488
49518
93549
53251
55372
91713
17181
27765
95548
96396
55740
42764
13946
87520
5479
40322
81639
3244
49320
92241
25658
55417
41396
31722
1282
99506
47158
39264
82764
33817
11095
58306
21956
54710
4738
25608
68926
30622
41254
88940
96431
21795
29787
50404
20948
64942
82640
17546
67018
62478
81445
66363
78755
64479
54668
20470
42626
8174
18125
28842
49008
84611
82594
80944
86519
34978
38209
32521
32730
40163
83990
27903
77669
56241
82697
95435
92344
65906
86118
61439
33578
61241
93982
75155
58517
46781
80877
62140
7484
53465
49865
26864
2188
83873
48930
6593
97819
67034
16964
38094
22189
87156
9676
36311
32827
64761
92653
99904
23825
11006
78697
52341
18218
46383
29680
99252
88831
73517
39318
32839
60763
20459
62584
42328
62073
25626
59934
95859
5710
18479
80081
43615
5400
61063
13730
54633
50911
54660
12533
40452
94030
83146
82435
37595
25567
59988
28657
17848
55857
69430
50769
70432
46451
43986
60603
53327
79087
233
23199
42418
89539
62742
1560
16561
38563
42046
19663
4285
39900
96714
45004
83563
16207
1855
31890
69928
7764
66818
59754
50201
15938
93374
46971
19170
23650
42315
19959
54800
98470
81221
69801
23892
50437
19022
34169
44597
86389
94043
1059
44758
75279
71362
42620
45818
14878
22610
52339
70830
69250
6748
76880
22136
28504
43882
5094
99315
27614
75850
999
31285
49437
37093
45023
77733
28598
17233
78295
14584
67510
82827
28545
55745
73577
39894
32920
79150
27493
61145
63000
18932
96547
72211
360
57550
13993
89735
7213
1773
55782
30820
85980
54673
59341
68145
24075
2097
45569
87941
75786
16582
24891
19076
41764
44270
90905
40649
68527
81099
31094
42772
5258
63386
13046
10640
23281
94916
36750
25524
24783
7720
78816
27969
41662
6967
92827
68285
52822
81726
71533
77304
28805
72852
21240
26436
46346
76820
46483
10200
2243
30065
93973
76698
95886
62242
58793
51910
42841
28786
12945
52220
28105
33234
76632
56248
6915
28026
15999
11846
13501
38824
17594
87021
43676
91864
59415
34593
35885
36471
71183
29548
87149
45560
52335
55337
5266
45830
95272
60775
16700
76296
43481
82737
20804
98920
99440
31505
5306
88329
85577
65403
15446
8939
53062
39266
99727
47296
27839
97334
38905
5015
81060
95314
1702
73464
11953
78630
60615
5136
35191
14314
44320
68669
71901
72503
99302
24544
53775
80182
82704
86722
63055
24592
10811
41842
47739
66631
43144
82041
70907
35617
90841
70096
75888
15930
99831
96280
74835
3361
74206
5183
97267
4371
73321
67720
67304
75021
37286
48656
13534
47998
69875
73176
53868
75923
35293
Time spent: 40
Itarations done: 10589272