41276
50277
79464
72714
29315
16403
59463
29825
86720
94469
33673
5206
41803
52691
19924
10216
6072
95995
52763
3643
31974
43761
32558
69631
63306
23337
18062
14959
32439
68133
6429
38165
63995
43550
14319
84093
3351
36628
46459
86561
158
35987
13930
19159
41973
97508
43438
19570
51216
38164
963
26372
29807
25504
38421
68922
60196
33524
60385
80702
48910
17004
99369
64435
29327
15862
82855
23305
24059
38667
72955
86765
4171
90192
60509
1729
72376
1722
99411
30320
40420
94803
74088
93914
67084
59230
3302
29853
72508
54281
96839
82006
47017
48558
98137
29249
28181
98261
65548
66993
28527
26344
67679
96018
58155
5672
94115
40188
1430
68218
11878
10015
75009
59241
30050
52568
15635
30534
70285
79906
20459
20026
79290
47982
90090
96386
60865
65875
5138
56735
49725
51254
695
53181
97079
12121
90045
89609
88813
27189
28807
74016
71139
17630
3782
33622
15692
51496
76999
144
16319
98752
14727
50769
73169
59651
83692
46780
86219
22102
2296
46209
49975
64707
93319
79521
13865
11291
96415
68034
48689
60076
63644
33646
38543
56003
79351
95408
99702
48290
16897
73553
13254
76946
69054
24872
46630
61761
66344
14606
30676
25182
28123
89556
53559
66557
74952
54663
30536
19344
67571
71076
9509
65204
27773
87533
76273
49282
39499
88880
30517
39536
24704
95646
13877
99619
37839
76800
84716
99604
25243
44189
50818
71769
51300
81595
90819
29665
1910
23986
17925
7896
37655
43226
65380
47257
83941
15369
2127
45364
13518
41648
19236
16385
97922
70329
62945
55165
78738
19878
28513
80833
36991
35187
70612
42861
19570
18100
30590
8612
15251
61080
28723
15545
59738
78579
20410
63559
89033
74499
69312
43336
53564
6150
47534
45113
51655
5158
33223
68937
40263
94040
39317
62275
33313
93472
73695
43746
3586
49799
610
32763
62741
24876
46024
94069
5920
81097
65368
23395
72294
63292
71219
45919
91000
26156
563
72695
53078
80971
86516
61935
74375
38586
87786
61751
91780
7008
20663
68936
65760
61382
32928
24341
45831
41772
56856
79616
92424
49859
79345
12328
38553
9527
71217
36903
17746
28277
24873
57364
80910
46510
59705
34500
74086
89938
68106
94892
51533
46733
91351
92113
54108
75504
34317
41483
91629
12765
50714
88892
29701
89315
56412
41510
96444
83768
57433
83598
92628
38461
11312
24182
9890
38056
75786
75006
36056
4388
37151
36954
54006
92433
52125
81071
21099
81785
81683
46317
49872
45576
43099
40359
97519
44540
57284
22004
11631
37745
22538
64266
72720
23504
2944
45606
20246
24057
79898
93547
48189
5857
78640
9634
8647
83624
48158
37655
67503
90821
42473
98020
14898
11785
24051
418
45066
61489
85975
64097
85028
67730
68532
20569
69698
57549
27955
47053
32170
74754
366
80632
2231
58648
92299
92889
83643
95431
20723
62702
11237
13180
20090
70890
72619
28954
31684
54609
16047
72251
91463
1619
56023
2919
36531
35007
31185
13594
57565
37465
65289
56812
34729
90876
31370
65199
8021
61751
21639
39465
49476
45985
81216
63413
24297
97408
72497
67758
50725
3796
98781
5300
94347
41257
30701
18811
61551
33361
47097
79993
88936
64882
23140
52949
60781
51692
72830
88834
25027
48141
80465
89705
19739
81153
36196
89054
66634
36309
24511
84115
36041
85361
1297
20753
38510
36872
35066
75582
52293
12133
80995
1959
53084
96998
2639
6565
72601
96979
55471
1525
76025
27691
98856
33373
14787
5673
8626
24624
80821
65645
21134
76314
61185
19396
51437
70620
67774
88818
93264
81470
95927
90989
26426
48072
47790
26738
28557
91369
41594
25818
12387
56636
16370
31553
87174
46816
33132
65770
73494
70635
68176
851
84302
67143
91920
79891
21945
84062
27566
68255
30806
81151
87879
90200
88279
1781
95507
2818
12992
6012
2520
86161
18503
86686
38225
83223
43132
96384
30811
6369
42173
97596
68016
37814
37392
11019
84762
90933
80574
77641
91576
66465
2789
69118
86616
33081
89126
77903
26272
85312
39840
93710
64534
83521
53170
26095
9721
60353
92519
64308
88668
86039
81271
75016
53076
20939
2189
26117
10514
47886
65177
90576
13416
69173
47121
28061
93431
73437
572
64138
85619
26221
74269
86878
47218
14666
87768
58944
39116
81567
54918
99579
4639
16930
56478
25404
49913
36214
20861
51500
2797
63594
83808
44997
3281
55859
62741
92243
57227
48001
99603
87560
67483
75036
97191
76758
41618
26310
98299
91726
63956
18279
34430
93830
11041
29716
1413
3280
84321
29277
2934
29243
31590
39564
39818
31199
29609
24075
12845
35883
4304
53874
49934
6131
72114
9309
64737
8044
96278
98804
2988
51099
65238
31511
35399
82210
16853
63540
11472
99173
51734
48482
97260
11570
1762
62161
81953
17893
45742
38764
53105
86532
93141
50973
8354
25201
88989
90214
92725
98517
28277
54825
24877
6644
6564
33706
3134
69267
75003
80948
62677
68628
12646
12967
88992
92974
76609
23802
79453
87465
41586
6575
84895
63454
94186
89464
56078
39009
4717
43117
66138
83668
59262
93073
79427
18614
98306
75545
89628
79824
74652
7840
55521
86207
13012
5717
21559
67352
26388
69140
22147
96226
20268
75176
33511
41002
94637
62210
55091
97194
35954
63143
73591
86332
76484
46957
87113
10691
86765
57765
44285
34860
58482
98401
83817
24498
29664
91636
43635
10134
1853
66262
45555
59666
99802
57578
51395
37000
28229
82208
29497
96290
87309
45737
66809
11314
18833
68289
11020
67738
68331
67977
29642
52388
64978
25052
28547
58112
40718
60607
81112
85408
32789
2878
80979
62711
39744
81443
46358
26119
30018
85035
71865
96240
34258
42238
45097
65018
87873
35974
19445
58555
28642
42477
62090
73333
95715
93384
76707
92695
20985
95563
34074
78050
51548
7513
30608
94974
92855
63406
34802
78259
16169
56283
74582
61891
31052
40441
64813
76
83879
89704
73491
83632
6746
53067
77596
12413
7641
82103
65158
18924
62385
65551
98772
50856
41586
95697
67611
11009
81760
8391
19942
21925
88737
84008
86193
29502
43627
70162
73840
84979
66869
88646
39668
47902
84260
18870
22429
34017
30366
7971
49470
91516
19348
43801
14591
26667
10993
41158
61236
15567
608
33923
95030
32609
65455
36165
92755
98249
7515
33809
71059
98702
42642
95136
27486
58496
99531
43145
68881
53082
8442
15749
97771
33230
79234
50790
36026
95502
91034
72013
26907
73847
41734
19450
71577
46166
34519
63051
24182
46725
10755
61945
90823
50337
73811
83370
52057
47497
86795
75106
55986
60977
68654
93133
9597
63871
57739
22307
29655
46683
59681
91958
1321
46753
47315
80656
32575
97193
34372
24751
85591
74448
1799
93854
12429
23719
15839
73094
21691
19692
40339
96737
55251
76373
12301
10703
59736
54295
19302
2524
96111
25964
90147
26463
42551
51147
86036
68780
10721
82411
58489
43572
13653
68363
22429
83111
94589
47056
78077
88297
50493
25329
3658
34609
61369
21134
32481
86857
67078
5412
22520
62060
17055
17665
24425
93958
55135
45099
54745
94928
91640
49041
85164
81491
57940
94345
65661
28145
34904
87559
9792
40901
95962
57869
83618
96696
7950
21184
56379
77757
88462
52188
90558
41045
27147
51795
71820
2031
40181
38149
5117
79394
42105
8184
32294
42591
87270
13705
58658
27805
54337
71068
11209
39453
21588
76738
89617
34189
8238
32393
12549
92271
37523
92655
6555
17191
11020
36183
32486
68612
70460
26551
95310
25975
63261
73198
37163
507
21057
24693
70640
61931
6686
26683
69545
22818
84449
55087
97742
28318
20835
91456
23205
31910
28541
41907
34038
98855
25254
13608
45958
68170
90507
53537
66629
21284
68851
23081
61231
50864
85658
29000
45793
96915
13055
56395
20041
18867
47810
52538
39929
2163
40427
91767
21495
55774
45288
11109
62331
43106
45346
43926
64693
2905
41716
94562
45184
59074
88431
90848
19913
88720
95722
23266
61180
16271
21328
29708
31999
28172
18719
12946
18127
57474
13502
84303
93800
70490
34876
11500
76964
98795
37685
11201
52598
98932
12439
67564
68553
89546
95602
76905
37371
11009
60535
15580
9653
76199
90640
3278
19817
32696
10607
87144
43457
36484
79075
3500
47008
45156
26603
83396
55086
74615
56522
55833
8571
27483
13084
68215
37437
93670
61225
87437
26293
43977
15370
66986
7759
86154
852
65530
79027
29481
30882
80706
366
8731
34410
18133
805
51281
75802
50195
85872
32171
65945
31686
15035
51088
76211
30176
92325
82502
31648
97781
92683
95630
77834
57986
28653
14410
87023
6299
47324
89347
93532
26694
35799
82868
25744
7195
4957
27725
32690
97380
15935
4048
86851
88217
11468
94774
81633
10350
15151
21499
31926
40804
65642
33171
29213
80046
60008
18627
98881
11448
90607
40576
56717
83416
73347
43482
64006
60775
81599
70645
36213
76523
19734
36874
68918
77607
92947
42254
6508
99138
55956
79833
94046
20287
52159
85444
20826
52095
86925
1418
85298
82507
14011
77607
85370
57177
52414
12911
65546
5937
92517
48432
32896
34290
94990
59390
87580
86889
33674
57117
443
55689
84549
4712
10148
49298
16888
70372
5366
62035
99843
90917
3760
81293
97944
94728
38795
50037
92378
38062
17852
57601
31433
41653
20688
66442
83087
75511
65994
95073
35520
29019
85588
68157
67164
20694
10749
13576
86941
47403
93250
33241
27448
46341
54842
99544
59118
44764
83262
32558
81746
2223
70273
94420
41292
7995
17813
96845
14490
82400
22021
55281
1552
44879
81733
38957
68123
54003
67964
59908
81668
94947
33969
16066
94585
88561
41680
53548
36591
22772
29607
41566
92318
61883
49746
59656
56546
72205
56613
81465
79153
13526
40190
1874
34575
85067
56409
95012
76494
81846
23729
9506
67444
12821
22432
4344
5167
55664
54444
3769
2797
74732
95829
2899
18346
8547
1515
87067
70441
41027
2403
37379
21926
6738
68678
82578
60660
44592
99982
23013
57752
6731
43027
96389
37455
49688
30317
76896
50086
83524
79808
99478
99583
31235
94686
79164
40695
55553
54853
51778
27298
43154
97310
96779
62969
97325
41278
15615
77688
79302
25753
29672
30442
55779
92105
30758
16482
55500
62416
64032
40123
11366
35428
48381
99243
66178
46296
42490
16002
49887
13788
46164
39804
94157
29128
85969
43160
36089
24374
71833
28876
77067
95055
26972
67835
5046
41700
87381
90686
58936
37983
39055
63856
12332
29408
11250
90553
80456
15733
72279
90837
9001
72824
80726
31290
86437
25159
29378
94508
32404
88910
81833
1320
53976
67352
42426
24587
28835
95262
18966
62393
69851
97084
34768
70573
49047
44778
21548
89810
10648
75623
77968
40861
82631
57662
9975
3025
4157
71067
78556
35559
22289
7370
68101
49524
75525
75332
54328
88407
74016
42175
94542
29880
6707
31941
84971
78184
54189
48965
30062
76863
62716
93743
46772
34991
39607
90924
83305
26491
63193
54722
66182
91808
61471
75741
2130
43939
2810
25012
52008
56708
59337
35982
62839
92162
49023
43283
90974
6123
36051
28264
74530
56147
70688
45621
16446
24554
79677
82878
20875
60678
76067
35048
85070
41111
43451
60495
86559
44498
63720
20828
21084
38272
99748
97605
40665
78771
14813
21693
13092
33267
9109
47314
74268
42724
80358
52130
73038
57453
70320
47157
14488
94361
41894
35872
92166
84092
42572
70556
62291
99148
49123
15739
53719
79912
55710
43569
26289
4549
63027
53953
87156
80843
49590
33567
49803
73313
57972
42086
73639
17323
8561
41483
53469
13392
61321
64770
37558
39557
82086
54272
40631
67388
34064
86321
83871
18126
7517
39223
37811
49427
20993
54395
66013
20336
76035
86762
67499
42328
23919
39848
94139
87692
7789
33390
75545
92979
76467
56916
18479
64899
27218
21392
60412
68805
23953
32864
47553
55762
54608
76967
76553
63214
36860
21245
86030
6400
54871
13400
9186
62909
11425
77915
1983
41143
9574
90947
42722
14976
35868
43928
58308
1512
3233
90037
70118
56606
25755
4473
68079
63677
39888
79469
15427
95378
57035
17977
58601
34773
30971
86214
66791
52965
50245
34523
53922
53472
20483
98479
42165
10165
84416
47719
10577
45202
38505
58669
35024
16154
44185
49165
66324
7397
99040
27893
12321
49837
28630
79654
86646
25179
83223
28642
61965
46199
75351
96241
18767
42849
73896
97292
12079
25544
78302
99339
87972
41592
32580
3069
69316
88506
2896
88963
95977
98778
34844
15117
48475
64740
26900
44277
6119
29246
5098
24298
90711
28153
60627
45572
25145
33980
16822
51393
92584
16608
24955
82829
16341
6539
49245
98308
93222
18946
90674
19998
3790
72662
16492
23958
91859
17251
7683
9136
52512
63410
10215
51451
93016
97237
77556
73548
34253
47262
21715
38216
1596
64640
47985
4064
13694
71539
34592
65716
15145
30517
32626
37603
14840
88544
3907
30396
85555
53339
84847
12155
52354
66828
62907
42491
47479
50764
78917
17330
37607
12950
23295
64340
35707
18989
77125
84604
94208
54137
60086
44860
38784
22563
86373
86415
42776
57227
97056
31793
61133
42559
32726
38241
39721
84289
33788
68402
90936
95990
7472
22804
79803
10311
80356
6218
96060
64362
63171
80538
97232
53342
90633
90513
95273
94259
63240
35468
25076
92484
10268
120
77032
57839
13562
50628
97736
74123
80320
48240
63095
86143
29658
32177
6265
31788
62590
75892
39232
13105
17925
26336
41291
70032
77642
94630
300
93149
74453
78294
83301
87717
71550
60174
81937
80265
29951
47231
25075
41110
52378
83600
76160
81465
94283
96581
36004
72160
62401
11723
53113
22490
79133
3692
3086
52368
77094
33316
36242
88677
2320
58020
8348
17621
46906
92807
3160
28865
2279
41988
27470
94392
22817
18092
9464
35240
16210
13661
59368
42699
31719
94108
57782
36998
431
35376
21505
66201
92611
38803
59294
70727
96433
17464
70704
64837
89648
63145
60016
15396
71164
71211
34213
30383
43039
21813
29093
4835
85053
90181
60795
10333
43819
86207
31385
55607
66283
4077
26620
90484
43517
96420
31593
73157
94853
74234
55701
71619
14718
73810
2205
24127
24903
24930
39657
40677
23558
818
32520
87730
98868
29620
66573
61806
80138
99662
61020
24075
31926
96257
93696
37683
57908
66568
78353
22332
70303
20826
23766
16492
98002
43147
73190
16627
51907
3248
69728
44963
39568
31594
18230
82559
22844
44765
17587
92838
42089
85323
18610
52226
88307
70991
22190
99183
90717
31688
69989
10660
1360
49721
95683
15910
644
8439
98575
61548
18143
97678
73419
48929
61510
20534
80352
75140
72995
95315
67077
22284
87879
48966
61784
56237
52026
53822
39760
15703
66783
68241
29249
95129
68648
3482
62838
50919
18367
54139
99484
89409
69582
97501
39302
27175
10636
88406
28285
49514
24849
50472
3391
31294
94325
92022
59755
25917
80278
55604
31265
72705
48913
43674
63342
20840
76024
49854
22477
18815
55787
65085
30940
72384
59630
21106
37025
31126
39575
79830
31328
23975
47143
76546
97739
27477
43670
77295
44203
17001
10797
16350
92773
20801
30952
38396
21065
69542
96774
81857
37962
9805
25728
4727
45245
29088
1578
72344
83823
21937
37903
97748
88312
12113
60512
49546
76945
34054
35400
19685
85146
68427
26791
74081
10558
21168
55848
92749
74936
33171
44806
42892
24020
8669
73543
18347
80358
54356
46041
21869
36015
28406
62707
62896
22222
8841
21179
92784
21205
4026
23061
1913
91828
44627
46889
58675
65112
15954
58718
78983
28319
12379
70834
76828
57002
21418
26423
61284
73274
74036
83398
13491
5515
29885
94152
98280
99833
1435
29652
39465
86835
59328
76073
15242
38591
2810
40081
10710
60144
23690
34915
98226
47555
40074
83579
3108
10131
26953
67723
52155
98403
24769
71233
95521
1328
64188
16046
38643
76334
5569
64409
20292
54033
54995
66550
25198
15756
85245
65657
25317
76585
59701
33096
2458
19090
29954
95951
16843
13763
53728
36270
51080
30949
58774
86779
77120
96061
60501
21408
64945
64962
26348
40593
76059
99623
68315
81113
62298
5505
36549
38152
21023
51592
81514
73284
41483
31605
50041
96249
13910
40634
81408
50682
62900
35287
73638
4357
9646
17422
97296
43036
63829
31623
44345
93703
95251
94818
12996
57708
37766
82753
45973
17285
33604
82550
59270
89940
34904
83144
21217
44345
41051
16120
67533
58688
65404
78347
67096
97820
93001
64727
85235
9069
12098
14530
26635
88286
76641
27969
78321
47423
84261
41036
14683
22902
34927
56082
71133
25
69091
13241
40758
92880
70970
53485
99171
11439
62550
67986
16818
67991
6980
50403
75087
23556
86186
68825
62831
51624
16887
52320
93312
1303
21596
43381
48049
74914
76800
2045
23701
96068
19160
60055
30872
33454
2428
14141
69585
62828
62689
16373
85195
95107
67617
66490
90631
72023
96630
36211
26118
32432
23129
58761
15887
82167
47464
98190
72929
58244
59821
72539
97415
64233
95938
42492
12232
67819
85345
92897
79891
93804
81785
28365
49122
16260
8536
76149
86573
52038
47545
39581
59289
84545
50591
73583
47023
1426
53156
60120
79953
12763
27224
45910
16971
27384
17944
67337
2511
4066
70896
28214
65716
61692
71639
14884
54786
27838
87293
30161
31452
28780
21092
2644
85781
75611
65173
81233
69914
80895
64291
55956
90811
48236
83728
55751
46729
13154
8353
61384
39917
77822
86606
37461
48860
74505
73114
31302
97450
12965
16730
8435
15550
15600
86957
94560
45709
20782
31051
72065
14132
39614
6529
35498
50533
84259
39382
44912
11122
47008
16977
28562
31729
98437
36452
77168
13958
90263
94353
40812
26236
93946
21318
86509
83804
79594
36819
99563
56901
41405
23276
15097
44787
5664
96302
47431
44781
15204
78417
44497
40068
70312
67232
32066
27835
20179
25959
28277
10136
41310
14005
2815
73913
9705
18507
27056
93717
72164
43825
11590
933
48715
65370
55761
76688
52979
56534
40211
42129
157
53088
77873
39381
83396
28111
1487
19259
38421
12295
6402
77674
83627
9448
86292
11682
18228
25071
96387
98265
84588
47059
53915
34167
52524
91924
38663
13502
63168
57360
87942
61348
77865
2528
89671
86177
13627
11161
64937
61705
10837
79372
97076
99666
71152
10009
8186
28959
24004
88461
5955
53808
28584
61021
23773
23781
94913
36197
55330
11913
12328
81855
41252
63697
6670
96590
99792
49289
8468
92451
6182
24088
3591
37944
16009
78679
55097
75187
96782
38162
30466
43147
78859
53003
41879
10093
61992
8808
8927
42709
16967
70787
82862
16751
3177
70200
29455
4698
82408
34674
53549
59546
46768
62068
62528
50702
94343
38415
8259
97881
80085
4496
17433
91968
41348
82711
18773
88016
47619
86171
2261
4845
52214
45326
292
68163
30034
3938
63587
89693
69971
55826
15732
83480
53151
16588
9367
82373
88901
50368
74343
32604
99196
738
43553
12480
39323
6909
65705
42363
17553
21717
65954
27451
29895
86232
95083
2313
57304
57329
15854
26684
82209
29180
11176
15731
68828
37407
62891
74816
17445
85487
42273
48711
46697
87020
73740
88303
79845
74597
81823
84006
11168
86251
8082
14426
6773
3867
89450
11246
50512
84418
22408
46889
80140
94532
98408
10188
71461
31638
85140
47125
18931
90836
45511
8624
30022
15619
31619
65469
97634
52714
64547
21597
39947
16576
12446
81328
306
57412
9181
3561
81102
18159
13707
6490
45065
60440
96383
70129
55010
37279
52600
20719
38758
91254
86375
71047
59844
60737
76969
33770
46579
84043
40136
21032
82111
1521
22265
92966
86400
69025
20451
20127
27316
12698
4458
80476
82582
74638
27555
20192
36862
21752
52397
69446
39024
16011
85353
19196
63449
73288
8158
33105
16234
70122
19255
89933
2243
92983
48869
25998
22161
63008
91640
74810
78
10666
8554
81492
51582
19447
85944
3344
89956
5435
3486
94678
33784
50477
55417
14016
23115
60687
89590
84827
73330
79156
77543
87111
95922
41957
5388
56534
93652
29960
80145
20193
93868
35455
79020
3687
18258
32185
30197
2863
99917
10200
2845
25406
49297
12771
1347
72411
39494
91629
4146
48092
28273
78928
61175
57045
59350
59573
65445
72726
88645
15941
44203
38302
62601
8509
72952
91562
35106
50573
1661
89298
47180
32947
96665
43345
9285
55433
44039
70456
19986
25876
30623
1206
26650
94703
17433
89354
83979
3135
46844
12371
94374
36629
79701
56322
20510
91607
41458
33815
44932
83153
67443
92452
14124
44137
76539
33024
45185
92074
69827
71631
92123
69046
46175
47974
65734
92146
50271
3266
76144
87148
20269
25506
20292
16486
81999
87329
68020
54149
44601
82193
9851
4689
88484
98351
17195
11331
659
56887
31403
49041
4798
80034
41945
52392
53759
49046
35987
85228
879
57097
1688
19360
42966
62007
45822
52912
32739
96003
42631
65442
91340
95335
65296
76584
12617
71214
64041
47723
40003
55392
45567
42079
14106
18612
77381
37594
34571
78263
87562
69137
53252
82717
55593
61795
17442
84187
93113
5407
11667
89359
94793
11980
4469
7624
99019
92289
92641
433
35637
85676
49526
72106
53785
77986
26292
32377
16624
46537
25490
4010
21810
78186
64757
45026
56610
16789
75152
4393
24791
9734
33448
32464
88789
39738
10564
23031
55095
47709
29381
72535
93414
75254
64356
3804
20892
81277
82598
16631
1513
16101
21521
95557
7784
68727
21696
26426
66884
38021
85190
47602
66716
17076
9481
89162
28611
21450
54917
33966
62928
36619
39760
68164
11390
7764
20981
75566
45710
45842
11286
70192
35914
77947
3233
54414
23738
27060
19877
36295
36586
66554
87987
39021
55735
58196
34717
87797
8838
48894
41484
65122
91251
71071
49860
84050
33297
64284
3442
40877
21300
11609
26950
73609
49092
63295
89202
70673
23637
2340
70176
45459
73543
91867
53993
16686
12436
32599
99475
11934
90520
50184
97823
42326
27137
26802
12993
79982
54712
89201
14523
6719
20214
66200
54836
92394
84097
32720
13453
4355
28657
64491
29106
45661
37863
37891
67374
69054
38900
22692
26257
16083
2051
32048
65035
86385
79992
13650
52765
50779
30182
88748
71947
83677
4752
71596
80158
5237
11139
30926
27899
91764
43691
87115
54384
34041
61566
74043
34705
97607
41458
32942
31567
66421
65052
47116
12708
31934
10570
70959
31145
23266
5358
54535
29560
61029
62213
15793
22414
57232
65969
66540
29787
76828
98853
55402
85493
22601
93215
51261
18655
4446
78441
54040
12725
6516
45247
86206
78855
71282
84970
87991
41525
78243
74120
12089
23529
6847
65151
89463
34701
38100
13255
16893
14135
67452
15979
99039
49256
72683
67539
63043
96685
4889
32939
52057
59686
48046
28344
95607
34861
23262
53642
49336
26794
97461
60708
94386
43532
93095
56629
87618
28033
85410
34964
57804
51175
16859
133
50121
90394
54440
71
31478
44735
65070
10552
82606
91853
86527
20915
19368
75416
27081
55392
5323
22402
35593
26850
40387
28944
45726
60470
36263
20659
12804
43741
18369
88795
29946
56113
26064
27098
31307
6766
18281
45918
64535
62141
30003
19897
42032
76269
66576
33465
61159
46384
67430
24422
17205
3890
18571
90038
19780
16515
44063
12374
63216
21282
60742
79979
94625
29951
37510
31595
69477
48641
60831
24210
83841
31587
71426
32569
24914
45338
3650
20142
86986
54143
28692
82624
58733
49920
75475
54166
99481
40875
79000
83841
87098
81723
84925
35250
38173
75419
21239
35710
72369
1393
33205
3143
17154
28545
66075
8523
26529
52553
71618
89718
17966
56565
9114
18534
15451
31905
9225
36960
23334
11182
70034
20906
45643
60010
58548
109
8580
45532
98083
61440
40107
50038
32213
89492
9845
26192
69335
53124
34960
96722
28411
29539
13261
85912
26079
68507
53447
32814
68072
38517
34224
76849
33760
63912
39003
25282
71658
57482
80897
9054
55831
76512
53986
8532
88432
81973
21088
83986
71930
60272
75737
76909
16137
74965
96646
57822
89760
51787
46594
83750
73930
64591
54516
94319
26075
82018
59518
19249
16501
55152
88582
91998
57141
74956
85951
64406
2244
4929
11458
95420
64089
99215
77563
43316
53377
49317
352
25313
23529
63579
98524
21077
70905
72788
86147
87321
18831
72514
69933
19572
92310
58210
79850
44135
72451
82668
33062
48389
4866
67026
55531
60772
24704
26365
63033
73156
52463
28815
33912
57783
9366
93112
89598
68550
98838
43755
35727
32124
1498
85137
6626
28240
35090
26491
99017
30492
37888
87977
76974
29042
44392
44938
79477
84864
35491
22115
64360
71538
61767
32518
78013
45016
58273
66707
48881
44441
91833
77369
64637
67788
7827
71391
7823
84950
72400
17016
92852
47863
38178
97211
68408
32384
96824
92045
23662
99812
20148
52655
64096
97344
32984
37270
3342
26188
5680
15842
51115
93673
1797
13934
64125
31424
67505
58859
66832
5486
3142
11435
41921
66306
14559
15266
36618
86523
2107
72122
30241
12781
8518
56790
60852
14105
13418
17638
14434
43867
31857
70221
38689
44946
46973
80367
55406
18440
82819
50520
10253
45099
2344
68467
16938
95651
97687
51168
23873
91283
25165
18028
55761
78739
25746
57755
60028
65883
63267
10854
18517
23020
7324
75836
68616
92866
85475
61394
14758
67803
30313
49069
1210
86881
50945
1342
60110
77002
65549
48645
44920
12832
41937
15401
8755
98211
6442
32
89527
78150
97908
6755
19363
75016
63263
38038
84500
5071
13826
95739
23619
72286
87454
6228
67570
55153
90582
80242
91486
99242
26370
41688
71465
3315
50411
11348
12342
40035
33839
11165
40484
83666
55183
62728
36134
26628
86923
89602
13514
54368
90487
97312
43685
13727
84283
97069
55166
53833
3373
59743
40302
40538
26530
35119
41641
45480
6659
48135
91822
89111
3957
88579
32986
73355
87683
43649
47231
74040
42037
83791
88368
75854
84400
1409
17011
23278
80083
19324
6019
29823
16703
31256
1335
34841
83465
10161
94480
22305
85873
21880
87275
19159
14757
11394
6795
72191
80034
86825
59140
61850
14225
12426
94286
49047
48517
35895
91102
66666
65038
17703
61563
61386
33010
469
16243
63395
43585
54998
29389
11632
68400
66246
91159
90472
80306
77242
37071
40069
91182
91935
280
87071
81411
48948
40977
5018
18338
17400
69019
54438
86887
33216
90864
71522
84569
89786
79917
71236
65178
20347
90621
5792
50777
61128
10908
72669
69936
64085
75093
97690
21677
35970
39851
28140
9229
16491
59604
58517
35445
72510
84468
77222
2593
77481
43846
66351
13278
65774
71829
8701
26324
23
76747
56234
81765
66348
56528
92449
72403
17029
13985
77437
5960
13179
31683
98917
71433
80942
24764
65100
96038
83956
1904
65979
54997
32047
29512
98489
75441
91597
12378
97925
57807
36504
75129
43158
23387
80346
53197
6347
85048
60143
79436
99255
29647
4
83080
27693
95310
69011
1455
3263
24471
61807
41626
77255
74481
72704
19167
55427
71558
4463
44237
24354
1018
51496
21393
70137
36961
23870
78860
98484
27959
33271
45422
71526
71816
45029
48673
61190
32086
11294
17048
81568
71784
39664
29876
3436
5626
18808
74642
72913
1104
18062
38704
53240
90873
1504
83903
83752
94134
48667
26828
3325
83126
53856
74932
16956
72288
83914
49263
93568
52341
10344
58266
70772
39242
95845
73934
8003
58874
7589
1513
73327
42320
50012
27045
71152
63716
58396
73230
18219
12921
71178
93377
53431
58607
3747
85688
23446
23916
79340
15669
20428
66415
33736
93150
60955
26867
99584
62220
85785
87187
93472
27327
29062
56992
74295
56847
52473
90237
14968
76630
65016
18736
31226
90343
52212
77684
41024
40867
19975
89869
85951
57579
17816
69822
32130
18034
43652
6975
82216
89387
48213
87710
72394
4824
50902
20242
98700
73359
50910
33375
15512
17509
67514
30430
75707
82721
71682
93027
36807
64827
77478
45917
40294
57395
46226
13656
82342
29520
18978
22710
33372
6420
33572
28425
31116
40160
1402
75311
67268
25847
15997
31233
11382
39905
40607
71325
67284
51263
75213
25850
37080
83826
34724
47717
75762
89081
79604
4
55406
21446
27760
11582
22170
95739
42260
99817
21544
46126
33267
13341
87728
98937
34595
4984
41563
17952
15337
5250
18077
80076
65290
30073
49500
91748
49198
23096
62532
62012
59353
2355
9645
6862
8665
53996
43406
71286
97036
91534
60044
20377
52729
78167
83941
68962
97398
91785
38232
90360
8527
97575
48355
69218
56262
81484
55219
40821
72974
89339
72510
89818
73336
11011
8734
65004
80327
46795
88742
3633
28278
94042
51756
48650
7928
96094
73344
85315
90441
2686
57327
19881
17406
1245
70226
72296
72097
91894
45696
57347
53602
95471
69271
84238
59882
3497
64769
13262
48480
1789
42906
70074
84234
25290
39914
32986
2289
30690
69387
76788
11596
5539
34117
77787
39241
67820
96330
59065
69139
48305
84519
82416
59978
89546
23002
73960
36787
39969
6330
4155
38082
69293
4874
29725
66280
82369
80161
44959
32902
62564
8975
82931
12082
32909
63763
53339
15967
83506
73530
3026
83858
77062
94215
37635
33231
10927
50438
48475
55317
83629
71551
47306
50447
86662
34068
23619
89168
18171
39864
3890
53903
94158
4912
10387
62967
14984
6886
88263
3810
30189
41603
94020
5603
33018
68070
15848
62597
7578
79811
26922
79216
46129
26183
56411
45375
51825
21542
99806
66286
43050
22433
80076
64848
79526
23342
14251
46671
37485
20135
36219
67924
71474
16931
75830
74361
13695
6946
96861
86299
78342
40787
51935
88710
57986
6664
21213
48277
21822
86180
63451
19908
51483
16635
23010
24096
79123
86187
4410
73474
24577
11754
47276
2011
63720
1194
8777
3509
98439
81095
88159
17425
40232
79406
8493
9504
63991
88183
4474
82308
36336
95881
51930
16449
73729
70912
14604
87186
39589
98593
76895
23012
46779
22143
77385
72957
92070
15059
57317
27562
12585
16978
90637
94810
20712
98028
67763
66794
43617
77746
63952
25491
66232
13753
34928
26717
52487
92697
47412
70217
98535
1368
70225
10788
53871
29431
22850
90460
31492
56876
2638
74938
16615
9079
89314
58912
74984
20271
55955
64267
56431
32246
99366
92853
87090
69307
39537
11173
44562
72729
27853
38226
14326
48424
46758
79675
32810
80038
79800
1655
32813
86361
80262
65701
20319
56723
69064
52692
28274
80953
48163
88105
12506
1523
24375
43546
77740
54643
355
30178
47520
34373
4432
18567
20868
9222
99038
16416
90636
44246
28667
10745
33751
33298
42635
34323
21956
25890
55330
47492
43115
41034
87216
35990
67827
96438
63548
12983
43799
45648
34581
79249
51350
7932
20967
39292
7394
96207
81140
93132
62382
96760
43650
23631
94952
31222
46733
77431
72409
36038
79856
93917
11634
27557
27523
71107
44703
81934
74337
69960
66202
48179
42113
49315
15125
29966
94803
92526
23246
17255
65021
33823
43986
22275
27196
17541
61028
76114
66654
26568
64354
71909
71401
97708
72835
98589
3925
1147
77179
95103
94049
98792
74743
69262
30650
11970
68658
67608
20045
22848
7664
53110
21867
5873
50202
46049
69468
35657
46587
10091
31218
45943
46411
20354
71467
20627
54889
33166
25539
82315
81443
88255
11820
6436
46605
13282
65783
29724
39170
67881
95775
40671
44566
59831
28437
36556
97507
89461
32818
6745
47272
30101
86564
55182
62312
32148
75020
6333
42411
46227
94607
48328
51239
96983
65588
54624
29899
3169
46096
91262
2942
32013
79272
60620
42339
96228
98417
54537
12012
50582
61260
89783
75794
21609
83748
77088
15055
8801
96212
31261
68754
28562
50342
64424
78276
33227
64064
16989
92196
26597
3267
71693
61979
14754
64242
64910
38621
76304
38762
56376
62375
9741
14946
43592
22969
17292
91339
10393
56068
14382
59107
80500
33288
11752
37779
6363
97635
3345
33703
61195
94064
7169
27159
17806
45672
48693
84036
91725
30086
46702
31048
98033
17708
60090
29631
21463
43751
80730
33020
27508
99368
12329
13398
48674
43688
58108
1621
64432
58187
51177
90684
56068
87604
614
15921
58327
37455
93574
39872
48598
27231
89138
37814
11374
30488
63173
1155
90786
68269
15096
50183
97283
60719
27269
75134
65822
83217
75614
5084
72448
17994
26110
37873
3721
39982
15974
51088
39166
26464
10610
54060
50791
34159
47849
33918
45669
44468
29488
94908
77680
37862
96849
89527
32755
21798
31836
92442
48271
3014
57870
73749
61764
64727
76148
86803
96685
81967
61796
97673
83677
84201
61807
48224
84671
53365
82033
62876
34102
27586
24058
80307
36623
66114
34423
15657
63907
19347
58480
36248
74522
39377
49030
64407
40269
61069
65973
4642
39
81466
17325
29270
77909
66194
34269
46523
96088
15521
43286
18215
85272
29877
96995
90267
45075
24886
51923
48679
35419
59341
36293
16002
86123
56051
33746
58908
96397
15132
20018
86170
58537
42056
28697
78150
80862
38652
89524
3877
3761
34262
78051
49819
99697
66379
39067
5672
23115
55357
97812
26801
29421
56143
52818
20397
13554
11506
52109
83008
28128
75862
90528
50747
28737
26524
30126
10356
59737
30132
37838
59187
37649
85971
55053
95278
11318
25050
62264
64854
78064
4055
78602
93928
13251
96665
40869
83097
27100
51232
39590
50215
96989
53452
50630
64290
36130
5399
90098
25805
50194
8194
37527
13558
2332
14564
17742
36232
54004
99672
5366
98057
74117
83894
17552
12261
12205
29532
90347
73455
12732
25018
91979
30640
7066
64751
12396
86242
57273
30486
82562
83381
41604
81064
19279
33521
65393
61272
61738
79724
53054
47762
64506
86916
26971
60206
38350
99896
7293
79236
85055
12238
72989
29237
55333
44843
8999
3675
69914
41547
26909
33407
83121
51039
87304
24293
35467
79259
70795
19433
37266
64542
41702
73486
48740
48928
23452
61781
73811
93417
57990
85300
64517
12348
52851
74133
40911
82680
28992
36615
67350
17622
70106
49128
90225
80895
39849
32417
34469
57826
77258
14270
76604
92572
2622
35565
60611
46922
66147
16899
99568
35498
49995
66440
10790
44547
90623
76108
65116
47151
22814
22851
92016
86329
59378
64501
71361
9329
11267
95617
59979
1372
21641
7682
46519
85141
34431
80189
1717
23537
43032
14367
92759
87500
67979
9718
60286
28176
93813
75003
14441
23249
54804
59958
92437
50948
96817
91795
34245
82081
58313
1381
75327
70362
7317
28025
25713
64369
43189
98921
3277
60689
22099
89550
15725
67067
93346
84712
40584
46884
40007
76384
35407
71807
1874
54218
21416
18152
21225
67233
23011
4350
92725
61162
12797
81804
17559
24898
7261
59513
58912
11616
81697
64047
70989
35413
24693
10724
26979
82666
32249
89343
2754
18831
49502
48343
82514
16032
4104
94974
40237
74528
39406
15888
16473
62040
47938
62467
53909
48930
26052
38316
77067
74322
19135
72506
1614
38549
3477
61478
36999
80658
55646
14976
2439
66219
93129
46911
10797
80327
31060
10787
87452
93414
88980
91103
82016
43380
98887
27109
99566
56564
11236
63356
25079
12197
69071
92656
39795
40221
22162
81409
31518
30756
82759
44676
82167
25004
82542
68949
75378
51968
76325
64271
4567
73188
52277
64150
77557
98493
50679
81692
7761
39842
63656
73390
53838
77416
86872
58260
19883
22389
20798
89276
56393
74181
74007
76534
8638
86509
3788
17124
43505
76167
40481
95386
48496
31239
81027
79037
37294
1298
4568
51612
15132
81189
58300
89707
54198
32081
85354
14722
4391
18755
18092
23106
17977
80465
40057
26555
98028
94210
27652
14181
90016
33895
18724
82349
23509
76584
19337
64713
76678
57979
52341
34916
80113
33202
71735
47470
98484
56134
15356
28562
28625
50790
45099
27798
30878
11609
28645
94386
66868
36020
49594
46790
51347
62289
93926
63602
38354
58408
49881
35175
52660
83649
75636
80530
46302
23431
34549
52069
6994
80261
71301
21889
70308
88771
3912
67719
90709
11249
36391
54035
7921
61572
54693
34395
4535
67
54702
84787
88388
39593
65096
14560
48953
4005
70258
91476
30846
84165
8796
60465
39506
43812
21763
31871
44215
37822
51356
64300
71843
18813
45612
69597
91063
24508
7587
23061
71224
57932
38478
70718
62708
95257
63367
87243
86280
81993
95494
53101
37820
7220
90435
87537
11778
77699
65038
95211
21796
48938
7677
58636
50169
8678
86145
35972
89161
49762
67416
4320
46664
13988
99558
22355
76276
36289
70223
72936
57631
69466
48431
86294
96604
23720
36772
37433
37055
12318
9702
57617
75809
55033
90235
99082
50841
54338
22156
44595
28953
25847
27762
59023
53718
34148
2186
38773
27053
57880
84529
26787
88515
83844
63271
25710
25261
8885
18900
59917
92569
10450
80185
8277
49946
31965
72195
53850
21036
17555
63963
74150
66924
22137
81591
26183
21867
17540
38619
64140
78120
13064
49673
64474
22216
9775
35650
22995
18919
11817
99144
31713
11049
25177
47336
39329
53464
84574
66218
48609
27708
62526
4849
6299
90187
31155
11195
96823
91211
66926
72186
59684
64818
11251
49760
12305
30046
25794
71951
75008
63148
10280
33499
62858
97220
82789
83984
30338
80815
57723
33152
29082
80339
95041
82876
66401
42364
35856
3131
32828
41476
84102
5361
670
26864
41760
30805
82317
46596
55985
63623
77040
72339
90492
99070
28046
69307
90695
45512
57761
56270
72322
15724
48643
78695
26642
67708
89238
74460
1915
88167
10789
46014
90318
72826
98370
65493
22356
46922
72369
29995
46639
86496
1043
53082
51906
46519
22975
25543
70335
75418
29428
3554
86374
97234
80913
85581
63784
72421
9735
20746
95009
6218
90850
50812
71680
59538
47040
25576
72786
31516
91246
47161
67915
25098
98845
92548
36995
77502
45698
35668
15085
35883
44010
40470
81005
85240
57361
24592
21997
90325
78683
99637
23104
96290
10559
78492
49565
43794
95884
2756
13312
93474
8750
84055
40501
21973
30382
71865
86039
47112
2969
57436
73175
63340
75494
98530
71496
20256
29901
2867
65041
56774
3462
39568
3740
11423
3713
57314
76030
65301
46036
75572
88248
38357
30804
80935
87275
51992
16910
4497
16910
91320
41591
78118
55591
49035
82652
67585
43327
9439
58486
58848
69074
35988
13766
29878
56316
58631
44206
75185
54220
18239
72528
62592
14494
14594
99545
92611
9960
21676
19237
99625
29854
79416
4761
81005
68992
44599
43517
65453
13204
85284
23711
35025
11803
32868
52320
96684
19374
63840
14877
58659
83782
69329
71263
4540
55072
84667
18422
73698
90790
93510
40940
50524
37280
91451
13422
36914
73614
92609
14855
32544
15097
89312
64408
75700
86654
29809
90608
3763
92887
61836
1359
76941
31272
900
30987
71425
17660
21309
2298
88868
19169
35255
56590
47942
18546
20679
72608
20689
66185
82161
16637
51498
11277
80764
40241
49734
41921
48523
69594
78430
5541
11202
10925
70891
25568
78953
30264
94669
78129
28690
52541
48109
43328
94274
64974
18481
99740
998
2793
52710
87835
29430
41513
91803
28348
70289
19309
98301
44939
36847
65445
62418
7022
34259
16334
7030
78276
46229
59447
24238
29076
88614
57129
66973
46989
96837
67318
87972
58465
59389
96235
65389
57001
83240
89283
79434
18285
78639
90741
7645
71231
80567
80250
87753
85300
82011
24684
56543
29144
40276
67652
10769
53362
31705
15740
51835
51021
72448
70509
69859
53630
93362
98330
94682
27343
55629
26369
91473
44466
20362
2292
6835
18679
40232
57750
77638
8916
24082
71254
99281
16472
36515
34726
12701
22643
33602
89857
10142
40106
3153
15317
78574
80229
73392
13955
96588
70652
77416
70291
75746
92711
12485
22943
90514
46677
12966
24052
72328
94265
63661
38355
52765
72518
16305
68229
28400
20909
36149
77860
85673
14393
97863
29621
67915
49130
70367
38816
88654
84758
78767
99137
95445
7314
8216
30500
66655
40296
19292
53359
80014
97883
77443
99176
26195
43914
60011
25395
53293
93018
93586
15127
18786
66161
91664
6628
94430
91857
8022
15797
16480
26446
94764
86035
98762
52079
55626
24186
29316
99440
14943
58690
52693
33731
80566
86633
99447
37071
65070
60115
61994
18229
43742
99129
31678
81481
70139
8097
5791
90380
40387
16308
45220
69358
95966
58628
13514
96355
81349
62246
56396
53009
27680
7600
87056
15480
16560
87216
27081
88593
89057
94904
15431
8741
4225
39530
38634
66873
18683
92563
54177
31893
54225
46631
76090
86910
43980
83546
66776
26074
99265
24539
32382
98059
19108
62906
50363
23798
72281
59836
67344
60685
17753
17873
92981
33225
93614
33286
81284
968
96815
68555
34647
88606
96472
79267
87870
60199
72026
75878
29505
79782
44199
138
96109
63960
71494
48410
31322
98631
17858
79674
36173
61564
58209
4706
49592
65361
77650
64736
88856
11165
37502
72826
48526
22527
26683
9289
3407
10915
90502
33644
86174
9675
30607
99926
13512
1558
99581
39618
15966
56493
71630
7027
86201
90868
56812
65630
97916
57371
40427
30708
63432
75298
71469
73569
91779
15246
94468
35683
81119
59247
17555
97270
29398
67636
36270
94198
75380
97336
87405
79466
88536
32750
90090
81158
10759
10069
42357
17386
15438
38559
80585
90610
90195
48288
76518
98644
68391
22724
41939
67698
31500
6800
34641
34059
79561
16270
10984
75252
20109
12571
50114
19044
57359
48902
82827
39142
72880
37878
94105
80205
76602
38839
32501
41534
72693
13809
51846
88797
28747
55073
31147
56196
58624
44498
67095
47661
29451
64938
10253
44994
81458
47498
20781
83311
5722
4872
52466
59713
59305
70662
34857
99780
9942
37276
12479
18345
93085
60945
17357
75886
33011
81347
96524
49996
26649
85499
89697
12553
13881
30792
53980
27529
61301
30466
62223
61829
67757
96289
59608
32112
59483
27848
49016
94236
80213
35618
89942
18789
97397
85852
37982
86102
39502
59323
22328
77224
51319
23104
57241
33504
4327
24810
10156
6762
27381
32103
3815
24474
29319
56773
12775
49938
69580
22336
25653
26106
95514
56834
83624
53582
5778
18419
72996
68193
18078
90286
45080
51662
16469
13665
60095
30052
28548
62833
3556
88997
36065
4471
3307
62169
53860
25222
83349
29989
21477
55910
26578
99301
39423
68645
82761
21511
47752
73923
50331
46683
88508
98816
81007
4090
15531
84499
4774
45975
15221
1599
49426
90531
80098
45230
33644
52598
33315
38096
45513
56118
36780
39646
79402
81084
28123
32064
93284
9535
22472
29696
65894
99
83859
37574
78484
38641
18033
66794
19501
83766
63566
99778
12177
50255
61353
86798
94776
50936
63974
46700
41195
48074
5820
39323
95603
49044
92530
74927
9006
17875
83973
26780
7886
64192
38867
17084
95477
14142
61109
53524
84779
64100
37978
4006
89074
67248
88593
10508
50480
5565
47367
59476
70005
55350
91656
45835
13597
63064
85425
90430
7818
10120
51430
96591
6113
60159
3323
60522
1978
50467
65998
82353
88952
10315
87656
59924
18932
63379
217
85770
90173
98802
16138
9278
4182
76035
59084
70597
66800
62301
13580
60666
72880
88317
44408
12574
6307
47867
80445
83496
7455
59881
79551
43551
8774
57877
91227
48208
15802
70903
12018
34234
15731
12619
84926
45667
28532
659
28636
65959
76696
87151
94887
5155
38809
93076
43114
66870
69441
4073
90265
98838
13287
3391
40732
12900
14977
88856
26382
45609
27666
45055
89934
18944
53303
19366
26247
52189
5367
81040
55584
70615
70906
26226
40490
54384
62872
28661
73657
71971
96045
25650
57999
46381
90209
72088
72125
9608
2834
91400
64500
10984
20126
1654
47807
58504
90129
97495
71366
88665
64454
24132
33949
80011
26247
88327
61911
48342
21181
13092
18299
87381
75523
57809
27433
47754
80750
93501
96435
79215
47727
44204
90276
96334
85098
79697
70130
66235
36356
72279
36182
58472
17947
10876
25499
41760
36807
99414
3179
60051
29879
53242
50706
71277
60468
47319
99297
86156
26679
62942
77995
1505
85715
25988
46356
82839
74501
28954
59808
14337
11853
81539
72103
832
338
40042
13755
76048
7007
24580
97960
44105
91334
44932
96206
57172
65982
20732
94649
11151
21442
99853
89268
23419
19097
49962
2960
41890
58950
22574
10907
23046
58030
66366
41929
8095
33389
97079
82997
21044
69667
15025
51686
10205
65330
98032
17043
55567
93986
87605
43248
68447
87605
29154
2349
16960
46981
23307
52512
21130
11448
94673
6408
74797
74653
86839
20725
68024
16080
47966
22266
3313
29074
80027
48683
21691
65260
86557
22627
80621
82543
68725
96938
54683
79298
87592
5474
62106
20849
31642
29273
55483
16073
2938
40965
53385
81660
62753
21707
31082
39550
58054
54365
33224
29049
83914
84300
19081
79314
23766
4790
1803
80172
49325
68024
97216
9651
55086
44520
54720
25127
48497
53964
3193
1677
16222
68655
8123
5979
39342
47115
2714
27033
35918
89871
25363
46009
68038
22039
68603
16674
62256
98042
20559
45163
57316
92651
58903
3241
11078
89509
39460
82743
69790
3398
6857
568
27145
75732
43000
93341
77995
64094
60637
98807
2203
6128
43937
7040
97749
75683
35733
78702
19065
64823
71966
69895
66501
19186
67889
73530
15877
26113
67689
85705
73295
5110
79463
32212
89685
78384
30847
45101
71987
5575
97118
62129
83471
51262
73192
32959
34363
16424
83729
55136
25766
5756
51396
30150
24804
21591
72389
25306
17010
72159
80386
50656
3116
56984
15421
11915
81783
45484
52494
80052
87195
96150
86267
26181
31049
73177
12818
6382
32141
4995
97163
45276
3563
94901
66176
59435
7488
37809
20476
82128
80568
19130
16054
99450
79161
71881
26602
84519
92935
46343
60928
21240
27824
2954
76318
42006
64879
73562
98359
64787
60257
48795
30464
4179
63396
40012
12245
48292
95382
33137
64865
38764
47554
98672
43633
64710
31612
47271
3373
83094
36794
23470
70457
7782
27132
11542
6913
67457
42363
86893
46626
18588
49770
84020
81443
13849
31030
67787
75819
68618
78099
88607
92698
38633
15230
74095
20407
20402
60402
59860
627
12626
88765
90318
70868
31685
63145
26770
51389
57131
52209
84442
26106
94192
65601
82792
89836
79429
97158
34125
60047
22981
82263
14368
80331
76248
43466
56880
74918
37396
19683
85218
48824
58713
48603
54042
66589
99656
99388
98671
84065
77315
33284
3274
52372
2074
3504
85289
60837
50393
92497
59377
36673
18934
24728
88059
73114
24655
86085
48179
14872
64035
27300
42410
90026
21252
28012
63255
40844
19925
50602
73336
72524
45927
18458
255
8493
29838
12035
56870
13632
66735
87887
88603
22696
68335
90804
18192
90184
87876
47215
5323
60053
31700
99266
63624
38928
73134
63240
80776
44822
14058
73470
68794
94899
97455
3452
31056
90443
60283
39529
70208
54935
30164
19385
76822
82031
11663
37476
32530
54242
78351
62633
33323
230
85377
9233
88800
68896
43932
52679
81389
11829
53773
82338
75886
82159
72899
40685
54156
77515
14474
6073
12417
77522
291
38368
99271
52166
67331
21632
91466
46346
19379
6113
1375
78068
39226
72963
85258
23000
28594
19463
74596
96451
22758
89936
84151
85392
34715
58124
59844
27725
19805
474
17180
83768
15826
86624
86655
95826
6004
53279
26402
85688
72557
20775
84366
97042
57142
57803
92327
50054
21137
99064
52369
38716
3487
73107
32699
68095
6755
3130
24226
98229
3066
2237
21882
34182
40763
96459
85401
77632
49919
73770
3126
34386
90225
75434
29372
54339
58326
17157
90977
65645
73334
51889
61904
53253
89035
63520
86092
23452
39206
11305
88229
90728
8509
28534
49732
20941
35577
15783
42914
65760
97196
59026
10194
27267
92905
45942
47168
98777
47848
49959
98443
38174
78407
882
3378
43449
19897
63403
35223
16627
98534
343
61602
21882
40915
6177
16900
66424
53411
58219
17829
58600
71157
47760
72307
26650
71742
21544
28731
13709
72216
85144
87858
99884
79720
94115
52699
40615
45803
86258
23196
52043
82427
88873
51922
18715
33662
68594
64639
46752
61272
78191
15268
36422
94644
94693
88690
2133
15950
36217
86738
24935
99944
91123
32879
82903
4468
92392
9263
68142
12534
22585
96203
65669
59732
40309
18597
39032
41788
77796
16417
40317
86217
71031
47089
38028
89330
48787
96471
35379
65246
25024
22079
33615
27111
10255
77319
80274
22371
81843
68706
30661
73737
30609
79402
42306
35399
31699
51872
16823
60059
71357
60048
1321
86551
98066
17144
62419
44
56460
59062
49899
87299
5460
15354
74173
7938
18317
29773
31993
29364
11522
20659
28206
27748
51998
77802
57874
40422
47570
76828
32676
66037
34378
54816
58311
48011
36727
31531
95452
44077
89810
79533
65840
80164
83796
43380
97214
10344
8981
83246
36040
56286
56007
71501
95372
79397
52588
2133
46691
46782
98778
82393
9188
88144
96467
63607
37713
4962
55637
33848
61499
85509
99839
38996
79766
99730
86432
20693
77429
96520
3283
59788
84420
2576
2992
92112
65475
26838
88102
19730
93765
7385
66354
75339
31373
98730
53709
10038
12367
86590
14714
65449
111
34516
94678
59982
69447
12159
16244
66053
46507
28491
84099
80116
24193
94961
65894
90632
59714
73352
94880
30415
52075
21007
70351
59291
92073
32138
15637
60585
75063
88087
90269
50694
67675
71693
42803
94819
23643
71324
33926
93950
51046
98685
55613
58247
43514
71150
21440
10207
1329
64175
5595
67368
84857
22232
63694
38727
62369
27771
77207
31713
37077
66850
25099
7206
64075
97368
1263
39011
96889
21256
64344
31104
35462
85498
27795
21123
82662
88524
72274
51750
54763
48306
89977
23011
32891
96396
51028
47986
86991
98160
15769
22001
51703
63665
3590
81125
84352
5917
68902
69618
89279
23582
27883
57971
49901
33862
25870
53247
70080
57825
34548
21690
89821
65329
20538
99888
6782
19528
32562
5268
4725
22028
13041
69278
62793
48906
51812
7359
95364
85083
64581
8637
51253
9968
96789
75248
83145
60807
24792
66304
83411
1852
50523
4728
70831
57225
63293
86540
4251
23290
72919
91641
93829
62358
2081
32746
78285
93720
62616
94841
37449
40292
30398
11373
13382
59557
76524
95372
20527
86035
8716
93794
35527
39150
26166
61593
70802
5191
93482
58387
52414
84920
94985
55041
42437
9458
39261
110
68748
66221
45734
36782
51079
43966
59916
79829
41151
1417
12108
59032
26837
87478
55472
10662
85571
92701
93746
51792
10587
91457
36294
3604
75073
42172
98753
39281
43975
49028
1236
19709
90906
52683
2874
45924
28527
9845
51383
1075
14746
41975
19472
76666
54236
81871
46036
77922
74989
23616
99436
81365
23042
86099
32590
74004
84996
33258
5174
38051
17566
55229
6922
57643
36184
3727
27819
14795
90522
92299
85951
10634
33841
17463
41799
94966
75165
30315
99004
12292
88563
89828
15906
75640
42186
58861
29623
60913
1205
61792
25005
73924
53444
8744
64462
79904
4234
5519
31526
961
87914
10647
30905
80856
47378
71360
30878
88386
40251
68844
30063
80818
40451
29780
79921
76987
17361
15966
96764
96050
91261
86726
52652
2359
83360
39849
43205
59500
1477
75954
92221
37284
28327
98470
67884
34299
8358
56828
53447
75641
61224
63992
36466
20507
85220
71118
54943
67571
52393
61934
66223
77408
38549
37295
85022
40703
75998
96478
70676
8592
64633
85852
30499
67171
27826
77931
46098
82109
53620
64161
22545
61214
18822
93359
6503
82951
53878
64386
18725
17106
69750
86399
98771
20130
34562
52960
65372
22201
57379
37289
54549
35613
9259
5150
9420
4831
87576
59092
60560
87397
8632
73220
53854
1858
95704
51177
53972
3962
14916
41709
75907
55609
99706
75928
74463
32389
96187
48343
52149
74991
56276
49730
29617
27407
3286
74089
59606
20528
95499
64226
55300
53619
17274
30877
47053
98102
34359
78878
77658
98194
60335
494
95620
71155
94498
50832
8364
16269
7992
3177
12848
26117
74621
93106
29769
56350
65547
99411
29343
50835
52935
77136
51594
37954
96620
53458
92162
10754
20014
20659
45797
78777
16688
12114
74077
32628
67486
26984
91264
93639
89507
77239
42850
30527
82917
66648
84961
12483
89322
75546
59671
33888
26305
17473
1183
89684
16730
54180
888
2401
88550
4047
5556
1947
81112
55604
22173
37479
57315
2641
55411
57038
87514
50300
9277
25077
40648
2574
43186
60639
90865
30805
84492
69639
23769
40049
64496
13572
5427
95598
62976
3922
59406
45469
17500
36668
82363
76350
78086
84476
17075
70252
65223
45549
93327
87057
19836
7540
41687
84159
17452
22575
82943
98572
55657
5112
96886
59157
13875
58240
78088
67041
27558
5982
93493
80816
15071
59268
66853
69780
44868
71461
28459
53279
33018
45679
85082
27082
16667
40602
84708
88802
57750
84096
73370
13493
93070
44655
67274
97883
61795
29552
92429
87058
9495
75543
76102
21009
89052
73064
9684
90060
53049
18102
40926
68015
59735
17240
95018
99761
95190
80874
68599
56088
48027
27188
88544
32673
59786
85194
78272
62428
14087
28988
28286
30856
20729
97363
24815
32568
97049
52993
50680
83777
48232
13647
35859
10395
656
44226
1767
64233
47955
32890
12864
80862
28163
87146
21978
81860
62104
76488
71599
41418
48164
17025
92404
82743
26629
40504
22417
43175
97957
15238
55429
48640
3689
89679
15726
67819
56126
10694
47633
74334
33490
28115
3042
31287
40939
34700
7841
26641
74669
6382
89012
30227
16238
1517
48221
13569
27340
49833
74801
72243
11437
11862
1313
17163
57961
17869
18242
55961
87282
1638
80883
68539
70143
28944
61113
91917
4010
83150
19487
68634
90568
11062
98969
80289
73547
51072
70652
83168
64131
62528
93885
86481
2383
50430
88545
65363
77455
32730
55524
80592
56769
28873
23028
84902
54936
57713
40908
31758
6881
20487
92995
66675
96429
10307
48291
73413
31578
33431
25877
67799
50737
49579
5517
80463
90401
38645
76203
46446
44043
79371
78257
24394
94468
81913
61111
997
7412
50695
48519
97340
32877
66530
75703
83016
72515
67745
38817
21107
36284
78849
76123
12586
29716
82296
82386
82189
84279
53972
43266
49504
67656
86252
64851
58775
88215
3849
64991
98859
38476
37109
87712
30779
6116
55048
99740
54508
17825
76105
29066
88885
71314
68471
9450
8962
53790
23810
1935
83656
41459
38268
74649
83200
23886
62936
35600
80688
99525
92225
29626
54929
44253
43125
30331
12844
63480
40894
80566
88802
193
67472
60899
45590
86232
47715
94538
97110
92194
45576
29267
96426
52509
17412
72240
84465
16580
22844
91848
74443
4316
24924
42363
54991
24927
20861
11718
31027
51594
32131
40503
85531
31379
48542
11179
37708
49737
64645
60471
93402
62023
68879
25059
32184
50598
45934
90930
52187
65441
31009
80140
98530
58627
11041
75219
34116
28593
2395
51112
72605
48790
47162
57273
82510
67176
60874
68428
88684
27894
33355
1520
42842
84585
31341
78469
8316
45968
76642
99655
5902
18621
76829
81391
97429
89348
66761
2168
41602
20103
78764
97068
42707
12086
96857
37532
26919
32500
66144
34492
23239
87345
22347
6932
96508
66739
78415
65049
78464
85406
55252
67425
69486
90324
71822
25041
38432
9936
16246
41424
30917
74915
3970
97862
7385
49156
91686
15405
71502
71490
56399
51195
16687
23543
67906
15713
13992
7251
79901
29652
88101
36715
40019
74363
79846
23402
72379
28217
73454
61141
17503
22730
74640
97939
23982
96903
61675
15303
73844
76022
95755
22607
89313
52006
69250
13966
12486
96413
90845
28140
71441
94347
55095
98192
46361
47739
20612
76949
27518
59892
25853
76728
13273
79641
4399
67388
30742
53144
22663
35432
74383
4052
52114
18731
48438
38693
5377
96347
68081
51912
11011
31021
21025
91322
75270
33093
16493
23005
80830
38904
51640
30045
2247
74200
6901
66807
75818
3619
41168
86489
47559
51022
95336
57238
37154
12258
28460
82989
98057
71888
4610
49204
24277
78458
20500
20802
52983
29113
14053
29831
38649
63645
22280
3826
29325
70518
63224
2264
58456
62988
1157
48208
76753
92100
16853
64933
87775
25198
45452
53245
18136
33493
63293
74183
48709
311
2067
33952
56679
82855
43732
3138
70016
34588
2862
40706
15672
22829
34440
34711
50746
56693
14590
16343
1891
74212
29323
51638
2393
24273
72128
66098
8638
18980
95031
11430
98093
25079
79787
40793
99466
9301
95901
19136
82367
51785
90452
58650
38578
94183
10996
35804
19940
94626
97336
16119
58934
20397
90509
85530
87136
21013
98096
63125
84075
89313
23784
48994
34381
36254
16087
43109
44678
76289
16243
56357
73318
44520
88514
23265
55855
44260
97461
17434
67048
54213
56256
65356
46228
8160
7670
52005
27030
96858
15114
12507
54767
31818
34950
8179
45129
53664
13263
92357
36440
63983
381
81691
14354
8910
4664
61968
42661
45090
13408
74015
16782
74272
93206
44877
67571
41440
44697
52206
82194
53248
27342
35687
76158
88410
88746
98333
45938
39823
29983
72579
55238
49346
13505
61421
59525
70498
73421
3144
53306
21777
19290
49771
32493
73850
34042
93920
276
47592
54238
26564
9031
86730
86597
59032
23131
8811
58582
96625
7896
31277
22790
8312
98481
15611
35001
97258
79135
71855
3961
40306
8075
18220
67321
31018
56118
96079
82622
30547
88243
99349
34827
3330
6418
89048
52606
90490
89327
28780
94446
52839
10023
94954
12609
97494
86073
86758
28083
87378
18431
85175
52877
21254
5043
87838
77357
63450
73118
77019
99813
97054
60020
61803
13014
72112
86897
72246
78262
21253
11458
73326
11280
19152
16705
9511
76249
69382
90974
86983
34421
12454
81300
49874
21924
62237
56890
9290
37770
94425
2417
39509
7490
30380
71870
64373
50492
82407
72870
18760
19874
52418
18629
84939
2356
4925
80143
71677
62906
67453
94769
25172
93765
46692
38956
35185
80780
87112
52721
27202
31329
40251
11350
12011
17548
57523
75841
97779
76230
67141
17787
56522
72425
46642
6646
76809
77661
56482
67789
27609
35670
57322
68233
4373
88581
93869
63631
27761
14796
91506
44877
17883
86080
78468
55599
72459
85896
15941
12830
36015
43598
91200
52337
59053
29824
4810
37340
11049
27271
61901
14791
29233
38024
59648
76902
56268
13676
48365
87271
44266
97752
31972
60756
80055
51226
65137
44137
17109
91469
98971
30649
83322
12496
24965
55642
70562
70159
67687
62880
1917
9733
80796
1433
15595
85352
8046
11632
648
70828
81198
85222
68980
89609
40155
39627
50570
98002
77120
29167
54383
40227
26232
27093
46159
56485
42852
51448
56046
65952
42583
75089
44040
65440
99102
55573
19207
81444
31994
44172
29886
88412
51063
84926
16390
59263
61946
94447
45134
45556
79372
21068
23720
94162
39041
18005
30177
94915
46842
29314
76384
19416
55015
79763
65637
55015
8862
80092
97394
59994
64747
7725
18404
66034
40362
99608
18790
32304
21649
98678
24034
11828
17221
28331
39421
25299
20819
30342
62191
50055
15018
90806
88435
22701
25359
95984
6740
22686
13011
5329
88644
51109
76245
2520
57152
44158
16243
86972
38882
63761
11132
98103
82853
89430
33655
22502
59497
94703
42501
20243
37153
29217
75101
20687
70139
43156
70520
80440
22416
84667
55160
66525
93956
72813
31025
26373
13079
98731
16633
Time spent: 77
Itarations done: 22967856