4228
1280
31948
43916
37012
57004
11008
61726
49252
28638
92534
1498
68822
79441
97757
4848
76276
5090
93088
95757
17828
57061
61027
81410
1457
72831
64706
73750
11819
43845
49618
13132
8679
47597
94154
72411
5680
93687
41766
94930
61544
85424
21896
73058
54158
78275
94224
5295
49511
24408
31396
79451
22086
28607
89056
16958
31047
4979
98818
79147
7450
16170
59789
80132
61712
97229
97278
72935
77699
14774
3550
75580
20042
88777
74784
82104
44682
9089
10840
59778
69136
11712
50005
68319
28607
40872
69581
49441
16831
12117
95001
25861
86405
8915
25076
17673
62363
90693
99078
31011
4902
63725
2526
99016
42388
68000
32876
58321
84178
62951
23741
25651
14279
52828
56859
98568
61510
78579
74687
42030
39567
17210
43337
38123
51289
71904
5513
70187
55423
6609
6151
84530
1295
77293
69689
23017
47084
38771
57179
48046
90735
60766
33911
87769
59092
69781
33793
13900
20418
44402
15395
27022
8259
30816
66411
65061
70469
12581
28217
69422
86224
64142
80277
40256
25970
41090
45332
87434
64524
11828
50630
37017
95913
15100
7910
84368
40034
35738
55373
94516
75866
27033
38637
37973
83699
72279
94409
15965
29735
70333
40618
72825
80425
50446
69772
15329
91010
70153
88518
58810
73031
26663
45693
98133
8897
16988
43591
57948
48157
14949
32748
11120
89716
94246
49229
66826
27001
15914
65221
20532
8960
15801
88678
26914
48793
73103
65830
3768
94405
14512
11558
18
59892
10215
16954
64206
5663
47757
60829
31144
46393
27690
82496
3925
60562
10968
56841
46039
73132
62203
49530
14124
83760
75201
20112
55665
16993
37566
83874
67978
77959
89755
39477
64885
7391
60559
18721
25712
43132
15840
17239
7614
11835
40201
20471
86653
94144
82338
47972
55714
29452
33988
917
48023
52155
79637
12615
73884
80371
49600
69904
55252
10199
32592
94491
17820
3846
55597
47621
53551
98337
18593
48900
97910
3027
79629
80656
75541
98756
21782
82924
55728
99248
97657
30957
24682
86226
39420
27083
25591
83738
42720
31843
39273
94288
81428
5478
78447
79645
86754
30198
46793
32576
29109
36078
70361
52246
73972
59001
43348
5657
44073
17770
42857
30266
9340
9312
57980
8781
43381
85832
47394
26160
30640
95884
86622
934
81924
42451
91232
68278
17663
35511
5439
80578
8038
93948
26952
82789
17017
82279
98351
14481
83400
51331
32911
88250
86098
88835
58477
95011
83192
75827
56874
90735
84707
87840
48279
26300
17563
76031
20109
92377
67860
12730
28171
64661
40401
88319
4202
51255
58283
1931
88359
63647
36435
97146
67860
55477
2115
55664
43666
99149
2678
76899
65957
99385
36345
39491
76127
74914
65220
61920
68113
74747
21476
53736
35108
33891
97407
76352
99043
14835
17960
12912
29707
25771
30398
80446
47961
54289
9892
4321
73227
6133
72136
14972
19300
92640
4498
19932
64459
67580
75727
50371
22009
74400
60927
80715
15556
28243
23270
72287
19697
23592
26855
97542
61268
28071
16124
60126
88890
95630
86432
37808
9286
8268
87651
40283
57663
34421
48070
91917
16476
74286
79439
20665
21917
47597
25605
58761
768
67762
47025
38164
61560
37752
91330
94349
23451
97784
86127
75720
3871
52582
4439
92708
1659
6879
95411
30605
6295
41826
43367
93211
35798
72118
16800
40579
55943
33877
95570
33469
61693
66723
19345
99545
8075
69982
83244
91922
62209
32571
17673
19368
10802
58901
28504
89279
98115
38978
41027
19471
88304
39915
86535
42938
42961
28166
93909
50862
79811
67091
242
93534
31733
72790
74354
86238
56615
52682
54894
47754
58041
95930
40839
32796
64385
32547
36298
6553
79626
28923
43844
49394
63046
41496
21009
72924
16927
7437
63088
74708
61486
11446
52094
58351
54492
31177
16449
98020
69360
30266
78958
32093
79996
37604
31583
29283
13258
24225
64764
82434
20622
65074
96263
50093
89497
51912
89945
84048
61583
5764
28450
52225
50807
22529
5336
90608
56537
73807
32113
95356
49176
76447
13435
96787
64676
38993
29810
40635
82119
90918
81309
38797
74244
1457
88052
41713
14633
98821
13670
27592
97249
7716
76459
99911
74115
33350
39618
33888
45147
33474
26731
15128
40496
36527
91587
69135
20243
83564
82439
89159
78858
94421
79993
31583
82595
84425
55668
63050
86811
86984
92116
11583
77179
69509
31504
95125
53883
65374
68710
75266
31068
83003
86408
11349
55196
94674
36879
70731
55419
52258
11469
84637
26686
24877
2724
25896
12003
4314
56569
24770
94146
78051
32269
32144
29064
26915
36460
85563
53341
64558
74202
32903
76267
99409
64784
20897
23474
66215
2925
61314
33494
43906
7043
46292
21262
49313
85443
96106
13264
72106
68532
87637
27891
95348
602
29840
21542
28174
58256
23723
46109
62381
64189
68648
66687
53057
94853
54225
69732
14918
38422
7615
51325
20635
45519
49770
12825
85175
29325
50941
6904
21091
13969
65730
70816
53654
524
71030
55694
91902
18444
26387
10824
61889
56969
25634
9998
21823
25777
11094
13452
95275
77098
77203
43345
78276
32532
99104
13317
98862
96961
83587
93429
33522
9246
54671
10585
13996
74817
54209
81554
90002
48762
59086
50772
48718
89728
90874
58354
30253
84701
21291
95077
19792
52650
57337
10563
41783
71065
23694
28521
29261
33554
46786
88578
92279
38994
84841
78138
63429
33078
41359
39607
55574
71699
45578
38509
27141
52234
82862
56147
13727
63573
10351
26887
51268
38687
98810
74571
85631
54508
274
15180
36284
13113
52932
83582
57528
55432
99610
11066
19821
4162
14294
27301
15827
6069
2318
85501
81092
45530
64169
12757
7613
30960
90283
68881
20086
13669
84796
56545
79237
84735
99886
63133
74402
9638
99170
30412
68382
2677
58556
41994
61639
13622
56012
90543
49987
97568
97931
36742
60212
65624
79040
310
61432
68861
75288
29653
66495
50851
24700
81250
57365
15161
59856
2442
91179
93315
17496
52035
69559
66065
65685
11958
82736
86151
57039
40207
72206
74348
37685
90392
90875
12179
15991
76430
78017
34526
22486
92275
7897
33225
73007
6045
15535
18812
80763
35520
50811
51709
49847
77672
63046
46465
22661
8783
72132
73022
46777
93638
39477
27576
72963
42399
12229
22208
95409
31994
77670
47274
97636
65170
31129
93458
73125
74886
30436
81392
48413
94259
82657
35952
48209
3044
84754
59598
7021
30463
18804
4533
49853
41154
84537
17010
35736
56134
37228
28760
82150
63884
87329
306
65862
57999
9752
78836
26235
97331
5335
19350
80810
22161
54774
31936
99706
75633
6183
60350
75402
73540
41468
67443
67467
37551
73786
1555
98037
57013
38669
44617
23134
72744
54720
97521
7369
82530
46333
41204
85142
52539
40489
22943
133
81468
72456
56504
76702
4932
61079
92089
91762
46483
43363
7419
83737
18607
90189
94838
56431
52132
60226
70984
9941
85731
87524
15338
58173
78526
39731
51909
73116
18283
28550
24306
29703
85287
1768
78643
11898
97700
97096
60986
80604
8066
92042
56473
97049
42587
41190
45769
41491
74893
52486
31176
66417
4268
17533
89506
75819
64617
77386
41740
27745
24945
74982
90518
15961
54721
18079
65674
98429
18216
52454
35325
5197
30748
24149
85407
76404
56743
91623
44110
52267
54633
33984
29315
61262
76804
89811
26924
30108
14185
52596
65871
69780
34524
43466
41664
75436
998
79596
54441
14962
73534
57603
69822
70801
89050
75211
81250
42765
88823
21619
51039
15761
11254
77237
34020
45634
96560
76857
42456
18813
56238
6811
93799
96985
44642
26312
93908
66720
32602
25905
47508
75794
23733
61878
54945
52886
72937
34420
49706
75408
63571
9520
54720
71399
74852
19781
87096
15742
24289
17760
20749
8407
1290
96913
24290
2981
17542
39869
27555
87442
87397
1502
34346
5948
17177
85164
91222
50358
26194
24419
42587
43264
44233
39786
50867
80505
30342
204
37227
449
36027
82363
3047
99785
92243
87500
25318
21097
34099
44935
80119
96237
89759
4327
37526
41274
50763
94552
88567
63781
9808
6086
10261
61271
99059
35906
48310
60770
87094
19185
98668
73866
95847
60422
99009
18985
80261
68177
99005
93218
72816
92170
64389
59723
32707
59303
83910
53543
55178
6003
90590
98599
90341
8320
79093
71719
92811
18309
99563
45728
73556
25523
34937
92950
53614
75768
23525
32912
25654
95835
71564
63627
13835
92500
11494
24469
85025
16867
843
547
5152
11006
23915
93357
53318
82826
53881
50601
3262
87274
56389
69230
56884
27178
67504
60100
67737
25462
58533
90060
23752
61940
8243
97861
67938
12533
38974
13971
23399
76510
37343
1196
54715
28238
72498
72928
41597
83903
45304
38957
62701
30839
50368
74911
87574
27304
9483
10762
52927
43962
39836
86234
55787
84817
53262
26552
30549
94965
43841
50626
89542
35308
10294
35615
97445
80224
76940
26731
18753
73223
22358
99223
24440
57712
98462
50668
69087
85282
24326
26016
52945
92277
68914
55274
64772
26933
94755
14277
60742
3994
20646
2697
72320
61457
75637
70243
51725
95000
58807
11958
57455
49621
89804
96581
54316
55183
33581
88130
52481
2761
9510
70182
38360
72131
49746
84777
56378
37187
54713
53408
85242
95726
4552
56297
14889
92813
24560
7930
70999
32768
69946
81793
52848
3880
90600
5303
47192
72028
60152
67131
56036
34684
5233
53415
29304
65124
50625
56821
24815
18191
3928
82956
27430
13591
39391
12352
46814
60421
4694
63034
79024
37561
66798
38635
60926
98512
33351
40099
68466
26428
34683
65184
9888
25334
28104
19301
43220
96886
90971
13684
3710
18557
1928
32418
61344
8744
70736
8578
41206
37055
66295
61518
30121
13902
9718
12324
61916
72549
44746
12470
20572
38872
71328
91952
25654
69359
29830
57456
67624
26244
53152
48570
41983
50180
61923
90630
90690
85486
63968
66453
96847
10751
33448
66052
94434
28462
87290
63360
48655
71324
47002
12046
34484
90071
72459
48722
91064
97816
80914
41125
57850
59381
19298
21332
4733
30528
40745
99610
52837
71665
47339
63190
45320
83341
247
26104
68182
36721
65643
11127
39970
1258
60302
12944
86220
3865
84226
12875
89584
89197
79344
89777
59814
88990
33117
99193
99109
49921
53789
73407
47828
14093
80041
28709
83135
93990
51994
53045
8910
34631
62769
87117
19056
9643
30240
5108
38348
55136
77129
47364
45055
5474
84282
56705
57758
58444
86713
22467
25195
63821
14958
41948
92380
98950
45271
67610
28865
67733
11385
20239
95749
35272
47837
13150
96852
89431
80258
50661
6487
2719
51580
35180
91310
53127
74758
41622
47009
50948
32399
95286
51885
10114
1597
19888
98890
97199
68297
6147
5267
89005
9707
88147
14662
70514
65512
4599
427
9015
89093
65250
50810
47308
68470
38829
66813
69181
33361
28260
31735
3702
19521
1320
17764
51398
44442
454
79438
34995
59527
64197
46416
179
83025
54421
68706
17679
85271
98610
86353
67017
93215
24396
92554
14369
4738
84804
34281
32242
54930
46967
47693
47062
56265
44498
56985
42265
42556
74297
74789
89094
82573
52235
29830
25104
93374
29004
13280
51197
75715
7329
79084
72073
14267
94840
55517
62050
33938
73058
25319
98532
80246
62304
9988
68701
96479
14735
50151
21589
3276
73335
8400
7263
47318
93308
33603
17634
74952
34225
16382
19272
3892
96119
34340
47614
11511
90890
32565
14091
31799
11474
10041
62925
54722
85642
85824
2765
51489
78652
190
29809
7148
39604
65425
53691
27983
70007
18533
35168
5312
29898
43862
45533
59611
86789
27480
61660
59265
55771
77138
17734
6798
75341
91708
44978
12096
12765
92260
44036
26913
95298
33238
51216
97873
19104
96712
79400
6193
96435
35248
37185
1550
63423
69674
55706
4755
85809
66884
81593
49347
67972
19748
26632
55725
91824
26350
99972
83122
86459
18962
87094
84482
56873
24515
81237
97245
80650
47816
17654
39042
15188
56336
8775
41499
44876
11135
29265
47602
37541
32332
53956
18515
72592
9489
8761
44248
49439
67397
54944
29260
84118
75957
90473
28850
54454
49205
18720
45096
59713
12996
4368
52163
19321
33478
9179
9921
47114
89173
76094
42140
2456
38381
9224
909
37689
80537
79330
12478
32525
35309
69721
1370
30335
66389
65825
19415
68713
58333
83219
64236
27273
14221
23522
57790
99323
79570
45320
69696
30868
13585
38151
12381
60357
22746
91602
5493
35627
43657
58690
5539
80714
12204
22958
23401
34505
84271
92077
7135
85641
79647
57281
50392
83667
5176
77566
97828
15089
75859
70344
58015
94845
93288
16124
1682
38606
59677
13800
18495
49425
2704
55246
29134
73408
61487
23172
1084
53418
37240
54593
96343
37273
43497
53730
87155
77432
263
82835
11917
92895
4066
7147
7571
50819
71576
21092
47056
65340
98341
36826
30850
4104
96127
73363
30109
39248
72478
44775
55623
78860
94309
9333
31564
67407
33709
7950
85913
49158
28606
89955
30501
47366
3518
96918
92751
23737
86372
51187
78495
47701
26197
74764
90640
23033
63477
46281
2019
90589
30045
89114
82385
50211
58622
72015
9332
22330
63470
95175
50802
332
13056
29257
92890
28454
53277
72669
827
76809
55481
93253
43278
75050
57377
24565
80536
9279
36906
94024
15698
82971
9225
70502
34593
92038
65211
32274
15005
66540
76204
72769
68639
87187
74192
81185
90332
93408
79266
57771
28146
61612
86846
49505
55297
47201
46066
20831
20240
51952
57672
6308
74823
99595
94861
27253
32018
76699
3745
92820
84583
23466
71448
47515
23871
39550
59329
71704
34075
3745
86404
89493
1325
93182
13801
89191
69363
27630
24877
15596
93925
57558
17645
50454
96481
60789
26226
57720
94669
11935
66284
33605
91522
41192
55739
67898
38509
4688
96518
92716
48436
47226
15727
67531
23437
50115
55325
25251
80533
21711
68236
83116
2678
6339
25810
4294
16735
58488
66655
81331
1484
53471
20040
972
58555
83183
18484
41390
37074
16159
73552
47465
88865
84826
26523
27549
45209
99666
1296
15978
48419
79930
80753
49652
41940
33627
99770
14086
21189
15702
98170
24617
74023
42615
5120
21828
94504
44003
32844
76737
36538
87654
41970
20950
85015
22708
3458
39709
61207
47842
22744
91678
46506
26109
10609
48257
3948
36190
82250
77422
559
70991
41114
32256
85159
68849
57290
42793
56096
90040
81612
51244
61264
31852
46060
75332
8803
9197
88707
32212
31032
14504
7105
6328
36469
10631
87929
98557
5177
3575
82602
51137
31235
87936
98774
3102
92767
57436
55723
94368
34784
25226
8091
3057
82950
4262
76864
70348
67484
56750
39079
39826
25510
33462
18478
14240
67492
88662
88165
11542
38781
74465
43307
84221
80848
89612
27016
51225
98421
82010
95754
80090
68560
81766
91975
48452
85565
72072
51180
8719
21708
88928
8152
77427
97881
77574
82875
71719
579
23373
20471
19344
52034
18016
31483
75729
38838
18062
28910
91941
31078
2175
86636
90696
78771
35854
50225
24119
55297
7997
15568
6560
28596
12373
53396
38532
79995
8843
98475
63723
57875
14162
41085
30030
48770
40215
55383
57690
72020
18769
74360
52851
55777
26109
74289
43280
31937
48397
62950
54445
95491
9129
75353
88792
9800
13776
68304
18835
3500
53517
70882
55523
96980
49878
91706
7382
16829
15220
5903
3018
5150
50127
44730
9873
7323
98152
89062
45456
26569
30741
24285
43803
66588
40779
48628
9550
44570
81854
39523
64739
46033
2180
73374
69364
10266
87043
62876
75682
80494
41708
23087
58421
26491
17916
2481
48283
48984
11410
18478
84515
4979
35391
18271
93832
51074
5332
45260
97594
87823
54319
28981
46897
2416
34860
32160
86124
49195
53075
82353
49501
77933
24230
87625
2313
18380
34773
85790
48741
56181
45352
4993
41588
90106
71732
19730
45729
43412
36087
70892
26719
13208
89851
81014
58740
80842
71116
36632
71978
73631
74510
28497
88480
63643
79550
37364
27724
12794
4667
28186
98336
25178
28407
68751
30805
47322
46758
20152
47528
64991
16111
55948
11165
81172
65073
54499
40020
24068
45143
74622
30050
26162
30225
68643
77118
35888
67997
8806
50208
71917
32367
3175
26614
6774
25559
55334
63455
71257
30785
78564
46387
4062
22082
9638
26028
32029
96522
79980
25337
55608
5868
92652
77084
31413
29662
22484
29555
89144
49811
3617
40754
93707
57921
93871
66616
64996
50949
8518
37147
97610
48184
97418
5877
80684
93141
98957
52671
4021
87622
41797
17681
50924
42043
81190
45094
20363
16047
50446
19361
91538
66495
80126
83700
42460
16124
87625
40913
60787
5470
68026
49968
39970
93096
23462
48259
36662
24736
52695
49131
76389
657
85219
86964
33616
32352
84904
8030
79660
94617
67072
34314
87288
47154
69833
59636
4379
20990
95652
72641
60703
39365
92285
39645
51625
70157
73625
21778
50490
87470
90438
45531
37439
53743
48565
93555
96614
20498
37915
33438
25942
85841
79395
56194
24148
39853
18911
53320
68137
75229
97661
21535
70596
39827
6173
47707
12389
60223
85893
92943
77292
70953
76572
64491
77607
42801
20341
36814
48370
15310
24052
59117
5149
3641
50324
65561
5847
67955
54710
86586
30450
4717
11484
44968
94315
43593
73783
8641
40408
11090
95188
63813
13763
52642
99286
66536
7526
88528
21363
28633
84049
15834
62104
94782
16839
58616
87015
71543
69534
11477
77261
76255
26635
17969
87705
83981
17391
74542
96166
64053
28982
53216
34247
14281
88112
91697
74579
20508
1091
8375
11890
91963
81720
61433
16077
48724
63509
86265
54256
66622
88211
13431
75779
17042
86183
90610
29290
74320
15728
6298
34094
1832
8383
40447
59503
69364
75000
47822
75260
98978
63528
13512
23751
84356
23550
6887
30446
79467
24907
211
12842
6418
98185
11176
70170
89473
13321
74851
36213
82475
89300
49818
55808
20307
32665
15737
1959
91482
35486
25116
84955
98649
24460
30806
17473
46495
41989
22487
90407
72433
57350
70420
82957
14475
51502
92763
77531
92785
92582
33958
75087
66709
20836
66001
9775
17405
91487
1869
43074
97746
81965
40921
77109
85775
55971
49794
64412
75733
90970
19133
7136
41599
18041
26425
32551
12043
93391
78286
3655
2848
19370
1730
73792
63097
59518
3277
22440
4816
46925
17184
15635
2246
68111
19667
18991
66564
15674
94651
53880
24626
42093
98435
28036
56156
14385
85552
90720
72869
64705
26224
59538
55065
55524
66965
41105
96561
29664
60207
20982
47152
95290
16297
29639
83329
3817
11722
699
82595
14778
21168
25277
24469
5821
27807
71999
92174
78303
6137
86084
2976
29364
64795
2880
52288
9888
82936
11330
16902
64429
73084
81066
26102
53946
55823
23174
75892
95137
37238
89159
31220
11154
38720
25214
33831
77671
40567
89652
9257
65554
65754
10164
45454
26793
48300
4587
97725
43877
1865
13921
59840
64488
28524
99597
29601
73123
85099
38293
88662
9230
55003
7135
10981
27400
57242
89650
12090
9401
61033
48618
52206
80046
64435
5768
10238
49366
38471
40279
52854
2041
34395
68119
33045
81732
1072
92475
65982
72737
61906
21897
46482
64296
56281
37229
92017
93910
59202
51013
17968
5207
54622
43763
77678
23154
52891
80359
28901
44847
10819
6793
20329
67631
34058
2575
27176
27959
15791
17350
3142
4202
93192
51612
57598
44522
83665
50888
11476
16938
96568
70335
33068
42912
2946
32456
5848
68038
85738
44445
34434
43832
85982
63685
51891
43171
6756
99982
51912
8564
35867
21372
32697
37252
797
86670
5944
40023
74926
62404
93923
71665
12790
94376
10404
20157
3913
94818
97067
58958
99718
74951
66032
12189
86073
99736
81282
56019
45226
66702
96988
81233
75203
13948
59146
71753
12172
43783
68423
11780
31856
7920
96750
20267
89763
37758
47944
25592
96819
18982
53521
35590
16922
3599
98881
28499
16025
24453
82150
88934
88517
27395
18236
39630
36016
64495
14031
74520
76102
98028
57198
81586
14117
49436
80589
54980
19807
90088
87137
35071
12452
11338
45896
82343
73013
30288
98942
86499
69943
84576
50962
35643
6461
44650
48610
22092
71436
25196
95096
41136
3433
8722
86974
46983
58092
3809
4721
66165
2636
48092
36456
32838
48185
31796
65034
2678
70447
61473
2734
22524
62448
5581
14913
81411
9148
63613
34230
45321
73104
78748
30446
82765
32789
70302
67284
21206
20728
96758
47483
35379
67330
72742
19925
57722
68076
54034
98594
18418
56698
73544
22124
67946
85027
58184
64837
8601
81394
81614
95413
63072
83771
11125
67709
37972
21298
88205
19772
98126
48388
41871
51682
53435
19312
71386
50662
74328
27966
50754
32713
94070
27479
1203
74107
26616
87379
49843
13118
27245
42217
42798
12709
49846
34890
9321
88197
9536
60313
79744
20481
42187
70695
44604
95006
63474
12315
4872
29407
69228
25573
3938
78667
86141
54966
50845
35595
77308
83763
41264
76597
30609
29312
57753
37935
9582
9220
84115
46062
26267
16138
99991
67139
3350
19380
31290
85429
29030
45359
19685
68065
72152
75594
40095
24527
17451
41017
38937
23201
1158
84347
87906
84486
75759
8516
48139
30212
9350
28421
17816
32461
29826
95745
92650
71439
57035
72134
3137
81626
27092
84722
5069
38233
2179
9802
90524
11825
76452
95401
55393
98022
34103
51554
6482
11275
89127
8289
16318
17000
38038
65651
37023
64715
86536
37502
65944
76330
69061
21451
15239
38381
66178
10911
75160
44740
38930
2141
76562
37208
41545
39016
51961
95427
44329
81409
66463
34644
97081
79183
39981
80133
90047
83166
10373
466
24204
26893
93487
98298
85589
68475
80573
76997
29395
90640
76111
24182
18758
18825
19838
79105
30394
32112
55593
79843
34707
9891
6586
18372
81487
78312
91779
66851
73980
94914
71302
76840
93931
37241
40164
94653
48060
41852
99007
80708
42510
73794
18226
68457
55942
93437
77529
49381
74244
27515
6828
24535
70237
44274
76351
20249
60276
78830
83949
25840
46337
54135
65793
74607
56935
95429
13015
55815
33142
41576
11304
15086
67011
15412
33086
73296
88873
27026
2615
69999
17238
48849
23172
16397
30486
19482
2532
24984
93012
4400
37946
68266
70202
65961
25134
7341
96362
72629
37107
22597
17665
7835
78124
73455
18180
22650
55676
11805
51251
13202
29128
74684
40731
93758
87476
85734
87034
79430
80678
2116
11459
88667
79070
53806
98937
25008
63667
35579
54107
14
56417
28492
68568
14859
84028
47297
8155
26761
31518
32995
68274
88239
82411
35577
12610
62132
61314
61046
5914
83376
91614
88925
75147
59733
56097
1689
84873
77979
1547
5984
92625
9492
59711
66956
57836
89770
66484
21667
13995
80063
48798
85321
77829
6168
14369
14899
61605
9324
23361
48819
75050
37266
42950
98342
51934
49626
85904
26728
13002
11257
12495
15500
81754
99422
31420
83696
2446
56427
69869
95598
70753
77914
95494
65211
76685
38874
63726
41611
76613
24378
32775
38301
56704
50084
35581
51856
23579
28778
23101
354
59667
63507
96548
519
10526
25335
27522
93953
29303
4275
24474
27515
89536
5684
41505
90610
91682
1200
41272
13072
31007
33248
17575
31297
64912
15199
55195
37429
16306
65489
54662
36655
76254
63272
77817
51034
23985
15664
76421
24788
65185
82192
50505
5643
574
10727
45783
99507
75925
1039
40127
21703
31956
27022
88016
96945
67930
16711
88771
92403
56367
10410
19547
3408
97883
91568
27240
49804
85006
12460
4821
82367
51685
17338
87093
43419
21285
99354
88457
73475
29973
14431
70986
6641
94742
15146
74974
51511
15672
60800
66087
11411
50615
6008
53337
58115
77102
69486
10334
36515
61105
37118
88611
44245
85150
59000
46292
99901
49345
58808
27967
86205
48033
85666
22377
30407
42075
3644
93321
63163
92153
32073
26226
79288
92063
21043
57862
9039
42574
70788
59953
96934
36265
81097
28743
76655
81624
47444
92084
25177
80750
4233
83189
77039
89149
52376
45915
80559
28409
98343
30305
81765
92931
74915
9073
28979
90457
10036
95827
1236
82772
59502
74036
77077
47742
21647
52105
76789
66786
7758
44387
30777
52884
50649
40565
49509
73396
95637
66555
96357
89261
33094
58928
93659
27545
99830
71826
24452
27838
97747
10443
27596
54668
52525
38366
22362
47889
62527
37408
40083
90899
68701
8053
85083
12588
9922
86233
94869
3066
15065
17846
20421
15522
22996
76327
1450
46962
14795
30495
68605
39111
88645
70057
64873
17427
7215
74323
41775
90970
99730
66059
52505
68744
6552
26877
33739
9223
12741
63154
40632
8868
28910
2186
75390
52782
42618
67150
28790
96014
81604
26408
36180
17609
1381
37778
34722
91097
33993
11634
97027
44974
12207
98043
7841
44563
13959
62598
45060
12736
55587
53244
24104
21113
99162
76072
65586
25637
29220
91938
50167
90841
97217
17717
31668
45661
28259
66108
89733
40299
33938
86134
16713
28437
77584
72800
49976
82003
93783
98902
80443
56729
72708
84498
90920
65905
81641
60360
3670
87012
10978
502
45685
21331
108
95896
72225
50159
19712
16572
24470
82920
61386
62511
35475
72252
12893
35108
40180
79056
77945
70430
89779
6525
33088
63126
18578
86336
1097
75516
62305
92474
60209
70302
80853
78565
1612
27251
95578
83124
93772
4342
11500
23805
11527
82069
58163
6489
40288
85953
49397
8000
71280
16779
31859
52235
62425
30673
64976
88678
51309
1866
50815
99552
71586
69825
11371
7253
42272
19420
92936
27270
70544
67872
62434
13447
33004
35475
48990
72212
77771
58420
75527
80340
20378
61505
19788
26819
90100
46156
41946
13568
20183
64857
16845
92048
65368
46968
12909
83180
73187
12880
66902
26574
31678
63522
13959
31679
65508
60517
45697
58294
54912
18560
85710
36751
7435
16129
91392
49160
21149
93189
13788
32207
39845
45306
73022
29358
15620
42412
35899
15647
62362
97446
14379
41840
4841
85191
38874
96366
2378
64855
98713
63231
53575
91279
83614
62018
69099
9140
4633
92126
33240
12111
20808
67547
61747
14656
48614
20786
3433
28004
85318
74909
26053
53783
34487
31267
73192
8944
82124
97096
78198
73779
35310
81966
73637
11210
1721
24978
40321
40000
58013
75637
98639
57117
27851
40483
56754
95230
66191
24864
95153
70133
25470
44619
85114
19900
61465
56013
9852
62638
21837
53869
81394
2956
48771
17695
23715
98594
18606
43462
23198
58145
35988
84734
31191
78388
97835
41046
40253
45481
43285
73661
45597
18112
9777
99271
46348
82662
22588
10764
37379
20556
55358
792
91834
56191
12543
18694
36885
60160
1230
74233
80823
66993
79377
12639
58285
29215
90291
24593
22240
70253
19050
22107
26280
17557
35558
6636
8851
94289
21073
79301
12237
23034
10284
94771
43420
48179
19400
40125
11405
15004
72220
27934
56133
52944
80774
28829
17831
98134
84894
32997
82426
56029
5923
22307
78635
48762
23819
55210
95362
13864
43992
15061
34274
21088
80502
49197
11694
52256
45606
30862
76439
45465
2155
9023
15757
39387
4955
72099
80230
66051
29997
40843
70331
31187
66282
22855
92238
90081
24035
6650
8611
73833
95178
46711
81190
46045
87218
92642
26428
73155
40071
45301
82780
73008
26853
80717
18860
65703
34291
68626
95350
88371
16170
26614
30380
51255
14108
93153
8030
6309
43937
73219
12664
71511
53140
8709
68012
4171
64999
52551
9226
44760
38512
80179
18572
59098
89655
54935
10998
91266
39155
75039
64495
2128
74735
68886
52004
9161
41645
72728
46537
62055
4296
20226
39273
85585
53972
96871
31566
96303
72804
63930
36121
52860
2615
36389
50032
31086
8709
7235
42957
24452
73336
46486
37382
58116
1298
67519
44738
70493
71060
45544
61097
60126
18710
93467
19223
17618
99258
48940
39951
62471
30019
3039
25171
82902
84192
5800
87171
33079
69257
16762
14607
76639
94446
29696
34108
78012
4285
89848
38313
33746
31104
39325
16078
4902
98387
71666
38681
58555
88991
50151
27008
51533
77496
46084
49059
92748
14346
83066
74523
1827
40920
31182
43747
41213
9332
81050
92128
36512
78479
41871
7762
15584
58768
49865
90107
90721
81931
43919
20540
80224
79476
63796
51796
15802
63584
52907
72689
10422
17626
2452
6861
67596
19982
56628
59952
97570
44486
9644
38224
68453
3555
64447
23509
61085
25950
90349
4286
15250
90126
12132
30769
51841
66242
86791
83065
30676
55165
75679
15783
56871
51189
99643
69921
80051
96675
72641
23424
40122
41454
45357
85480
948
67613
54483
26475
79002
91109
65667
75417
17869
5725
18466
9763
81514
91955
30247
8726
39263
73691
92591
40481
93717
68964
98562
6129
59134
47465
72111
68835
32299
77247
31918
55253
10512
15715
11126
28169
2012
75929
71731
94227
43050
78231
97774
28687
82747
79324
25027
70325
22015
56218
66544
63937
96008
10804
23189
5318
70939
52339
26217
74180
85556
9751
44972
24147
5189
23418
6955
35788
71974
66977
19793
28587
28732
53682
55047
70823
65944
89014
52322
22516
91354
41441
28842
95917
49976
16655
34376
20453
28597
37087
74370
54618
63372
48137
35145
95984
31685
95315
84171
2317
50180
42364
85758
51738
19706
29441
67852
37922
54912
2556
99212
17534
11301
80729
87884
1398
75787
65710
91662
8356
18150
40587
39155
81327
10258
48271
96111
98779
7495
88560
75792
1624
52610
23406
84504
95511
5987
33976
13776
81550
28368
30254
39233
14667
42107
74161
62853
88162
75297
40570
40090
95423
49434
7094
66270
25345
5760
33126
57661
6710
78032
61414
51841
28555
10186
51282
69194
28552
86199
31648
22865
59431
86437
44101
37945
14726
9877
31559
42408
19399
4808
16409
22027
68354
31955
3521
89469
26424
43461
38190
3767
87093
98753
46774
90536
24041
54026
88697
55599
59542
55950
52493
55066
16802
42161
35681
83497
19523
1206
58529
Time spent: 38
Itarations done: 5942728