30598
37134
97742
48304
89778
7733
22257
78089
65866
62492
37960
81985
97044
87825
4246
61076
64688
32820
83775
10889
33371
51216
92961
11814
16388
68506
38610
17605
24900
859
30693
41537
70224
2230
30476
59814
40843
31382
53082
87470
68377
11487
94061
33267
30066
1552
90654
7002
9255
11155
60169
35138
49877
67746
80254
38830
96173
89304
88849
42194
4615
24146
85195
8027
51493
94453
7529
43256
36616
20362
47960
76996
1307
7476
40490
90382
37127
52172
24285
69253
60729
56358
41010
58237
69753
46096
72441
17998
74891
57015
62502
26103
24012
83505
96559
16426
95701
88364
29972
21978
41577
34960
67814
71729
99464
34858
98138
93224
82781
497
72294
89744
75420
54691
7516
93202
25971
76544
59397
42202
40296
56863
74823
98369
17272
95191
89572
93528
58942
95326
79016
95271
13364
6506
5230
89141
76132
13396
29288
1895
84827
99603
73665
32224
89601
96648
26364
12832
72639
83158
75802
892
19407
17489
53413
82703
15423
71093
39607
82735
53689
79620
57907
87296
89986
44113
41982
28670
75899
95578
10766
26879
32761
82810
27980
53074
3592
55573
54094
61133
34715
93030
21154
32130
93843
70818
73857
90158
27297
69214
23895
77356
95379
99555
58823
21011
2021
66414
31551
86266
52494
88980
32082
84221
31239
76677
9187
97107
90841
91270
66494
89746
82703
30517
4795
99641
40150
36920
20376
36813
45486
69164
97796
78909
73990
73584
54764
17097
9832
58300
6642
93942
71616
3631
18574
75700
68529
38987
4371
18369
32004
78618
13002
19373
32373
36480
15925
94866
95137
33874
71466
86442
77299
72644
96063
80418
50629
71415
16451
17882
65767
52659
11705
84329
38767
24378
79558
94005
9971
21733
77525
25940
74033
61184
96094
26200
69457
12521
18623
64012
46207
12632
10543
18194
721
28941
59117
74721
79111
30127
54219
36269
1372
37115
60456
80223
52084
8244
81464
52914
16433
59114
58314
54737
14251
29836
75687
53327
99362
90218
71871
60102
46689
16882
61591
19266
45366
85408
84314
87763
52540
95280
84910
29660
39591
85766
18393
9137
80170
6796
45989
42464
87767
80513
55852
61311
9439
26357
98524
47190
21876
25372
74566
20025
56171
67910
49803
2583
98439
62959
2216
36900
74893
87032
23769
98882
31982
15919
10321
42851
64929
13505
73235
9133
31268
48495
97466
44650
9915
72056
52575
18988
30874
17235
35546
66592
5828
74465
87229
49467
35691
56553
77857
14203
57602
91250
1340
12113
20916
69835
52864
61963
49396
36114
89858
61011
55130
21787
92467
91980
18619
21383
46429
31111
39026
52756
68606
35578
88762
67621
83416
77321
77372
60687
37019
94754
41132
75621
5357
53809
26787
21459
11992
45443
30566
93994
22209
97978
86903
43274
20921
49564
75192
40546
13690
8562
27503
75815
12518
27781
75323
60641
81056
32298
69196
19877
17494
69948
41571
30770
47640
98628
60220
8166
85537
85179
37234
40515
94482
66880
16951
52980
47416
18505
65059
11115
42370
75384
20686
81464
76052
86068
53453
33839
16629
6978
88290
4153
45359
5794
22205
36372
55992
10356
59278
87494
10710
25528
32817
10404
51856
41703
66906
26061
59835
75546
53514
58645
29283
16088
85870
35164
7994
97426
94009
44447
6051
83049
74159
9546
36243
26219
90102
52263
91090
65834
51666
18885
96627
27873
43194
92111
8641
28752
83130
35793
33122
18869
44796
6282
59444
62078
57974
17021
92167
20017
41098
61474
55311
98975
84634
83572
21598
21362
17695
34555
88381
3884
41943
70422
81821
60165
9537
25169
21419
96823
55168
41557
18052
38899
66177
53383
10457
3073
89247
91030
67448
35224
27410
25570
96122
42679
76836
75726
99968
80882
89364
76748
24977
99231
23725
50568
16770
11480
66136
22562
87196
32380
59206
1833
55003
14101
77040
79121
81915
23538
23974
99306
72790
24702
14549
33891
46566
69212
13133
12967
13255
52253
73017
75847
11548
61434
16893
64904
71408
31569
43242
18086
66538
19734
26529
12181
12725
31785
2963
71108
49789
64106
98183
81331
17242
72434
58367
49963
96733
43434
92091
205
47997
24070
16674
23469
9220
58809
29800
97867
67651
95406
94889
38709
31722
46213
36976
68235
52107
33904
94802
78999
45831
8008
64356
18182
74964
91774
99292
38541
19370
7689
4437
45795
61628
34343
70044
21964
71464
67355
46480
19489
36911
92741
51733
1942
39877
32343
37401
53689
14947
87854
12769
93111
61958
92492
41129
1779
5253
77504
77662
25477
5524
74479
14014
12019
33754
3806
31114
25520
10996
44680
38852
17134
2621
42650
98880
38193
31128
87021
85125
53287
37726
82279
35518
48036
79656
45256
88006
29117
97557
82884
74061
82582
25187
44138
63736
90576
42421
94210
17726
6282
91667
28926
3929
52238
87752
33087
78720
38138
51745
87691
16396
90807
90371
47865
94227
51250
24368
45871
5062
21506
41498
21699
74643
37485
12941
47515
6551
3073
65381
91631
64162
45465
45363
62696
26025
42047
47332
85432
18758
25081
2282
85522
39847
92055
40029
3149
31675
36733
44892
12203
57650
68811
21891
95312
61471
8505
78600
13641
61389
26512
6368
14764
42723
49465
13892
41981
63960
66352
25966
44046
84447
52317
10726
35579
54950
72850
39836
25312
86332
43577
17774
11845
26110
98687
38761
44718
27847
64504
42858
62411
94129
43774
46362
48229
10314
90972
15887
90081
63271
99233
40355
90817
57019
25495
30638
52004
95474
52011
42684
45987
1433
19599
76703
98539
80475
70821
52365
27588
18641
9759
97931
22258
23546
19115
19861
867
80025
75087
38692
56537
93413
65792
86817
84714
36317
49983
64301
88189
97945
89349
39994
72052
59067
49959
66907
73604
80179
96167
53212
20326
95627
93821
93202
72827
52278
98648
16149
89048
17711
30429
55265
41050
9974
23896
73806
26339
68629
3231
10861
41952
95098
48653
25483
31438
39254
10769
24543
72359
98761
81187
57081
45117
27815
46379
45869
12653
22775
35834
5569
44963
63578
25257
66066
42414
41874
70910
79431
47472
99518
32132
39475
85715
34338
85678
83934
43925
4029
47708
81099
75550
73576
97085
25040
21978
6778
37121
76582
51836
98259
41969
90788
49930
78761
8575
65953
32436
3577
75440
33975
25628
51654
75388
87451
21674
21196
61134
4967
16946
6524
79635
92780
45779
80499
74052
8468
45808
86992
60604
70096
29717
68684
61675
83069
92696
16910
76250
36079
54865
32298
34068
27415
23604
27648
10873
83398
61983
87786
78675
21806
66383
25051
27203
94908
88924
33635
20499
19071
88440
51160
46109
60909
57553
81688
73385
3542
52734
20768
62122
60786
49317
50206
53094
41945
54033
37881
27993
95367
33923
86259
47885
75051
62376
22180
66470
81316
40567
10021
67296
23906
25692
550
92509
43909
86193
98552
14831
9468
8545
43755
54122
69496
200
51636
55269
9488
68931
53338
25055
3995
10080
7266
72270
1447
114
28827
7515
8742
77424
99340
37011
65397
89418
70324
28134
10022
98756
75159
33538
45517
70959
96552
35381
3609
10639
15294
11538
94223
74250
83442
31625
653
63522
23411
62241
47651
95643
53332
98050
26222
53765
78622
38150
6355
44556
69870
95628
6848
28303
67947
62304
20028
41438
18679
50344
8398
1406
41461
97776
99
69429
78880
55893
10588
47975
57707
73108
9006
6665
15542
52034
29486
62841
11954
84392
99999
91183
48135
61818
24315
516
64871
19695
6288
95373
75079
95886
49899
34841
14206
76527
3360
11943
59443
57037
41066
2995
77038
68064
93305
78336
5892
3283
40353
23314
75186
38831
84975
91560
83959
52575
5317
1372
41356
35530
68792
90386
77702
37422
56810
63780
88589
3741
10058
6856
66850
42588
54521
84147
10610
6176
9568
14070
69490
84090
11124
90675
5640
83209
5374
22192
1401
12678
81362
69819
41255
1371
14522
99634
32084
50022
87387
5480
2867
60516
38579
21371
42586
90789
66696
18182
93412
55372
81802
71339
15197
28831
53979
93679
76813
12161
55755
50867
10079
90676
33213
15452
82807
46007
69208
70103
8928
84523
21330
40547
15707
9831
27158
24379
30732
97960
69788
83210
34673
30428
87781
82473
49707
2584
95369
95764
98088
52446
51159
38717
70495
48752
76539
61189
89594
35950
78604
5917
40693
58646
76688
36858
68384
78287
66400
51014
5796
50863
80593
13875
11316
55960
22805
461
36633
54737
55410
81478
39439
7193
22136
67264
84370
97587
72550
10947
46497
915
34755
76633
43166
73102
51748
98490
71998
62847
56800
92197
25546
24064
13652
31535
86420
54408
88478
69753
80587
97606
52281
67907
81140
25133
34756
90471
9979
56222
63652
42317
80653
84315
27264
50542
62054
52714
91927
39643
19672
62571
91262
9196
8843
2296
79393
99434
52670
59027
6474
22059
36261
10048
31616
41099
88468
94839
35635
11792
2476
36924
34083
24240
67414
18746
19566
52972
44557
12524
81673
83571
23765
35357
62619
73167
38471
27823
7277
2879
822
51875
57307
97151
42513
66068
20898
17491
11414
63966
21954
86227
79232
55044
95561
59684
61301
26474
50197
49591
35957
48908
61355
86499
78077
79676
96152
29712
88971
72802
93942
54416
13153
26800
44097
88663
81444
88442
8857
30334
9388
83490
36475
47366
10166
63886
97932
53318
51963
44926
59058
54699
1196
55690
69160
86559
45057
41314
7110
88427
79471
36647
76348
24006
81924
77431
81348
14893
62483
27321
49859
41117
929
76940
87561
59448
33075
14566
64806
4187
45134
77177
38693
64541
71461
65255
7986
77707
68006
45108
83228
37452
51520
68395
29921
94201
52832
10161
8709
14602
31468
63851
93307
75997
38407
34645
94201
94404
93967
40880
54210
23392
68591
67440
10550
15595
15763
14664
37334
8655
8292
51685
92250
83023
71918
14063
91698
40316
93469
82142
29748
67816
4728
38784
38029
87220
7733
32965
56023
33912
12393
69161
44228
76762
3108
1551
26259
67885
37520
36761
90211
6792
7547
39200
14444
14024
60551
89018
8471
35613
86782
64269
75719
41626
28169
6090
11677
39552
53068
78535
48316
96448
71779
53147
43646
52530
38414
32460
93894
13271
96141
76294
15014
27113
74884
10075
125
91534
43220
75336
9933
81467
49525
29168
94336
60991
61347
11571
75121
21699
26524
77497
42050
89335
34760
33843
27599
54011
54153
30718
29247
8758
53605
31026
42433
26145
99096
22736
52174
63383
29474
44166
6820
62550
75718
64187
63537
4535
86559
96476
51843
82738
62878
29747
48896
85794
83509
24385
98212
17275
25839
59966
32095
34791
46046
17843
77338
60871
85868
48352
33555
3697
15442
3094
14057
27002
5106
9383
30256
25351
42921
26112
82328
93539
79276
48162
91244
26995
85070
19901
70245
53826
55810
77422
87474
78561
80333
63876
15682
12655
19982
52574
99839
77453
11668
68509
98904
91607
16613
20508
74195
96800
85451
43458
3467
33194
99937
2850
97222
49111
81691
32376
81743
18274
29190
59372
91941
42301
55651
22607
86389
36171
52524
2272
56718
30030
95937
62958
54097
71971
46802
57001
96588
83314
69148
47778
52942
439
5865
90378
20720
35362
6155
50517
29671
1014
94843
51656
4852
76589
10087
14986
18250
33325
13091
97273
42531
1755
91112
37520
95995
37696
33328
94976
33976
36193
58081
98238
98626
50084
9554
28019
86402
93073
22112
24611
30568
45901
71333
45156
24624
38649
92208
95544
31820
52186
47001
27103
35777
67459
67965
19161
87725
92559
83399
65205
96973
14409
59462
42511
92978
54434
54695
72984
59734
55717
89412
76395
6186
92924
77877
76284
90011
75651
57646
43505
56308
10905
77494
52719
87638
1026
73006
83101
87325
79682
67232
16115
34037
30407
82735
70400
52435
89720
40882
66663
41995
9976
54437
33913
94133
45884
90303
52475
6367
33014
90677
78900
71477
46646
92946
13252
79501
64943
81320
50176
20889
11712
36509
1767
20239
20901
23657
92444
61807
47520
73320
3862
90306
47781
65431
91384
83525
65068
22011
2668
96923
87701
50807
3681
74534
89510
59069
57745
5471
24852
74395
9203
80711
25996
67833
94853
71033
42683
73377
43534
3673
71190
37533
27045
62639
43371
12834
94063
75624
84927
29926
52800
79049
6527
44350
67832
72028
61460
56124
1889
79896
89098
42957
64340
48433
64757
31190
24676
81026
93415
52519
11526
12773
17283
99071
45565
87846
55339
94615
48105
69483
56749
45454
26292
65528
29456
21011
60484
96740
250
41125
9763
69885
73286
14799
7455
43182
80268
83400
40145
87746
57437
70267
90857
55406
41981
28214
79910
60673
53684
6600
55427
72593
16338
30444
69536
90827
77902
95472
26031
49584
8346
35047
572
52825
89823
7615
15482
94724
65031
86576
97761
60412
76562
8443
61152
33820
12518
49681
30937
61781
71862
57809
73573
36527
76686
58141
2387
62362
88028
93968
5236
66494
26855
35031
80383
98905
62477
6832
72789
41600
6950
51585
74602
13704
45880
30593
90844
15613
43606
17340
74112
2766
83840
10785
577
17585
45653
19144
93647
36768
69053
25873
1351
10325
34450
51596
98870
78633
65924
68442
18542
54277
69507
6498
6318
46534
34561
16064
65782
88120
58860
13910
78745
96176
6139
46925
84826
62434
68638
52364
61556
21174
86546
80280
71229
87745
71296
70839
31042
95356
90296
46832
19064
83288
96940
90053
50112
5811
31650
19092
42849
37814
77225
75670
52234
50535
24893
56816
59921
18760
96260
979
99282
99466
70728
47587
41434
91128
87975
41648
83992
42777
30738
47620
65202
32380
44415
70110
72734
75217
16872
52878
28570
54695
24404
42167
9297
90359
47895
55564
4545
70907
77029
93392
25402
83561
49777
66071
49358
65451
19413
87907
28626
87480
1956
5483
94689
56655
33206
87107
63465
88971
56430
98676
82730
61689
69276
30924
66217
1178
81648
23125
27322
521
75025
49192
59400
89672
8125
93480
9332
187
83804
45701
56410
76445
77764
86992
39507
85717
30869
22516
72111
70600
23810
39870
46986
69041
85333
37142
60072
99552
33418
69642
76683
72202
12573
10103
22147
39583
69760
3607
3739
46201
6540
25527
61098
69569
55640
18442
98251
71818
56415
92306
71984
96711
45577
21058
98478
53709
37094
58413
92983
28095
38285
25771
75729
44137
37918
95947
61394
86916
6525
7875
99131
57643
69129
99497
45482
97185
46277
38684
33492
62998
10492
65393
47894
85756
72179
32135
28445
63758
91542
44423
1343
75490
11188
58018
82091
3755
17901
85600
2261
68398
71421
1922
87338
58842
83129
13549
53121
42584
88129
76960
94141
1232
30555
7100
9140
11807
73747
17374
45837
47757
54540
71661
50062
21512
23985
9067
72798
28367
55635
22948
22720
80135
56910
37176
51583
36203
89069
24650
25082
49529
86966
55732
62808
45576
71043
47615
27493
43320
60893
9508
5928
9170
32264
43126
51802
7046
7495
63115
54137
70809
33181
47844
54088
78879
78208
17445
57595
55101
80375
63005
81681
54781
80422
18514
28173
20310
8558
75447
187
6910
30517
88812
63930
85755
17624
13032
11215
29108
78557
36203
96518
70088
79224
52066
6514
8297
81593
20492
69723
1773
52300
19267
29219
45615
27547
82707
82343
88081
72037
55882
37908
76115
36601
67185
53608
53952
1693
36519
94184
60861
92071
91547
94337
87030
61749
60274
19468
50242
77705
44623
92048
50215
75844
56737
91719
42339
23361
17426
43218
48052
97931
74441
77781
85170
86014
97234
90889
58286
10131
44354
22059
96640
18059
79872
50837
64919
5715
35966
37226
1023
99843
80264
34498
54075
96681
48578
67666
5817
38398
46337
1852
59039
10376
5340
21357
67775
59312
6351
2478
65755
64611
42645
90895
21965
43709
4743
87977
15143
35732
12436
9363
72673
87269
6548
3959
63550
59091
40017
11747
69984
83262
75488
94819
87666
26375
4940
97606
20863
56538
55802
79472
45226
69245
37542
15693
8566
428
12897
81287
27842
43736
48729
16238
19218
93506
12891
20392
67278
54875
35557
41585
99369
98176
46138
1576
81499
85969
30210
50899
93371
68023
24803
55971
71831
22011
84950
99635
34401
15892
9575
19738
7550
81668
10603
19484
87949
19643
45580
57941
59232
97292
11177
69481
71611
67533
12592
66824
67197
7415
82183
54000
11
70186
19605
12695
56360
51177
65229
28324
28673
91099
98854
90605
33836
79146
76479
37494
95689
72632
79351
11051
30619
19977
51548
59149
84984
59447
45032
47874
73656
67360
74412
46056
60035
46338
7575
5590
99656
76725
82906
89022
41854
2417
48978
89325
46956
86141
68403
45912
30065
48591
13973
85578
86768
868
12231
7459
90912
90303
57350
87008
80150
6019
26425
95580
61012
32479
76279
19452
72012
96783
91383
14888
40700
28636
82694
54365
58491
40655
8005
3120
75776
41102
95829
14905
89030
11135
6891
51171
51488
14309
59978
8844
89480
57351
82187
88445
47588
88101
17564
46530
17561
99046
42639
54218
28274
3019
92579
27085
86996
61395
97447
726
65862
74517
64499
1053
21670
89104
19501
98674
21999
38046
37722
42697
26115
4231
53554
40867
35264
91986
36637
90144
83672
97200
61939
64681
88963
90353
81375
36598
18642
65451
25391
39055
57974
62252
24341
80797
83763
39182
41547
86725
58440
60019
52593
69946
59339
58629
88728
37397
49160
63012
86153
93301
75348
92353
47546
32557
58499
88998
27321
9637
92860
10969
97947
27630
35645
90092
41075
16776
6085
55783
34241
62189
50033
35206
71640
96393
51392
66787
65719
93908
87787
5948
25292
92301
34616
59458
95421
16977
18980
57939
74482
5417
12989
64827
94637
10670
34557
24494
63361
13608
93014
72255
15721
88774
76754
64614
19780
49631
30620
39391
10798
45584
11819
82260
3841
95359
44924
58740
48932
19163
18884
68840
48086
75497
81916
95313
49346
17571
93814
45880
69386
59003
89416
34804
73264
78772
91844
9822
57632
1403
89616
6748
41957
59907
57854
5906
71281
86209
60534
72118
73565
76661
18096
83087
94852
48644
62724
89799
56285
38399
32207
6947
38442
89877
72549
1421
489
49794
29333
32540
84349
14967
8363
98965
37361
74645
77195
64143
10862
52726
60919
64635
56625
82583
57922
53847
48323
40699
64335
97419
943
24372
49488
15960
47511
83464
68949
65808
59566
6513
36558
59153
65448
17459
2382
51120
28813
60844
99609
63322
98692
40533
30154
70885
31948
29846
56111
53114
19201
89436
52155
96742
16045
13357
52635
45059
92845
73432
96329
6304
68423
47399
31685
70275
85645
97257
95876
33441
20204
10810
22104
99695
87813
31618
61314
6431
29604
80406
26873
23761
10672
14427
83718
88447
62514
80351
7126
63555
36549
90990
30474
59809
12951
96456
86223
15302
26686
26345
19872
6480
30972
51104
22695
55208
17287
47944
85867
4242
50610
59503
25900
56589
58748
1905
69331
13003
35419
12972
13207
96233
78162
31010
97133
20710
84214
59964
32552
51956
70176
7672
35368
1291
64561
80524
99175
18310
46278
80066
28068
76107
66628
74891
20384
92384
97589
14630
57720
93342
94942
11949
7159
6652
51240
43133
88916
64809
40653
8217
96433
10843
25414
47521
81476
24604
1876
33099
32883
29748
13130
40743
84354
99071
44681
61085
84040
48958
49841
26749
46670
2535
22326
16606
87571
5449
44939
47887
7186
98248
95298
82256
54536
84999
82228
52870
48568
88998
19741
66073
77474
53370
19454
43547
27739
26853
96854
48591
17121
73209
41968
83659
18674
56469
839
55354
66607
83633
50596
77796
28957
31433
27969
25614
16953
44445
88800
53753
76420
68085
34355
72897
72689
71925
39208
6485
37208
26278
55005
58151
91438
18166
44581
86873
1577
31519
21727
21179
46279
70893
33308
43499
98783
77961
22485
41051
34722
75732
54503
50626
77356
76678
69751
21212
83125
7864
52777
80603
52111
38698
70468
19978
20385
45042
37771
3881
54219
7230
15173
72127
19711
18894
28520
24856
45660
78546
28874
72291
32343
46497
77731
86729
84391
75968
51250
15842
62005
69143
6059
3606
51559
66420
38764
17993
53951
50286
1445
3015
77078
33988
6251
56798
97415
9581
63602
87068
24912
49945
50576
10764
65303
95011
98732
45452
24381
3705
23921
86782
39945
20020
94544
78469
58819
84132
49306
59068
98745
17629
30651
13311
47920
25695
95889
64827
58554
88476
4435
21786
85095
58884
56653
27342
2587
44731
77442
72693
16160
29366
96037
2184
38724
76857
72397
77049
70704
75328
60106
67259
63014
95142
75916
9373
82438
77451
66819
2379
27218
22982
26990
13228
59882
20980
18994
29075
34207
43852
96310
24226
93692
34338
7531
6345
10057
28923
86539
68699
11974
93733
97482
3047
26661
97279
8576
21234
19899
8222
14539
92633
73687
85683
13909
29287
84965
24674
74524
40935
3713
29853
88139
38063
54209
17089
23454
82699
99360
84193
35733
73884
14725
49731
80766
7577
36265
31934
11105
69225
33789
28522
3268
1273
40707
62645
76093
37649
39945
80149
12408
12549
65719
19054
88913
31816
31361
23345
52433
41801
34523
40147
54660
42789
22787
21790
72011
71895
25104
52489
92453
23831
67455
33086
46904
86973
94753
86714
99277
46905
15229
93263
86263
49941
68419
21161
15628
25061
93355
1269
90125
34319
39678
79576
23006
58937
21118
92886
50696
31185
58169
34864
28373
90561
94754
18543
14979
76890
2306
95822
15617
72664
3924
64468
51358
72266
61109
78821
69127
86703
66106
81630
87678
89018
73968
91375
99542
67801
90197
11930
13434
84010
2188
79570
26757
19805
5691
26100
63619
67148
31115
16284
269
28664
18730
12742
26827
93554
26702
32172
61933
7335
81375
82985
45185
75753
95318
16353
81204
30415
85420
80196
98683
36549
20643
38758
17963
41701
17072
9208
91499
48326
76472
71097
92973
42889
33836
24508
82876
29443
39255
8392
71075
96608
49919
41852
30141
93453
49203
18025
87182
1992
41492
62743
36446
71836
93791
68272
70153
26001
8141
26245
20801
55953
12478
13248
44633
98682
51816
27568
52985
28921
46479
36251
15927
5586
59631
67886
20903
83113
82418
78421
67991
35531
1827
24842
22982
43996
63683
4696
29619
66926
81227
58188
3169
45987
68315
84007
88902
855
95518
90021
71118
31060
77269
85662
61036
74117
98689
24056
75144
65780
81849
18878
39565
10436
72936
93404
20514
97485
4181
67408
86121
93039
47390
51291
50669
95310
29515
96231
38760
66806
24967
44194
33933
46761
74213
32231
43955
3191
3696
31820
23311
5542
38241
45848
42329
86125
3827
43402
81935
11330
15984
85632
63214
2099
37064
84758
91744
27212
64227
42667
8102
42628
79251
35565
87984
65486
51121
46809
28075
52305
32828
1298
87084
97515
34967
21697
25288
80648
90394
9301
512
68363
46641
50483
33583
20932
35703
63423
52173
61884
74491
29248
58313
44227
43422
96690
41930
86997
75537
10041
80459
61828
63978
86454
22828
80835
61799
60502
55107
74295
4818
21480
84598
49464
35572
92023
59374
90290
44424
35421
61025
91901
72504
33398
69854
23433
40386
46128
3744
78100
76265
51919
74668
362
17897
65265
90055
76640
53676
48858
50188
38213
49957
67661
57337
52796
84092
81310
57525
74716
65650
34867
81619
82715
81891
87331
38844
59114
47801
12369
42916
54376
75883
16329
18601
37106
6344
44903
44881
51065
54477
91673
39762
88018
38741
79330
81368
38045
50424
57451
90102
97405
13761
49531
67478
98139
63974
86351
98643
73286
39968
82756
77663
86923
48265
50609
7322
39218
5227
91905
58477
3225
5785
82973
47962
62407
98567
43170
8538
95655
69723
79646
79626
70
50730
13513
43290
50840
69042
22153
66429
72232
54731
77414
87137
34094
1101
20089
892
94181
52748
87353
60535
78209
60662
1699
2909
26776
695
37480
54604
41072
99094
4249
49407
27805
46774
24921
10861
77821
12620
41128
14786
12610
85363
48174
48628
98236
83416
47654
27205
57165
72548
7048
7716
5061
22413
32513
70794
1825
14640
93604
98943
33977
87612
86809
88877
38947
65994
88544
80075
40917
76738
27657
68284
92571
97470
2500
99775
7425
18089
78284
9815
23389
21853
26686
77115
59774
8363
11592
14960
17181
87571
82357
9255
22528
71339
9127
43923
39938
77025
83528
24850
52276
36205
12415
25058
67868
70879
52413
25771
22209
59373
68612
20771
25487
64615
52035
84713
53276
38617
97436
79983
90003
48697
25450
91278
12597
93349
31306
32214
45192
88674
56055
64094
24853
9870
5673
3395
92971
66536
88421
71568
67342
75415
1472
58449
55868
69658
74108
28834
44418
49839
66661
754
28601
38671
31914
63485
62005
48743
68797
83539
61956
10570
37014
67664
47893
36898
55598
13312
87181
18397
78437
79092
88525
55775
25449
50382
14081
33826
49341
58606
77965
34014
34809
36563
61045
63980
59531
56799
99766
54669
94458
5136
174
38805
84682
87321
87425
78041
31552
53142
25743
50326
91714
49438
34143
43945
19432
81095
79181
30121
4768
67413
47580
2223
2139
30179
88783
76339
1253
39295
70322
45342
65596
72022
7349
66581
52396
12688
11746
41900
32395
31111
55959
17989
47763
30089
62004
94869
82162
44934
7086
80855
68198
11358
83816
73409
24436
91933
65249
77085
96634
65911
2782
92067
76025
42332
28406
19851
81230
52208
41910
36201
19785
11923
38300
75746
90285
27113
71077
57464
46787
23900
52946
55787
23389
52712
67102
88149
8807
8800
99481
46577
68251
53151
5158
48251
33112
97643
90560
17969
17669
39099
27219
44064
76478
88345
12522
68549
86092
42379
58231
82137
20407
90482
18502
95273
90225
28379
65731
47420
34482
78479
84729
98583
83133
78797
83609
19430
59830
8310
13173
59330
56288
62314
45707
25269
89630
77782
88777
48834
49033
35756
99970
53306
48630
35486
24455
58409
29890
43348
98852
76372
98617
68479
52076
59680
39184
6610
86673
58285
21809
23798
42621
32015
7428
22493
29631
42527
59098
43865
63727
18415
88927
12326
59176
46918
5120
20868
7822
96175
75047
89154
24454
13098
87095
197
49043
73645
76612
36042
74509
84661
79386
88015
12154
49438
89866
12926
15959
12753
30738
43030
61658
95383
85476
34587
16845
12971
6150
57568
44304
49578
85011
87329
52356
22400
70323
58005
43207
30854
14353
76941
13134
30589
64654
79640
26766
10989
48498
25506
21859
83330
54709
96100
592
5995
87205
59662
28824
83034
50148
8341
95650
72800
25926
57866
82195
34560
24037
23325
50815
22670
11495
49257
93660
10302
83518
77459
73051
87678
97011
81687
45185
33382
68774
84870
83402
1572
35375
1507
7553
2762
82254
15586
82015
81342
75939
12670
66414
9111
75099
33717
90393
20843
53708
7751
76537
15258
42739
50697
54069
32779
85557
88443
89968
43
6598
73686
13922
390
12918
18116
28799
89418
83867
54185
79331
25164
55380
74021
98254
23607
72302
66958
61363
81904
64667
91703
60786
34158
1991
74347
49209
17478
93435
19221
16901
29727
31049
56028
38065
54582
18359
23729
63396
14397
87197
9326
41663
86836
81933
18024
24734
87387
82168
50128
47656
76557
42476
99615
78239
97966
50907
69503
99055
91514
46761
19900
18830
54395
92502
26092
9932
42023
64740
26037
33985
10736
14813
79343
48576
4678
50814
43074
84648
80353
9749
93684
46322
44073
21099
88921
12779
49928
11134
68695
15246
68824
61144
39752
21242
92828
12137
75371
82929
83231
3550
88395
96749
5643
44201
3545
77499
20906
39946
63305
71549
16731
44427
50552
21149
71690
56781
694
44576
40589
63378
6219
15339
38188
9366
87392
7753
76893
90240
14241
25876
83259
73648
17020
48155
78011
97304
15045
1084
54777
40139
27053
21736
33847
30718
201
81271
99002
39476
9351
19326
47821
99462
33465
82675
98876
14055
11739
70595
2816
39506
18536
64123
98591
75190
73206
56689
40939
55084
18597
9576
732
10257
60310
27247
5895
64069
57729
84782
47354
29273
97363
42491
21831
99372
59257
51240
21289
65360
7974
86106
7450
43335
1137
45666
29034
68553
10528
19596
49251
97064
93427
58169
51543
57402
35184
73842
82704
11662
7943
67353
74241
17819
54960
98534
55189
33309
15180
15530
32603
63627
48493
15216
69542
39139
8552
32252
34616
98263
37048
44619
32018
65884
21060
39374
46454
42087
63352
3994
53508
58212
64446
95842
52696
14751
4839
95159
77846
88737
45911
65412
27419
87079
38869
28939
36009
26639
42494
15502
77479
41920
2523
56733
50073
56851
38161
80383
44330
8410
14519
4880
35721
76770
53710
46908
75692
59113
51868
32551
77149
22441
24556
45990
3400
84486
98806
58859
73200
1164
6469
58018
88770
84123
10612
29890
78535
32486
14357
65427
21798
39232
59876
21361
88697
24522
24168
10624
85529
55789
57799
97611
42868
37571
92976
42467
21923
92842
68094
72617
43170
11958
77353
59497
60543
15397
56083
43752
14327
62079
55078
83144
96392
36351
40556
93981
52508
63591
80287
19091
28233
36926
40970
83197
37207
85694
27125
90006
93717
80044
37572
74401
4950
45473
1979
47846
62646
56116
87022
65431
8692
86240
29383
98942
74699
25682
61090
21947
11711
6837
41659
52
32950
48361
1013
32361
89832
93848
27376
8598
89512
12566
5080
30435
40813
33678
18714
95297
84621
5434
92036
56228
24721
6447
22795
52360
25503
87425
7867
51119
84115
88659
27073
55501
16341
61043
68563
7587
17884
16589
33858
62923
75682
48133
56419
19466
7547
87351
4044
59514
2596
15206
12462
3371
19862
99597
15130
79433
77928
11250
92587
87003
34552
60794
63607
65303
11975
7465
79963
85029
71001
13044
66786
47211
74889
53399
71304
8251
12723
54388
44157
49712
71178
88916
79577
76750
53447
57559
83335
60053
44587
76464
20723
32731
13649
13119
20703
15803
24722
43083
76971
73752
1340
48961
91794
95108
51728
46622
54326
52049
15963
3099
31520
17769
40352
5602
76798
10662
19211
51723
29314
90336
69718
57195
84972
52059
21594
19452
69252
53438
10153
32749
31470
59967
58591
23760
10263
14541
23372
65340
90906
20107
55215
30510
86468
74338
97371
68783
26897
10544
2808
22552
32760
79983
2339
52560
83717
57347
96907
8352
65676
63355
78930
62129
95170
76270
10001
22585
74660
47575
95217
59047
28253
46146
98014
95662
3781
29961
33655
80381
4202
84711
64331
94131
28994
74643
94384
41848
64484
22552
30210
58919
61008
73021
26201
74135
74320
95882
85393
93351
28864
55283
21523
6867
81322
3854
17761
77915
24267
61182
36680
39653
71808
1098
45837
13721
11788
3277
23853
64689
92394
21212
2996
21598
34978
80835
85996
30349
29411
51887
47184
48799
73500
27605
91063
60233
63767
7371
94983
60248
31345
1661
6877
67112
43782
68995
3858
16306
61204
50521
42953
26236
43625
89442
51399
63977
55089
9746
10620
97447
99888
81466
85404
93545
56274
18214
37767
10560
43903
36778
43612
37558
72627
58286
99527
53454
72369
45789
66927
14144
96422
54049
51245
27335
23868
13913
54962
41586
60707
85861
75051
58626
53849
95142
37719
76130
87300
4378
76363
81922
25660
88587
62246
49962
6499
52289
91649
33484
60201
68697
18097
11323
53574
26939
93786
19707
11782
44847
50408
93704
72134
42062
6328
50031
62762
71014
34445
66072
79435
71823
63023
48727
54543
51226
10426
41096
73703
85356
73904
85042
97505
11508
2456
43306
88575
5030
84278
86118
27454
34002
70410
64153
24699
46619
37953
22178
1163
73996
68575
55918
13609
24595
81013
78395
48584
5531
9899
41420
93922
30741
67481
52928
24307
66321
59652
41482
4956
19293
53207
45558
25854
97662
7359
47102
27833
56800
89280
26383
71371
55
90792
88290
29162
19927
51327
99029
54303
50230
70891
76515
87358
49382
65998
97830
17640
50281
81409
22722
6694
93188
20990
83416
15292
4623
2134
57870
49154
97488
69911
26185
53186
45451
29490
7943
39169
28099
68341
92098
27666
52435
43377
385
21316
31011
2393
70246
3754
37323
94048
3925
76048
65032
96121
6655
875
89185
57872
28723
23549
64793
9093
33775
78606
974
35796
38807
70778
17304
60453
10105
40037
23128
93349
53758
81786
60267
40817
9412
95318
14901
66006
41570
76387
35358
98315
23989
52966
89136
78738
29673
87257
54666
10109
71416
31526
71182
53587
86047
30537
63509
75729
19269
9141
17653
4087
47384
70023
7815
93534
67230
53631
65735
40355
96265
80023
39281
6648
51060
640
8743
33693
14288
36948
16508
29674
57877
72449
18639
14512
63107
94730
85317
92545
67196
55016
61199
2426
70343
24134
46451
62811
57188
75826
74544
92324
22304
21044
43862
32708
40610
50138
6741
45264
90481
13807
31790
82331
19851
88193
33155
58007
43763
24709
3835
55236
75559
80973
99290
10027
23337
65655
92220
7814
28292
7082
59789
11814
82210
73146
70468
18738
37660
28330
9317
3315
16319
12618
17663
69842
28386
66596
26022
76322
39175
7221
27533
34737
57770
79552
73275
19649
76997
71135
70532
36502
63989
77825
30404
10924
86291
52465
42139
60777
59684
51166
48105
3815
20822
15841
55570
35588
60307
96224
49255
84531
99935
19748
62110
14228
61660
63480
20818
96414
55180
68717
7267
22521
6089
65937
67542
56464
57188
45409
55947
56806
1785
17137
23166
12608
49762
52698
44859
43957
84646
91079
39829
15560
43123
20832
45356
99780
37151
21625
1379
4079
43273
59725
44898
47103
3700
83967
31309
27477
19427
61487
80365
79896
66873
25732
90986
54182
36463
83256
81403
84743
74064
40307
88914
40202
4349
65410
7014
55997
28932
99959
46711
56307
21491
65236
83595
65954
87144
91332
92503
97762
13971
11146
77624
76349
20839
20891
77454
25440
97608
7504
61202
2538
41278
82899
36121
12138
14813
45145
53646
66665
94137
7508
36341
92932
23180
97672
47346
1151
66890
31529
89352
43387
37767
8602
51082
88842
72728
59466
15858
34467
54030
99440
9007
51131
487
7407
88732
37957
3351
53762
78495
20391
45021
47315
98063
81234
18115
57378
75066
58040
57474
94337
9254
75214
8301
99668
17583
4575
79920
4679
9870
64302
76523
66150
31926
72897
53800
76643
65943
72171
23486
77373
96347
21251
16632
72391
33424
42203
20805
54202
36711
67125
26431
3029
95513
96416
53148
14591
4822
28413
78304
44574
21536
61708
56635
31892
98042
3193
2657
77391
68101
37244
5479
9815
3398
24435
59491
66679
68215
1814
23790
54081
74393
50966
68216
26577
79079
84996
24518
45879
73709
81029
37450
35477
84261
50937
2472
47176
40023
99755
84258
95111
70944
68600
33380
92979
62112
96889
57265
51005
27954
67294
55942
50621
68489
16074
3129
16859
35286
1310
38814
51140
65731
22053
40792
70456
40802
72505
59499
22848
83736
97092
32988
13651
44835
84653
47082
82144
11089
2960
69445
14038
38381
28388
65769
61677
28760
69801
1247
70864
65588
20580
41178
80907
75315
98213
90797
72772
6250
46959
56340
89170
1862
85876
66844
39947
99006
81819
69364
36308
99926
15043
99020
68248
50941
83636
29712
50940
10461
62241
31343
17904
4301
90423
95042
31474
47193
16481
39144
14340
56026
63646
75580
79906
92508
17342
98859
53733
50791
54539
57950
33517
49080
49224
85152
30861
93273
91636
85447
74515
55454
53119
34816
31815
50340
13360
96683
22726
98765
42217
41899
59185
38864
94484
49563
41399
82819
32682
73528
82253
19869
40298
82554
11204
34733
25924
20857
29814
44703
47317
90189
52503
58322
3690
24614
68170
23954
54345
14768
973
67459
22313
39693
31899
14799
32730
81197
66655
57596
17435
28235
99959
47496
89646
26935
31515
98653
55541
95672
34718
36725
83208
3988
65588
57482
93629
9163
26481
48470
73276
54908
66781
83099
33339
62892
11099
18158
56751
89750
54426
12901
80888
79678
53225
40751
61213
15945
71643
83060
49103
63340
12809
78495
95706
98031
76611
51300
62929
41290
37409
57026
82521
49207
27804
65267
54688
61782
47882
45548
18793
81654
93292
34680
60463
35294
10050
41770
41733
67579
39161
90486
53903
34479
9911
7317
96346
87945
77159
39202
78794
92148
74971
24313
29437
70818
76617
45663
66715
61734
9284
68842
58749
46305
70741
2369
51119
29686
34770
21982
91063
70031
12352
68642
14148
94261
56386
64131
88075
92096
59144
87788
27534
50148
93743
23312
3884
73485
93545
15472
73891
43388
46736
73169
42932
76865
7254
17510
59742
86049
87757
1352
12201
83738
5543
20278
56605
45087
98096
94002
66512
14890
11385
21945
31461
44874
91075
7032
70750
56102
74498
97725
52939
47827
89520
19903
27840
16059
15384
57363
84541
2595
50136
92618
46304
68435
59437
38048
1241
74263
52361
71610
46228
55074
41190
40962
90779
96021
94289
15246
27471
52258
83803
44666
25982
6749
63230
34649
48931
26981
83841
53524
19441
63978
73482
70527
92712
35204
56441
64373
96872
46677
88910
51732
12008
39036
20940
59642
50484
87312
72893
6236
86545
44792
32036
60109
58689
97647
33223
20233
34387
88889
86571
95531
83481
77722
54534
66076
53964
23528
61006
76305
81805
22470
35845
44740
95126
79107
59668
74413
92254
65426
75785
13523
83056
5340
78850
46808
83417
23984
73082
94690
43887
18012
16839
59481
75205
35645
34900
85748
5820
3336
84949
95387
69483
99718
10593
17079
74607
56862
99643
54445
51348
63926
93458
27613
7194
58890
60815
78814
47357
20367
58070
54251
32375
13346
46315
61647
52057
285
25765
55752
92279
2060
77796
22522
59131
82105
75866
16764
3507
31419
37952
57764
58497
52182
45213
2728
61771
73329
44240
98845
85677
82723
83585
61335
38832
27456
9149
37083
34777
16325
57593
91262
45596
56680
42103
97831
71396
71596
20616
23863
60173
72740
73082
72359
6797
9299
91359
88550
44743
73995
3015
40641
19667
23478
8623
57532
41
62277
11057
43244
36797
47023
54843
90651
31307
90781
73798
85518
8999
86120
65993
25987
24519
19936
76500
82303
43611
23041
70427
86956
56730
83229
21436
76338
79887
51729
24229
1595
89361
89918
63405
88597
18630
35632
35667
54735
18247
16597
27504
83736
42373
2238
96303
18777
79289
64559
89238
58860
87455
13758
61370
33759
33534
84923
22041
88819
54306
78421
46958
32427
80494
98455
42287
86234
67269
91829
36622
31007
73564
62067
6880
59445
20309
22823
14964
31396
36336
58914
43474
76602
69898
83310
70775
5444
3658
14075
18437
69089
61448
46524
37329
57069
36255
62741
72609
32485
583
3141
62378
82879
82746
22884
79944
8280
5603
69734
25461
77011
87881
49350
9112
54523
2455
88997
45070
50905
70828
71337
93140
38628
48542
86207
43284
63691
22343
40200
37171
10533
96706
71369
60421
83914
94638
39545
19413
39412
35699
1494
37307
28288
82790
34565
65367
22147
68478
42478
7727
48188
21512
62564
399
96763
14658
95015
68645
59575
46108
91629
10747
19026
48436
74015
20762
37072
91459
99404
68030
85412
8333
55965
96997
17877
27842
48909
97347
10648
40059
33705
21474
86225
57436
63369
94035
93025
58857
43045
66572
34109
20322
27003
19172
25689
42627
50707
645
18944
83823
63720
28897
37113
92176
18022
43969
63898
13994
70679
17631
68959
19915
79840
75497
71574
53108
8671
80265
24516
53336
3118
58015
46771
51949
76271
23418
45940
64586
14628
74254
48990
30762
19709
80810
3475
62484
12229
91553
20434
67659
55425
12856
4885
8290
99188
97653
60159
38335
7247
95544
58270
41568
5963
75179
40119
55914
85157
28681
46502
27465
88934
7416
83779
84740
57596
18586
96448
61737
20518
32938
53016
26965
94249
15296
51219
94844
10119
91670
14002
5745
81281
9386
78618
61450
20382
29973
77779
93870
35965
18460
74017
26657
68191
57316
36226
61675
72664
18399
40834
85285
24862
72122
39113
43036
97105
99446
56853
75550
54996
99361
82970
43303
30917
52207
59550
93449
58437
7473
7436
37974
93375
13640
8656
19191
4790
97195
19830
35960
92305
28109
9153
91996
74950
79871
93621
6252
1100
3601
2895
94592
49097
87826
11507
91833
23809
68148
62078
33742
5616
84376
48816
59650
75247
56572
42738
28125
20380
66063
17916
60480
28072
82600
81501
39893
80866
74677
19346
97523
3796
76442
43776
11251
54547
61660
70374
27537
9672
92913
56602
92363
76015
72458
6681
43361
48420
20161
84338
71940
42289
43405
77867
11634
52729
44102
30419
46808
30762
28715
82499
64557
21509
48615
73369
91807
79237
165
13389
69513
59831
56596
70270
16349
92512
87031
8812
25378
49513
41942
85903
18939
64955
48886
30368
59351
2301
67534
30755
76017
33534
98799
13181
23133
72612
29314
16098
26433
754
19547
59162
12279
31775
11519
59342
37882
91941
40400
69002
57553
30726
83162
97864
66636
36345
67060
33640
62114
3126
90827
94524
46894
86501
82337
30873
83366
85835
27863
43056
71084
15306
60133
97835
83287
58704
85060
6556
47433
55272
60318
75040
96082
30642
12868
47253
46152
69389
97077
42682
86976
23906
50262
30775
70548
68074
98294
94919
977
33562
299
13113
14397
11647
98572
22823
25445
64082
57483
43488
91911
62781
33448
1701
15281
70027
16983
41309
51613
78397
27387
3506
54581
52757
20799
30451
10469
55441
93143
80024
53567
90138
20952
39034
69584
70003
85046
87547
4637
1190
64777
97916
97802
74231
73815
48736
46350
72628
32389
96098
94541
40493
35454
72378
9182
99258
81410
76257
68178
67234
71826
76731
41881
15166
79029
78589
91325
85999
5473
87174
42244
17671
26482
66183
19318
34046
16266
3858
41148
10979
6013
90124
83248
82033
12454
60054
13665
21507
5411
77518
93862
31211
53709
16918
16081
61810
195
50668
17664
19583
68717
65361
72658
45086
98523
10565
11538
1485
34924
30731
60958
77198
78904
42940
27234
90039
12989
1021
69563
78166
75795
30046
22029
76928
53538
24284
27015
10092
93156
76392
36904
68952
18793
45983
25809
13464
51042
81625
28555
5820
86650
81958
90259
78788
95319
18766
66578
48617
29790
47731
62078
5514
25562
1001
32144
53416
87401
89833
2485
25197
21237
45232
79500
69481
72076
89879
34676
90848
71230
65586
46620
26512
79495
37070
75494
59439
36801
55099
26335
387
93428
89844
30101
19500
3051
38756
34279
71858
3678
72370
48517
40770
98972
6114
34956
17642
79508
76590
67816
47852
91159
56687
12284
98384
66160
65513
88840
44830
81265
16325
95930
32910
97017
98463
61231
42792
62275
7760
79753
73263
39003
23980
75633
67222
13679
83538
93714
19938
13802
11092
86877
47210
40615
54551
15549
41799
62452
14639
16980
13425
87079
72337
33550
90110
45921
95374
11794
56824
78251
48398
96782
21144
99222
40526
50117
25025
72042
18692
14058
66823
81653
55539
29116
58324
24928
86544
88004
17838
90741
22690
74869
92281
2143
2143
95543
8701
32466
47284
51863
78854
87330
61860
51117
19189
65344
37129
70288
3016
71701
35561
13997
31628
60942
85999
14928
96817
27805
55144
25976
8470
48417
56790
44503
77841
97976
22484
90808
79615
35643
85059
35279
64010
52534
20001
31697
53945
24503
48662
67765
41698
97823
32042
88170
94492
62944
74196
80354
89086
39163
10298
38672
21731
1349
75933
38695
81740
28793
41444
60195
34426
45813
47961
94666
32343
53883
203
61283
62483
25915
55236
33742
41537
44693
96059
49733
91279
19538
94243
34608
61846
7961
46791
21322
21903
2337
18968
89836
1605
15592
37063
80892
56775
14420
52889
61458
20873
3730
45242
32112
25085
61833
32687
70253
96270
62290
46674
97259
87514
95408
54382
42595
56689
20029
26605
53330
84684
34575
17590
63671
16854
55231
60955
95827
18798
28693
88615
10910
60649
87093
48148
66537
82911
73504
28067
66443
51198
27874
203
6628
77300
25255
53725
32428
69630
903
26283
21409
77365
80104
34330
98063
9499
54514
66914
68059
42548
11357
35024
32124
78790
26985
62069
2670
80680
82128
60130
99840
86491
42563
61325
47924
7248
76002
63990
27951
15657
43658
9295
67732
64011
13272
25539
66770
9944
89272
64535
60170
86427
45334
7351
23066
25543
74748
35137
5032
34343
44813
44822
62619
25490
52919
39201
27330
25405
34001
36237
6257
18286
61737
23398
63077
35630
19188
29379
68205
67788
88443
97820
38667
56604
23458
25419
10584
26327
25384
70325
192
23760
35534
45769
12879
68003
97530
88581
54021
55173
17241
32613
80207
24106
66784
23002
4967
65351
37180
78810
39216
47626
43157
48797
3367
43449
23176
7879
95432
58792
57889
10319
37414
10375
51088
49762
50905
48611
78587
75922
32060
94242
12554
83083
5950
42337
71477
16530
40818
88604
29253
39581
93845
49848
40816
66131
41800
82951
6256
91447
22285
54863
580
47374
74302
79894
42052
67252
20442
19964
58474
70499
77289
38509
37824
67172
15443
9374
17359
38786
16083
8289
73547
73212
87107
56443
24177
18736
8598
43150
43497
75142
74761
27794
21435
58180
87444
9957
68742
57832
34964
61086
81341
60520
59230
31011
29191
20704
73969
78340
27672
48313
47395
24956
82791
24992
3753
1793
75434
74391
29893
35559
64434
89526
95440
24217
43416
63725
8055
62819
82164
80728
28942
10673
19695
94237
67972
35845
53259
67537
62658
33641
85184
49760
20714
91980
47761
36958
72041
68483
25298
3350
32708
51591
32043
90940
30881
1195
84808
14160
82624
3018
29979
70287
34116
25395
45975
46062
6073
37097
44305
76305
86008
30509
35029
41244
14469
95736
5738
85888
2509
8094
87084
6960
99357
23985
42452
80743
1648
28270
24549
98659
58557
40060
87454
36465
80762
63197
29138
7678
5449
62765
66483
42153
4400
59560
12532
86713
47704
60776
33967
46288
51740
87009
15786
71268
46831
13231
49645
49552
97323
14518
92560
80284
94824
96087
13423
90316
23962
91599
56240
4152
69268
33687
1036
93479
91623
36339
96043
13310
53223
80004
68108
78382
11133
57210
92166
45641
31203
18998
15171
46479
96529
60594
85079
55851
97598
98558
31238
94479
94876
20995
79017
35051
38852
37468
58496
23667
17387
15877
84770
33737
75732
69851
45699
41098
20674
52082
31831
46375
77013
16555
82851
73368
11946
35788
4993
40787
80904
97923
34736
38668
77008
62960
85469
40552
85562
27402
15895
47831
54851
32235
1614
93614
94988
50454
74609
30057
7703
7210
19318
85307
31668
18204
78481
4034
60337
80073
27170
78999
52266
10296
19186
40159
7477
13543
96440
92560
27699
46400
78975
84550
13134
63060
20992
43849
73938
50827
26500
40561
50688
6184
67175
23433
44837
59698
34546
28505
57561
31156
88789
77734
23343
85136
37252
69279
3289
61573
87201
10815
72397
75917
69389
62606
94839
19133
21679
37997
31869
39040
55276
55583
67988
51398
42
49519
72842
11672
39920
22253
38596
76530
4677
67445
45581
97920
79947
99893
12603
21957
34032
4010
82514
9874
36911
52724
78575
58921
64635
54622
42547
77394
40549
58754
31628
59849
63734
83713
8054
16068
14580
40440
2556
30523
7634
86651
70857
67816
82594
84892
90999
93984
85805
35902
68533
53589
96643
24309
26469
28126
95835
44664
57366
2598
56091
72349
6065
83939
59324
6160
33288
47558
9306
37149
82715
36352
13772
91802
37119
366
55776
56687
2755
44622
60563
16426
5452
47696
91222
27186
16692
24240
74108
3801
53492
30942
63289
20281
11961
57279
2223
10614
1197
99973
30393
9630
41521
93168
12841
92145
79033
55154
41302
52687
47110
16822
67107
17811
74678
17079
78028
98335
977
86091
23962
69811
7005
88475
29609
16084
14949
65485
6265
83054
38670
97729
89357
67531
90621
8114
83566
9581
63630
38488
93157
65798
9533
62814
51573
15686
30925
44791
41389
93634
87138
8396
13419
44936
91045
66180
72045
75903
39406
41980
92784
5291
76219
32248
77639
27140
35876
73371
33975
63533
50947
21070
83462
19902
37998
2416
69016
55202
94106
70982
29788
44592
46588
81311
56848
43247
98957
151
25584
56483
7218
88796
24703
83591
2380
23390
66316
30625
47381
68207
66736
80809
79672
80677
33429
70353
44250
6326
79994
42139
66229
16826
18073
40092
46862
54983
42797
63005
92435
76766
36656
18156
1555
22375
65609
2279
43105
5875
30808
90266
54490
86036
69482
30464
77792
69835
69322
29461
30074
4428
72146
59021
73289
33447
94659
33125
9133
29102
86820
84023
74667
62865
81595
12832
55636
44369
63839
2356
66158
40709
582
57702
65826
86458
30150
83664
98231
8492
3410
16979
38566
19092
6777
6233
32165
75839
73742
72532
90733
67446
9317
90034
88478
60926
10094
96982
66500
37440
61563
85116
10508
51611
33859
18161
14311
72320
77309
98547
79502
1699
39927
35597
30401
23473
90440
68126
42515
1803
32499
59741
92675
37437
38360
16052
39477
89241
13666
69633
33777
86062
28861
40752
40724
86439
17325
9703
27176
91759
45493
30091
31345
82282
6024
71423
85105
24814
71517
4141
3668
95860
73300
30505
92168
74694
37528
20731
44200
87087
19095
35351
23456
22322
22812
1974
26368
3615
90836
67458
20989
65258
65533
64972
45378
78516
7735
19478
27323
72745
61801
64911
56520
18187
10911
61638
140
72574
58736
83736
3253
44910
6898
92231
56655
96718
71570
22621
46393
83548
97123
92863
21668
37691
79888
81432
30734
6808
10924
34179
78088
92585
83079
33384
50428
78536
84706
2759
43754
96734
20073
28101
99461
59494
54780
44885
23389
73965
83449
81277
18537
65067
56500
47900
9503
55382
82981
34139
74712
89366
47250
4833
31091
43642
38712
90931
35107
35166
95869
33024
73933
24675
8626
67595
21008
14139
6089
42434
21343
53790
81004
9877
53712
6839
66574
74335
89177
68148
86525
64051
28419
96876
45118
56116
53951
2516
10219
8459
77519
18761
69603
42870
97875
10293
8320
79081
9583
83839
63279
41487
19637
16738
60114
47330
35406
73799
26949
37958
84782
56353
9861
33280
17414
16181
85641
73574
14485
71394
78861
62527
3774
81362
42340
40747
36572
73435
52742
99885
33526
65454
6360
94142
47602
94968
74063
18124
24073
48577
88932
97817
59843
82962
95286
84956
77353
42954
83593
54098
31976
11358
72216
76459
66021
70293
73943
84863
7334
14444
2982
50155
85972
32888
36361
60962
8541
68058
42624
35944
86530
67918
30246
462
62334
70584
48384
28087
14634
99374
93370
81424
53442
681
35769
86453
34341
27080
84916
39917
31305
53710
50456
80228
7992
17264
43782
48973
18505
83802
86137
32284
50349
84115
54728
99177
94699
3531
3365
47426
92040
76802
39942
26612
54909
18131
29489
32702
13646
11386
18609
58839
65983
96226
44744
42988
36744
12101
2054
74644
70061
4014
84595
10059
83253
51430
17043
98224
8869
54862
13389
38333
39387
3457
74815
73540
67677
51266
49413
75498
85569
49929
28429
89531
62740
21134
46422
91235
78612
3487
85997
51883
21061
75327
61725
22222
97510
37519
72390
22076
26287
38439
65901
66637
89165
37093
56986
69392
29592
29744
74227
36355
75363
10413
90042
6600
49343
96277
4889
45
7352
25259
15273
5020
8411
24994
94069
75372
79330
59864
51207
9661
82924
85976
22966
53501
37183
82673
58899
141
61313
83616
36850
64113
43791
450
38585
68101
37470
17751
61206
14133
87238
39176
22848
6797
86842
81689
45067
58371
43255
47191
58878
33594
99296
49087
86597
85284
28216
35044
97403
91044
67585
26627
21013
26059
4024
91489
30868
97272
55233
74453
75921
20218
21206
40093
48444
41357
92677
21308
24137
95957
11556
25901
443
44422
75488
26341
89087
48406
66646
46616
89709
32127
63503
64524
82845
24035
63534
67739
32584
89275
4695
37636
81908
44386
23997
86142
57000
92230
32605
37770
70763
27355
18630
31495
30300
39857
11173
15311
8344
89209
52110
20034
34348
28673
25789
28349
97450
35554
90987
98
30517
42932
44391
75456
62192
74453
20304
53903
82128
55324
97445
38815
63567
9895
40390
44997
26919
59015
50629
89625
8223
98822
40143
25857
17127
76711
69055
32742
30493
79912
8143
45074
69747
17465
96848
92523
52786
7325
67914
18581
94568
76911
920
66811
54401
47619
48661
54383
92543
1657
52760
1014
3854
23024
27819
45234
42084
63505
47076
59244
34782
9303
6744
68717
15856
14233
81103
94456
70523
21369
5854
59184
95648
16619
43424
44548
27424
44898
90576
41005
77896
72426
86116
6369
51977
97107
64404
37573
87450
93040
79057
64597
71847
24930
90411
95538
42140
83471
70222
77429
65885
73769
27536
88697
35738
35414
793
46042
83184
85046
92971
91018
31893
50084
48911
19786
66274
5738
86993
33228
86601
36513
907
14043
58524
18119
41541
82441
41808
56028
73824
42721
836
22892
78898
9257
57712
8594
38074
92336
47701
33931
91776
31805
76345
81751
14046
89619
57702
67825
81156
51166
34019
7820
41504
39625
38539
36434
13198
17645
65198
105
45595
36275
51657
75651
81556
92330
65397
63775
48293
72300
6550
68590
86412
93402
5665
2144
99122
531
99821
46379
66585
41645
16245
64044
23966
23489
79085
74788
46009
44610
81978
2995
15809
13237
36773
59871
80939
83886
17039
43879
16228
88432
63939
30841
19186
94925
11578
77815
61468
544
19131
83376
7737
53891
67841
30943
91920
6186
92409
91558
10059
10966
68354
77819
48850
27518
69589
21646
19441
34576
43754
95124
7175
27659
26799
5897
79685
55996
32825
76389
18152
53091
10401
59622
49479
28774
52341
53440
60775
19970
82390
49696
71785
42432
19280
95264
25729
46335
36322
47708
34564
54907
92987
80009
80719
57138
13856
25979
34169
33169
29871
60802
91008
14066
77001
79616
77730
16482
68215
71109
93986
47100
16127
82845
85869
41750
85660
40325
51606
89771
98829
12790
82058
95417
96967
15306
29505
45055
89720
98930
79967
81353
84615
8540
76651
33873
96235
81413
5111
19197
79820
18667
4328
3140
20512
86451
12136
12607
36561
94039
88306
95317
22443
51985
84072
51853
66170
35046
43005
6428
23967
61826
24873
40240
25090
55877
41497
84482
9674
71486
81584
58774
73360
51455
80163
45261
3821
33876
57447
8557
46414
40226
11841
7429
28806
58112
2293
95345
7768
78507
96288
73906
75216
59594
91537
45733
75178
67112
41783
11472
38486
84591
30098
69412
37841
95937
36710
5543
2289
17511
42590
6954
7225
97225
94930
92078
73696
4080
36096
27580
69091
3205
63791
93574
215
48620
46863
66367
29312
28810
68589
11091
23769
68633
7237
15332
71033
25177
92316
49271
51698
14892
94181
7872
65782
74635
14516
76296
49863
90252
45682
60983
6085
22879
58088
45745
87924
25365
56399
64737
52185
69038
17853
32298
91882
94521
88860
33455
10420
59336
69724
58242
83955
79809
61554
58036
85859
55052
84288
12734
14859
16804
230
23888
76765
70482
93658
90771
18592
79977
63738
83925
3456
1605
85395
3819
44780
91039
80747
1073
89162
91155
22342
39060
48675
58423
58657
99741
35428
806
12199
69208
43873
81093
51033
90716
59674
86166
75657
39837
47846
74907
94907
58925
87459
95298
86931
86197
75342
4708
54245
28529
17050
36446
85516
56442
59762
30375
30944
44784
98859
85700
82988
43248
7559
17
29652
37150
97340
30274
13685
50764
15765
48518
87763
53068
27906
68122
3099
48842
7706
84645
6911
76890
86464
9580
52794
91513
66996
74906
47276
73387
14135
51752
65695
1657
74872
57380
71052
20311
64734
21327
60559
48810
80970
43704
46391
19448
67598
6537
49475
72081
62600
92431
48157
626
3330
23972
77201
25113
52607
61964
16807
58123
35053
90927
46185
45051
40895
76256
61751
83934
62727
99009
76078
72469
79701
61497
20493
87347
93131
9701
71591
74212
47674
36973
9893
15281
43077
17576
97505
46093
52863
68319
30886
12842
18434
51878
84665
97418
79678
16349
12966
88545
36543
12161
15795
44275
9900
39683
9784
73665
84602
58699
64960
63550
72832
34365
82176
90154
31591
3367
89487
84619
4653
18679
29947
66596
36327
71688
98204
20667
22062
96361
58752
66633
19222
31766
44788
66601
40292
56419
93392
19339
90317
10791
20087
15483
90563
92755
73849
65971
51177
44830
42213
70469
17061
51799
95405
62566
13221
32600
68254
54176
58519
41350
79152
2829
74
88936
76428
42457
44472
58839
84243
50775
26499
18644
92499
74519
61277
22205
98189
97563
71514
56453
59299
16338
67959
11597
66550
81988
88249
43765
73167
79344
66977
55098
48339
39083
18134
37904
36145
21297
59981
16672
8465
66270
1990
74572
97755
81336
43632
69556
83551
21539
5611
29211
85186
26138
25579
63269
82444
93078
2393
47972
45717
9145
65658
17471
7760
4834
80623
44009
50205
69814
72390
856
9776
47439
67966
79777
31472
24838
9868
78290
9011
48965
90764
81053
56405
28294
95103
34396
48811
24956
10696
53391
55617
2673
90905
6785
64281
72192
6404
96686
59474
67744
24384
87149
78881
95640
92638
38581
14341
19201
86141
73397
65012
83038
94515
32398
77850
34052
90239
81064
29935
66575
19464
90311
17041
4699
18
47167
13335
36112
94437
47454
58189
28666
49841
84741
7866
93403
60960
77671
62147
5926
17851
71233
39009
61764
45608
6612
24043
20774
29806
78974
65554
90646
48478
92875
21143
10215
99082
80919
87059
19567
17238
72903
57728
45801
32918
89872
69595
90850
99339
90335
80792
80887
59980
14387
26112
25628
89945
55506
65408
40242
59317
39556
12753
2562
18195
5822
93573
53992
95804
65881
27446
3727
39336
62685
75377
62817
92129
64440
22100
17127
25337
5697
86309
46385
92415
31541
64732
10279
71545
9820
19540
51958
97558
51081
12862
14325
61961
16223
77004
25125
77341
97796
84486
83134
60727
32500
48105
69625
89427
39618
37977
16825
22384
82959
49885
88200
60291
22338
97224
64196
38498
54710
27472
81444
8173
44777
83345
43474
63216
10222
38643
6588
13133
57671
39311
45876
85336
62083
71328
23183
64291
44467
58786
11409
39481
30640
67881
77637
39313
67241
55531
91370
73927
30240
54946
3544
96242
85940
34700
37004
17697
54771
2758
39780
82737
84141
52340
78766
14471
58198
62682
93296
92803
59546
74436
85640
15906
50810
56847
98578
26096
62399
71834
18979
51939
56868
18682
50724
29871
90048
12351
20301
20652
4369
8190
14082
28655
70834
36420
97515
65280
42620
50789
33415
71730
95529
27587
99006
30925
8333
73550
99536
53490
79507
14187
90061
18586
85934
37650
46371
86762
63873
63541
71061
79043
32802
90880
81401
34172
88732
54978
1908
14208
65126
89032
76442
27612
96818
43041
22144
78498
25102
59984
70705
30917
50675
47172
81195
97822
75150
9335
63099
25808
71597
29229
18217
48752
89880
91385
95727
26180
33533
45160
55984
65456
41484
94318
55526
50835
70152
82140
98266
66983
99277
13397
46006
9704
78284
17534
45168
22459
89086
11012
6044
83663
25924
60987
65867
96790
83176
87396
77679
3020
98020
65974
93203
44436
16438
10853
49865
54722
38227
22154
29586
43846
49528
81304
30144
73408
69856
64834
78662
90124
24660
26008
21169
96336
4193
62886
42198
88505
84763
51261
4058
87303
69418
71440
46632
16228
51702
98908
55511
59608
18303
60683
88746
45367
84267
81513
50655
53156
97911
57086
14921
44214
61625
94982
28561
45761
89490
58399
73413
99787
62953
32500
22399
3751
51762
8731
4112
29040
38943
48593
81165
1927
25822
45046
55240
71348
95891
47141
34959
67973
84838
51407
41430
79858
38060
92183
80737
31390
36763
82293
82654
54275
39036
65330
90518
82026
13256
41319
88442
82659
37772
18618
68980
68289
3017
26679
76841
84817
80018
96633
12407
90113
12750
79659
42590
74871
50855
26730
45937
66765
63937
97522
13932
85566
69018
1182
41067
84559
58640
97117
62546
21915
38729
73
40364
54567
72530
40529
56029
36741
79725
28783
41339
35395
58354
59095
67396
45709
81200
68874
16435
1109
68023
37121
81049
24419
50359
66218
71082
59388
26551
41627
59656
55132
51277
5190
66776
49978
16021
9445
61410
15725
54787
42753
61125
78532
52808
28001
22111
28432
45075
1269
41828
65902
66234
71104
41527
10966
53709
43854
56535
17984
11888
76082
38485
97592
16786
81115
65533
46162
77785
73578
64151
22727
75918
83095
69225
93462
66591
6343
87940
84653
68737
95247
87349
46466
62098
98356
95529
31915
79650
82279
91884
38087
13174
60592
63402
39983
46522
48678
20603
71267
93362
44770
99397
70758
44003
9763
23234
18684
19361
81411
63710
32502
89209
12080
17158
78544
36571
63528
9792
82759
40435
26975
54623
91536
4919
62288
9607
41863
84634
66164
28415
49029
43151
85954
52704
9596
34343
93144
67935
47587
14821
18462
33542
2581
79765
29254
2647
69887
64151
98932
66546
54985
66720
78232
94837
97104
34984
28465
93313
50117
96147
18076
68651
82856
31026
15546
71459
75487
65888
34065
87349
43784
583
96368
59529
18918
425
91737
55740
46831
53989
91434
37442
48277
39309
73673
49747
98325
46945
84731
26912
42408
79946
28914
53
64910
87946
36836
1310
65855
95478
8824
81787
81440
53026
68257
99411
4929
73437
88248
87197
25883
16006
74350
82480
7724
45889
95773
83265
66330
27455
58146
99159
95641
6764
1937
81220
10186
570
92390
47589
39008
37082
39202
69899
10609
87167
47157
49249
14370
83767
52530
89908
10298
52001
44342
73933
86031
62768
4375
50543
27680
78608
25369
80344
79415
82174
82935
16412
15598
64869
43437
61741
38846
6033
87484
15726
47565
91519
16645
11107
87299
4590
89615
47200
11668
71772
3309
45272
30720
61616
94211
87523
17193
15301
85804
52468
74483
34572
49000
26347
44058
64742
74269
52745
44568
88271
76481
80751
90131
87954
66488
85718
31028
47774
27095
66135
96497
34221
25282
65092
96343
41201
77426
25491
55779
87599
59743
64421
16209
28172
22294
44004
33561
75624
21635
23544
45378
34576
34548
948
58013
16571
53289
90169
26086
39371
91394
35811
57789
13472
48323
36040
81683
84125
91089
30624
53276
28098
11509
12154
63023
987
8818
35426
31263
93107
29129
32469
40192
79809
65601
88835
58133
45554
86129
572
57168
20107
9034
10662
11626
89984
91413
18738
91966
38569
29719
68543
36272
24288
97605
43857
89877
27824
62184
45517
52567
86545
26596
79665
62348
87153
44141
60524
74960
6038
37215
19740
69100
70864
32907
18761
18750
66663
96353
80709
26067
25025
2804
93862
949
15916
39853
90136
6709
8268
72380
68842
65202
77674
34514
18517
29307
17346
35272
87771
85842
51973
77524
69864
47793
63175
93544
95120
31149
9976
94654
70307
88714
68037
17319
64743
90905
17347
23543
19187
1892
79669
79546
45434
98308
44221
93399
92076
17366
22922
39719
75028
1337
44984
37443
10188
26197
34709
75382
39990
63635
16065
99432
15636
27697
52940
85243
82441
99992
64934
20576
16971
10693
55136
12737
81587
76516
48519
18194
94482
61364
67448
63849
61493
30549
64238
92422
79687
15263
89760
18037
2160
90426
1858
22304
48481
96079
7594
56084
55858
145
89375
37606
92393
8735
86521
53697
95662
79029
91121
77664
57395
79385
69767
14688
48160
71454
41304
73609
64737
59896
24735
42573
87263
66733
21183
15282
53232
39394
9130
74396
91094
94218
13076
89188
7473
30447
52408
25626
88888
23706
89411
98791
61418
22469
73229
19947
49872
26237
20021
3501
91799
19917
78641
2771
91073
75336
5886
37669
40809
7864
15680
62297
5998
93809
72521
95924
32527
12527
71101
6951
41158
76146
81219
96170
72520
49318
39934
73033
72370
41621
41355
56587
45086
76012
8577
61396
57804
98168
31935
47950
47590
93598
23120
26990
69715
22099
65627
7601
26340
62393
38613
70095
31835
83763
53436
26402
3468
26002
69969
Time spent: 88
Itarations done: 26401553