3025
31814
82688
5005
21898
66126
24948
26353
58427
85652
62132
24497
29817
87879
94064
67653
79978
87840
91298
85281
84509
99205
66744
64975
11918
84274
37377
84027
76254
4923
45013
85702
62896
47699
72079
84211
21466
27976
70776
96900
97653
472
22230
57367
19204
16382
55943
58989
60413
71036
89297
14814
84135
80193
91843
96780
714
7957
39793
34911
89140
44808
2359
15472
97348
325
93514
15929
75778
31935
30251
54177
1140
78376
61559
9625
15800
4561
71121
94552
42259
93133
11102
15579
31934
37240
94465
67118
72762
98927
58838
41389
11113
98035
16271
22845
40076
87591
20093
58795
68390
53438
12610
62582
12129
48186
65518
10802
44702
32596
88686
41905
99812
51067
62348
49898
46720
12183
42780
93962
47507
80125
2153
12430
61965
8218
89558
37905
87349
62037
42061
59220
7407
86196
32187
65464
77957
66341
11378
37511
94738
25823
97709
23268
73310
75172
60588
44292
20539
1707
75139
33466
92491
46489
54654
96118
14527
66325
20725
20249
85997
19612
37605
35474
4092
46594
19835
34830
19304
36911
20337
28770
78332
90376
19922
96477
19420
80456
68594
36051
59779
24240
74004
92167
55089
47477
93082
57493
17032
8818
59145
2443
46395
13447
68658
86767
76485
3077
59355
46052
24425
56621
34568
26344
16366
73834
27388
60943
86726
42864
52662
44825
51281
11847
64872
64197
19246
94585
25557
81376
40477
40805
85243
58479
80460
92618
1701
27333
78010
30553
48920
77574
68390
84867
19275
40070
48044
50868
85182
88605
16222
549
65905
69203
53457
27125
40198
93490
87218
93867
56127
204
50987
84179
15664
97233
64630
65925
53559
45509
51093
89782
87501
35619
57322
38740
89737
38192
65754
33879
19067
79890
66790
80146
56561
8292
12400
5097
8326
60985
86305
3452
74316
46861
7180
50763
33454
80923
27860
90652
62205
87820
5772
31773
86295
3896
97638
13039
63363
62693
74933
8650
8164
44668
65701
48034
1291
8304
2998
20108
67412
96837
598
16068
69681
32511
82529
40458
43232
68561
64604
86343
82563
68060
23315
27178
5147
18307
90283
25299
36741
69626
78930
94984
2635
8211
84092
86612
63478
34134
95048
77715
4347
17622
27708
66558
71356
49429
12722
64383
51369
84417
72806
73569
7301
1372
84826
20688
13978
66655
49972
85803
87692
94446
88866
32353
66354
42149
37462
95565
76530
65946
44369
31589
18689
88545
60512
64401
12608
98835
68032
93023
71162
11472
16892
37697
12642
63334
24865
10423
79212
13348
49426
92605
2316
42344
58504
90541
44584
20427
11158
18136
52181
20752
8914
25402
71584
10647
93884
51232
20383
43722
50675
29372
53010
9873
15750
17660
29158
74038
10059
52333
75199
49111
88610
51549
27046
3577
44106
5288
56653
263
10859
92391
13791
98993
89887
59726
59692
33010
56441
83358
29864
86693
17175
7077
39590
60395
55726
19729
37570
7172
42714
89587
20643
65687
88973
21288
45697
93799
89297
38935
13632
28102
38072
27496
54646
56126
97849
83927
14117
89969
67274
39284
24013
72790
25727
13584
46032
32897
28607
56279
89555
24103
89430
6969
40026
55550
12686
83306
81519
19398
34933
66069
61006
70578
90615
4979
21261
99200
43841
13059
24327
63312
17693
52226
98128
17325
8561
38282
65096
79775
94615
9560
53540
32962
34712
10276
50035
36607
6879
36933
24245
67821
53960
84167
46353
70465
88106
5004
21678
8443
55489
69757
87083
69492
77959
67635
49391
58717
69305
45647
97348
54423
70387
20466
85508
72718
59587
30708
70988
1910
72882
19370
82145
22913
11278
49239
12019
27641
22453
57638
58769
83841
18121
51134
80366
71835
29026
25715
91422
36318
5347
73386
6334
54689
41971
2307
24795
22268
45214
54264
63258
94359
60458
50703
59074
5244
48605
36478
12794
5039
33339
19124
88535
16722
40882
20676
62299
17741
19279
68940
93824
93249
55201
55585
98757
91331
2812
79573
14893
34517
1499
76137
88702
6408
87047
3926
56523
37442
94340
25896
58590
59606
8716
73146
3408
86336
47841
25132
95077
899
46273
74578
46739
4231
70867
70849
29653
81476
16737
51711
49250
95456
20706
80109
97082
4778
82001
99960
672
34528
98426
12977
82110
98263
10287
57102
40554
81437
94112
36414
93889
48487
63467
12209
50398
28415
15196
15448
32566
67076
5948
81889
42072
8250
56074
42944
37495
80159
55825
27672
94439
19245
92213
44315
31532
58856
23998
13372
15167
46870
6961
18488
847
33382
11967
26243
29668
87217
84255
1463
74724
58362
64007
10766
24120
2316
25428
63784
94799
21918
94411
88897
94530
62390
73324
78263
88180
16118
35524
65589
78778
55145
51925
19270
83907
11369
77264
43439
73607
67151
54687
79929
37216
2308
93826
95264
63517
67404
39791
18543
51035
17806
78279
68450
13493
48147
15513
70576
9200
12627
30761
19907
2549
3026
23918
87521
60803
83344
70969
5431
14
47656
56075
88982
20165
76083
70655
72335
11542
12685
57000
39302
71856
78668
26817
29157
46765
64421
3535
85054
95237
14756
21309
91269
85578
33108
63353
14738
47964
82523
37553
26236
44979
53932
68308
26998
72906
5506
30068
47735
73435
50827
60319
18700
17950
88145
67516
31864
24725
18165
93002
29189
83112
93636
94967
54680
88199
80402
97247
2055
34444
86651
86087
74785
77432
34771
43940
50745
49164
8510
80957
9785
4199
7080
62049
39336
81469
77384
30210
80462
89744
75718
95253
14807
63493
31115
91213
21477
90281
43918
5339
52131
80849
55206
46978
82437
38698
65389
55558
98520
87223
63592
43513
68151
29396
53357
32146
28156
47454
24746
66313
91907
98236
28131
87213
43716
23576
50707
1700
40593
74530
83244
11205
86048
43261
91606
53707
75497
7043
75258
68142
38301
15108
3277
12219
17605
90951
67315
51830
35851
80257
80511
93059
91236
47710
81505
46256
18347
14760
73555
95739
24832
34791
40128
98364
85206
22161
30419
49571
32739
87230
938
36429
40884
80758
32566
43839
26798
17953
16441
92203
41251
34974
16584
62739
31589
28819
72318
10072
77399
45319
99389
70790
2137
9347
85062
51400
58215
36362
49566
19415
67925
25066
63910
27275
78034
7203
72403
70401
52032
22454
67130
17855
80721
93864
1205
56941
39229
2410
7760
61528
56488
98081
12478
27950
91858
39219
88866
22069
32791
21927
7533
46376
37323
46951
73406
67022
45626
72738
28123
37192
76024
20271
18768
15487
2553
27776
98656
5786
83560
1579
31064
38529
73785
73103
12590
72441
6023
51470
19264
20414
72652
56101
5574
93620
72227
24437
54243
13858
11790
16103
82918
65740
71680
76786
62815
47514
46363
82580
93965
32166
72146
58715
11838
68887
40664
55349
70949
39097
75608
67503
62471
30881
19409
6232
74917
11077
36478
63768
99654
55182
90055
66651
16284
41808
90863
77749
66886
30689
47482
90587
42615
20986
70733
57559
61398
30179
97348
7360
11194
42854
1805
36362
69774
53427
59463
3699
88977
67185
8981
20439
49118
29964
37497
99533
47488
28378
78161
25076
83834
39704
66354
6975
45251
13398
48267
10247
73098
34612
73549
86936
15331
54238
32292
93036
29112
69638
15900
42839
558
5621
91227
38744
91199
76115
77878
15867
4017
3640
9661
57650
85831
35817
42929
71219
47388
26042
46912
59367
87665
38887
74116
89809
54694
99851
62504
41754
61661
33842
65384
4870
4059
27046
39811
16325
91370
2843
49795
47916
15041
23984
56712
97123
23452
20452
76060
93514
64115
95285
77075
5006
83528
79062
89681
17318
45901
87865
61901
64292
43414
89218
80051
6819
22688
95840
23952
93726
44848
88020
79824
89264
29865
11982
74700
18718
9754
13822
27892
66199
29806
46453
37417
56801
92151
30414
32299
69086
31809
58503
25236
53268
51763
8913
94407
75447
20660
71840
8012
68942
54428
546
80660
49993
61389
69382
16817
47027
29360
58538
53262
188
72821
88080
59881
10991
38366
92304
96094
60696
87477
59533
48829
70447
37083
62155
97218
46174
40411
67081
59017
36970
33313
47709
74270
36857
54566
15092
72826
76812
72541
48223
54090
86391
15223
31135
79706
52468
5706
98041
42906
66367
51115
46752
31832
30040
19312
5366
48407
87007
64802
27531
79176
54358
32946
47551
40028
58456
79856
48173
32837
18809
94297
81124
58776
82140
97473
33269
30449
81828
26733
49742
12934
86627
80048
9479
2502
7007
9532
98274
20950
47462
4326
39831
63398
28760
95843
26231
87866
55417
51686
35822
76070
70524
98442
38730
26595
22619
28147
68048
64003
67420
98373
78197
60379
40993
31667
21038
69469
70353
56556
45027
67767
32494
9316
63032
81815
33484
33424
40389
56418
55566
71903
26364
84630
12038
46679
89378
77086
57285
58638
19193
95618
22396
22248
27733
14092
85643
69392
14251
98003
41434
18505
60308
13618
1420
7151
85335
87300
47043
28845
24504
36160
54102
98237
87239
82274
26806
92692
16872
44454
11296
82864
99821
73921
6767
70009
66079
63213
56095
93624
81923
11290
77253
59391
60446
72000
91846
64465
5830
47987
17704
64832
63267
17561
18779
37751
67989
98181
47458
41221
74096
56960
71938
61974
96678
75932
54448
73663
19223
67823
34880
97706
2332
16694
78767
70702
79529
87036
68593
74352
41230
4791
53044
76511
88933
64222
20077
65304
88250
55720
26598
32143
61622
41316
47
74059
39381
27088
Time spent: 11
Itarations done: 569747