42975
6839
26563
98894
36736
32141
50383
61367
2748
11065
46774
4013
36048
12559
53908
78586
72135
6018
48464
32944
2233
875
82477
82132
29953
17841
52875
87520
80852
44818
29698
44717
24943
76711
69118
41266
48828
37669
15574
8482
18964
36750
53688
58301
10431
13537
5120
65653
36646
88958
78095
29594
4599
48358
68075
22359
37500
48812
76875
14442
52100
60755
64522
46000
51521
25167
73237
75
96067
31893
66137
21557
44281
2104
4624
17269
14415
88479
47872
67230
2540
90368
95449
74861
7644
18041
9811
84810
56387
30024
49264
1065
90571
10634
13970
45150
78925
50990
57640
4459
41474
46100
45824
34152
29516
23071
48017
92559
87190
71041
35296
9643
31601
52146
17789
10849
27668
34627
97004
44535
1120
4141
26894
90174
28497
77397
74507
56671
66527
63436
46166
15371
34926
92181
98338
50720
46442
57339
83729
53045
85889
1285
92567
22549
75929
3271
36683
1370
31551
19090
89680
1428
97440
60307
40358
49802
82894
94189
38522
30480
57420
91703
12395
61614
46853
50222
15089
10761
74602
70065
13931
17116
25523
69528
70912
59356
71005
81779
75133
80476
82946
88779
78820
56887
81646
12371
57372
78015
8006
709
60830
84824
83986
19406
49283
877
26929
81105
7945
77986
13124
24596
18979
69961
43925
85187
26612
42624
53753
81733
69703
26001
13468
82511
71619
15474
24902
2110
71155
32696
72740
24554
50178
64183
98464
44049
63784
5770
87759
64108
6987
54477
17541
98193
58296
5854
91692
70627
25006
34482
5616
25196
77648
58089
18886
10669
1734
11580
82561
27450
13803
86332
63115
87570
85748
22186
28512
61497
96487
74856
13573
59496
83266
19844
61604
22753
96247
95439
47123
80013
69493
32036
20611
59203
9045
62734
80317
30305
64543
61079
68478
95689
94670
5798
9699
37200
58661
29516
57777
75450
66238
68692
93920
96126
96549
95390
24100
50532
53023
78019
56165
43150
55542
87776
98406
77736
83917
40311
10412
45228
77397
37989
54326
1721
63752
57141
40051
2827
38479
6826
31460
31913
39771
70858
82356
84040
68083
33266
669
44865
80515
78834
97349
34337
49687
54992
62379
68695
14369
79116
24553
31110
64874
76136
93915
31256
56
35368
56162
77128
64713
82643
86885
78675
26341
73997
80134
52063
78342
30637
40619
95895
63196
51352
71737
66215
93539
58178
2686
85870
11708
53898
37042
85582
69032
95811
72505
89045
24988
19230
36898
22416
63323
76283
9059
49772
97344
90847
44902
10404
89781
68836
8742
61288
43997
44553
17861
8608
32784
88449
44331
45916
18582
49394
82291
3328
84665
55432
81125
52103
40727
51006
65442
1992
88225
5759
11247
74967
30957
90279
24386
38248
94595
77529
72133
31961
75189
95211
51662
32378
71193
23943
40229
50322
66099
8864
61015
76186
19553
28201
15890
47930
93607
41288
81732
36488
87791
20691
40529
14222
81757
58328
15089
96359
87467
23871
12005
22803
94263
45185
31436
78268
49618
75239
89271
32389
55965
7630
11426
18246
79723
3769
2314
57734
62491
98770
59904
85221
96358
60216
8377
17168
75356
84234
45976
64677
63325
26671
60503
88396
24802
83696
47772
50752
50004
55761
79395
29196
67606
51606
5419
15943
79694
14891
44629
44653
72155
85027
10736
52534
50727
35901
46211
7577
28028
71471
87171
4911
40098
95548
62525
63742
2367
14622
38495
36882
24386
77194
55650
78579
90299
836
69767
3162
77738
89090
101
6980
31665
94305
9085
19149
31671
39648
85973
92840
91336
73785
83644
48142
6463
95093
62534
29980
25374
48775
28605
50134
48898
69888
13261
41099
80303
18029
32310
61329
36131
25316
78347
56384
97755
58305
46332
98510
30436
76609
65690
98433
21766
56231
13905
7417
94607
34029
16379
5114
30972
21189
95224
99260
2776
28273
15697
47017
42985
42093
93150
44513
6407
95604
65649
21133
63208
75967
7821
18136
40245
23093
60039
27395
75350
81206
73694
15351
77975
79370
28106
59731
95920
33407
57530
82130
72357
81266
37738
68267
39952
86671
20840
29522
39611
71738
74273
74316
70232
68257
75303
25963
72805
9479
35919
44797
27299
19483
84674
86719
94027
95585
11780
57728
62471
20763
91704
4585
80091
87683
33540
15427
21175
63677
73575
90998
21555
76910
16786
87066
48842
57950
54373
21695
99806
28124
33010
87217
16631
86248
28121
6057
91990
8752
78296
22031
89246
44670
70870
24279
38538
56649
29702
59692
82124
31829
45384
1521
33072
62376
5367
6784
80237
74417
26917
13153
19431
66272
69347
97212
15797
2137
3615
40260
5614
95723
47200
25320
27117
9903
30034
19534
29377
93007
43332
79848
45893
70186
37321
56702
35266
9123
76130
60359
85178
83407
28551
97618
47854
63968
71879
82789
25315
79265
12733
76179
50924
98282
83502
5751
20081
6884
56028
83180
7403
67730
25117
34244
70328
76681
53660
25279
79773
54524
38438
82394
37371
41839
51058
68183
35746
96965
32043
1880
93395
32269
67740
83217
48976
62307
59496
7677
31144
78970
2453
41408
29541
13329
27381
57762
80160
91661
23080
24221
44005
44000
49218
68425
1841
77578
69837
45098
9783
84634
86321
71815
60569
14336
25280
931
73607
1928
41572
47374
93196
14736
29616
97615
8841
44265
97160
83796
24132
46416
44860
18819
91414
7681
12279
53147
98314
94229
96341
32118
39142
22879
21818
3791
29322
78244
45066
51623
24194
88689
2036
3761
84894
65259
69472
1253
93486
2358
94264
91217
57124
36717
60073
47790
56741
62063
2627
13634
89595
914
55517
97855
27011
42039
6817
62349
58716
62392
73575
77944
23405
65705
55925
34123
31536
86405
15571
41675
70794
27197
34346
76352
47290
21353
47771
73367
56267
36674
15784
97563
94946
67065
88247
82117
27092
89805
46355
49843
84023
1841
52735
5490
39951
86827
22822
14835
30943
6116
37992
66986
96225
51552
56965
49953
8178
45662
46182
56405
23075
25726
42100
76438
28466
2203
78795
27263
85102
39128
62781
15916
61354
64343
53620
30395
36346
80799
13677
7084
4338
16690
23289
27886
47382
21781
18654
59170
55867
90070
98899
56472
67295
64782
66075
23808
62472
60725
7241
34549
5281
21129
1329
91970
37285
11380
35141
31936
41653
40417
42617
47590
72223
92070
39432
46521
3016
43245
10989
34525
91090
43625
26072
56949
61365
32416
90670
18496
15873
71692
26928
45474
41892
83007
60682
50641
43490
84198
27734
10125
49246
36694
63768
64332
55261
30129
25745
10330
47029
50712
3650
61885
6365
2530
20598
15131
50280
76866
86629
72816
67552
93610
66900
48127
15727
70954
48537
90268
16364
14843
42057
48310
39557
58013
33067
17266
150
19953
7854
90893
97479
3772
12494
79433
18125
93681
69316
37317
86849
67704
66789
85800
94745
94217
59346
8540
55613
38061
62173
44370
41658
62195
2674
771
27834
74295
95084
64054
30507
34129
37620
87777
60585
7245
92614
99640
23845
23201
99193
78917
91948
72487
85403
21417
36419
55270
92039
27029
64909
77228
94018
16115
24104
73003
6756
5317
36893
26153
94831
50780
22746
46028
58089
97384
9727
56593
56413
56240
84173
49976
48521
69542
39773
58425
62449
11799
81652
2324
85779
19545
13018
79080
62213
37797
82047
67922
7763
20887
94875
39055
14585
27677
6952
72091
93425
6801
89454
8326
16663
76202
30055
84187
63104
63104
68094
19035
32955
85461
83009
59527
96833
24021
51887
14868
66181
55304
67071
52546
24140
90143
57994
62485
35700
89849
92767
39113
63859
12646
44487
75417
54579
76703
94870
10851
17452
12916
13511
25806
21308
20525
94927
29394
44378
31720
57510
44388
67192
37591
8627
53445
73011
27071
58297
34100
25427
42992
20264
76530
25626
64915
73720
47710
12879
87098
71553
38348
60972
71787
71705
4855
40574
22942
37085
97603
62943
43584
96434
48885
93930
11158
83668
79199
28864
29579
76415
68893
48727
94118
35827
33704
35906
35829
9227
37329
13853
95895
94727
71967
89159
17121
82695
38590
16815
29715
82792
62771
79848
51579
17261
88966
73058
19517
11271
6432
7246
17090
39316
73352
5090
67277
93031
22206
42769
13686
20266
49092
2430
22729
47832
12428
39785
1014
41089
92368
38402
37123
72360
91245
17645
45042
67154
87509
84788
7666
72270
90851
73456
93146
43061
84619
90350
44281
78521
83104
113
21703
42280
75916
14243
15331
95253
79431
14097
25350
31339
66159
30335
53941
51484
96885
21563
42034
33340
37574
43442
31563
53882
3277
76234
33002
559
34654
83501
30424
62888
79246
7607
61868
30906
19230
68698
71504
39449
60179
23001
41904
87996
71200
53559
79664
34623
45847
11947
45682
9612
35313
3023
92597
19340
90682
6451
96223
14315
39391
58515
45209
76553
12546
75632
83785
40971
34387
87037
86092
3080
82921
58258
77433
80961
31662
29277
7731
93378
86375
61700
25528
87837
37880
87779
97064
2517
62225
80805
64284
74191
12899
21158
38064
10640
66270
15221
78523
30505
1069
35404
22958
36142
15484
88673
83778
25744
11305
88270
53744
69867
3577
98722
23880
74457
46340
47771
40635
27560
286
50509
3167
80156
6544
70806
29073
42859
72317
53005
97463
89739
18703
92918
11951
48089
88810
81290
12961
18712
65140
45213
8695
15112
99218
33357
87155
31992
13582
39438
17832
53514
96500
34981
50958
90040
73149
87259
74691
88385
3512
71150
96146
95109
26867
44732
70882
64965
45488
47578
17281
97347
16091
97988
17186
52410
96501
10829
22230
45546
77227
31164
56497
43954
12796
80541
30443
92290
56151
42564
58472
75734
90884
72297
3121
88263
50701
101
52497
11534
13293
14626
74414
25497
56649
52007
80651
65715
69853
88684
77787
14312
17538
33844
77272
61613
67427
44097
86711
3721
3766
37823
6788
47644
65954
69510
13792
80063
71319
35452
16447
18405
3717
21336
37507
3635
75542
69521
85582
13020
99711
39236
50664
68073
40331
56452
78061
88012
46010
1839
49746
92272
8143
65017
29554
86954
28019
1211
9266
79590
21216
62446
26262
54165
35508
39608
10281
4105
9385
43940
56748
64729
52304
77003
17198
8706
84884
86605
43514
68087
37557
82928
22026
24760
69531
93817
85951
67482
36440
71125
200
48144
4683
21049
71325
82508
83203
20538
47124
31383
19348
99153
35421
67043
84444
11151
89579
76688
56850
96130
79490
79818
95514
28192
91125
39633
85435
83403
75145
29904
27924
13220
95650
78254
43211
97593
13843
44360
50665
65608
78191
7327
92811
13835
82595
30334
73306
22936
97191
42599
86163
71634
72536
28861
23793
73813
67304
44723
64775
19280
52014
82633
58811
81649
96916
97677
45906
67847
60821
65010
69615
22874
59500
81434
70027
70774
7211
42526
71214
68142
92963
23627
9953
70063
74357
68171
87809
60021
46113
40002
67052
75094
67870
27699
72357
65691
16395
98407
4897
65080
61031
86240
23169
8161
48033
66090
95780
31180
19380
7475
85430
4528
84719
25068
80451
99277
11289
42639
50515
64783
95987
65335
66500
99449
36177
11627
91022
29691
21422
90671
15747
73131
26991
23454
94376
51252
1829
96826
96048
34003
8604
8343
82933
44263
91520
6836
97904
23610
18772
58713
33437
62496
70846
73234
41255
27722
23281
1316
33753
78005
3122
81941
22862
44471
81931
47804
39748
67082
5084
17573
79662
20253
47000
95985
20209
31374
25015
74959
68480
94438
822
79032
2706
7680
47688
26611
87506
18883
64126
84916
58272
44939
70257
80933
89902
43274
31771
93322
87797
51926
18251
90914
64962
82312
17522
2319
98035
44181
95791
98092
87184
5748
14504
42053
80101
43666
89191
21534
58662
17306
2982
97711
28356
9689
68073
26613
95192
13481
62091
89046
62572
4595
53133
33339
31466
38251
67184
78712
41262
22743
44715
49015
45763
74701
79406
6679
79075
36289
31310
34979
29512
39589
59162
72994
6127
36288
22146
42200
52130
71866
60103
16153
32192
72623
72984
75497
96521
31150
85283
59355
3604
21298
99285
71136
65619
47200
12109
21892
65796
32581
95873
97582
85379
86372
17750
17949
69336
38538
7233
14171
54600
26102
61626
90085
82383
23460
17605
47455
16970
53411
6619
49643
97420
85704
54979
70000
55719
28457
85661
21375
45180
44459
28178
91400
36287
79147
45323
14527
53646
69962
41120
96263
47379
17830
23056
67677
15011
40664
53442
88943
15806
96074
39722
39554
48499
55879
81600
29789
95503
38558
14050
43147
71929
57420
59594
72657
56118
22083
30667
45328
19921
38738
3464
38478
21550
90724
18342
79288
71619
45093
48687
84619
33839
23136
20073
42028
75848
93248
54624
54827
42799
93030
61678
74191
86561
64228
95157
19503
46773
88834
50511
44477
46505
47643
79646
41089
34908
83556
60954
85929
81962
41092
73368
24314
6350
70866
88323
56345
96474
33175
11549
36083
66726
8408
77830
20079
76449
23611
26166
4764
27329
34361
60239
73503
46516
58994
29619
33638
57378
48264
50861
61394
37539
87693
24454
88288
64757
72121
93521
56506
55173
62416
33242
42678
5612
32801
56148
99606
61856
43948
67782
93700
48205
31748
9618
22223
10123
84590
81750
78948
41415
93019
46499
99384
90134
94796
75949
57488
63268
5663
21335
4609
79310
21549
50286
38385
49896
1457
19108
64416
6968
91963
21627
66756
30319
34015
83522
34613
71835
653
51675
2120
17424
50290
61748
45642
75346
44369
53992
48797
30547
70476
47273
89230
58609
32423
74328
23134
50046
17331
27485
43629
55931
26413
63380
67317
29245
60937
67649
59693
2785
87769
86141
44540
14161
69910
87900
55076
61126
36635
36952
75290
46373
85081
14906
88802
49936
50598
54428
99519
49463
56653
14832
13475
93887
56784
55375
74462
24380
10861
39249
27402
28017
95830
31856
42884
4150
37145
40635
73894
21314
61264
80526
31489
43299
11854
39093
59993
7082
42785
58404
64297
42396
99490
46949
91919
33004
26979
84198
718
33099
97520
82845
49482
68769
33976
29336
33117
74092
15757
31992
46726
34170
93564
67839
3613
33312
6340
34201
51083
35553
89285
79184
24895
56849
85317
6358
58293
23520
24011
23287
14812
49916
11852
30955
45350
9760
85534
31754
79504
20272
16073
67343
48759
5913
15677
84539
4836
59493
91573
67329
40350
72352
11438
66147
40914
62491
93579
1774
97920
89770
11693
20525
89428
10646
8814
29815
92982
91473
47962
48787
28608
68970
88050
67365
42864
19255
62761
18898
35541
72681
57388
36531
99438
90763
24057
81477
90632
3569
49262
2579
71748
91224
89333
10844
73959
81563
19201
30100
4792
27440
97790
15462
88296
21877
39343
15012
61721
6935
94192
86905
68569
33126
84742
74037
81746
30141
12871
81508
62507
56814
53456
98292
10977
8524
75418
53818
92261
73561
86459
2652
28506
46532
80560
86005
31745
26494
78370
27490
14956
50254
89747
82368
59479
37157
95027
74476
35801
50690
36971
23072
71683
14355
38922
83047
36686
54517
16315
96261
65407
81317
28505
79195
73046
60238
25768
52690
26442
71555
82376
53224
21262
2614
70802
52008
81797
68835
24387
48102
43640
13257
56245
94844
1492
91629
50660
65058
4466
10291
19955
59827
59441
47444
24541
18065
59408
54954
86806
89684
88190
7425
90507
93839
65532
38048
46516
95560
87275
76619
23038
99012
84186
84108
83824
73696
69960
60287
51474
1100
74044
86208
14527
53606
58133
51659
26872
94927
96540
9266
5903
21897
60113
91520
21867
51126
80986
24758
85032
90869
91139
75023
79576
28370
21630
64720
63521
6038
21309
6109
52539
55975
3917
7944
32170
11722
60732
24939
97720
18502
82218
36237
4067
18828
16657
58711
18592
99017
56303
23649
9658
43987
82346
71275
70305
62633
18807
46563
72273
14169
42460
11911
68966
86987
70976
27520
17663
55929
4717
88680
71044
71285
28931
50690
96026
13413
92596
16738
13913
80557
67746
11868
20066
64271
58840
16983
33542
6768
75578
90886
47583
27625
4541
65456
370
53417
15140
59337
62118
83214
13558
18863
39354
75273
14757
61495
30167
45873
37036
66616
25220
29879
36294
31331
38481
64483
87802
84787
68942
22480
92205
33501
39961
39524
29388
92367
36438
50992
8979
41214
61670
78386
69462
35206
65525
82683
59238
88855
53483
32563
92418
48048
72135
19174
9768
62267
80873
85884
90905
70026
61809
31430
57734
14571
90365
87918
81048
14031
87490
71359
52348
20422
1170
51683
11132
15332
19620
91677
24266
6588
1508
59816
98523
9837
19572
30663
69964
21748
53144
48335
54571
17393
32416
43461
63371
33392
32643
62136
82284
30515
40051
86559
92015
64717
62874
1363
56520
33922
40701
87085
39958
9413
13265
2794
21473
5291
45806
53573
64778
87224
72327
25391
65220
72601
10319
9821
40862
28179
20974
34134
56082
28474
37415
58497
66286
98379
60136
1303
50579
26881
23647
6127
55535
5239
71199
69336
7740
12637
35542
6108
65336
45062
12772
44403
69527
59037
33673
1382
25874
80853
82311
14843
92148
14059
85211
73417
74640
63245
96101
13601
38019
80496
30970
29134
15199
32445
66128
68801
63144
80431
97975
82420
48123
64077
77339
11611
59675
79427
73553
11866
46367
46824
93818
35516
38419
70832
81970
1374
72353
4742
47392
26166
61060
45595
29633
95274
59019
2167
87178
5922
56863
97967
9863
24584
2114
94070
93589
62246
83610
42491
83263
86066
35983
9776
85318
54075
17562
42672
74692
80707
90127
82927
72806
15323
82187
76709
52865
43272
48801
65586
36725
99648
50430
90686
83590
19570
60900
89361
34977
35624
80292
14609
72660
73070
72415
61455
66728
86459
68481
41686
39411
27509
78725
8519
47002
33406
31901
96230
86977
77133
18973
6208
70339
26997
51745
40589
60233
21215
59817
57326
67040
75248
39954
96478
7464
4483
40794
6452
80504
62975
12820
81120
86763
70104
78591
3934
19194
21358
81477
83574
83179
56867
52461
57153
61724
91897
94071
31645
27627
97196
18077
31931
18591
53899
89350
24771
33579
97647
22063
91986
79082
9638
46464
33270
92551
8516
14485
89321
96844
46327
40713
89338
94397
14207
81570
43439
92657
19041
40043
20203
63434
1003
45897
72267
77913
23742
2013
98802
26407
83870
6356
62694
27320
54528
56047
12389
53312
98944
15112
93598
54350
64264
80690
74464
37088
93338
13859
49266
67935
72729
10670
30400
3209
68912
76624
86087
13943
91416
33508
32178
65167
61642
31380
40413
29937
59129
60456
82601
66884
63233
57746
90486
66739
7524
81521
74395
78060
16613
83026
10305
55311
720
39341
74573
33465
41956
23868
78338
22470
18136
81684
29469
32205
74862
45792
28965
83955
74683
77331
90809
37972
23348
37864
59543
68359
97457
5105
88237
46282
75281
24782
30976
50438
3075
50824
98668
9738
12899
63631
24699
97324
44791
71932
87859
37320
16058
97577
43945
56144
23535
14572
24604
8713
60846
63773
72202
36569
82012
92885
92922
69706
45206
77732
26743
66811
26008
65277
52650
99660
98209
41431
70116
26568
42038
67432
23814
67072
54611
47428
67503
85458
5480
86841
95178
14245
1348
76239
2806
434
98331
88598
82362
37082
27592
9252
91389
50705
80733
27244
85915
51016
35030
4437
52336
13687
85404
4417
24735
59103
89979
7125
28128
10481
29113
57069
45232
63271
24013
93114
64638
74409
60349
86030
31614
84772
14705
66370
89308
21122
87312
59667
67697
84819
3153
58594
50439
23784
55380
52417
25625
1451
29916
2915
5440
21865
68174
2957
81889
43628
96011
78968
70962
17039
71388
1771
86040
8571
80595
51645
72789
34726
43502
42881
32483
13370
71993
50755
58383
54767
62520
99518
10743
56869
93698
63887
59968
39774
42897
8481
34599
52849
31992
39717
21059
14646
61761
72967
75463
518
96818
24044
24299
75790
18600
18628
50417
83328
72557
75806
83526
33543
97541
62615
40269
12139
40345
35357
87938
16323
26358
80393
38054
53736
78564
42252
11255
90018
51361
80076
53333
10716
73161
24822
23769
71133
72298
19052
22714
43776
94419
8797
70173
37208
6418
22667
1961
52390
21840
17239
1058
63023
75823
89732
40096
54919
23762
59064
70962
36107
37266
94620
60883
34150
23364
28402
40879
30066
98522
20707
2072
39287
7694
62072
48104
39239
90479
84948
87816
60413
61359
27433
31303
3218
89093
38322
34628
16429
31521
37881
23712
74715
6335
51940
16288
22497
55842
18252
52347
9327
94286
23563
38076
27989
10007
67396
6111
80686
31511
64304
95731
40978
56486
90195
60700
49528
85856
50275
19524
80261
1150
96290
73192
40187
72803
48949
28833
20948
89405
87765
84207
3030
53537
55005
47615
24635
98468
83085
90533
66363
41849
95406
56163
70152
7441
49524
76115
6294
14029
88500
79537
25938
51804
41366
14279
88101
40880
66889
38062
30024
93986
66136
79099
57601
86002
98839
10287
68663
66645
26135
28794
86038
39478
68001
83789
69612
70301
7535
49036
97013
81112
96204
94213
51085
31957
14307
69074
28965
92351
19079
77947
92390
56362
69245
88555
11721
61038
49297
88811
17271
26536
29349
77932
60627
48129
87172
54163
5965
35219
87839
40356
16785
10530
63395
70798
76986
53873
60057
47940
86901
99170
23674
66044
4672
70872
75532
90281
61266
76477
90041
74439
63477
55539
23470
98142
13382
22380
58585
5384
15061
29655
23925
30165
9750
22985
18387
2151
79159
53081
21935
35533
83341
61060
1419
17654
54274
55146
26878
30443
49254
52477
98165
57363
79187
68432
44304
51303
66087
97750
98749
64746
51313
46589
72535
72528
71533
42801
44306
49650
42917
72846
61271
1842
45716
68109
98397
84985
81197
90826
54482
90953
80777
50365
73200
22126
83262
14337
64855
24519
60245
65796
70264
407
62011
97752
52047
75276
76685
29273
20590
51106
43934
73642
2023
38221
41149
88371
33792
21307
64849
89284
29743
81754
62951
16490
91117
68034
34584
98698
52450
78654
3273
74214
42081
98044
86638
91843
5849
4784
31121
33013
89495
53673
53818
67627
418
18423
35148
80458
72634
70120
35867
82352
40134
58105
69854
51066
83333
54565
50122
30252
50868
21863
39689
51936
74752
62516
81190
37754
90721
15766
49565
77300
47598
71755
70667
78111
39573
84641
75292
31144
23560
79305
12932
38039
90089
62865
32465
2022
40714
71779
48002
93002
87472
8129
47309
59225
30684
44521
67485
72792
90216
6050
57989
64426
62304
69920
74646
24032
49127
58535
99928
17958
61561
40294
64585
1255
26871
93782
53612
83850
42576
35727
15566
43190
5334
60802
58433
62775
9394
92258
7490
15903
53033
96370
21059
7043
13345
70805
8546
29429
49868
77274
71860
96784
75744
52220
96043
59537
91461
95771
47905
21451
10695
8863
2446
31269
20367
21128
6040
35809
7764
28090
2628
45893
56401
35150
94567
84515
59287
88033
83353
57912
23364
54569
37039
14456
42078
11085
61015
33766
94431
78208
6684
18985
88304
45454
38625
48874
3452
21790
94979
83176
5293
50197
18098
4650
94455
28285
2885
24257
29035
84119
8817
72136
6593
66704
8258
46360
21155
23919
98520
93894
16825
57209
87957
53715
44103
61989
77507
800
87569
85436
98158
91445
74349
59245
32192
25371
91617
93932
41395
8094
38333
53378
49011
18275
11568
63579
73841
59029
80937
47934
94703
99666
36037
22915
31345
94859
1258
32591
63982
1968
99921
48222
77739
4011
15430
10038
10613
85778
40974
42291
3938
3599
31270
29841
2906
35494
69967
4739
31334
97740
44515
54693
69650
66339
76690
31782
98017
47435
91408
9424
27491
99403
19069
8343
31326
21184
17409
88183
5785
86347
67656
80393
35250
20446
46787
20161
9934
90420
2765
20411
46196
99111
62862
19263
89207
55412
86518
23862
35637
21108
33668
68107
95
19203
57059
99568
63157
25291
42795
11750
81178
53526
17216
41882
8408
91754
10174
61524
80550
36615
14859
97540
35495
28704
12584
34380
1793
90341
37238
65088
68306
24041
38633
78121
59540
38513
66548
89775
80300
30775
37982
57929
60617
67962
69010
41804
27269
80439
49580
4559
51806
99051
14701
90824
76593
43616
18679
49605
220
97264
50436
14563
11498
81738
37382
98222
97323
82500
72937
4489
13837
59289
68507
14695
2602
17718
74572
56388
53913
10559
37516
21250
67913
83581
58921
58746
40843
80081
2285
35489
8507
70729
48442
16841
12005
80896
35480
96847
11760
46321
31496
75415
65061
39795
79300
57463
99625
76501
20998
27834
61079
23661
57354
37844
85808
11412
21963
24615
52274
66064
53438
72729
93696
64407
30211
19213
12880
38251
91986
97530
26051
42099
9496
13971
76665
33664
79942
50751
2485
6881
19320
94098
9616
60130
94837
92760
5720
78575
90707
62595
71291
58863
28826
66328
2670
6823
72200
13996
43373
94424
23453
49307
31347
70895
93338
9828
28934
84769
54915
74840
69603
88518
17890
43677
50916
65536
54582
19503
26737
40403
84105
8747
3357
7704
74539
84760
23971
42076
54247
5813
33879
32771
32933
22128
54815
19680
20678
54442
60936
94587
98858
77435
41342
71380
40753
95390
54358
21983
1578
54573
27374
21000
97802
97056
32693
41339
73829
24126
74611
95558
10452
3879
55875
23231
63983
27267
52708
83309
37560
89589
16715
22295
76821
50322
39321
53965
51032
3173
59752
4455
27697
70372
71137
47714
73773
20472
80964
80643
19858
97313
11893
64683
5053
39291
86861
91169
79666
62735
28426
11491
80545
80902
16479
9867
9517
31031
90732
86531
39303
85852
54776
62164
43197
33117
37089
10609
94945
16945
90970
76214
13455
48158
70228
34604
33308
7306
306
11232
66557
83683
75587
80766
83836
16405
52795
32173
83580
29496
77654
99311
36974
81938
77422
24899
93219
85752
75419
46942
4831
80457
35341
70968
85869
90607
22946
18940
47372
34632
80582
26187
63744
97821
46094
91471
11410
30047
11780
72074
86814
79714
11376
55738
54665
29407
43434
34372
99301
55852
88007
50628
52155
97058
50228
87738
46523
72873
69119
25497
7176
71710
62915
90776
16836
85822
43195
89721
14147
50240
19289
20525
68450
16405
31706
30669
45589
70486
98749
565
25874
88540
33990
6720
60484
5906
93990
41872
55771
66599
45373
46988
56305
10001
98318
40562
56965
46733
39557
14376
11958
73393
12110
1666
24399
76674
31292
13607
93925
81440
96942
83081
71770
4393
60329
50878
22855
85293
30891
78829
22644
81016
62704
76760
22880
24268
43535
85773
4788
68389
20328
69012
913
62444
34154
22924
7506
26670
4934
36924
28203
27355
1664
97488
86724
82352
57377
53842
21405
63689
39788
36777
27613
2105
68300
49515
45435
39867
75985
30153
99495
22818
51204
18902
85373
70401
57647
50111
62803
13244
23908
29082
59680
41924
14085
46669
12879
67636
39439
30906
71998
55772
47823
34195
70338
56755
32350
7031
23794
25024
33701
14812
52807
86653
71496
12978
35114
88872
29321
7518
87766
40614
35275
92856
45719
32231
25337
77169
51289
4648
50349
76388
93857
23466
89115
82464
42422
1926
59866
88887
94953
8129
80270
87068
27987
86545
12197
30813
67462
21603
41604
3016
17565
72020
86199
8559
78168
8540
93950
60541
53424
94886
94025
23106
4191
61972
88451
23467
25165
38805
27496
48186
33958
20013
94779
94296
43839
69569
39047
54588
54415
83014
28815
78152
35319
56389
73267
62262
96740
39074
48299
99699
37674
79855
90046
26848
37823
10809
69977
92190
12319
51971
45344
92273
79783
61241
86751
2781
3713
98637
20601
66065
54780
21728
88351
83248
7352
79991
16803
99019
27390
29807
14043
60257
30850
48977
54209
75845
91821
89845
90891
4316
57844
73551
43781
48463
86210
94390
36091
41559
49509
72906
21293
68565
71293
69116
26883
77498
43445
43101
60181
1087
45696
29243
66567
26885
34693
72497
4103
25245
95126
60332
133
68823
48655
72385
85266
54763
97706
61338
58025
71268
40683
73191
19506
33931
32755
12824
31543
54064
82090
61660
94148
91150
65237
58206
8423
84652
17372
59400
89670
56587
3179
10944
22077
25582
2384
68179
1163
75592
50306
25550
93040
77994
58246
32371
50634
74511
1159
95310
66119
90177
744
93934
6137
60543
50970
64621
71771
25374
29994
40315
48773
62267
17555
68811
65221
7957
90129
70672
53551
42503
97486
39359
21829
92122
33773
30803
75152
40124
3815
37384
92243
22230
51084
92173
54583
22472
57612
3302
45822
78963
48103
75429
87766
55019
30587
35552
55880
30399
84207
43793
22050
19912
61048
36257
5232
32178
3405
16732
71681
40034
90486
86735
15585
45882
19259
79275
68238
90238
93019
40738
29277
69776
38186
87394
87054
2383
94995
48313
96877
1046
30913
94822
15627
95813
6995
48173
49172
73684
86852
51697
55054
89924
15510
91472
57045
41151
11146
50441
70493
80462
6560
84873
7771
97958
49176
19242
31665
86178
18519
65801
51236
59318
48270
88548
9421
97505
46410
47766
94605
42998
91397
80946
19385
83869
44933
98660
48942
22510
62603
99840
28689
41302
2502
39899
56311
45793
28959
17290
66813
86976
83544
79318
50869
38521
48782
86432
6555
32313
61337
15704
32453
36168
40900
28844
6131
91305
88637
77850
56205
13991
74720
72265
28434
5680
78386
86033
66724
9053
65873
39052
78467
93572
91731
48800
30271
53435
87193
10767
24954
53313
55658
32952
43552
62774
29806
19283
97161
79005
57469
69617
22569
49278
74080
39797
72922
69505
88405
84308
88
53343
55215
86150
98913
37461
33645
63847
85213
12920
33235
33837
9160
50051
30973
98056
63589
14781
2142
21093
32823
58053
45369
59096
41761
96805
98005
3463
7249
94893
31786
6355
64185
95447
90745
62225
37326
52306
83383
29761
56427
57511
69385
92075
67149
64269
87479
69429
73046
60383
55524
18450
55010
55813
36500
74517
53694
9855
4815
19895
67726
38390
66166
89191
15933
9681
81189
55843
35333
58416
18205
78582
38305
22013
13618
25228
32149
30625
49849
32637
12141
62854
70164
6291
75225
12901
37376
10738
65658
1657
9080
52993
56199
4199
45971
15001
88833
59236
91742
48410
47580
72211
63162
5122
12584
23103
67164
40514
49454
42418
18108
92681
20767
24390
62869
10718
67648
5164
33992
77782
98513
45484
41875
50583
39366
22396
85798
15925
45408
52529
10575
47079
47300
40703
60726
27999
7042
71925
87257
1783
88240
42308
43516
91286
3437
54963
66046
34412
87204
90645
73951
74372
57878
99749
36033
46079
73089
52156
48789
3843
54645
24548
40335
42662
56875
962
65414
75673
79186
11687
84890
43677
78386
38043
29446
49184
19223
66165
31711
27043
12627
81562
73596
86465
30321
58106
36397
85142
51713
9977
60016
25159
94437
43200
14652
92540
3408
64595
63425
97484
24948
80260
47572
10789
72286
43177
57261
33398
96698
90056
60483
80679
14530
41274
50135
10790
4557
24545
35080
77338
82385
22902
44853
40589
79022
40661
39642
28569
99286
27211
17261
99682
12370
97778
87081
21827
31665
42794
37193
49530
73878
23013
55598
50197
48465
6262
78775
3378
17632
13490
31711
72803
84365
6737
92362
29942
11429
69721
60409
89999
47747
2900
35362
6465
40300
79231
12213
58768
39400
84232
84224
59045
63162
94576
1908
98692
72997
33094
74844
53104
26118
74896
18696
63899
13348
69282
43665
21908
60914
85132
52551
81374
73447
83704
66731
46016
22083
72064
26544
81025
36330
92805
18965
21555
41277
61299
69885
67888
92766
70401
927
80217
2305
44350
91466
11877
10776
38547
5328
48844
65406
49958
38666
55451
78025
24088
20565
61533
94252
18778
51177
64601
83080
12525
93532
62107
64212
25590
44623
73549
26552
55850
98990
59874
55391
18165
83735
98535
78155
15976
87739
26557
58946
66919
29850
21102
20672
50413
10881
47271
50217
44523
72500
66254
46869
71826
42428
63463
7170
79570
79848
25887
347
38117
47512
70683
77673
53478
27752
2879
76375
54673
68484
59088
24127
34744
92206
76232
23695
95411
26151
9569
98960
69699
14937
12654
13333
74285
58418
83391
29497
73910
76917
74974
65415
23858
43610
68228
15739
93350
39557
2784
50022
62619
80730
68501
69540
29510
38346
65684
3085
57656
23924
52894
48724
47553
38705
14544
23340
14346
93414
96947
64636
11684
88823
81152
41364
49681
10174
83612
66662
16863
29232
1651
76698
30900
26601
49666
32212
11000
43894
64150
24080
86036
50457
90869
15707
26773
62565
5902
34804
18041
84347
63762
35059
67217
49198
10443
84208
79122
27989
46990
99185
14215
36156
80073
41334
86928
15557
50044
5046
54044
88993
84082
81738
89225
85349
82310
57749
39093
11578
8097
9502
8715
4052
20322
92213
29930
26319
54956
79437
24615
92870
36100
99920
86821
89259
72490
35509
72660
27776
74472
89267
4866
24805
8604
6497
70161
11162
92265
33028
11884
89858
19055
24894
97748
37143
97262
81459
73192
2111
78304
60079
94465
97785
49805
44534
72408
92278
68849
81766
47828
2527
14949
71859
62436
65018
49417
94743
85510
8054
78044
83749
5753
78326
27413
10934
275
80892
61642
32015
48160
76151
86007
49772
64821
39990
6623
93942
95115
34007
41269
82926
18154
51556
5422
28009
84817
2348
29715
64381
30146
73409
258
44837
77146
57463
51683
11892
75912
71110
84240
71898
2635
94669
20908
30825
76650
53154
68264
15500
40589
23553
95696
96408
88578
97461
1568
48549
20507
50044
92090
35393
46622
66463
58849
77624
65935
55067
4412
73164
94478
33027
31830
67864
24905
4559
83578
37289
57706
64487
88166
29193
56084
50591
48566
33544
41477
37069
85583
92394
64796
8391
31445
35413
59638
77936
54134
28547
8029
19003
81341
53095
26717
57164
84474
90349
12593
32375
77730
73021
69507
76875
85028
78830
75557
70616
28465
83894
39891
29819
95962
63987
41104
56215
52907
30287
35522
24657
72830
12835
72959
14959
75564
59792
60018
221
77801
3411
66507
88339
80628
54748
79305
76000
41347
28234
69766
15198
2787
64563
55743
11139
82291
15738
7336
67387
54728
79643
66693
69197
99097
23201
26485
49199
16692
12938
39144
10950
70297
79673
9485
95346
38496
80139
57058
62477
26954
82431
21369
27234
29398
94521
23064
30824
85028
75467
87226
52324
36207
17456
81142
64496
50568
63535
18188
16319
35009
30614
31949
81035
35587
40263
30244
42964
86929
20869
97407
8977
47544
33846
25022
21205
33293
93914
16213
16419
40287
98843
26685
24497
30590
57615
76902
23489
39387
7594
94071
71998
50635
41112
20104
20972
79723
19754
52226
66441
96306
40682
66643
42361
18218
33491
12474
68429
8255
8381
53102
61591
9625
46831
75151
91933
62986
24489
81515
13742
58245
82692
34154
30754
87685
19752
14817
60948
83464
56108
27449
50709
42193
38462
74682
50803
62014
87157
2666
7311
43519
58377
23416
39514
34829
88124
91931
73718
33275
8493
36516
77074
91411
78396
15074
88697
13428
50696
97557
76718
69569
5615
55352
59384
761
16298
72041
15926
33443
76608
76830
78603
75432
13480
41841
41245
17698
26596
77557
41502
24020
46656
6894
74190
50772
80212
97681
71282
2451
13771
85778
40485
95074
82837
26642
88777
69192
72550
71803
69923
67025
5767
78584
Time spent: 33
Itarations done: 8023729