29739
67989
88823
46542
22117
54741
47806
61570
24858
74308
97683
22252
29857
62102
48044
91939
38120
9644
13150
84608
15328
9224
30658
3439
22065
95448
11413
42050
27692
70110
53200
66905
34090
61771
20093
78394
80954
89463
36100
30236
77812
71149
66842
72105
9634
41906
66249
68739
92673
24177
46605
40327
15067
23085
89746
63568
82816
3425
54797
70570
5849
41803
53585
83631
1233
37332
58681
27937
60949
7331
81031
71362
30216
90715
4193
50786
68996
31024
90463
57744
24107
13532
80488
72716
22258
86399
92446
56984
5391
4555
89482
33771
68837
96802
24796
16213
30115
71567
92632
68746
51578
44808
10403
20620
63675
94754
32246
85487
87232
22502
47587
79402
32972
24906
49569
71088
64363
66773
67737
42917
45959
73087
46922
88854
63532
48761
20014
26439
94589
73402
66156
53941
28272
11605
67866
40899
82188
25507
80679
549
40355
75631
7145
56006
41259
48508
23343
78567
77893
55114
40568
46140
32742
2871
97426
42558
59758
55756
68299
94400
42737
62012
43005
20974
4860
47035
79420
55209
17715
40179
55965
78495
59794
28545
54046
857
4216
8285
81915
9375
73356
34474
10864
2378
84079
54332
32286
24696
21468
45378
59846
20146
21182
70048
94857
21408
11011
1358
44918
4593
60742
70407
35998
46064
16079
35816
86333
32422
47169
77647
16878
91117
25191
73906
57530
28719
51496
26441
70908
86693
2947
64832
56235
50352
24403
71855
14688
75709
94673
42125
54569
31039
15851
6739
89728
85248
27542
31056
37937
13497
27333
20183
57190
32064
86716
47304
67456
19028
87769
53690
92940
25117
69995
56036
25686
29972
69055
36701
55159
53025
49517
85535
30442
85387
82280
8105
21785
69327
94002
14513
26433
15362
20630
55390
20055
13440
30065
77251
89518
64348
39993
28064
95402
30219
46120
55715
3318
78905
93284
6993
91985
75978
67377
52773
92973
60240
59497
36287
42108
23903
55455
65666
25794
6947
33508
49393
86799
6708
11131
3873
13585
98321
67648
46012
74813
59462
83733
20504
76395
93653
81043
1502
12325
50443
15690
51362
52464
47878
77759
15394
60578
12936
75771
80826
64140
68990
39755
30666
3752
15852
59509
78680
74521
67591
85664
80420
34319
36062
60335
77040
94585
73978
11408
43588
28150
20336
39941
81512
25591
23162
53685
16334
6643
49781
51383
35733
46501
33196
42316
30760
8127
44666
93433
83417
81188
27214
32486
77585
15828
72519
99711
97063
5212
74566
32896
14420
14632
47397
91103
67466
76906
51448
70818
66287
73947
33219
44977
73153
2560
46397
60107
50019
78896
89036
59722
73909
70455
61073
63148
79189
57130
19154
18122
97514
13513
81688
62779
31200
73515
15981
78075
13845
85342
21496
85193
83177
89963
8495
44183
15475
59417
59714
39836
48306
12671
54227
98719
48913
86193
27284
67329
69268
74034
37647
95493
65631
67887
14856
11405
50385
21497
62836
45129
87001
35714
3382
55903
35145
10616
53353
45271
2309
39336
42716
92818
60728
24581
97168
34234
43962
83289
28609
12427
46186
67491
99564
71608
9046
70151
53486
31508
95909
3611
31890
74346
21360
35227
31406
667
25023
39916
89070
61837
53085
82502
22582
56788
38353
74156
93736
88482
50214
56642
7862
11622
19608
55727
9901
67299
30886
10797
88556
92529
12407
31599
54041
13064
50774
54978
12001
76393
99803
74586
16492
58497
54652
94775
48257
82721
13938
16199
31041
22029
58299
95172
68326
16944
32475
31369
55614
30640
29869
29240
99271
79932
43438
47297
51936
26312
64863
96459
56646
84749
85115
73692
77070
9580
73868
20440
79616
46648
92649
76669
24715
98730
27167
60819
19154
37337
7971
43577
79156
8135
25397
99077
54716
19517
34705
11008
69758
74255
90370
83062
39777
2723
44694
53267
38893
82813
95208
39968
1624
86470
67784
53559
61191
75673
77937
92553
45789
81729
21502
5169
77013
40912
7663
38339
40523
26742
62280
14885
28015
14637
97500
76583
81693
38198
64857
5947
7724
48023
83355
92764
63492
63778
61494
42776
64994
18116
12741
35373
5365
27096
97663
24753
23234
85914
12742
44744
10527
81034
85828
21306
3318
30221
31276
18725
56468
10510
63973
45595
63038
10816
70799
24923
42843
50667
90510
89018
91021
39435
58576
94312
47125
11528
32216
63854
17975
62089
22687
55952
63427
25110
26825
26260
33173
81228
67881
97604
24864
56019
26937
76931
19052
71280
70435
61984
34868
41551
56862
61654
41831
66060
36150
13442
57826
52297
39057
19044
61027
21582
90635
34819
44446
89288
71784
47716
45762
82782
96008
39249
92237
58677
64643
90161
10763
7668
13161
6682
66488
89984
63603
55602
9927
27418
53727
79879
32150
88923
22195
29073
50351
45929
90896
79650
71993
40809
479
39010
14730
7348
23207
24111
91448
5587
98454
80609
4985
85093
10476
61707
35514
70473
55531
17210
45040
70875
25981
52782
68117
51239
72719
6992
5620
67244
94055
59454
89320
58151
39164
27222
38969
12179
7233
28562
90777
67580
69680
93338
36380
89220
42077
77451
74806
65295
84911
95132
46420
1676
17835
17364
87491
52459
90773
97288
16746
14414
67070
74199
41186
30343
38796
76551
47404
91751
12393
91403
26827
4771
74043
92789
68497
84956
68454
24767
41435
76313
2202
16210
80115
47890
13317
63889
81194
7245
32529
58009
17422
84289
98366
40060
75513
81287
78263
76699
28778
55206
90896
5364
62440
97132
21158
57401
79803
140
68495
92722
30840
61793
71772
86349
21258
50347
9401
91679
79714
74771
82160
67895
83651
37872
47939
99682
70049
19069
92599
56248
86437
28798
89196
33612
69602
57
18998
99245
74722
34238
2075
11348
15994
98221
12629
16402
21354
77580
34861
38122
48515
26791
48811
58506
57286
21514
22445
57427
84029
10277
26212
21037
18115
83329
79344
51251
37358
24927
83374
8654
19670
92032
97659
99400
11556
67120
64136
73040
563
65771
94113
32666
8448
40706
88574
71351
94563
13100
75307
39629
34830
79321
11105
17543
20719
86591
15335
11830
4717
44679
72400
23846
4087
42312
64898
37107
63039
66862
76741
54642
64985
83686
36065
75833
81161
17627
51456
40018
39636
93248
31805
79850
99638
32743
70097
21262
20115
80812
14453
38843
18569
24367
45973
25559
26475
1568
32229
63927
60965
49489
27692
92162
48949
22622
47966
43217
59509
25448
53358
97300
23113
41493
39179
29134
42103
8539
45051
50081
25914
85092
63622
42235
16587
76737
50240
56675
5432
42680
9467
1302
80028
82530
61768
75019
82292
11342
74250
14489
2964
66904
73044
7327
85591
57482
41722
91258
64002
50473
50088
2665
11253
22846
50751
59904
35144
42785
27073
66853
15687
28609
75410
410
43252
35814
56994
1966
82650
56025
60388
27403
58026
72646
74113
22694
26190
7165
80882
82988
81897
7392
49819
21831
17585
74247
21083
24209
42220
97329
48543
82157
49136
71092
90429
14917
11154
93286
15368
56979
72738
5200
21734
56797
3631
19299
51973
66589
76091
93987
20357
19333
28798
57546
62560
82928
84462
53668
58543
53471
95311
79571
76389
99683
877
14329
34073
98738
95899
89827
78582
10125
22641
39690
37369
18599
21565
72536
5816
39924
97067
55078
96194
23799
80819
57901
88561
7215
4319
12118
92085
68475
24342
48669
46496
7187
80243
43678
67662
28784
468
73069
68747
43451
17092
87555
68956
98829
91870
55139
35585
53460
5022
82444
91885
63641
8842
18458
63222
243
2262
64691
27038
33977
39576
64297
78361
27719
46842
19343
21886
52718
82810
90210
54112
1855
47764
64029
4581
7607
13256
40068
63950
84940
18523
69162
38468
10119
55177
1567
35323
15231
40851
43000
1457
25209
64524
92218
9570
89248
71585
35070
9401
61710
45008
99833
39790
68972
30551
36468
27603
58150
48513
68527
83284
61216
32338
80567
39618
23752
35220
46245
70240
41445
49885
72626
67470
19379
93855
34843
55273
19292
22731
1832
62430
88190
47436
8718
83477
68045
47854
14286
10503
70783
94917
93029
27628
65378
15971
50447
21754
64570
64112
17493
78172
17579
81189
75552
97623
12176
76306
86804
92649
64544
76910
56526
95359
28603
47920
33665
36180
87811
15868
63896
33731
1937
79643
45466
69669
68884
37193
2230
9129
27369
8405
80611
67362
70131
88398
97610
16229
59277
22594
15517
70386
35508
55171
95664
92334
91160
65900
88303
7933
33376
76864
48658
29551
98159
80176
30171
42713
88685
10583
95180
23930
1965
62715
514
22319
76784
31742
60918
55717
42848
38323
66751
43149
76119
84005
34059
19859
68595
71586
94912
58528
2095
16477
93812
50894
75110
69718
41986
87655
69362
71058
95587
11377
58448
51388
66050
7043
54786
7831
41326
37979
63047
81896
95190
31057
58379
81389
88523
64393
35918
121
21238
13227
84451
5989
76425
65199
21572
87602
9332
24953
90245
72412
72956
89820
57437
55156
39315
93245
74324
4440
70854
80717
54530
47426
20003
4149
1983
67819
86555
94950
73168
90744
42307
3496
89934
69615
40331
73266
28453
34698
62267
51599
97548
10850
21203
25836
85330
62800
29972
13571
96909
80297
65134
28790
27957
72645
5409
91865
18947
2341
33
50695
13168
50943
27245
32717
97919
76790
36072
53103
42787
93825
25564
63095
61499
73522
4841
34325
14562
47809
94564
39824
38752
69864
75853
10564
36490
71814
66246
17512
83240
43593
3905
53540
14279
45622
51092
66921
33545
59451
85838
28769
46741
75164
36765
423
58464
12059
30177
3613
88859
70039
60831
86190
59141
13124
68191
19257
67301
93632
98532
57740
25409
35834
59882
45746
58152
11255
31619
50501
68596
54324
73412
64229
61619
86664
89257
22019
78079
41108
41497
45544
33487
2375
77028
37454
73824
10366
23268
19289
58076
4151
35037
27012
52210
19982
25127
52516
72485
95053
91144
46942
47378
70207
59109
82195
76865
29452
334
743
55378
61867
42265
70581
90511
82392
86242
2228
93383
1973
65580
77629
38517
94679
25847
87082
91239
69650
85949
69597
78773
19118
43351
4539
37597
80260
19717
7978
4066
18248
4265
45855
27923
10622
41306
87902
79049
89011
25706
91173
86620
73200
15441
20140
96848
14698
43928
81459
60556
52179
16491
75873
65067
69607
5101
47124
6241
39286
13439
38334
55956
26771
70358
49988
17932
32279
24006
30497
80520
44163
51117
20220
68928
83968
66430
12932
71317
29765
15698
94889
63318
14675
62425
70965
83722
10890
33255
89782
20455
26016
69835
35309
50424
58148
46030
61117
39408
78902
48497
5271
48906
39449
85951
38793
15674
23642
87825
68704
66700
4433
76589
37821
7407
95042
49643
37833
74157
24713
86485
79582
73424
10395
4764
45094
39511
40329
24869
79534
30268
33245
66850
68132
45998
87797
95781
83032
580
90819
52048
78095
95807
10150
51614
55884
50057
58021
17945
30363
10603
74353
12093
61292
35248
45871
60324
41864
63419
46494
39705
79820
9471
57292
71268
24099
1658
127
87592
54017
59096
98115
87108
66031
45984
58179
60935
64355
67485
56219
79733
85976
74862
93785
57828
68108
28825
86673
69791
96633
29515
40462
80674
57819
59149
65786
65277
52392
99066
87006
34100
20988
76784
1947
54037
73073
70617
57501
50428
7636
49519
16151
3704
63219
54056
1835
8700
37371
30725
30101
47568
71095
16332
47105
38284
2608
31733
24769
59916
56534
84976
85311
23064
49569
2696
57318
49340
61765
5637
97729
47250
43724
19227
49271
23537
4364
63387
41346
48798
51295
97075
83811
4117
36478
2573
47754
71482
93474
82087
75117
94928
39446
4973
9889
31608
54994
87749
97608
32426
47977
11022
57016
40406
53687
77548
88008
71589
23006
93884
43336
48107
2685
14430
58098
85908
17387
21118
613
722
21881
24629
81070
84956
3548
63722
30218
25531
80321
48111
39349
78059
57262
37304
34968
86313
76131
72915
46800
37584
16662
85163
16155
74323
85662
75661
83183
40358
60654
38027
86166
26028
38448
15469
3774
90727
75851
10226
72065
83629
99664
53572
12021
53792
6193
17071
10550
39370
66679
95892
8132
52303
4366
23178
59652
29669
11385
80827
51496
5768
29184
56539
77588
70064
24917
59528
99813
15251
58061
48078
44147
47008
46409
40929
12828
22413
8719
81468
25001
7522
82437
98796
33569
96280
89267
62972
4328
12714
48777
63056
84965
26271
20805
46084
36157
46197
91130
42677
44741
25006
1674
70715
89792
93404
66443
52363
86490
69386
7509
1707
89739
32826
91474
40330
99793
33487
46231
76439
75503
5187
90241
39425
27296
91772
12114
96282
31662
51566
96999
88859
81624
96134
8070
21670
63598
36493
96369
98817
30024
55288
30299
55566
19276
97019
7288
55210
59635
70031
34433
25070
82469
83794
42388
86838
61265
2885
27325
95945
87814
85148
99477
42220
94570
85630
53619
79831
33094
50214
66735
48374
22531
93258
71242
18896
89125
52085
48283
48795
28113
37845
34956
57709
32655
57035
41758
42903
50994
60879
32115
37088
52656
90824
24537
74238
7264
27535
39770
69691
5400
18084
30254
39640
79981
51431
97254
82123
18712
75817
22241
16713
93466
3375
13391
33311
70788
27020
95541
31817
9245
82618
52475
43924
93973
25444
64137
15852
6508
54124
68155
96602
78886
7509
15026
20118
34996
80383
79362
91752
79283
52390
35791
89497
53189
1275
7434
68690
43047
76286
47304
15237
89700
40501
18556
26876
19702
51897
98197
14591
90750
42103
40681
7029
19835
69109
2762
9590
41639
65574
49052
16872
26820
77921
28888
2205
75070
93098
39482
11276
86232
79611
67708
68163
4247
27407
33516
61575
23344
57172
41573
16703
43625
83794
84633
73807
64099
61028
32007
88497
5197
4785
79616
40659
59944
91041
34281
89054
83221
50986
54230
36871
41915
40833
70237
79820
65268
46631
67368
92868
54371
95430
16025
74281
32484
83334
2771
6390
43764
98251
26362
11314
36966
10563
92500
76880
2831
28458
61984
3050
69119
66364
81274
72396
95607
54667
51915
79528
52919
26832
75828
63818
13639
56068
47193
77398
31935
77857
48421
86109
38805
26926
47704
44930
34034
37661
88652
11398
13120
5522
8755
60612
27636
83628
22702
43654
40915
93519
59030
87592
7420
61967
44163
69714
73796
56784
86569
11231
72374
83695
25584
26424
53751
23671
74415
32030
84073
35479
4870
68673
14821
21796
92565
11206
18076
58840
65694
48076
68704
19303
77859
91171
46337
76240
56039
37066
24694
61645
58469
38190
13523
67562
14021
58177
19341
19900
4599
79471
95117
25508
95148
3272
56229
91620
12069
31971
50211
43417
20124
52480
81254
20258
50391
45164
6870
14038
87365
27617
43798
24156
32007
5049
42963
42750
19363
39848
19187
51132
84306
71661
50351
3766
37026
16363
92832
99676
31081
47349
95316
92821
81148
15821
31423
72765
15044
98084
13134
54873
25146
67343
91596
55319
18065
75076
99670
90317
48198
92810
41435
31313
60756
8940
87893
68246
62934
97230
95222
81557
88046
73712
22202
256
16814
36949
86808
28161
72394
42941
68449
53327
11328
458
32011
16707
91271
85156
22550
5282
8176
61576
55420
52128
60562
70957
5584
71353
16545
89769
82003
29331
30515
88995
58255
55353
80648
27360
18900
24560
75895
93117
72621
3988
11645
68416
77808
38527
36964
27927
23976
67813
33103
99063
13333
7321
92948
5047
90769
97346
34117
83995
77705
22110
74612
27320
75466
27865
49259
8951
17250
23664
47601
83248
64231
31398
9469
13920
61007
62687
23173
58906
88319
39421
33039
76838
76874
42007
77979
39615
75083
64781
50845
32545
95690
81615
89512
98628
1472
76358
84936
36774
28627
72582
18890
95101
87916
4987
24653
9919
28291
10861
97587
28615
95488
84150
69399
20374
68918
26993
99777
22512
14239
53951
32206
92184
46066
52740
6912
33308
55587
81902
23240
46788
21178
90648
96187
8455
86657
79021
57385
13617
61419
77557
9529
39716
69461
14768
55045
69307
50174
58093
84750
84414
92807
59328
30309
90305
68594
9125
55502
51824
9837
6762
85610
28617
73586
81233
51684
76977
19064
57539
57031
45473
22634
48185
56925
29133
51823
63961
79388
62686
20843
80442
4806
27199
54008
67005
65239
16438
90601
83713
20441
59346
75000
78091
16954
23299
89234
68566
39066
29104
1661
84296
15984
93211
25071
42118
58282
75188
299
80520
58484
49227
47279
37816
5586
37330
54489
57134
31410
38747
9886
24327
27825
65376
11633
96619
48250
46043
35364
59550
34231
93918
76169
57705
88513
40818
28173
80766
49658
29723
12293
50537
10131
22571
13649
46946
59678
24232
44117
31373
28906
45542
2635
74228
54166
28382
66117
70346
84142
33984
7235
30572
1015
52029
1793
70778
34608
22548
58096
80634
6633
75234
73418
43593
53971
81534
98596
96835
44845
83668
70759
65324
19836
11777
56328
77684
60857
25419
31683
73233
15540
18932
17285
39330
81913
11453
72510
76066
88830
1930
53123
71396
91284
6999
31033
83953
36579
15361
76894
73075
47244
86125
10069
85974
9675
90555
27650
10539
53652
46768
34453
28894
57214
25132
9292
61640
13801
8488
59348
75602
54157
75771
34068
38955
24158
40204
92781
46753
81571
13982
46114
7162
89652
90184
20273
74137
53616
29636
25403
35775
67134
15556
44473
19286
10396
92013
97531
53257
68661
33597
77676
35843
20832
3156
99696
93517
81243
42075
50121
79194
64693
3266
78277
50815
84687
80906
21953
91896
87915
12933
18412
84084
74189
32388
11748
18402
50373
21945
30940
36691
19303
82282
79486
27609
10214
59455
47122
62648
15941
89006
26863
46733
13924
5272
96523
75288
13030
33209
2834
35045
86242
27024
68439
59427
20477
44979
27279
50963
39089
52990
82271
13023
30085
30968
70682
91027
43619
15328
17230
9348
6041
48688
52705
4275
34571
23504
76762
95691
26647
244
47567
10529
41025
52652
88091
69607
83910
42778
9096
76104
62740
56660
62261
98720
72639
37881
53361
25470
36174
40727
65080
75114
25692
87236
61769
92364
59367
53168
74343
20306
77017
26777
92519
38885
69799
81227
23731
81833
59119
76601
13293
96074
94371
60667
58782
87455
66592
68922
93100
4501
15659
33899
55316
48007
42375
1322
16132
58373
23573
16423
75705
24899
68348
87568
5549
81686
46555
56335
63388
3284
66927
3255
70066
89921
81478
96678
1009
36919
45290
48552
11243
15811
66362
75391
82579
55720
38876
75300
54365
2698
65066
22633
75046
52041
35801
50748
90804
93980
58085
40238
69668
86682
88825
55174
44744
72185
58599
73072
48575
80641
46518
35668
2181
26165
97918
7057
16916
83640
60260
63336
65067
49946
49447
53627
75977
35423
48718
66199
18495
1731
85332
5378
37663
60849
26445
35040
23829
76590
84920
72688
5735
64802
28226
24482
75645
71340
39164
36056
74192
17920
85839
96539
85398
45131
20131
73946
18184
49170
38837
78933
79689
4262
9737
50885
77860
86282
86025
35419
26026
64735
6863
75584
60522
10053
9250
70400
23982
71065
56983
63860
11495
13540
26152
15086
24620
74861
73452
66102
29090
82162
53521
67470
66088
1698
44587
44073
24055
35715
87893
83384
38283
59787
45691
6789
48912
98331
35032
40903
14448
68967
150
40256
47555
87380
44929
25356
12624
13532
58751
90830
511
37348
33975
7219
74821
47403
91361
86954
66260
99687
931
10148
76823
5169
10105
9057
43980
84675
68349
91421
6489
97511
68186
42353
8143
36280
6073
82053
73473
94519
3484
72340
90322
56060
18475
58854
38224
25424
21079
7734
8612
17105
2051
45691
73179
48253
33837
40620
70061
34041
5029
66216
94026
67937
5198
78581
96492
80108
45624
95339
23931
6366
63312
8576
49111
67335
70585
81696
78624
52933
80649
77319
52288
30818
60667
38390
85232
49055
38251
97943
41913
83123
14679
24263
72743
85207
18733
17699
88699
29829
68738
62963
97003
13980
97202
6463
71842
62225
32383
72089
88132
7668
24217
50821
3411
68173
48168
99647
33244
13920
19942
63479
28873
27164
6403
90120
32368
87945
23620
42797
54141
80571
71657
27388
90466
4818
67524
42169
74518
93119
2682
26780
33418
80373
69511
34059
5961
46591
72391
73517
60891
54217
63331
78421
44022
31775
19528
29818
73964
13376
10824
30300
879
29686
88679
57919
40408
60085
65150
46351
95835
98056
40254
31299
85504
52240
79191
75065
99686
4128
37093
31340
21305
70032
78263
40456
58339
69753
39327
51731
52209
87271
41287
53974
46075
19825
64137
57837
19760
50919
59549
14414
23848
50043
92050
73336
74547
97352
67195
80589
3013
55042
26423
91367
88101
58855
62606
26520
39867
82895
37739
32460
42680
38884
64781
13925
11397
6998
49367
96521
61831
59586
73886
41763
47626
31370
46428
81123
69620
10121
30090
57597
20955
70362
14397
63390
91418
49275
89848
40549
17870
68812
39091
67712
34147
40897
63754
90609
43431
53641
24681
66582
8849
25671
85121
84058
33918
32927
11369
86809
83503
57736
3416
79783
78024
83452
99367
18371
78953
59670
21693
86240
71993
92753
10825
48173
45846
74361
22174
23831
59094
46688
46342
65990
85487
17268
49104
42465
28808
78523
17705
14842
2467
57594
43034
79067
76139
20576
63499
83070
1991
81899
45663
64796
46424
24415
79219
60395
69776
18637
19384
16753
16036
40627
18533
5204
97405
27172
50675
73916
84376
74197
47338
95344
41055
79754
31477
62100
77540
56470
57239
59675
26451
89992
37690
97686
89054
99759
70106
12669
37973
66336
48942
64894
8060
25579
90334
39299
54784
94073
78761
26355
10362
82539
86465
2496
21871
74365
9294
51771
12693
94901
8792
70432
68908
73843
49719
74397
15634
7833
74601
85908
14806
63261
62475
10135
85526
20354
77692
25097
20857
48742
26470
98999
50820
22004
3800
17911
80366
24120
31399
53707
13204
74239
58589
27270
57640
97901
22300
25186
98938
2580
39824
9522
14252
73350
38521
19726
763
90523
10392
3293
85452
85227
16198
27586
85786
91232
53797
19017
94619
21689
48418
47780
69728
98023
18765
26434
18654
84862
22193
18837
82925
39661
84617
62300
42189
68617
76383
90286
78478
91481
4035
5587
63518
57044
49715
94634
57929
18358
4870
92433
40126
72162
13039
4607
14877
90524
57627
68111
86729
24357
4958
85415
21895
38268
40273
98287
63678
44091
14969
76808
11167
36518
57005
86813
18667
98366
83271
64692
24220
35334
92621
72350
69584
20494
11357
27058
31134
77314
9131
1063
41443
6649
2557
64016
44649
67941
16257
97663
95247
57760
76648
46665
79528
89880
72445
82064
11706
70216
27691
44593
32584
77243
98056
3908
17674
3941
19223
16759
83762
90831
7351
92249
68215
81320
35952
75527
43656
60385
90925
42625
22178
95511
36090
58611
97865
84841
5228
88826
74174
31658
73472
68713
23568
6616
50814
31579
30849
29508
83590
65594
78711
949
45952
21460
44337
40964
52700
20372
89204
46288
27252
18262
40791
61075
14119
66786
84504
66762
33932
74102
6876
35989
40881
9218
56995
62749
57386
12539
22119
76384
28865
72210
45534
70539
62666
947
50011
29878
89553
1273
68565
17131
13550
38434
25731
90960
96559
49720
57199
61167
57810
6546
3416
51930
55055
11322
63628
36018
54338
55053
50835
23385
88249
83522
45290
36038
48761
20047
4380
77754
60055
71002
50157
12013
29195
96653
22251
94402
78080
64339
53544
66801
18763
13587
98738
9816
46093
53541
21825
67195
86533
81850
27473
1400
60094
61215
3460
13018
83516
14815
26568
58371
67138
5131
72700
29462
35346
41964
63499
18300
31048
24962
76384
73700
48314
63562
42654
72791
74160
32945
59209
71768
10358
18507
43423
70825
89242
73248
67856
26746
93690
62649
21713
73283
40722
99793
59376
64252
90670
79817
12800
37162
99371
7316
64224
6258
39580
72840
98387
32996
79582
75415
79316
89253
21940
6822
25769
24012
73380
10360
91527
67759
38001
1926
92002
60516
313
94428
56996
69221
92062
97952
30946
68040
17349
77529
86639
91292
44246
37958
66097
32761
57941
70893
13265
57513
10374
43194
17080
12704
94382
27574
40677
72421
16593
76622
72707
28254
42597
19543
150
42086
40372
17277
68478
10480
53518
46140
64684
51109
94533
92743
31425
10798
60179
33638
96412
12074
35944
42007
80190
480
74659
10696
27566
28497
5511
5947
93219
13534
54041
69464
375
37261
31122
67742
82969
11456
79502
47102
16305
21571
50178
90445
39022
73391
17688
87479
70015
10440
33344
24003
27986
40196
58506
67825
68428
5716
16172
78974
63084
65934
48490
89
60314
2670
70235
89226
81316
55314
63856
41785
26750
95165
70400
10865
91088
90588
92414
76072
7887
81413
39903
29663
78192
76425
18453
45853
66377
11337
79843
74263
83037
56269
29765
51642
12870
41569
14752
57409
87018
78715
90918
47980
43976
89066
10876
92481
70903
17393
51951
98150
68067
99403
48806
57587
33154
72899
86608
71972
19316
70718
57104
4495
81041
10280
79258
96429
85375
99356
38557
34655
32465
10574
4653
93903
99063
38204
45712
89582
91369
39953
69642
67778
69468
83752
87319
27871
84629
64953
11005
20174
52852
32879
72331
86098
73316
67323
68534
11588
88744
75393
23102
45887
76222
37003
77503
97201
51620
13332
14419
54395
68535
46759
49671
99608
93546
23046
20007
70488
43562
36962
36956
2758
78202
1071
73161
33879
50379
64064
96925
76848
31639
59819
73125
79472
45316
91252
4235
68950
60199
64090
93880
44211
20144
24826
77166
19131
10959
24430
76963
38666
94880
24785
13393
86833
75105
88340
14969
80647
88078
43169
54129
97278
59625
95366
57376
13092
2518
68650
20786
42668
77704
87074
95330
53517
89158
80892
93297
97935
33220
87930
7025
47265
77271
43205
24221
35823
99731
98098
70339
21848
83626
86997
7807
51045
19333
64180
74339
64632
38629
66546
48114
28310
71799
18901
86320
71125
92299
87609
95366
13954
89368
5763
56003
36158
87972
38375
44663
75967
17592
29683
63537
85193
16637
76288
16183
62164
47621
99631
42953
68049
89769
49252
61042
91276
70322
54273
37698
62300
93582
54729
61917
36722
27620
86657
69897
58611
12554
65250
22605
87827
61453
8932
29983
25282
35160
73857
65640
98255
85731
23134
18337
74259
79657
37983
82109
56417
31691
89051
95576
75887
2850
25303
2820
37634
42033
5169
23124
94659
79707
90040
84949
22793
14239
43741
724
43239
66717
33284
33315
93295
18452
5965
32512
77013
86898
25799
416
37035
40318
88311
78304
76444
99312
96864
34380
25189
24168
75997
71739
89487
41022
17641
68958
44580
16950
4636
11909
31337
54337
32608
74701
95375
38280
56074
60122
63774
37268
17546
15473
88887
27015
79419
98446
1368
80074
67627
79429
5254
39744
53298
31658
16807
75783
44085
78603
95740
1566
30339
39256
42629
17587
33015
36244
39449
34574
29906
9158
91599
21002
94798
6050
89194
14410
70094
9746
43023
33677
7674
92425
66312
30303
55008
81879
67240
20745
33973
65911
89161
48961
58332
57532
85575
38614
62531
92938
45091
7722
69214
36683
88017
35074
5798
24020
40638
87351
91474
79107
55874
38629
55148
9547
89717
39869
12152
92706
61691
24924
22924
37314
24572
71811
80425
25019
43673
73175
24716
10925
39249
8298
62877
89549
76905
50488
80400
13209
370
88318
66181
83562
88610
86947
37445
23798
84949
66605
43167
78973
89732
29380
45012
84995
30047
22505
23321
92990
20087
86676
32348
35091
4000
1223
33716
70125
29372
4556
70008
53245
34013
37838
1393
32242
41276
32683
17404
85098
49867
39480
53213
78264
72978
72002
85209
43238
28509
26057
54187
40183
7275
15202
66123
1665
49298
54925
50311
27017
39634
18189
12521
28402
94668
79887
6905
13357
47401
65466
64498
25385
55964
19920
58491
54137
53465
17295
56826
69771
29235
38010
11214
32269
81620
51558
58342
75817
10737
55497
63815
70791
25895
38183
22273
21453
26913
52306
38196
66162
81127
9034
51027
8710
58618
28477
35564
24347
7034
11162
3954
52120
44358
27355
59186
6330
23056
56301
1602
14253
72296
45861
69775
14695
56224
4497
4974
32511
95810
82210
64499
77931
89339
44771
73310
6335
32351
96483
95664
14068
81704
60694
28907
38951
30371
84433
70050
80327
59699
93775
82489
52817
14099
89927
94943
40386
99436
42546
97650
22883
40912
6397
61864
5931
48791
60241
97872
96832
31077
42713
84019
34116
61055
38949
44660
96421
54633
53851
28477
87576
37476
93146
40269
19084
85167
61750
9097
88645
970
80481
33586
83914
55259
16758
31225
24396
48241
22722
32643
91180
73361
75046
4161
84170
52603
14743
52294
89525
86871
92389
62429
36220
14754
34439
50578
69962
1171
59695
61854
75106
83767
91476
32271
30833
89390
30690
41466
96494
95570
77745
23140
82864
52670
17122
67246
81000
1184
7431
43436
88442
15685
51910
98731
93700
81966
59574
34117
54284
67186
45594
44490
30976
74150
61014
14330
21608
80341
86501
97491
71307
49923
72623
73666
22968
72627
60004
66372
11681
27329
66694
27701
99885
90050
87273
43631
96229
6245
8394
90339
413
25449
8907
76752
68758
52702
79172
41476
785
5654
63826
33285
5799
78826
4994
93500
20280
7266
38838
75891
11824
90644
77324
85132
23448
85822
89240
88368
83264
1047
79711
56142
28833
28104
55881
18677
72975
30148
57903
81445
68340
62375
29034
29985
11789
40323
96350
68084
66383
86287
34513
75730
68794
78189
89009
43642
32953
97242
42389
39741
56980
20785
17333
89564
89752
34967
23712
7410
15889
48229
73325
97937
73528
71064
5637
58942
27924
90104
90572
55221
85755
5304
324
704
49934
17858
71119
81457
82796
53437
8019
75674
66741
80457
21100
78468
Time spent: 28
Itarations done: 5699158