14043
95499
4818
84206
25344
73197
57356
61081
94396
63093
25038
71109
22086
36651
85515
47018
5916
52555
87804
86593
79719
90290
58485
43043
67806
99887
2544
34192
97193
74538
34376
45984
52338
78643
41776
20730
75617
92866
81119
88600
13772
69906
25494
22050
85656
29940
39217
67195
99801
63078
31908
33564
81718
47660
53251
4264
80286
37883
25592
62260
10182
21966
75659
15280
53052
2961
19025
41821
83943
8321
71295
73788
11501
91453
8556
77474
20542
48750
76303
93934
83817
38970
50802
52229
66138
58329
89800
74573
78523
94323
70502
51144
52588
54012
1899
74091
96159
38422
15834
85247
59913
13690
86575
10096
91840
11719
2218
21768
81398
78373
12906
3101
98475
75598
10613
52315
13609
35384
53186
8350
45391
58093
31333
55640
18575
45449
91444
4929
32143
59333
69388
36623
30416
1589
60862
36297
42277
17097
52373
48131
3676
32695
63637
21375
6796
57874
6917
27385
25623
89668
51774
80345
52115
83820
94707
3469
39791
77033
72344
44294
92251
70999
24108
57638
53017
17912
5717
42832
50029
79297
78386
43047
23254
65229
50282
88850
17065
99409
26555
95556
50414
97067
32178
4529
87283
87277
7870
92244
17503
59044
43541
57771
23745
61380
5961
39274
54337
41610
37795
3161
43552
63260
53652
95754
21070
5151
35488
46629
30585
6680
34453
65230
33834
90797
19206
77938
10842
65798
71762
11446
79725
79813
21062
40132
50156
77755
21783
80029
93431
89480
31291
30107
59039
60063
11172
32721
92745
18334
81459
49426
14429
68182
85433
25810
95235
78683
80801
49520
33108
43683
59083
89398
63343
79264
9208
40429
56541
28380
83591
89142
50169
45949
95379
57209
31927
44834
74111
77115
43215
93384
33642
3158
99200
68596
61035
63425
28349
85451
17978
13988
18766
42612
57358
65235
21249
47445
96749
12094
99733
9150
57899
14814
38610
17862
76655
45063
13401
59659
11371
33280
6359
52677
29426
27546
1776
27946
31330
1654
27161
20008
79772
30661
15876
77056
37004
85876
54468
48065
78112
88039
43598
55255
40038
97431
45387
14263
86576
12674
11898
21492
18152
96207
89628
88389
31824
43713
73072
65756
41736
67243
36793
67730
3175
67317
9878
74683
44397
27999
69284
67029
99573
80746
19286
17845
53471
47784
93083
51180
53904
93804
59609
55070
21523
86004
43675
23538
88174
86781
70789
90215
24840
80838
29383
7748
78078
69038
2591
21772
19939
45012
59375
85974
30451
7374
10487
65689
74107
50298
28608
81414
2144
18316
3985
50815
10983
7372
56981
98011
13824
43466
57170
12335
37204
72696
4961
55230
37214
52056
16222
33618
41122
39029
12936
80801
59296
39851
63685
11833
79621
91248
36582
49324
51992
18527
24239
47751
94035
34079
75490
79609
824
14681
21752
85113
21192
23416
17329
28667
71097
22606
22368
49951
90596
57837
44811
45214
15084
79971
23411
65261
23767
11985
77710
70606
48767
60548
72853
41412
76744
18426
47228
74
51621
3129
29123
67687
91780
29657
24942
42161
67965
20768
96020
55337
49237
16874
53621
39253
13403
59496
92497
7557
35698
87159
52165
37086
14862
641
42077
16752
69310
25729
91943
16125
37747
25904
91672
14499
48375
94866
66784
22706
78723
89319
94566
24593
14209
46196
3894
62829
27651
65251
17329
94563
44280
27940
87962
46501
27178
66560
55439
6053
16631
93782
95725
95500
83511
52086
67348
89457
11630
44992
63247
52476
6882
67577
61796
93197
42036
62457
33192
54261
85223
89220
98105
83041
27407
10243
54342
57283
19569
63899
84243
71840
53870
17337
30640
27982
74691
65339
82409
5091
85263
69218
42013
36111
23498
10251
56906
52696
16662
65876
84241
13807
88704
3647
24082
82330
86322
27945
146
68347
10283
7444
89077
14787
87023
57574
99358
61441
92226
51511
79177
86716
42868
85676
88930
92997
7120
31289
8503
71119
42525
62210
62061
52207
62058
61133
33836
31010
44929
71117
17198
23876
54402
77517
86316
6628
98482
76573
4780
62866
70906
11229
88794
61592
39740
32177
23892
74559
8726
72723
93604
38384
62615
9730
16094
64209
21825
19732
514
98560
74112
29237
28682
43104
21287
1322
39624
48069
77605
96788
44668
4401
83065
97499
28975
73082
49680
81927
1717
6537
41668
98519
41647
36711
1547
91190
47329
27109
73305
93048
42087
12019
41050
19421
2521
75103
97015
59299
76459
51696
76281
85517
31277
74379
47271
78300
26761
19814
26824
84252
38028
56281
96608
13426
63488
36031
33626
10804
40440
24288
31756
25337
56605
7645
83534
39637
89756
78569
11821
16465
29580
49886
89496
64379
35976
13359
62018
24185
66273
19842
92449
30322
60129
25028
81468
6818
5411
14394
75911
16212
20905
93742
68581
91600
82448
7576
9285
46937
87925
26602
92544
78767
3546
27719
60899
43782
58888
75159
64417
20880
61467
99804
46796
43873
82885
65190
86361
21548
28128
3385
6283
45460
37143
1621
82522
22684
83586
21490
20266
60672
29442
36498
40063
74426
66221
80883
13369
82401
23507
12896
13887
6876
53887
9083
5881
96930
9605
22642
73543
47793
10783
58527
6512
98967
67635
40762
95850
55376
59826
73266
62002
90719
94975
24530
31742
60284
65282
98590
4584
71645
96337
90013
849
36031
35419
58969
63318
50526
57912
4002
92345
41900
79958
54697
30323
36501
53062
54228
75557
7504
82072
52644
97898
90702
51827
85735
48867
53155
69717
71484
7581
45133
31515
16321
80415
65168
96047
86814
77129
20432
10631
68920
19122
70236
63676
6531
96459
99151
53425
83837
79547
78033
52574
91881
8550
36215
17313
98698
29093
86174
36335
24549
16330
13167
40441
9032
31078
66670
96601
45199
81565
67870
91663
47363
22188
78036
70404
13840
6756
56299
30181
43702
27828
72165
90184
67419
16065
28045
47138
55336
43883
90136
1262
75022
76295
22200
86409
78793
38409
66080
66519
16090
23920
15247
66864
81896
51763
83249
93058
32016
89199
77591
53367
18765
98703
51433
40611
26537
33378
20393
48780
15686
948
99854
96454
15302
40001
39317
4233
40725
3741
4695
26594
49997
26346
86866
69926
94974
54911
95385
38007
67441
65996
29915
33732
88330
49961
8799
11674
39019
38566
74099
19865
87690
71689
85500
91194
20860
47605
61700
44878
50451
77867
27169
36732
30138
72675
74659
53254
81220
15482
59366
79075
97902
46641
99366
79864
74602
65069
68757
33553
73807
74166
34864
11548
31976
43641
8956
58599
83149
32455
51104
45088
65139
19726
94107
68704
61597
20230
28901
63847
24717
19053
24370
36548
17998
45981
38227
80321
16220
24365
12424
44049
665
71492
36471
16889
91649
97909
5159
67124
67517
51663
93328
22015
29533
80100
19665
3903
85483
36642
73940
44173
41286
42871
37680
81175
9551
27283
36935
10756
66790
1244
27641
98832
16839
99949
29011
84236
47072
11618
88452
97064
96111
41669
82693
92848
86987
10300
34142
56090
18094
61670
48913
58054
45778
70794
63535
63174
37013
70300
21057
66050
18425
83356
84069
6698
98717
41351
32101
55601
95653
85343
83927
82060
55794
98804
31505
19443
15503
95861
71587
19160
15073
94014
73475
41538
44353
33231
26970
66235
67884
64338
73261
17441
50275
18795
33291
89824
78487
89238
13111
30042
56628
95562
83777
75602
31051
84864
4537
77948
88767
15231
82389
39883
60569
3131
38516
78783
51772
72085
82672
86524
18112
26319
80290
94648
2068
87287
33902
69017
45801
73191
90385
52036
849
72089
28644
42532
61900
57668
78496
53438
62181
23465
70876
15669
81400
66056
21888
2934
33675
30692
8821
36685
22511
43853
4935
93006
72640
96386
1614
73973
74433
8149
61462
24864
5570
518
13960
75551
26803
26631
26499
59539
83897
60914
57917
17314
86210
29212
29124
22002
73872
68766
25943
74848
30169
43302
83006
5589
43471
2665
84350
78531
73936
68727
56301
48988
34225
49668
21303
36717
50574
33327
27542
83059
30859
86918
68514
36759
29631
95232
59166
69744
66623
2339
40754
58631
24856
82843
45305
80345
27222
57905
62342
60920
66310
88528
15503
85428
41223
24018
74741
23956
37292
57056
977
53615
69830
38497
44404
59840
1442
34772
95080
81538
33928
68699
15008
24142
70436
70540
64600
2221
41272
80285
73230
89022
87655
84465
93535
44144
1726
41153
22178
62561
28211
45411
65980
38265
43434
14042
81652
64046
40729
23328
19785
95269
67808
16338
59347
89984
81278
7407
27596
292
6245
50581
62156
30620
14834
6073
86948
97411
66438
34204
41703
21698
84666
69844
26029
61135
81185
82006
93255
41267
75047
3055
56774
77200
97595
19886
52147
86263
17665
55475
31909
79892
69557
33348
56869
88654
17132
9827
87605
18201
41386
79289
72940
55910
95988
6231
78371
48048
35528
14596
96733
45557
84579
69578
35835
72856
82212
20060
83364
8584
6202
30859
8037
79740
53939
23117
67812
61474
32919
58460
60901
43564
92711
47955
73393
71618
12413
40443
48500
96153
42870
46466
26732
65877
91295
83814
83775
82903
27460
88598
23386
97061
85232
21824
66336
54071
30982
15587
13231
28096
71307
45277
48986
62999
76448
84620
99792
18630
2991
98905
49624
68554
9617
58406
72620
23858
73114
8787
40144
64024
28306
18206
16876
40320
75239
31851
68987
79765
19667
3813
69264
58452
38811
43472
98988
31842
93314
9013
14447
6640
38494
4172
67143
13938
23208
86034
41081
96549
3063
71440
97953
54798
36164
37497
1622
4501
74264
47705
26976
88477
9900
99397
45044
48649
91011
80445
16236
9639
68493
43616
16588
46735
99332
55484
68119
11206
88152
53486
43717
64176
13438
49458
69402
26584
51182
50933
52387
87263
78312
32498
22059
23759
11050
78685
82793
81217
9208
37119
42482
23527
56419
66105
98719
17897
8460
34343
35749
39101
87060
32114
9648
82891
84964
83081
76601
59391
39527
3765
49752
96788
26763
43761
53742
23200
25482
53954
82921
10369
2091
72252
59121
56612
70563
86793
27960
58509
89285
35074
28837
70836
66685
24167
23100
82528
60953
11919
67291
42768
75671
71977
73964
55784
72782
76504
11245
25546
47093
69601
54125
72250
32388
71762
15420
61350
38218
51070
52399
82856
48583
20390
66267
93722
48952
71491
86013
89358
86469
36771
55567
1672
9675
77226
23789
30492
78731
31287
70486
2833
84847
23342
88487
20194
68534
23036
81737
97923
80284
66844
32440
22634
84402
1964
36479
53801
66997
89216
5633
73840
72482
6441
87603
47355
59474
26782
60354
84685
36576
7285
16042
17512
11309
12396
61567
84976
61329
14246
27740
97620
16054
56983
97147
93445
18979
45989
31934
25470
26200
24450
7112
23380
85035
29554
32372
53238
28164
78472
75996
58676
13297
20352
88129
4586
36182
4681
57505
60068
45595
58674
25638
51215
92996
36759
25593
86313
56644
3749
8595
6115
90220
39968
71103
40078
59397
11372
97371
55793
46283
30620
88113
73319
21303
46094
54574
78729
4842
35002
19119
11890
66841
44017
78396
22346
41543
16283
53208
84175
66733
67185
70394
35734
92032
22905
96361
63488
39229
15610
69340
80419
39103
36988
58007
59015
13838
87928
7784
66423
21872
26247
22999
15066
32918
6712
72962
85896
54875
27953
3130
3396
91501
49458
78708
41572
69962
18447
87337
18368
40740
51254
79990
92323
18908
46719
34733
9716
5390
70151
86721
63080
99598
35573
79609
12677
90685
31248
58487
91366
93702
78892
42547
60266
79025
90519
86830
7743
28719
88522
66781
87437
41851
84377
96721
72401
2283
69276
23950
61927
17106
56008
23877
15177
31622
25601
58381
1518
27663
74485
49552
51262
16055
28391
64046
62506
41121
87675
99440
69868
25434
95491
13333
9125
96352
74954
38345
18111
52401
64387
81763
98711
47199
90759
17242
27381
91361
60606
37814
42345
98701
14969
54384
54467
32067
90347
91964
25772
36250
51152
57082
34695
80693
10841
24125
332
73063
38680
15813
69357
46301
56981
33577
78694
66357
69742
27280
94681
55580
27711
80573
95137
77632
27248
28085
4624
83759
60710
13734
15160
77433
84665
45634
24732
14573
48877
2378
4177
19994
33785
97933
59364
67181
77137
17937
90067
38155
31439
98900
59514
52927
83073
33585
79343
33934
81188
50850
83513
49827
69919
36229
11707
65153
90986
30779
47877
7677
25410
70000
62754
53508
72853
2094
90562
21680
25017
55385
29590
64467
75550
8429
93893
37469
23080
53137
59141
34391
66292
31194
39431
75422
60347
67116
3899
45273
2504
17482
92044
87168
41449
5182
14886
72476
59634
9989
35461
82162
60814
42298
6598
55871
6048
35586
6542
87225
80539
54974
53689
69754
41015
34170
569
26942
88741
21199
4170
91942
36796
34458
44796
37807
91898
4997
18881
97443
50864
8340
62529
54002
19689
69742
72003
27066
99255
60452
75017
27704
45868
89395
72380
6398
7078
34595
13396
71812
53664
51768
90411
15508
77194
43648
37967
37985
99239
72995
281
34780
43082
54615
87075
67872
51716
67320
72298
17274
96905
85447
2842
80438
13290
41354
75095
62987
8790
95272
6029
83272
47934
6947
72468
95424
78350
74691
17299
20760
72230
31808
24619
65855
84444
67756
47125
97026
86822
72015
28562
35658
24207
82296
1631
36521
52020
55555
57458
12128
57357
70212
76622
70161
36071
11041
83653
38162
96800
84395
37066
59892
89593
60737
95175
61184
11538
43898
4301
99584
24724
22040
40463
31726
32918
64007
98224
55138
2460
86550
61091
7037
80207
32856
6736
31702
56730
70885
97241
60121
46534
41212
79703
80877
8708
58360
75723
19595
11206
97095
69701
85817
49881
75688
15263
90747
69404
81845
66810
87104
97389
73839
8863
33195
95297
29299
99724
37286
50151
7190
67981
95540
79563
34709
436
96983
99300
30120
38294
32389
7354
25040
54777
10436
71423
55176
21818
54154
67710
47297
86061
23400
8153
41963
65150
85010
10439
56513
44108
31261
10596
10893
98592
29402
91482
10040
96912
70286
2135
933
35921
72496
72774
99788
47215
89872
88101
15495
69589
64962
67622
79054
21255
68705
15859
25605
21087
67479
47607
65569
1958
62715
63790
24499
31273
55353
52036
27421
3827
97704
12709
52775
401
8642
65957
83481
11813
44562
78227
38256
12639
38172
57739
74975
31411
39934
7567
19689
4817
22843
92261
89859
22269
40258
69363
48437
64204
58604
60693
46603
12553
22033
89941
87289
65043
44502
92908
69066
16359
66238
14610
50539
78641
56185
43535
9068
1414
89773
97477
54474
16753
82252
67660
98318
79342
11812
48294
72401
93052
23845
27201
36340
15769
67979
89863
13376
12424
82864
93969
46024
82513
10209
4506
68741
22881
89208
40429
53454
99144
55209
73124
95652
89826
42424
34179
73650
36164
69395
35347
31702
77472
68156
77163
8867
77090
3199
24310
59795
47144
14789
55627
91087
61682
12647
54553
67421
7261
40669
91846
25347
57607
31075
66569
69451
74742
67302
13624
15547
32785
78903
56519
88611
32614
98915
82597
79369
25695
24332
44616
12764
93576
33771
47337
83963
35902
32871
60713
73152
4303
17624
12289
59025
82062
68576
50590
12725
50233
14719
38552
68914
99695
34901
31476
38710
45624
96710
17507
50456
75957
68034
50302
78550
18626
74896
83335
48059
43715
20633
23217
83363
26154
26169
55405
2797
82153
98828
59873
48057
58315
88056
26581
77091
96207
40401
996
42242
17151
23245
38446
21635
72070
47016
22766
71075
79481
79003
9455
16203
31049
8405
86502
10193
78590
91849
7045
40984
29033
81394
37203
83855
64536
12900
79716
60074
73835
11653
79414
80451
27848
54258
90085
23781
57679
11074
83978
24507
96369
81844
14946
21367
27097
28661
4158
49332
40018
5068
3339
40886
37496
77816
4657
39448
43238
38708
8655
17742
64670
7927
32056
36938
29878
37422
35777
78612
70510
33133
80171
30863
50304
28246
69288
12388
45195
56164
28862
73877
65483
91498
73758
24757
73107
50155
59796
95187
87802
65465
82114
58073
94762
86301
77688
4003
63416
75263
13125
83162
61998
20271
90529
2601
5851
11266
84009
94696
8700
75251
27325
53169
15666
7494
9178
66777
84327
84520
96851
67541
45910
95344
1136
50373
22498
81442
15951
13994
98155
33065
14548
19249
41915
49763
60882
60224
58870
36358
99501
96027
1874
72117
20232
96650
10897
60499
54953
15023
59646
39609
52923
9193
79792
9367
98414
3496
1980
10395
79809
95658
99808
71783
92850
87955
47999
30114
62396
44872
9276
10528
96835
57157
45755
52102
47184
22707
10150
54455
28975
38446
9710
20241
79166
34141
51484
69064
62605
69066
71405
2365
12985
55484
21614
5950
91779
69092
40585
87090
75263
55924
58791
56496
34579
47616
99042
81974
56636
52519
15053
60216
64744
98840
74448
75891
36985
67793
33084
43136
87642
69702
66443
53507
72404
84052
20841
86592
1602
5677
22232
74759
97397
13591
33698
51855
10616
6414
83972
57218
20844
28906
98888
10956
79434
47815
55207
24226
19223
22065
41998
59110
47059
52236
58618
6704
55634
87382
286
9134
39666
13408
82353
11522
78120
46520
32593
93236
48956
7764
37198
94316
75801
60174
60598
22579
66957
48772
71872
99640
96353
95481
1201
80006
93299
65941
18683
56358
53331
43282
74788
46311
55968
15130
66841
41150
76855
4384
99144
85459
11557
51804
85671
48035
86182
88967
3790
39129
16034
23871
45004
26791
87674
98268
24491
5990
82037
65751
5003
78175
26675
82693
62721
6080
63717
315
72704
18820
46820
95488
19839
55703
35138
80320
47515
53713
35284
86111
40735
3203
53257
26009
2962
19132
57495
2453
26736
1039
21492
40485
76932
83945
9814
96039
2508
14529
94905
9527
67687
22146
43717
49360
46743
92659
92998
17468
57907
94542
39968
69465
21379
51356
11157
35790
14035
2451
36332
16964
59136
44601
46745
66066
33191
1333
37307
64572
94117
23785
80869
43901
34905
87221
59423
4350
45252
10695
81829
35496
19957
93854
90600
47765
87341
34517
21271
83497
43573
63400
67098
87726
69472
8251
19056
83750
75249
78660
96562
16724
65570
44927
57863
99614
42471
69645
80683
20230
66847
39011
33537
45471
80587
32407
15990
89472
50921
63394
32208
96068
36109
23037
76293
22757
87362
57358
50179
3342
95701
14693
5280
9452
64444
5898
97617
27355
38126
30564
72801
15791
46846
35805
52055
12993
31410
90670
73340
16625
99099
78888
52716
69063
22496
35358
70197
42268
34514
77737
51679
31422
91645
13422
13895
34584
74376
34409
62911
16800
68864
47707
88332
31439
27160
27428
75160
98929
34606
16106
63179
23680
22546
47500
19745
63642
52030
10831
56060
53761
59980
27316
9251
24570
3065
63856
33017
50169
56567
65854
88137
6086
25566
51417
769
16794
4045
72549
61290
25125
73806
15460
69305
21367
69619
81744
91520
28534
49583
64931
88297
52123
409
12793
82030
67583
76207
44797
85871
36826
16286
76218
84865
16279
12626
85686
63243
43287
858
51310
1360
65136
29964
72042
23731
5528
25374
85556
65600
47014
97728
91680
39672
44728
65304
91296
26915
76701
51956
54634
85740
79087
94374
39991
72413
10853
42581
94196
92204
41758
65811
79491
55579
59944
82245
88015
96623
50974
15563
24703
21950
8870
43871
62175
97498
1532
47272
97046
47879
27831
79222
66124
38407
71750
83747
13071
33408
80155
55737
31347
76123
65053
94721
47666
15266
58685
33895
51675
11240
30326
35642
22196
91006
7380
32379
48130
84823
30172
57282
93011
70291
9767
53310
6178
69595
51223
70901
40682
94359
50886
64803
98297
9174
75624
78768
85366
89667
84367
63124
29743
83878
57864
4773
78695
46738
61283
61709
70405
6623
76063
84913
47574
40227
2413
79306
60643
77410
51871
2414
90276
31218
20566
24516
3994
49931
58124
77248
50238
17769
24596
98988
84643
88812
58379
44827
17926
24721
61751
66535
72546
20994
47494
83616
36187
48791
80007
60451
4095
9779
87369
76453
9453
99949
17014
26272
51215
5060
57004
15328
42206
5119
47297
22260
16795
48235
61014
84392
57087
65201
44364
24881
19319
35340
65730
80960
68035
81427
39343
11525
54615
66895
57043
59275
8861
92093
82813
17752
47598
38005
39115
6794
42630
85642
41439
91317
31892
47201
18116
87771
2256
81156
86080
90244
20241
27571
40106
13892
37693
92242
52994
97219
53582
28659
77222
26734
70114
15335
84790
47555
41676
2684
81302
1814
78467
8450
82754
93014
33190
73565
49083
8992
68809
51370
27209
48731
78122
92288
68125
88985
1790
3313
47532
95521
70452
7118
37584
30780
78697
99073
48481
34824
83916
2181
83000
59685
11429
49669
24462
18564
38793
82926
9211
70806
26819
38495
18386
1180
62595
11976
60557
67698
80665
29012
6756
86090
32547
23906
82506
90968
81879
24980
17612
63875
12752
72434
3839
46589
52149
49246
12993
64418
23938
88567
83541
68698
71479
32116
92543
70291
8654
53200
91536
76627
85029
25320
99909
63638
79838
12691
17406
10960
71624
82572
38565
3828
65622
90928
26232
58348
99333
72770
28712
58143
88277
76399
5709
99882
18499
16823
61882
32761
40186
87790
73659
42758
67626
64139
34905
76307
44732
46611
40097
20027
92498
49776
69854
53234
14998
10386
42981
68176
3927
98289
51636
9300
48168
44898
1791
17312
24528
65272
39846
76402
18511
39034
58080
53721
99893
32613
36548
89047
56856
90718
97132
39557
74579
98494
16596
9704
29428
17461
69869
99435
58273
28124
52162
85325
53953
70050
59152
8685
32554
56253
88095
82282
15912
52874
59611
43047
73619
57446
49759
71999
72842
79417
65150
74555
91371
25172
89986
64539
59566
16430
83261
23386
10271
25687
6790
12406
32250
95293
20294
441
42324
17758
88476
31842
14174
94091
6819
419
27605
54212
67794
13870
31114
18911
57227
30148
42713
6364
91766
22357
49211
37878
82701
81947
2540
77297
38839
1364
53233
46453
1703
86771
5744
95045
39996
39035
28116
67501
17123
6926
99325
1678
85470
60312
31669
14639
54222
53091
62686
79300
23702
45726
71337
72397
78507
35442
36576
78994
84178
98529
22922
71693
37696
83618
47299
43708
80795
7448
54131
64144
96892
95317
1588
41114
77385
77304
40867
23719
61122
98268
52526
47452
22051
24786
89136
29274
4373
35360
61911
48361
81943
61622
462
6449
49271
7684
9454
47738
35119
12435
43713
32475
66543
35258
24193
617
1145
39528
21214
32391
88395
20198
38533
11099
17042
71885
42044
20183
54962
22105
90280
61335
90261
60631
40414
63371
37952
80430
23071
62594
85294
8244
2002
74560
10637
43580
60595
44421
25580
43750
86145
58455
58335
89536
54983
22896
17339
41204
56784
67875
48510
47752
34772
14026
26975
3694
60038
47270
4637
57084
2817
83269
68694
60146
11311
67261
52979
19539
59561
47215
83974
47195
79814
78714
36409
34583
52036
68439
19521
73386
83396
39872
14416
23799
73996
9534
35363
87971
31576
95053
93449
80642
67572
37353
99720
1565
79667
8430
56715
5066
1832
93463
52283
30932
81875
81415
87603
7781
28645
71830
42551
65169
56274
7157
5846
93923
41241
69763
74863
75531
99540
40669
60578
60873
85844
3103
16766
16205
14342
88104
49429
70021
1783
1713
52357
88249
37270
43694
57776
77227
90473
26247
87251
64006
80203
27865
37325
31733
38634
72238
36797
94226
22997
5047
68135
78321
46172
52507
54197
45181
20389
84690
73239
22451
34084
73923
80166
38030
11010
34010
80000
43167
32793
49507
20771
87704
41390
55975
47341
63524
76300
11924
85088
63569
42851
11040
2993
13314
52544
19354
39319
19147
24180
86160
59900
43838
85357
69768
59022
63140
67966
39594
5913
79507
48406
64633
86067
69047
43504
75001
85938
16031
36525
88040
21989
45619
74134
23364
20641
99963
44803
92294
14354
15424
21937
36244
30895
49357
30839
5964
17798
73797
77650
18886
62066
314
60549
5423
36368
25426
68705
56685
27314
89182
62913
15875
78802
20851
23285
13544
14027
5167
44055
32911
83408
40130
53271
5619
22538
73128
36042
80579
94157
95956
44000
78976
31267
51321
80803
47012
94652
53469
63688
44685
7422
53853
74548
63607
31604
89043
30438
49849
7407
32617
23084
18787
84449
35310
99715
88097
36068
78472
83412
22353
62767
84687
60169
78049
58932
26430
92006
61444
38119
48668
50707
63270
86564
74621
5154
14115
41964
95151
36709
12238
75194
51801
1760
11566
86277
11062
8259
21826
12749
93161
23991
65012
88531
62552
88305
52823
84433
9215
56162
98232
7662
50010
63622
51009
36990
57521
67254
51802
22671
80187
76477
32300
85806
52009
67449
50025
10495
2668
39885
35472
33968
69678
54074
46586
4805
82984
64339
70994
97443
39430
47351
89931
42340
9605
8923
19465
55495
22793
41331
74404
28454
57102
94673
58194
70509
21331
20422
68135
78487
52723
43104
19414
46330
70465
16872
33723
16622
18668
27773
8671
19286
4506
9639
82699
38851
87314
51773
36883
1019
2645
89990
29812
71706
11659
89061
44594
17270
50668
44267
38134
83384
18261
52490
21937
11756
78179
29172
71010
28914
74919
76458
52826
9284
56064
39989
91865
36004
70379
27042
36884
57243
63998
97114
77885
63205
28319
77529
67627
89604
62733
1300
38586
87041
2890
12215
70421
82584
30946
32995
55284
99738
28060
46386
28729
96104
51408
96171
82498
24194
18052
75338
52156
20184
56247
32027
77270
77840
41114
90367
64816
70417
66053
52972
47453
42010
13914
24584
17533
1664
82617
72258
34954
18492
88803
16470
52389
34106
20041
29670
74970
79872
31223
4046
73142
10798
84011
38654
97214
45328
9527
87560
21
30859
33976
5282
60159
38509
44466
23571
12419
27456
88018
94435
34310
9145
90624
38335
8002
84692
55157
43601
75524
25018
47051
73363
31739
12573
4887
49682
54384
65942
19374
1065
53380
24171
8674
79185
32659
76399
80636
73352
96896
84127
13206
77212
2849
58455
3146
91095
50386
22650
30155
75613
31839
11614
58590
7330
9981
34132
52207
25715
74680
51231
8680
2104
36252
4527
30145
6004
49500
62152
33600
91845
26640
36650
70725
80156
89581
69193
70517
61147
32423
67507
40135
5805
13601
31118
59419
29871
73735
96822
82788
19443
80056
89744
18559
93443
31156
70891
90220
47839
16893
30829
96749
99238
17383
90902
79854
21366
42355
38366
74786
46949
57506
39872
68407
89630
18062
48935
13272
25827
31394
47322
49687
64794
332
37751
69093
26681
56714
35855
11563
42978
80776
93048
27817
91532
16099
18760
51868
79141
32169
60438
24286
88811
56973
42785
77995
15813
612
63890
48666
26989
17563
95232
99957
91098
10013
34967
60209
44531
57593
19495
51681
76307
69883
6959
56010
39068
97198
8197
287
18633
2487
55555
67011
23674
92553
68067
28136
89253
30345
92702
78530
23135
1755
75676
97400
62247
90104
45275
97561
48111
19445
68212
31921
74717
63807
75216
14136
10071
83717
38387
76130
43512
43560
22767
28994
64902
83806
27663
15789
38940
70622
79453
44833
98067
22079
36898
70318
40855
14929
22447
43407
89225
8847
98584
91478
27521
86071
66950
95735
19178
93514
79794
28173
72626
91738
18249
77688
7060
60565
9995
42136
50858
84641
30066
88216
90643
43936
52859
84271
77417
63942
867
92488
87648
38248
66213
66398
31857
22189
64742
37204
975
10452
19275
88198
41658
53785
58526
10341
55706
40376
61306
4089
25903
66001
71773
42616
80812
43705
60835
39828
24470
58550
11256
72908
73415
55904
59570
93582
63103
62737
36595
24929
8534
80601
10174
81250
29789
56203
48693
67381
82171
30942
92009
10789
62788
94271
37590
54899
651
17438
24014
95324
75753
23925
21390
72012
54101
60822
18845
39791
70286
71417
32905
27413
36948
33419
47424
60890
11357
19539
35642
70790
3346
57560
8033
25115
65955
15553
75789
29488
70402
14552
19097
14610
30369
75821
1830
87263
7109
42703
79796
55646
96489
78124
8438
52405
71864
27950
67642
69450
32518
57708
86279
87485
86468
15570
67174
30183
78484
48051
84370
97991
59502
96516
48892
39809
81942
32392
16636
2125
96956
46882
42592
54636
24267
97013
69299
29030
63018
24015
74227
23283
12906
2307
90752
17696
78904
47786
60439
20856
40003
12636
70537
13829
72622
20546
79912
89072
32779
51007
39095
86940
17556
64267
65666
17121
46051
69563
44905
14914
22775
78399
87455
23023
72289
51932
90668
8344
62938
46948
18396
20243
69601
88416
35165
71869
60700
48298
4974
79326
33030
90067
92444
24805
59506
46285
84558
19334
59563
32648
84960
28319
49657
66047
19583
88833
82239
46493
32321
91424
35552
83154
42522
21202
73735
93294
82277
53049
56980
79554
30796
74034
44846
95822
15589
62455
2373
44821
55766
87389
88224
11599
81424
5267
76885
26254
74941
20663
42780
66533
44913
47379
13215
56311
61547
52850
79142
89545
53517
94006
38041
10918
90596
55947
31545
14186
53832
86136
31974
77159
25593
76279
26563
38271
15490
81669
45908
33856
75033
83502
84059
57541
43775
93482
61668
73565
12808
72061
90748
14374
87618
81710
9838
19506
81686
24856
71765
27554
74590
22492
82669
15924
23993
73884
10630
94112
29553
459
4944
95420
8631
17632
92998
79272
58591
97212
50707
51754
48588
79973
74577
35488
4880
73088
18734
71636
28075
20348
98628
16618
8120
64436
4638
4022
83420
29977
13405
78229
24185
43716
32510
70439
6876
73882
64959
80061
86621
14638
33971
44842
67474
63490
65667
31658
16640
39655
87534
56522
68062
69559
63900
47185
13239
22034
56171
94585
82676
10220
65206
450
80105
89798
85960
17521
43376
73885
80402
96140
70922
53792
53722
96362
70695
61788
972
98288
59743
37144
76526
44963
66836
59927
27152
81992
68050
98380
20954
15910
15758
75177
99103
99397
5154
95469
75021
65580
59301
95325
6546
75955
3572
63052
70638
16859
43477
57816
77277
77982
56020
132
69509
73037
54071
36950
69917
17522
85664
90479
50349
61399
85704
84311
21324
85546
6269
3027
60324
10029
13482
82198
24031
29481
53894
44519
18590
86329
61385
94805
34108
16108
96756
61671
84831
50789
86530
26933
34852
45823
54919
15124
30685
4503
23445
24992
6670
9299
86452
72436
76946
33969
57508
80061
78572
2541
21676
92396
84434
81663
21676
17765
61642
41365
52162
97917
11427
95925
35655
84749
89900
41320
6108
59774
75539
38663
31649
66500
18921
54047
66743
38450
82936
54384
35825
96288
57626
76118
15393
56369
12791
29086
99640
39994
33615
71354
5852
97759
69851
92504
169
66589
17446
72636
1697
58434
43023
42249
53569
39028
56247
54236
33197
92748
32860
93329
10832
85326
92050
90677
55435
29982
35835
81600
29955
34581
65234
43135
14313
57443
98310
74627
43672
27716
28482
39404
52053
92535
78070
68505
66892
37685
21621
38437
8851
91058
76327
74124
12982
58943
82759
95477
2323
64020
28077
21425
13031
50910
96088
68803
91378
211
63702
35129
57241
45219
1762
34089
56158
16809
79717
60487
2586
51503
18223
97408
50700
85286
81533
42544
15874
21488
52387
22890
9936
4886
86151
87440
46355
56160
98056
16049
17697
20921
97651
59271
47025
65769
47967
28799
67343
10172
93389
91008
88748
17438
69859
77164
71670
80649
83789
13008
36355
30141
21951
87714
3732
57978
33600
27626
80844
1815
8218
13727
75213
55677
57539
83433
46843
78370
98862
87103
84000
51602
28191
27575
19451
99377
66363
97042
87589
17801
59058
39778
59617
80171
12506
11495
83972
76071
50657
76504
2190
15164
86767
82422
6633
76465
12547
78801
55785
12116
21457
851
65311
21017
99185
22336
48592
92138
34011
92765
89160
79961
22494
13140
89294
15184
71806
71837
53940
72697
29036
57580
37208
15807
99915
90015
99899
10772
54684
60064
802
58942
57169
51983
71971
25153
94680
27015
8739
50477
30931
84514
38934
25045
51971
80606
22560
62381
25968
76725
73168
60517
51711
10784
85181
57156
27808
32251
97664
86221
34824
19100
24315
21378
85977
99353
31906
48446
68515
32859
54980
43090
67513
69990
93282
42791
36624
93096
50226
92812
56128
63836
35659
14709
97708
44913
74213
92943
97432
38302
31762
200
23744
83672
96800
85307
15589
90542
30998
28908
57344
35575
33771
31618
51819
42479
49369
36892
50379
76136
81838
6628
104
24856
73107
61341
71884
15073
42572
68719
40526
1339
82682
14489
98156
1117
54397
17712
95598
98674
28811
59006
22926
25275
76780
74651
59991
33924
17127
32121
50493
26047
95775
43337
79052
54800
83123
90749
59715
25116
45042
38363
76491
34092
64039
74888
51743
47036
61500
89437
56640
84231
99308
11545
19402
1416
19740
56732
31666
82989
16224
6464
1085
31135
14346
17055
49132
26327
82455
95923
7081
55088
84264
5583
20301
49422
32049
55848
31196
58989
98357
22937
74561
81875
96576
90539
85586
12740
46292
42359
90381
28121
98041
48246
21675
17884
3890
76764
78163
89052
85211
35877
25052
13664
67092
90419
15410
65884
20002
30100
97245
95184
73670
65031
59572
12259
45552
7099
62249
22217
56835
54991
88988
25623
92642
38259
60713
22151
99869
91561
47288
93869
6083
24034
19671
15594
85933
20750
91667
38293
97729
63282
10698
18168
62189
84659
70409
18845
57739
80306
34403
96988
62375
81051
80060
92716
80748
56894
94124
85348
56970
60916
77628
42264
88570
41603
46740
84143
25100
48795
48223
13294
56083
33570
43476
3523
67311
95636
53496
29721
71934
63091
98587
23301
3368
98932
11302
75610
90709
16268
48832
75642
24201
49924
81949
60631
58197
75958
91607
78532
92157
92618
61442
9926
16405
76304
14645
73548
8678
4400
7103
44417
19950
93114
55153
46459
93572
32996
45964
42564
20477
17355
51304
34145
44989
49559
41315
99590
742
84017
73949
46378
74268
2633
17810
25186
65000
53621
51453
55962
34776
82774
70507
45721
17334
68646
25549
35757
88893
32584
8248
1957
84578
32112
1080
46102
82276
61930
6756
58302
65458
80619
77555
1139
19544
53107
71848
64602
12610
49082
75368
67585
60530
65714
38153
36497
79098
49441
94605
74425
81235
76014
53720
45354
86085
10607
69312
37083
68619
10531
25922
33787
93291
51906
5119
24554
43389
58663
29020
97792
78883
87298
13107
23037
29903
74067
98811
1499
60433
82623
77820
74569
17341
99590
64719
15569
13592
13154
22294
94178
81287
75497
94744
95237
70110
93701
58016
94080
59852
15784
53642
39034
1849
78563
32678
68425
3493
62322
99740
94190
22437
53559
13645
17112
42649
51602
70767
99738
63185
67435
70003
12186
42357
53859
34098
83339
4923
74887
41092
35342
37971
69320
1795
52836
72394
88482
4408
40037
71133
91363
35846
48555
22837
61741
80768
16736
70135
71333
93981
47378
85414
50634
39630
64805
43815
44796
91460
34584
33104
25783
92451
99566
83120
3988
79234
84493
93726
32599
86985
48031
89483
26229
63843
15922
31709
21661
40401
11825
74160
93062
19480
13459
57267
96563
74115
827
97651
59891
67572
30587
44615
51527
38234
66027
43360
60877
24296
15664
65857
96027
38490
85127
44637
58859
41413
26773
72204
88697
3564
79402
9321
75064
90800
26466
79144
27790
55687
65325
10955
58382
68096
72404
37225
70453
72410
69484
40786
78954
15816
44930
95067
78073
52430
60302
39710
55854
91364
77567
86268
9984
23369
75076
54296
53622
30299
81470
96827
12773
54393
45849
86020
7419
80277
79848
94739
77469
61557
52627
27870
61565
6030
93366
28383
61873
18777
57475
7445
31226
90794
42549
25367
299
12309
97979
80692
22022
84570
58190
48454
47982
1639
43613
45436
67315
74606
15803
90214
32439
74652
43517
68817
67939
78489
35105
13046
9019
10001
19205
47802
44153
85249
10572
66208
42936
84538
80708
46894
34565
94851
64064
36490
65035
88717
69690
82187
1803
31474
35543
14186
73559
37850
58026
45904
29697
30970
52902
80990
79183
92107
55376
90564
21736
27884
46911
51461
15587
23161
4270
16911
35563
92433
2310
24702
62820
90352
66202
34750
13286
92837
61050
27893
55735
14273
27277
90833
92348
83383
18706
58310
74753
60666
76895
82929
6746
43620
80080
55485
41220
72514
38018
4225
13351
19074
64997
60133
64629
13224
52511
87195
3096
38876
80324
41493
13967
8797
50090
41078
81798
10685
99224
99736
10458
1857
54377
2109
30385
18310
13650
75048
63958
55454
4597
40638
79283
72406
51109
20068
284
69514
96411
94277
56742
89653
71707
17293
51722
97831
70420
21231
95854
786
86484
48104
7996
78494
1842
92930
10036
12893
63059
45047
49960
15643
69883
70119
71742
76347
9613
84014
13270
75433
10318
31539
54170
31775
53195
97966
54317
84108
79800
49352
20726
37463
53406
18834
15667
41068
85402
30426
72020
2560
17439
79238
13294
84831
57924
67653
85142
76508
7522
30669
92857
74759
72464
70407
5012
70055
56753
59778
27295
76468
44780
68312
72532
8266
34366
9396
52997
63780
56956
7439
99344
40908
26423
35951
66823
75143
90885
83089
23931
60608
22968
59895
31236
87373
73086
78289
8842
4168
27638
90806
59807
94642
59371
2147
63800
37434
30764
33787
80371
5573
12878
47216
4461
49106
11965
8819
98080
96363
53985
9986
81594
3881
63260
39692
5642
82792
85621
43670
40429
30314
48707
94166
12989
99039
22487
37402
94974
43799
41589
82002
93660
96172
77712
41005
27023
30052
5157
42496
70148
98220
85440
79460
44660
39486
7958
78168
85487
78705
62890
26212
59995
67878
89740
16233
33339
45530
40383
29478
70919
23700
18986
4506
43849
47116
12859
10659
56631
7531
8046
73381
47539
37675
91404
79034
21704
53920
76933
20514
64490
64511
58299
31854
48460
11089
81754
99861
91101
65234
54098
33981
42422
58891
48821
21709
81669
87794
50273
96223
80593
90382
80447
95343
47070
71202
85914
96485
97351
7422
23440
70977
17799
49848
72022
12902
67707
5682
16318
62612
43639
69303
91898
63072
72696
49454
56252
58438
27222
26481
51150
68543
56675
61651
51763
50439
13747
72075
55825
88693
11281
79392
52179
39830
84127
38136
22199
93136
45826
50557
69871
99972
23819
78706
46717
66808
28887
71706
36288
3406
64612
36372
89619
66854
10858
92755
57799
44641
21641
72654
50757
75483
62230
38794
62362
15347
72879
25105
41122
17901
87376
24437
53039
13579
53386
79016
78594
39497
98576
61111
9363
93690
61576
66618
61434
61386
60088
82642
2580
88557
99767
31672
98033
58479
36998
39567
15784
60774
96278
22334
96431
29207
8630
37534
84951
64441
81344
193
42122
51042
31280
20189
1896
24200
14108
78359
17668
40954
60035
21949
45166
63154
82962
26514
42623
64950
64450
41041
29883
36305
26498
5786
37301
65826
97840
8202
92553
51163
47334
21371
38883
3288
4962
51427
51863
82155
16091
5764
23398
25562
77842
82164
11471
10479
87766
70508
12083
16655
94519
53340
95811
46050
77789
89341
65637
88391
481
64603
34928
13167
70016
643
94891
11371
17531
15190
39360
6550
53928
42060
41403
3997
89880
29788
31076
49383
13300
55207
6497
23695
2215
7794
21500
10010
13610
23334
32265
29493
29510
71364
52611
58915
60441
29845
63038
10067
3345
12629
42168
72636
26164
50572
40853
96426
4506
65489
99048
16246
67146
17678
13420
3357
16624
52354
99724
61051
78755
18088
58120
68777
618
81238
41903
19132
60438
14342
50527
85136
74717
93593
16324
1386
88124
756
30998
41997
9810
88269
62753
30695
16221
32781
47819
23961
74911
71994
1174
66874
56482
92450
80441
33043
92487
11764
54193
25029
5988
77813
71321
29673
88420
89538
1685
93971
21533
29234
19864
11437
46376
84621
33679
86328
62665
30459
17010
73713
1331
34129
92513
76988
50644
47328
23963
21340
32039
46928
20268
11524
15604
92037
23580
25454
37188
71438
52492
91235
29153
25831
97940
44642
5030
42688
24244
66442
44709
38022
10608
54547
11224
59019
79454
94686
92816
64220
97104
55066
4692
63821
99634
45469
3709
31675
92104
49284
66222
32693
92942
58161
54404
44606
46873
13286
49597
91425
9619
84746
62565
47431
15459
976
40026
15185
74817
74014
74425
28758
13160
53066
89618
84303
54830
78865
19019
54060
75775
4346
14691
97043
97748
93349
26000
39894
73157
8409
64656
64759
14541
51092
29294
7585
55590
23938
97268
39813
91601
41743
3876
79236
36497
31727
19991
51658
50747
27094
7916
3977
39996
76545
82240
51477
97712
63488
27574
27334
66824
53020
28289
90750
25133
62194
46695
41605
57143
79645
45585
84168
61051
44347
88686
80148
53738
30078
68242
32260
78940
72133
2831
43455
94136
15860
20492
4138
10284
62827
92307
69908
85140
39693
9842
5747
25713
17351
6175
89118
38321
63428
4712
84003
75717
19969
42609
20724
69961
59889
56315
42227
6948
90782
35620
6543
93967
42689
49551
67242
95136
97648
22558
88976
61289
93166
92673
93555
60621
59170
14637
73546
24329
28589
80498
54972
57531
95398
17767
38462
29882
80764
90922
99085
52612
7887
75948
79102
69111
79197
99507
64981
34723
95741
34493
311
38071
57936
21907
49587
21024
39288
45348
94386
87313
30243
18902
13034
50865
8041
61776
67666
64056
242
23793
98430
83385
74559
94660
3590
75474
5665
76939
66436
39851
40871
27713
75132
26591
10858
77192
70033
56742
9096
13830
44500
11303
94173
84998
19869
40600
52894
99878
12983
60060
98895
36931
15582
40654
71397
52168
8843
72697
41835
56421
43487
80244
32259
79883
26143
89948
98743
70453
66012
13060
35462
78728
52396
82156
10670
66985
53285
95195
54517
42071
47931
58690
80424
52868
32252
89054
36716
11825
64864
26587
53262
97023
53723
40111
69048
66362
18566
51930
958
68642
2738
92542
41448
67697
49517
2494
53386
5182
2629
34750
64005
15231
38442
75150
46756
69919
88195
90788
19762
78305
62605
36566
82655
83818
48353
98711
59776
4831
6173
30705
17017
41496
63676
41855
72043
28275
62523
31648
23178
46039
89198
24073
80959
20250
91393
45242
98146
22431
57877
4936
58942
60981
18756
88109
6233
94382
5113
35918
56854
24921
92329
97510
79187
34291
39707
63576
84875
3767
30578
50598
16960
21137
11649
90748
465
14158
28140
96561
58269
66044
52132
11779
85040
62308
5527
30187
15066
90302
86182
62792
16031
62845
16019
60344
90077
65592
43282
53016
65942
34120
47635
51915
21546
51193
16406
68201
85058
17256
83059
44685
24322
87939
44822
62112
49445
91197
5433
77708
21424
33678
21085
77140
80875
81023
62889
72661
85244
50009
47588
60033
70329
81803
29718
54703
32501
75065
93074
63764
61702
45242
27073
14364
42118
42095
24495
51558
77370
1395
91083
38956
90128
28626
14608
44087
92238
12714
1277
67056
20784
45955
50704
75847
87933
82688
7215
44540
97987
3755
94850
51745
43759
66341
16196
85714
6187
9543
71052
19892
46077
54866
29960
68037
94894
87783
79709
1640
22734
31643
43252
13964
85935
28391
64762
44862
34186
21925
42152
38418
87611
99412
83928
91491
77961
83436
65059
65409
84873
83618
57401
75347
88099
10168
14209
42316
99681
23811
95424
91255
36209
46631
30645
5346
40670
86589
30112
1476
65777
34825
70490
74687
86272
79336
1913
70458
16385
41193
45452
82871
70428
80213
76116
43940
19462
35833
15424
64861
65041
65902
89779
13403
72213
21223
46088
63380
78297
46880
54472
31900
21374
32736
69401
27992
13011
44985
65230
72275
13426
58194
9858
11459
54116
73037
91105
43783
92907
48745
64429
91884
79465
1278
47702
8136
55476
18318
49048
74158
13058
20410
77100
60976
87349
53923
49557
49222
64855
35975
85537
69809
47765
84062
39985
14666
26304
53863
14262
84401
76116
77520
56064
85182
15730
41701
43929
60655
30379
69797
36858
46370
92723
75895
57943
63990
88498
39447
72414
30442
85670
9085
15130
43236
69349
81593
20305
17307
1567
17785
7132
91047
54930
50884
78974
89577
12249
14969
920
31875
20424
71152
30761
95003
36190
37371
91808
3494
3765
34042
92500
94844
60002
42262
17355
23102
71357
33883
36585
1709
68777
73473
7568
54020
61576
11052
70390
35362
79416
81429
71764
13992
12710
1115
86936
50024
96084
6954
47512
91114
6964
11999
24696
11679
31929
63625
62023
58395
87175
76457
99427
28906
66207
78425
81395
2983
27886
52106
95915
65736
30955
75472
48091
11051
67406
66289
32538
90079
46352
12588
32049
74374
32501
28039
36525
36207
48910
5468
45812
9606
12371
54401
92799
84827
81629
99221
99066
6274
63524
83376
54311
89251
40268
72045
92982
44507
52220
70771
26734
1181
94861
80802
79748
48509
66101
93195
65433
74632
30625
83263
37683
66799
51664
4485
47574
51492
77406
96777
37324
95229
59203
17819
7282
57250
21782
78147
98880
83799
1875
10790
46735
60401
20996
34463
66432
93283
60524
75691
61079
74046
62835
99665
49288
92677
90899
62298
40060
3196
40595
36600
5865
13492
14911
85395
34260
66310
37296
49341
70500
1910
2582
94325
98831
44560
38261
15532
48582
34803
76293
26818
52615
37371
16216
73518
30382
90646
94018
94372
15541
27709
58042
24040
98991
91338
93137
71449
12192
85683
27331
31251
32737
55937
1508
85745
54432
63922
81870
32812
27490
32336
47414
31818
40975
63299
90218
93854
89230
97884
25035
55316
36806
72462
16482
64548
72278
44982
97085
80086
20321
9737
67474
26070
63580
92656
41255
75429
11094
20883
21351
34711
38428
90128
72098
85759
16160
11234
81905
98901
38019
3408
95006
69939
57692
15737
27634
48922
44231
904
73905
22556
69974
35398
49731
84063
52017
79088
19328
74400
78563
93662
98139
6988
64801
94219
28488
94414
99521
91236
79809
80087
63269
91136
34003
40384
21610
62865
78300
63571
22947
45156
42911
30628
59347
64591
88869
20068
80951
58069
72609
33952
89804
44996
88176
95509
77311
74256
15376
142
11045
78955
82769
11041
21242
7959
88088
78254
85088
67411
5461
25760
57773
97688
48804
94969
53291
31682
53765
55007
35107
28809
86832
90279
37039
55828
89510
54004
98116
90316
17929
32764
61640
55582
43790
1598
58352
56804
41282
61741
66302
77369
96379
43870
15967
11656
39899
28526
88094
55918
23758
82381
33940
52467
31050
34105
32782
83999
34888
16817
89990
44717
98411
85447
70423
72783
38880
76804
56574
14700
62542
17757
18611
6351
13690
2648
84359
97742
71341
54903
1269
18871
69992
59781
89549
82712
17114
5311
95873
47942
29360
96664
70483
18835
11906
15577
7000
42643
60904
80920
3860
75846
77729
29061
29095
29782
45502
73463
96010
73474
33331
21738
86339
66876
61763
25388
89587
21290
84141
12566
62513
35370
12869
7380
51083
34924
47039
70641
58755
52609
38430
6423
89540
19678
66586
66388
42088
6086
80497
49560
81873
37535
4351
39086
72620
38475
97873
39478
5169
98591
7991
77955
22302
36968
47858
11681
1373
42929
91703
39104
23133
5429
79577
48015
24740
3935
84705
45579
7712
22883
8024
6313
47453
69085
29382
42795
30009
16859
62969
50928
23782
79218
35735
6607
79270
5087
31857
93914
38193
32304
23775
26293
24929
84094
40860
81621
87789
82722
10505
9710
55415
68178
43199
86478
74467
52075
23130
82887
98766
7304
8898
88715
7198
92549
45130
81324
37918
37433
35092
57809
39802
68826
26843
55269
58567
41781
21043
68399
94627
49581
17201
36218
92505
26549
77002
10449
47502
24565
98248
36933
44304
39621
61051
78425
74380
88306
29092
82213
14244
85758
63071
49237
85034
56416
30930
92709
55390
16792
79981
83738
94219
5555
69777
69034
27686
346
51373
11513
5680
53039
18555
48438
36967
95591
49710
83753
9397
17119
5168
31311
71788
89554
44192
3961
17460
23950
78212
99788
75945
72496
82471
71266
88964
52257
46961
75710
19589
55875
59314
96098
19314
31721
77267
90213
56823
61406
66398
73010
94331
36098
50009
62215
82661
34741
42335
20392
34552
37080
13744
8051
27264
62272
67099
21852
80105
9931
88196
29545
50314
94595
69983
29033
91570
6894
210
52760
23442
5117
45227
10626
67188
39391
58841
14712
13582
37361
94459
57339
1835
35047
1183
20299
5153
19450
40088
77611
38138
60525
65610
16721
23959
49304
78791
43801
85127
26212
74051
57647
50688
79068
69243
73651
4806
13760
29942
54408
36914
52271
73204
56770
92054
92501
63508
36464
61478
72249
94144
60908
98223
15752
80996
68425
90159
5336
82505
77789
73835
13022
99512
95889
26499
47340
1773
93264
30769
19138
74109
17355
66696
6828
74485
91558
49334
6313
48745
4487
96446
83725
52305
28360
80595
10160
87775
17981
92619
46749
79337
32545
19379
65676
69602
91325
17672
38195
42779
21273
48316
94202
49135
79682
19684
59587
30089
38239
78333
7394
20689
96199
75893
16705
36790
49842
35972
19197
37979
82980
42650
27516
94051
59034
72937
81848
72834
88998
99654
21515
10197
21621
98249
86937
19278
52222
1378
83989
45279
74767
58413
97513
74625
8203
73569
23733
62843
12489
15969
2275
54214
72405
17704
67719
28054
67887
1840
7854
21447
68535
11319
11241
46293
86887
41845
10204
39739
142
17067
77054
61382
3266
82790
11110
78053
87743
38422
62012
57585
49703
68503
70843
26640
18764
84911
74738
34498
64656
41232
12964
4633
82525
34761
92821
49002
79795
68766
22302
66129
87572
7854
93070
43396
97782
22700
2113
36411
83596
86885
33342
3856
95154
58208
81445
34938
35217
49611
89445
18372
10073
70731
88719
66754
19896
73
75644
28284
99712
29969
32539
88943
47234
11698
2289
92580
77042
16559
55757
83794
21939
20160
49064
9070
61784
11841
53795
95289
97705
28890
57391
61606
5298
16089
73251
10571
94297
15136
70487
87468
74157
95615
31799
93038
75071
49449
74612
84057
2203
84121
25399
98683
7235
66502
20001
99056
45814
88696
13835
32338
52080
50117
25002
73166
2173
75852
594
25461
57475
20401
91953
29595
75302
37982
48102
42096
49875
35877
88287
29410
99609
65638
94332
44658
48110
48506
71396
36909
55742
76012
61809
76176
46230
74477
60769
64150
38482
73020
75007
40645
37654
68678
85916
88776
61475
39373
27177
88107
77915
15717
63596
64279
8544
86022
62605
36132
8233
75392
82861
66839
66353
9382
65322
84308
87213
45508
1438
47889
98197
31708
70284
3403
2916
29919
81956
86531
43668
25025
38028
5832
62570
24693
21546
60957
53984
44005
58839
29064
82192
60288
53310
83014
97722
18167
77415
88622
23386
62634
23202
65041
96738
78803
54072
82307
49577
21002
70809
13139
77038
21023
3495
52284
98953
75563
67564
65994
44355
26298
77040
36689
96374
62520
90907
23412
19213
95901
79622
67371
51527
79703
37895
33692
91224
70629
37193
95433
15566
60517
6801
33987
77409
37206
55826
51195
93543
69148
188
62785
94284
46752
38418
70235
34849
54892
28002
88666
78488
95707
50044
42137
48971
28518
14179
24452
15728
44604
47953
63592
18808
48554
35293
20918
62782
75079
17240
2490
8813
30370
44754
59178
72351
10516
78206
4648
90238
15972
61077
85913
55509
50701
56412
99807
30738
67378
23739
60551
41529
95900
31460
88548
20597
71484
45122
8575
19831
60726
5496
16764
32859
69285
12091
64
73848
3201
57470
69317
39604
47380
15685
97642
41543
19409
74154
39546
31657
54608
12471
42942
62368
79107
73945
56243
13980
31745
46042
75753
95414
2713
64458
74746
74030
67121
82212
4978
18530
5038
99931
63792
45323
16071
36392
75541
43163
56169
29460
44771
13500
47095
96677
392
4702
34887
52073
65018
37133
2630
71166
51745
13074
75007
19660
11780
80552
87310
13007
30695
73369
30037
53779
98510
80965
21621
1716
59343
11256
6549
67352
80120
97111
23827
84256
64583
62957
41638
7263
78836
11740
8070
4405
47689
14540
24877
58875
27292
85166
11527
73929
58831
306
90150
78489
60516
82174
88511
64075
20677
95022
27753
44746
13426
19530
34422
20893
70212
59780
92155
45001
5504
6373
27419
32915
12915
26237
5814
37682
19268
74747
720
4692
8435
29011
84429
56640
4188
22545
83414
14719
31913
20985
34030
48521
62692
16127
72669
61250
80084
31298
95287
59160
99900
24872
25237
24531
16295
50786
35431
10027
43720
84939
81151
98958
73592
54630
13186
30728
66955
14506
57479
73680
60012
96988
67089
38586
68061
27728
75059
65161
35213
37366
2600
81315
92190
19720
6082
30214
52589
83506
78381
83796
99165
19784
55425
13030
86020
60542
17155
64984
10027
35191
13614
4710
85371
41205
91505
15945
88790
32745
44323
18822
29916
96827
60035
55058
41052
30426
94289
11491
73794
53924
54265
1379
36092
96347
38531
99542
2662
66114
41650
32191
84108
77327
98776
55220
45672
36139
15128
15763
25222
4306
97965
80981
11916
47759
84570
35317
11902
46901
38755
92894
45490
92272
70538
45233
91441
14348
18874
66154
18293
99452
25727
25500
20129
25106
21252
21224
4729
7631
34499
25434
65758
92380
41800
54129
7436
32735
65879
12670
80112
97839
42729
39406
28188
20998
80425
68454
48070
50791
44310
59240
3109
95157
16344
95246
44961
55068
92948
37283
46338
28859
5255
27646
58831
30910
68484
80695
71297
9073
92993
62661
59237
64096
18594
58898
83679
71264
65830
50340
19229
79590
33181
72578
65329
17080
7519
10764
22146
61977
96669
91440
93122
49344
37542
68448
9880
69942
81056
64234
62014
84094
5959
20122
54235
17065
67649
29573
6380
24452
45242
76957
58036
16202
10354
81048
38792
6073
4492
47208
17614
9704
78408
65166
50379
48956
16421
50316
3317
32749
41466
15619
41900
75371
72499
78481
39689
82060
84903
52405
79683
78668
6649
46709
91946
87253
68250
99316
95556
52743
12886
97362
90408
7099
64632
98301
74931
16914
47285
50222
49508
97967
44116
24233
2157
95984
89676
14086
63031
26693
88851
28585
57301
40247
65449
900
82224
25167
52883
65530
83492
95210
52866
8462
8406
8879
4562
78995
68971
55794
26263
62695
56737
6718
14393
54162
12975
64779
10547
35514
72767
74252
76263
61956
69617
40255
47356
79303
8419
87796
74897
50009
88885
41855
98297
44012
89044
41500
37464
58647
98909
10529
35633
67893
28186
94740
32204
65383
98633
41614
95827
57896
71694
42080
1971
86460
55033
75993
96314
726
77836
3050
45595
88937
24031
19081
40908
70595
65039
54036
84932
91850
39224
22415
64232
24666
83902
49520
80509
59957
37592
87620
90549
2226
95128
4954
83651
18577
16314
77504
7404
68578
60011
38522
37980
43051
39832
44058
79451
69695
75110
94063
68170
1333
41305
8114
52864
88623
7773
92418
18860
53222
87597
50449
25723
19680
14124
83467
31610
34766
1939
99073
84759
1436
46177
96121
72788
81336
63399
22485
33860
74512
79704
8533
50283
67896
27306
63661
64715
55201
19501
85797
81936
69981
35772
74534
44996
40936
63699
57402
3569
73908
12446
35731
24468
88611
33745
31699
29520
89714
60643
71339
84411
31776
1713
69656
3557
45358
8988
93463
80757
27725
71572
65155
3074
65698
73718
36337
56314
50482
96055
4114
84452
64746
31782
64764
22489
70712
35771
99681
82485
4734
23879
66633
35884
88568
92205
25776
1748
497
31570
64306
20163
10484
71231
96249
62808
72683
97610
4607
8581
85942
58801
61907
91167
78325
83650
12209
7562
45220
15431
22690
61828
72270
84420
16165
6721
4131
21136
77254
37364
77989
42574
84358
85715
26787
27451
57230
62403
71291
33299
25631
93319
62386
98176
18416
2394
5438
12854
44366
99115
97044
45492
86182
39566
31203
50175
57276
43190
86690
93084
77342
63952
90352
85677
7174
34215
62039
22913
45765
22390
86106
86402
33491
71327
21648
87273
23982
13369
59064
91651
84296
90176
54096
92787
58071
40627
22119
68247
79600
58538
55269
87963
58066
63383
32885
19553
60698
71893
31798
10970
11171
6102
7140
17407
85314
24345
6643
79260
30034
15669
1809
51097
53326
55280
67852
27686
33359
78882
21001
12531
72823
97159
26504
26750
81102
38137
23613
61724
1268
74821
74851
37627
11541
68207
36017
41766
21532
31710
60684
85603
52467
1998
98349
37393
37558
83387
18923
58569
3763
18182
97916
96311
99433
23749
26461
62204
13657
28588
68224
57407
92621
34320
71273
88506
95877
28245
57169
54995
51127
72017
51796
79288
60018
95970
92872
93235
79364
35783
47615
91297
52349
58391
707
9860
92475
37470
27455
94595
29346
55289
50014
73363
9895
27371
85496
60828
11212
69164
34026
82771
61895
49783
22034
23045
87651
6899
11515
64158
93897
28996
9504
13690
73154
46422
63688
83033
78304
11106
9862
12420
34074
86257
Time spent: 86
Itarations done: 20907810