94342
3342
87480
86772
37667
153
64384
75434
31145
21655
30892
18135
9534
27573
22291
90716
72434
68621
45622
11898
76349
50990
5796
61271
66856
82082
55079
81600
71144
8307
97205
54796
56445
57429
1681
44197
48265
27716
61300
77072
93797
24073
56425
805
50579
27370
73339
83765
78151
97322
60720
47616
11401
51590
98280
11657
98258
34162
94660
1765
91531
84608
27868
26592
94944
46477
90847
51917
76805
7877
7238
10382
81236
50198
37923
68317
86531
91957
7664
33960
82960
53929
42946
32103
68214
38990
27090
89030
87692
15527
46748
68613
78958
16783
25106
75484
14956
20193
11421
94479
78935
50521
23976
66852
45562
58554
24068
13254
87308
63107
32395
1059
72964
8276
85957
19354
76004
80168
73585
68736
64543
47709
81232
95063
1729
40725
24391
96366
45701
55086
44297
10387
1603
79549
97005
46529
44641
71793
70042
60500
2824
72220
19966
82502
60755
33221
36032
570
21741
58906
75
69491
44481
95718
30802
62714
52721
87863
71864
9758
1531
13158
7412
64854
72214
44701
66261
33895
59390
41640
6382
46242
8401
58398
55090
95540
58957
75831
17167
89415
51810
104
53048
41764
59240
45479
72300
13344
7300
15733
83802
56427
67971
25595
93348
47557
12797
58370
41842
98750
36060
38833
32821
21978
75174
11504
6729
84369
78755
53582
81179
32266
98670
19102
91393
81153
11410
6277
33066
65418
6228
63542
31096
17026
12750
1455
31929
95390
79160
57417
44731
22084
53524
68063
37142
83514
65509
40228
25069
52252
53431
75542
82797
43471
32516
95988
39619
66763
54218
38196
22284
55588
63572
32735
48718
56713
21840
61366
77814
40216
25050
89989
72520
46963
15561
7917
39018
24974
53405
65161
63490
18653
86901
88568
79763
65601
37941
74922
66081
24590
96315
4562
87332
5200
99619
92561
70201
94789
60486
96213
23103
81626
91316
27338
90133
54406
68139
75821
58868
17803
69910
36854
25542
1362
27252
48495
57929
54703
15589
88449
86203
15894
31560
49383
95128
11796
98779
10640
87104
99317
59246
50829
34927
84689
20068
630
45548
64260
41705
17977
11698
14766
73527
78887
36914
23628
65271
16330
81357
90556
8825
6814
90698
50580
93805
99793
38480
65618
92503
8529
33490
6762
25023
32690
18048
2705
93836
62770
10520
61083
18464
24307
25952
78958
45630
55936
42411
46285
57986
79439
67411
11921
55385
12282
98792
25579
36683
93488
67431
91115
67187
42288
95398
66611
77102
45602
2460
24963
99732
75211
46301
45023
24669
68396
87360
37806
10866
66837
27921
24882
77199
97742
86860
76801
64046
98452
36446
88225
38389
31174
45608
13442
97085
8050
45311
11005
8186
48397
55981
49491
18608
19777
94367
7695
47906
72430
7784
62071
82573
62656
67393
91812
83019
74903
88974
47690
16276
94575
39581
24633
31468
54006
31569
49966
2218
72579
1635
49371
70426
38618
21856
80813
39218
35475
92139
33059
79375
97140
19064
69853
33183
89754
94809
63438
22401
54522
51620
1829
92905
14867
82297
73080
57599
46025
85151
26773
31286
28847
13169
88044
86464
61220
81351
52700
97379
80311
13703
23303
81179
56743
91872
55596
89641
57852
1150
72228
52680
41326
56363
66459
25776
32831
30099
62383
47380
61607
98819
20166
69575
76591
68575
74904
85460
42250
41352
75926
40126
18110
35537
49717
78610
58881
79551
44091
53804
33097
56380
23877
90105
47360
88561
79074
74409
80567
18117
75276
25114
77899
54012
23173
71871
27888
30857
68997
64134
47548
46963
11022
14881
30330
27231
28576
77428
69566
86972
69479
47861
56133
56409
79444
83372
63180
62461
72680
27663
73095
54332
36794
38595
72261
2489
37051
20368
37712
96825
35170
72798
66435
19101
66028
83603
52879
67210
22017
6154
3119
64373
79258
84740
85161
95068
62470
12166
54041
71302
86041
30392
57664
47794
27645
13890
24711
72681
87788
7578
59510
81577
63698
26390
20400
17100
19248
61956
37930
83457
63918
83350
37113
26213
63282
63513
64011
61086
91119
10691
81094
62410
98939
35107
88077
61848
22596
35126
45362
1036
67607
44240
25760
27964
14910
40513
96799
26301
67005
83465
40741
19235
10775
9905
52311
95015
7770
89816
15204
60058
35296
16204
47572
37292
92425
78639
24000
92358
53845
49278
26865
88366
1473
92234
53544
41067
88824
92464
7542
70655
96392
88680
31467
23811
17587
86323
97614
70218
74307
21250
58023
61419
98785
42554
69984
76740
34076
83795
55281
70924
99408
95948
21852
81196
38591
22488
75110
47669
19770
7276
72786
50317
83031
39330
31979
68177
38726
55004
79994
22020
3847
37797
51574
70416
26371
78716
74306
90925
88243
86018
51268
93111
96488
62156
45374
78113
68917
97888
93441
80726
96021
68751
29623
4248
13820
57489
77680
85774
53825
67531
79443
10231
45720
37226
62856
25083
35972
12325
17171
94495
51313
85052
35123
71667
79862
62121
2347
61109
64655
81191
62820
88842
4422
55490
65776
97808
34693
89734
4321
38215
18651
76957
88909
28116
11635
55507
59829
18211
75770
78211
32065
6673
11955
21596
83142
14749
45258
42049
39989
51934
46769
67932
94397
70738
22
1936
78288
35357
23371
96304
59819
6006
40985
55087
79242
71245
54681
12219
29475
44321
6335
31937
512
76354
36378
78971
49065
29143
37731
9916
25264
93440
76476
44336
86755
34730
697
84405
57215
97851
87115
65262
41071
4268
81501
34765
89130
31339
73335
80960
20869
71641
7757
48329
48270
32205
78587
9772
13399
48487
65045
90255
47321
55931
71761
70227
81476
83196
6783
32121
94315
5440
85484
51655
55770
23464
79647
77159
40045
15122
40462
84758
13243
39070
11775
45018
66520
57759
15631
87535
57732
86498
36049
3940
44941
68508
48874
86940
43710
22054
45703
63251
16740
5066
78084
41672
9226
95117
4521
64046
76183
88161
57324
16482
9053
78159
58904
30969
58060
91515
7862
83395
64046
15187
24062
72973
58970
75421
88836
50229
67737
95230
41598
45943
45730
83061
97325
41806
16178
82534
30752
15096
29405
43721
32578
84249
52049
60080
80566
80020
8493
52037
84186
67744
39040
68088
55242
50264
9768
17411
28943
88178
7538
44134
9953
84357
80301
2742
46173
93016
37610
96531
39378
30159
9177
96609
86284
81837
70333
67598
6219
29413
82422
88047
52319
36895
63442
68477
21975
74423
99645
38062
79270
84111
32358
92131
77229
29706
5938
67013
20907
9883
42573
36152
43724
56549
17516
2023
78907
84095
44433
92045
95484
3336
44637
53529
34040
64738
66325
82599
21247
49541
40307
15146
64174
84505
7274
54013
25490
16282
28288
5960
58868
44772
94993
54395
40283
81331
88926
99397
65322
67352
369
55293
95273
61451
6313
7819
25443
79404
24425
97884
18027
49975
5293
16975
88799
31893
98761
70473
62031
22502
31847
89448
11219
76993
65495
48930
84594
48603
55343
81254
73819
54828
27713
56725
21923
72433
96192
40712
82195
64923
86459
26176
33642
50137
7421
83741
30578
22782
5260
67578
14010
56935
63656
64720
40694
26962
68215
77829
92119
1783
36073
87047
10102
87042
22663
45209
68321
12505
56786
22550
29786
87883
22438
31952
59160
79274
1223
33872
55741
90560
12740
41242
48074
69339
41990
18995
44352
95356
22619
281
64124
50894
52739
22013
86300
17226
56103
16071
36031
88972
65557
79326
98785
49095
97985
85546
93767
1256
10395
95375
60814
13404
75270
66695
14990
86700
90051
67065
1335
27281
40317
42320
38560
64851
69217
1014
74964
31733
66677
33066
92428
88757
81115
92780
85093
60247
73652
41371
8146
19361
80229
62183
39127
47194
20581
32960
19272
74263
94655
63891
45618
1425
36881
87544
65937
88742
56580
17393
88075
95446
78847
75353
52824
51935
14411
25496
35199
45567
29235
41142
32854
6061
55064
75504
72313
83421
80634
2323
13812
21567
89930
42206
63765
44223
68661
92841
10205
86115
83038
36814
81049
22190
45965
9463
87597
70271
24921
71001
56430
68487
13091
42100
71705
57803
80719
30172
46818
32096
47189
94807
19506
53484
66004
75104
17681
69013
94601
29108
74635
6267
28881
16112
81736
70143
18337
86279
54320
10750
41846
28862
52208
83294
16456
70231
40145
74801
31938
5989
95401
29663
52365
97646
69887
66250
2694
63648
92369
40201
63056
46979
52695
76523
26419
47143
44429
62242
36291
63001
54890
64118
10295
4781
82303
11799
72759
98493
28635
65814
64834
24074
63638
71909
74215
99752
80748
88503
28203
49457
68680
62417
23609
67541
3930
19524
24926
25630
28865
31598
48241
50126
17658
18413
62484
35697
48088
44993
81940
50036
91024
77937
94325
28215
1427
71870
67283
51195
44779
67315
2806
52313
21070
94678
63885
98062
54842
95513
80577
45010
4228
91903
53757
83414
4556
57503
13923
39883
2791
69708
59764
26424
57935
51383
96580
91211
79493
42746
18178
47671
51188
79233
27545
32753
40353
89545
71370
72710
24767
69619
71393
15282
78158
32842
71629
20863
43227
84619
84608
92040
86749
20276
12141
60862
75138
99267
36457
46223
30888
5810
26137
39976
30334
66306
77920
79667
81454
57286
20226
18278
76754
4143
37182
6856
50747
40502
32931
64685
84154
70891
45213
23399
87663
55191
34440
96412
66932
12396
19947
43121
17499
23316
8592
68477
23356
97127
62576
22901
36164
55037
83109
44906
93447
75840
44477
19398
93553
42782
99094
8275
82789
28883
88282
46815
25853
58769
35807
89223
24523
89049
71615
29830
21550
56410
31737
22589
76800
52867
7003
70845
30893
958
67983
61805
77959
18211
76484
75680
53592
79804
4967
8182
6680
11127
24419
6867
64509
67805
88479
36746
19402
89764
37039
58681
62106
48043
66092
25244
62251
38305
62218
73041
49425
13397
79938
17976
79755
88780
48015
40427
82353
99324
26883
81088
67603
33662
3481
54956
44946
23238
2102
30963
41727
17126
10255
17756
36577
30877
67072
42362
20958
17870
38464
7774
80672
75046
8005
67935
45528
61385
45439
64165
89795
77139
75731
25773
78688
24566
60767
49401
46860
46808
23048
36608
63699
20547
86195
87235
87223
60198
80554
17329
33465
76672
63896
94670
91425
22108
36975
62438
95082
43461
91613
52068
23353
62500
15017
70095
36552
97489
88212
80538
73579
42717
58731
94386
27940
26055
38132
20747
92656
71825
73440
30466
14240
6539
68275
32299
24113
58450
84214
64198
22205
18324
35833
57806
71942
48522
3931
42956
28421
50194
30576
20816
62319
24289
26921
49201
60877
91078
20116
51715
84345
65020
89226
83502
31304
17051
91660
60764
19552
94768
61477
88614
20554
12460
68769
2390
94960
67593
65416
71281
64268
88088
6639
99895
19435
65630
30064
3376
11114
84228
94423
24705
88118
10399
28568
9048
50859
71575
18098
49308
64701
12743
61729
69488
34528
87805
62409
18027
76296
11783
79233
1984
33932
72758
55389
4747
80679
78288
54597
94874
12818
90089
83990
51770
90672
82842
54849
5067
6919
48302
34316
8905
65418
54206
70959
49752
35153
59035
34999
16958
3326
78259
28
48948
89255
95506
7213
4750
96452
12915
95264
525
74091
38998
49857
93805
31069
19402
24743
94351
95934
26279
13411
29860
44208
35294
4994
97187
20955
35846
40987
85314
70924
39689
397
64989
51207
75885
80093
1784
42055
85925
4432
64244
90355
61835
93614
66888
17243
2217
43785
8989
96425
96449
23544
44406
62985
85612
71320
45150
43844
90247
85962
1958
10464
39657
38952
38838
42017
85234
791
5335
52949
31155
66409
50258
82726
69803
84836
73630
67508
66417
46933
99843
13610
97681
61630
14304
70819
12394
55897
58291
59989
48835
66596
82337
43822
13069
53390
17107
42297
95213
51046
32587
85003
76523
96759
21324
61396
59219
13526
59522
77054
33040
4138
71019
49033
77808
12028
43436
76692
89661
34972
23281
5700
10088
35586
47324
62381
31569
78559
51263
73179
51336
38763
33523
99752
45694
66620
41955
14012
41295
67559
94285
9459
66934
50911
39339
95190
79661
30236
15408
47254
72382
11900
64533
98304
86649
91593
17072
31036
73941
89522
69602
3436
71511
94204
41019
74648
84733
52017
6644
19053
96921
35122
78215
13186
59676
43884
18816
55166
52107
51578
56144
29575
35636
78959
84922
62027
72607
94188
29858
17196
21528
69625
74222
81617
69569
91180
45945
38317
13770
8182
93082
84209
56459
32153
73532
63091
37475
41384
30125
87256
86078
24900
21484
98898
38769
4165
31512
78869
35786
3791
85932
44792
78635
3564
62994
93170
3806
93242
97263
30811
3659
68870
40383
9762
4517
54786
60726
26927
94085
8992
35077
74595
75613
71257
9785
31396
14557
43088
86274
64487
35029
46609
16363
73273
17943
95450
76535
42578
50512
24873
27122
88859
77637
70673
52309
76964
9743
56790
19908
56845
48717
50115
96088
19791
3890
67608
99512
1923
83363
75671
81813
69071
62484
4582
76888
1619
50918
11876
70181
60480
2509
67680
957
56128
37985
2338
25487
61413
79606
52013
37154
5902
28945
61549
60657
64552
54260
55505
11844
6768
92301
68047
42089
3226
10887
30326
66759
97338
23223
49983
10960
35808
92688
81585
92585
18470
17688
79086
2639
71436
40182
41819
35854
69559
78620
14049
70836
34313
46284
74786
98265
11412
79394
59350
48137
88846
65849
87067
72593
50474
35122
30529
99565
72909
42540
51013
84308
64181
57096
41922
50798
11468
40938
67535
33061
52193
90777
57890
97700
7866
96768
22265
53164
23277
62732
73538
28795
34998
23142
13589
37215
52608
86900
15951
17325
73677
35693
56089
92004
69251
5583
81956
64534
70427
84519
87888
20838
58593
65549
53438
825
11990
5798
35423
51434
89486
54638
56204
76422
Time spent: 17
Itarations done: 1243125