52246
32539
96325
99511
91537
40447
59965
3231
5034
81131
55417
64067
93323
61656
48946
40969
84494
3364
69106
71734
95874
64931
94906
50278
3408
21397
11412
88134
77227
62044
11882
6505
49504
9573
28397
52566
3806
43163
41381
71696
13948
28838
52511
95932
14722
21977
5195
28171
56930
8837
2167
11532
84754
96671
663
73740
74792
45283
62256
27546
92984
56825
96614
89909
58151
5164
66302
55039
49034
91331
13166
19391
55482
57379
25967
10307
53840
77379
93602
14246
81588
71357
78599
35402
96951
55623
1524
40998
35447
51276
48531
65663
17268
21576
1474
54031
16851
98416
42843
18068
79210
88332
6251
73615
56316
19258
27267
99260
41231
682
99097
29878
97712
21894
52967
57048
18663
5708
63982
59048
98051
68322
29872
24227
67829
9929
82170
63311
33909
75214
67283
28548
43377
78081
78287
70595
28917
80724
27444
67654
5792
53603
24075
55614
41778
19927
62794
72812
81039
5921
33062
8505
79275
76460
32585
10286
99289
34585
4313
62381
23706
2935
19588
94154
64680
85361
98507
16125
89207
27721
92577
9413
33070
58344
54512
13768
46424
90657
85301
69204
99731
13166
79674
66756
79965
75281
87642
54963
23939
1390
72022
30456
68117
30153
69666
13356
42413
81156
57593
71215
99249
96851
84274
8800
48553
94168
51076
85307
64372
87206
19140
55414
39442
10087
72983
56095
90315
77383
93660
77224
57544
68420
81543
60731
2944
11345
21603
70445
79076
72979
2535
62732
34911
31324
85164
66676
25980
18986
65245
51751
17358
77833
91139
20834
3479
57902
77773
16874
20041
26831
4900
72647
90141
30065
99863
64775
29335
56600
82899
55546
32422
20209
96497
19050
78553
61924
49382
51780
20636
15934
80416
62066
70051
58134
88034
17580
48305
74231
76803
5646
53562
42612
44246
27194
81839
26107
68318
1923
50215
6323
58713
9641
92510
74417
3679
30686
36695
12957
78060
76990
27657
64961
78017
24557
28986
88252
13213
68005
23086
35932
18180
18309
30170
87094
41199
55979
83623
75803
31209
33675
31710
30947
71094
94590
83754
44705
99181
35954
82696
33213
19813
598
65325
39404
28627
23765
66487
55084
68449
97228
34246
6933
87713
38250
49209
59480
94862
67039
83151
36970
89417
3086
89570
55635
3227
88145
91972
88034
3867
31603
24429
51923
96231
52577
83374
27578
8082
62359
69589
59487
60643
90643
35013
91059
6285
9491
251
14266
61930
50101
75558
90062
79013
39163
600
9991
68661
3976
16442
24554
44225
8461
96958
59716
52363
85850
96291
79350
38593
28034
13970
28486
33558
76447
39975
9871
52207
34831
18270
4701
69679
90352
59254
47258
74876
86261
39082
2762
5559
36686
46949
77941
37234
12087
80212
14572
32206
52563
41611
77729
54857
85401
62874
52481
24561
33155
64628
5493
8591
98996
63819
51241
53952
7212
56729
86538
19301
58474
38202
21552
95927
31833
65837
40727
226
28408
41661
72786
79196
5350
63225
35439
95170
92885
91036
47455
46360
22122
89926
68445
35706
16775
28205
35005
22149
18098
60348
10770
75614
19031
76476
57523
9857
80947
75058
64630
85750
94364
3994
44919
61695
23605
19676
16510
17544
44620
33608
42176
93740
45061
51832
90478
68344
6174
63666
16235
41213
27200
3156
31790
6787
84691
89175
55105
74764
41553
48226
75889
41431
33559
37791
76758
23477
64754
17460
82855
40815
37339
60087
90411
75304
26561
55873
42402
38182
86553
38546
77753
50624
39244
54678
79482
79051
55139
4751
86701
69624
82186
7665
15593
94841
16898
79204
55271
59219
40518
69330
65851
10759
62275
73237
8130
70212
21611
16685
76920
21150
1775
17469
93415
380
98265
41719
35865
90506
67375
6263
52399
44212
52417
26462
5019
63354
48236
72626
39568
14991
18189
77595
62926
91206
22048
33019
35710
9916
48115
22565
56460
9786
68346
66521
21571
13989
51379
94164
94169
24739
75117
17805
4671
63344
77866
55514
35954
89018
75020
38373
16854
13736
46894
42417
59137
80152
72566
5513
25148
84900
44416
25026
6007
10607
48567
83415
23520
76458
37544
15783
42922
29433
53186
15925
98086
76108
80225
75584
86037
98408
23936
65357
83385
5771
8871
95119
73751
50872
89919
36846
52264
76420
51809
53342
90935
66468
48670
52680
6968
47280
1341
80025
75029
19985
26911
66060
64017
10109
22276
74348
59086
87499
61552
28761
50433
44262
95733
56482
31832
18034
62267
52119
53907
13238
22069
54104
19838
3928
41969
25824
94487
98421
31735
50825
21857
8113
26512
83955
10345
90705
77912
48448
50430
31524
79963
32717
75232
85723
9739
20042
60820
28814
6744
79328
90167
53366
49962
55767
72364
5609
17000
26520
16967
77311
25846
28401
12313
55476
66505
22091
46168
85243
27157
30539
37242
19837
7434
77979
16943
15497
90064
60400
12111
79006
11344
98294
31578
90799
30772
58201
52046
7564
50671
80774
32077
94831
77721
20056
56930
52282
50089
81111
31506
72302
76182
41345
93873
15780
44048
54603
17610
98249
64070
66513
7643
54135
1821
14590
71324
87257
42816
47245
64132
21638
6400
72108
67723
38301
92104
35980
56946
20904
98547
46244
52011
35926
2328
66707
32180
41542
22346
59618
8112
53452
23573
1
11476
95575
33582
58460
62451
28919
54963
34254
18422
82831
57263
21729
90501
9468
23201
10049
38387
44494
5632
48735
18674
84866
24125
59633
66860
88025
92976
39704
39126
55875
26113
78447
26374
91658
8580
8752
80069
8167
59157
20653
57095
21663
34140
93709
99157
87496
38454
45625
11152
20592
16972
52266
92528
96819
96311
67351
5783
49707
35335
58870
37082
61072
21224
83695
15388
93789
17211
41840
8563
30321
27935
87485
7544
61535
98856
25161
43041
16953
7307
86361
53088
39745
34455
64385
34359
87660
29850
83357
65323
84504
93213
91123
85117
55873
1706
95154
48436
57559
5208
5552
53796
45375
96944
9963
60207
41095
42328
81410
65571
20799
14981
11996
19081
89117
45629
72930
79411
5690
36955
24469
10690
98634
35440
38154
29039
33864
79890
48095
73888
8856
65533
18092
80321
4741
72466
97021
71398
61597
7708
36175
72680
38373
1235
59161
75130
81101
78097
7455
37095
50866
1103
32876
21261
56482
41527
72004
8275
95887
88909
16957
15145
34983
55274
91972
73582
42982
63932
55866
91141
59269
38530
76742
26281
88387
24145
67176
57434
6936
78907
25656
15693
19041
72060
3188
80915
15458
12315
2745
11836
75517
8971
23644
92223
769
37541
82930
27128
84554
41444
81524
16003
2675
51852
34138
62721
56906
48867
48854
56472
15318
18950
24799
72068
71207
85896
34488
93362
85869
5615
71155
59270
89560
18623
70825
68336
89679
48355
63862
54812
75542
18295
71398
66922
15076
36400
38310
36239
10343
61407
86297
26085
16013
22355
78141
86370
27727
10006
7383
22478
15772
96856
66393
6620
13532
71025
239
21473
69933
88550
23745
28006
40398
58489
64812
92041
21795
75716
98299
87420
33445
7395
51703
17560
8471
20880
96360
61742
87579
13130
86054
57633
847
64729
68676
77379
82155
95218
75991
40988
85616
40659
91565
37803
63682
9257
7566
94542
22580
96299
7415
36656
92279
55851
53162
38710
35439
33312
13980
49028
72588
60372
45308
4026
19253
1828
16953
18452
14842
22390
92857
49173
72791
10818
85239
82224
96798
58580
41485
85475
88969
40753
73415
2602
22225
87952
5459
37955
61576
69856
794
96480
96670
33221
22625
98018
91494
50299
1581
81107
66185
37154
9581
47849
613
95652
85544
78429
89732
17709
18971
61592
86650
65926
73678
45631
40960
10809
25874
13408
77064
61532
98294
24466
60068
74569
95216
47460
65285
62483
82004
26938
1444
53809
7178
89939
37445
74174
35042
99920
47792
28681
42553
8179
22826
66062
35379
36294
86448
96229
54984
46953
26220
14570
81093
25175
68589
58728
82065
97029
25408
86559
29425
58815
97034
17614
72236
76060
41965
24680
62004
38749
13345
96841
29435
26886
18580
20938
40668
48773
79929
44489
2460
63330
61114
89804
43352
87324
77844
86455
70987
18558
28586
77192
94482
76849
66016
31056
5213
76095
79285
66641
29339
92728
72556
48362
1054
88562
6234
69016
56843
79344
13905
73104
17873
14214
20179
7067
10210
45869
62487
4969
70676
26368
63334
31174
99927
59342
8582
5120
53742
75782
62062
27600
8517
77629
87125
12763
97624
11084
51716
5579
91526
89827
65132
30598
86491
87301
31824
74583
74200
56705
10450
52970
87754
17601
34832
48069
58299
68750
87547
35559
70927
48294
16612
35062
78498
64401
51029
30429
17688
62191
1924
5885
72842
76050
32605
35270
50083
40385
43049
43366
56687
96381
42186
30658
28825
37552
74785
15860
14599
82634
28833
4163
98649
50820
74022
33396
49652
41368
72254
85131
82673
87316
57084
73302
54589
61300
546
38967
52716
60446
73056
86611
94282
86801
54901
94754
27523
70000
76283
21590
13969
49622
46962
5029
75863
46147
86263
25723
12692
1441
79539
61545
26436
62417
68119
12462
46420
14784
26396
15853
11558
47726
91866
4090
50278
44933
91801
78520
96566
52540
53672
87012
94365
70365
95539
95829
71900
49245
67308
40814
12594
54322
54111
27773
9815
71811
59009
27396
69014
95084
53800
76176
12679
24816
23929
51544
51067
57517
36320
36775
4804
16917
27407
29227
4235
3490
42744
74081
44769
98846
59237
24981
47526
63715
86425
42859
60184
11003
74155
44687
34255
18614
50595
5042
31851
70734
76738
95083
47573
80772
31366
15920
79270
54355
33926
46333
45192
96564
71821
78419
24456
54025
23359
58978
92772
9531
57902
89313
36000
14521
50743
61610
50406
53081
71801
26181
80348
80011
94442
90576
1673
65100
23558
48953
32232
5894
60505
28066
39692
42045
6563
14861
21224
15788
56319
99888
49659
75091
47666
30626
16355
8745
16106
19275
52286
35934
47607
90715
75750
46769
36461
88045
97625
4798
32462
75490
13243
77714
5125
91450
23710
58241
61802
8079
58918
73646
31213
48023
19483
59341
64283
93794
15525
89742
10091
776
56443
17831
96360
90934
37739
73806
81098
61064
78494
12759
44828
86786
86192
81474
61335
41435
64414
95269
18897
77670
33259
77203
63704
38814
2432
14053
2502
76835
22525
26098
32415
54335
41333
31086
62555
99058
8905
6678
54152
61149
7575
20186
33835
95751
31357
99644
28116
56547
2842
66009
26223
39422
95154
32736
3132
59712
21517
6034
24987
81309
65656
86745
15035
41441
52496
83134
79818
31014
541
92777
82531
97154
54822
1292
3321
31974
72449
75832
44741
99528
21577
2063
24658
31590
58986
24777
48627
92075
71492
4333
69062
69836
2056
93800
19509
10002
32728
74984
58902
35197
63451
65420
72868
39668
8274
23014
57028
61739
28671
30119
50642
52985
37424
34711
98074
66156
35925
62694
90226
78069
92785
92447
78445
48619
32254
395
59359
92483
77261
44676
668
6248
83742
52925
15130
50405
10476
19713
92835
33045
91764
99392
70272
80031
19084
870
48821
5108
92220
52276
74981
12556
70417
5531
59988
74960
39716
93503
47434
29056
13935
35741
34078
23817
3633
12694
11236
36603
19911
92886
22002
45628
28060
2674
22968
9932
29832
74047
98219
61703
32508
92312
98078
59996
57938
92601
65415
89782
55399
21780
68274
15742
8377
90654
79181
16338
67252
90299
28664
30415
97423
35872
13402
45977
5529
31458
57814
48747
95191
20300
12044
26742
8107
96174
18946
96336
26341
3745
98059
75147
47304
48389
75474
77553
94177
69295
35103
49792
91434
3560
79073
93305
17639
83558
62763
47359
45836
65037
13504
14981
95610
79193
51017
19833
50322
38400
2373
75907
37997
2326
44605
36777
35019
28836
14043
66642
28059
92402
93033
41485
61528
51627
21908
45444
5404
87086
86907
74830
1384
10837
3208
220
84134
69755
46293
65666
28745
26276
84615
23315
45577
2191
31819
11573
29279
13801
67775
85444
70062
10031
74214
98807
52195
49064
93017
20100
97197
13561
42986
35263
57374
69750
24431
54781
29089
21433
99950
95279
34554
96414
64516
50343
15977
29881
8298
131
96509
76970
31605
34820
88714
95013
92929
83013
73204
84932
58265
43040
27562
70759
72721
12362
58848
26465
93879
98358
81749
30055
10473
72333
88814
36341
19616
97836
79246
11833
51198
24269
48380
67867
8976
87203
91207
61409
44489
97984
40242
6867
92146
36917
40533
56831
71640
86685
62741
64799
7324
55662
69018
38780
23247
44372
75780
31076
47264
2605
2511
86588
97979
9540
56360
89686
34202
84744
78573
7968
18225
3999
70708
30166
81395
50667
26062
35012
83318
80660
14938
8030
24462
17066
11101
44061
6044
19103
1195
34713
30737
89313
88900
42002
3140
92754
91257
2124
19830
62453
25862
86585
35472
56506
4515
71867
53606
13907
81438
33328
18612
28609
52315
84231
78782
24253
64184
26600
49510
65658
75595
67004
30347
87376
1474
77449
19957
54496
87782
49210
29004
96346
87314
95757
12558
69889
49893
9831
30838
16325
97720
69302
99905
71764
29799
16598
12424
80859
88108
7303
92655
40866
22603
34940
99557
72854
12146
91028
7225
76650
34090
12142
72828
76588
26538
99040
48797
6242
54187
66824
8236
12077
71160
99663
30336
78287
72413
38787
36047
88116
39042
28240
73339
40525
12236
79334
26093
35346
75612
91773
60992
24914
86333
87115
32730
5641
71685
68507
39468
89133
99660
19600
57638
49179
39628
95051
88046
88291
52328
35240
13689
5499
87164
58601
3762
75667
19204
46401
98061
69886
28273
36858
71299
56319
8215
88153
7825
21402
95628
53204
13815
42376
24292
32984
56193
23905
44038
39725
45413
83858
90915
6523
72633
36367
59334
25652
70953
73832
6207
84344
95055
93835
12162
93804
3918
51753
35538
74945
87279
45355
21132
72608
98024
53802
67583
18951
39971
60179
14775
56271
13288
84060
85796
59653
38266
38611
6769
70694
62257
5333
32243
64933
4274
88781
23873
27687
7093
73477
65754
5672
47669
55709
51034
35080
3218
64026
41351
20710
82577
13972
83120
55306
10238
64977
62893
23435
93949
60298
97720
30018
15823
34529
85902
30085
61633
67424
88481
13343
43272
47645
72517
14843
75350
85549
23420
81331
38446
80219
25534
21785
98766
2693
17676
10188
56781
4717
53478
88788
65872
313
35148
40863
96093
96094
43671
63452
17880
65480
58472
72578
45853
71824
45234
16123
13818
45973
91795
52870
48665
14873
88992
80098
73054
59586
85794
56722
94627
53438
96229
74085
32926
94006
99399
72373
94289
96285
53233
86998
29704
58572
37668
36373
915
47516
53612
30171
36071
74244
30263
85463
77735
49578
35308
87052
13333
13124
39996
17866
30911
28362
64273
15475
61557
23838
15881
81555
53905
39214
41768
82583
75852
4121
30152
32092
53963
37672
37215
37466
41974
6929
63704
27597
56404
23783
73584
51609
29483
91404
29407
53441
7438
33801
17245
82226
65639
55020
47736
94234
21190
78112
49254
38545
98241
8247
14192
95687
41659
49216
20008
56141
80620
78047
22947
83925
15296
48574
14247
9378
36987
51540
36174
34834
94917
6171
78333
17046
91329
96163
13523
11011
20640
91608
86768
21281
68072
17659
41173
8908
48567
40564
49915
44818
97699
42212
24944
83735
22901
45437
89851
56691
85543
34059
36897
44708
12200
84015
36329
1426
26936
84919
29885
38221
55485
84989
19786
71830
76942
36550
59514
61508
88889
54140
63362
30435
7854
22775
77951
74398
48561
10028
870
9689
12675
42295
89049
1710
70522
3022
72683
45962
37780
98628
79234
43888
33179
16476
76485
27456
52959
68494
63603
38452
13202
73900
74834
61083
92048
84976
11702
39832
50462
949
86506
88404
22352
46785
42410
10172
42736
16046
13553
5695
26059
89962
2417
38684
15883
48489
81041
68227
1854
83338
67715
32120
40195
7852
91423
83833
19929
34079
32580
43951
88616
53508
20489
25837
88596
14660
75485
34826
57554
38123
6853
20437
15709
47568
16401
81885
95962
23921
11935
88601
73095
9097
4942
79519
13412
95568
52380
47572
97189
38526
3801
99132
62858
18497
31873
2046
84098
64043
56933
504
18786
16496
24307
80107
62271
81714
56942
12329
96465
67403
85249
94004
50998
48849
51118
24487
82988
40715
93664
30835
37931
78072
50582
59662
75826
25956
50842
3222
33831
43441
31994
16852
49575
25631
88498
15062
87750
34933
46264
4370
96616
11577
62968
22415
70845
22631
73743
4901
12385
68562
37493
94633
62029
16939
90323
40204
20954
73946
79509
5778
93661
36143
33912
28031
61638
87237
24918
11427
40481
17666
85735
48840
82306
48364
86281
90947
59994
34330
5914
64883
10132
8511
6898
60290
17496
1951
87779
59246
95459
42316
87716
85422
53965
89609
20364
87426
49502
15283
39022
51432
79993
68912
73541
59001
21577
5234
33883
67429
3990
63582
45243
92008
86566
1609
65270
12272
27842
85688
35236
7566
38330
31472
33834
51247
68239
69871
34883
57353
9746
86025
18276
78738
86869
41866
47363
1507
65109
46474
5275
66986
37684
82660
77789
79513
35566
33071
80913
26019
64439
74623
57687
41680
93313
26152
10568
4811
6715
40923
93284
33770
85234
33017
59209
88772
97613
14565
52052
52356
71714
99461
29062
73627
61343
98377
26981
13498
41293
89797
16592
20779
43888
2271
43012
2308
96904
84188
15752
24216
34972
69117
95091
95975
34359
67136
19462
44060
64511
25537
32306
77849
58819
5928
96260
86821
81762
18973
27546
85141
9929
42894
44088
37438
50376
27331
97147
57824
91336
50281
48155
73192
17552
52556
59964
81323
25276
21599
94841
14557
40494
34441
50345
40551
77957
98235
18591
93079
78380
46015
24432
27898
26414
55194
83746
41354
83044
56833
24263
72719
62565
94768
28278
35181
46568
75492
89122
84925
55146
21983
21368
42981
89002
7711
28587
30241
15256
639
11785
62543
94393
91287
96734
79715
36186
13776
69025
50186
28348
94278
31942
1053
3259
77393
44158
72415
95326
87718
51768
84362
94367
81246
2329
35143
18850
29204
17322
19874
16923
55562
3883
70559
52864
18689
6622
70231
51916
87481
36052
86731
57425
12790
61355
4914
789
36074
22164
10003
96928
8962
96520
89386
55819
19745
60326
75279
44085
35844
87392
46536
39737
74862
68536
44265
97842
11127
73266
32988
85252
9436
38169
56750
48452
53253
42431
97874
50213
677
22804
45008
47894
58283
87831
16630
89099
10255
14332
66386
68856
78263
47862
17402
26535
16103
83307
34171
60470
62411
71761
42638
3549
84571
85487
51805
34012
47459
74041
13451
92270
31780
61520
80532
36770
8465
67419
89316
99760
47991
81733
95548
97272
6449
88698
40692
6701
83822
12970
10741
50099
94149
57053
77148
11616
22137
9435
77087
73458
66252
29167
98559
76361
84446
54494
84796
97742
65413
40690
61958
93550
45624
5388
24274
68270
80390
48445
81630
21653
55800
17812
85977
70407
97639
12864
5009
58450
93233
52311
4253
50275
92676
85082
31967
48543
96994
89443
75227
89254
72543
88165
70074
45646
53303
5672
3823
15473
5717
6898
43398
75334
34334
86934
59996
60502
767
25620
97441
68971
13315
81834
49252
94441
20111
78525
67761
64516
4764
21427
27532
97612
40183
1905
4889
94900
3677
57534
15544
52057
94350
2782
73096
9697
22502
96551
92620
61046
59899
83376
65602
769
49723
30692
75163
29797
75427
85874
3795
27609
78889
93642
9787
65608
99963
46939
13046
63071
81907
92542
36203
80615
50143
76424
92697
5196
25434
93292
99949
5362
76777
99740
22794
25833
54199
61097
20022
46402
67123
28327
75149
51772
90066
83226
41516
46126
84209
47687
21309
99066
20692
25937
28316
28017
79526
37434
55005
6271
76586
2505
75949
35547
40412
62800
71671
37296
20405
54330
49657
97903
58471
2071
72590
49560
97324
72059
77773
80755
30342
99387
86271
48175
20289
8680
55480
5275
27152
57375
24612
71841
89001
61550
39035
43590
93981
9051
16444
81169
66443
25298
35520
23893
65666
33465
86025
45126
61790
42561
18225
3409
10267
4521
69064
46316
93526
4510
22709
92407
36540
87442
83854
50789
31586
78110
3646
37479
26719
22318
90
13081
42375
62082
57517
97280
80964
59211
72960
12204
85468
98498
41233
68933
84773
34241
35063
39267
35828
91986
41760
48298
35721
1138
63769
82450
30378
13482
76835
32320
90815
57685
66559
80020
62744
90484
31843
96645
20830
31530
51954
37102
74997
10776
62936
6720
82923
14792
78594
26905
20234
91545
21471
45567
47881
61948
56
22100
94816
90882
79846
66447
43306
90419
47980
27065
64090
63587
63809
3607
99083
48341
21081
6689
30429
88248
21329
99323
6451
38944
72639
32448
17417
17549
83090
30425
27007
16016
14027
91446
69007
28750
94698
42535
12971
89895
76867
29129
87472
76295
25682
25189
25039
8433
1383
21381
58995
73511
85351
86069
59156
2410
43548
96691
40703
55337
606
7546
18530
9822
18569
54113
7997
99042
35768
93718
92227
18522
23329
47698
85988
4893
59508
41176
26656
91643
5331
33131
13875
63710
88960
91673
1295
65277
70741
97242
16089
63274
66083
49920
44972
32855
49097
16129
79043
10538
46368
74694
54022
55673
57276
12566
57293
71591
4952
76484
98678
64031
30276
8418
57969
56333
90221
79850
28982
38432
11417
92765
77269
99804
79992
33726
16585
85289
19515
51420
87878
17138
20336
77846
93732
46603
35623
28573
1119
34080
52123
98518
75781
8057
76911
16236
52663
20018
55385
31927
78577
94984
50263
92214
85643
75500
66542
98189
67004
70662
3171
52294
29986
51168
48607
74352
96051
76382
14504
7347
1794
78
19414
39540
30716
77754
92728
41077
71602
90352
67973
50459
56084
6694
74156
49075
75346
30116
14014
30447
13884
13549
38812
4927
66866
81674
90805
80297
26889
68818
86469
24041
35763
66885
56325
44030
97456
78908
40470
20926
39458
90670
62854
87841
91543
5396
71877
80600
23265
34634
40088
75412
44548
2238
61545
89857
27305
97731
71820
47789
50269
10380
42701
99068
4107
85930
71302
41047
19334
74228
91596
10245
95702
77856
85334
99923
18429
69428
58809
12050
44053
18320
82182
70633
26632
56406
58791
7470
33646
16734
3389
81070
70214
99129
60217
4844
90061
52327
84566
41597
22199
13529
44731
67964
83367
13146
75229
24620
78040
35054
26655
45929
10158
20771
12779
6162
43727
19796
51245
28485
53060
17708
30682
77633
97648
18640
14077
97523
41536
19419
5945
60993
12547
88900
69126
70466
62825
57928
75955
85526
48899
32893
18134
56226
96834
68965
79761
9416
56026
77892
98829
69447
73811
99604
3880
94330
42288
36929
14589
73737
78637
38334
37709
66220
677
14887
73115
49580
50554
94540
68607
20531
1143
49339
26696
7650
52166
79317
71741
55037
85968
593
31652
93214
6530
64599
74761
38489
29540
30380
69521
52332
26182
22534
2397
48296
48830
33664
97571
55563
82904
72075
31040
35430
75917
12996
21226
99871
92085
84725
8394
99760
28879
9891
5968
34442
10483
26401
18278
84025
42390
32668
71302
81110
71223
37366
95653
19638
44332
45210
34365
45094
4872
77179
21951
82538
89774
6093
95751
36756
20394
86620
55790
42276
88625
72547
85128
50079
44838
43544
79144
12556
88304
8687
9233
68565
45565
14611
64056
36424
97743
62485
69822
94259
83868
29852
89964
64302
64064
919
44148
20609
73781
32024
66727
8090
38246
17765
45542
94848
44939
77696
43413
79515
91117
53475
6692
40620
33286
92039
7953
45956
66000
91607
53177
36542
48486
4251
7709
61919
79334
21244
59849
71409
91842
15590
46059
59391
5609
79869
7636
21737
23573
76952
35062
5262
7932
16140
83344
22368
3254
77955
9292
59024
558
37026
90031
25810
52272
74488
30905
88941
54715
28746
60549
71046
12099
6664
41033
29911
84048
65979
91805
7490
97239
84140
37574
91198
71011
48787
42343
44808
66651
40753
84452
47268
20541
31699
60815
24303
62496
85431
82443
69897
52324
34435
37917
32564
90021
1327
56620
84789
68009
48686
99373
3092
37418
70120
40516
60880
54673
80439
82544
76586
59488
23465
62075
65543
10880
92269
64236
15622
73920
48508
61465
43900
6653
35082
32294
94395
44042
99449
95842
5438
13696
83727
18550
9257
46845
92087
11127
26132
67185
15969
35707
80731
50126
83315
85900
99281
45463
99239
85745
42719
47566
62504
77451
93262
78970
74642
32411
39599
25582
6742
25110
99400
24716
52663
55388
76920
60775
76866
90898
78158
67658
60023
28705
96393
71799
56263
42593
36855
35276
2146
90985
70882
74490
59363
9296
97111
36704
30683
86
40101
14067
61807
64556
35219
62720
30554
89738
32721
73254
29221
17149
3660
7942
65945
70732
45583
80129
46564
14582
66943
1548
49740
44255
75725
64545
74990
89395
9997
57850
25808
19939
25932
36944
88187
3360
2298
83053
78632
56210
29496
88387
65148
69620
25944
99523
9704
65509
64910
35646
41313
57884
889
73897
45157
51963
56179
60159
45049
12725
65513
60355
64082
74093
79464
14707
71418
40086
95762
95391
61982
50125
21764
96613
70182
42046
71040
5411
88819
48488
62320
11310
49998
4942
20068
13473
26098
31083
72473
75096
25769
70925
4902
56517
92459
41885
54652
30913
61078
48014
26326
49394
92214
58474
66216
75967
82691
38740
58809
57040
46285
49067
98834
25029
69051
92455
48248
61105
70000
2615
9131
58230
39738
11380
30674
32380
87208
24570
21268
27200
97840
65469
55154
45345
95139
15880
47202
18355
2186
96179
19063
96161
19499
77788
95287
97179
71396
14210
48956
10440
24219
10039
62953
82315
46708
21302
85219
52125
65336
95033
34143
23310
65519
11156
53725
69795
3447
85545
27222
80820
22612
29581
32673
41735
14187
38551
64064
33122
21006
98914
47837
6096
61196
62773
56010
57753
39397
36812
54419
87469
21017
72490
27402
62108
68129
24493
88694
56210
74378
65217
22411
61815
90655
4492
97683
81831
3326
65817
65842
30728
12445
13025
80023
66797
58643
4632
73624
71364
64285
77024
96260
72055
87015
22197
33706
79599
31928
30938
31757
70614
32406
18140
3031
2469
89043
33363
20428
90517
51076
86816
91323
12894
35428
88587
62490
33527
4710
7280
27366
50154
67419
3124
94450
80850
21114
80161
28487
99948
32470
32328
94513
22232
36906
29016
18954
12859
44842
97136
31641
69757
61697
8754
67979
85061
64365
76058
91426
42667
28169
88694
43035
50089
65212
2454
37027
34537
17536
2840
99188
55504
46660
22202
88329
99137
74836
84958
50156
23279
62762
91823
27569
16303
53485
31022
91785
17736
72913
22148
64592
24142
53581
56615
73653
69858
40244
97594
19976
28912
43378
41857
39500
31813
29798
26144
9201
28896
78408
81451
82201
60510
83452
92
36087
13592
57689
82400
83959
54011
73531
72643
28685
24567
81479
77007
37450
89648
62063
80442
75840
89277
26
43703
68604
37643
17636
67105
47619
64207
67768
53303
6732
49086
66809
87843
7811
48640
42442
83265
72699
42084
82026
244
51704
55391
93541
67516
80853
34912
32984
71298
27336
49835
9589
74442
75403
99999
53424
55741
23430
93554
18670
30611
46958
37569
270
25797
32210
53936
61685
32800
99926
92774
7104
57396
20310
66040
82766
15925
66475
65137
58895
2948
65964
58083
26321
69426
87765
84147
39964
5744
45700
76844
55151
19708
8142
49816
32120
36072
78720
74334
29092
21197
53015
62046
64925
54119
62190
42063
8648
23610
86103
87616
45051
29740
55625
4211
73050
7993
66760
38629
16661
74172
97580
6052
67208
9128
53090
61246
29786
63770
62859
58955
16998
66869
21540
58527
18650
60843
93424
28276
77355
74000
98683
96213
16880
61672
61229
75489
2600
13179
25899
65287
61568
26783
46166
90871
53473
559
2641
115
63145
73554
37336
78073
80324
78653
79008
76026
42993
36237
90842
76906
46903
26033
93316
35141
65779
23472
2315
35670
84216
76426
75370
14279
18447
28368
77366
69350
88889
64802
61150
73779
12818
71236
8169
65014
5500
43020
89599
51055
13769
80044
89392
20737
57332
32610
77237
87720
19921
38677
31659
29378
14998
7283
91280
4099
48809
58078
55758
43542
17387
22725
66981
19970
3477
50353
75795
83050
84394
36277
39904
45349
22452
10911
4502
71253
85881
84057
88811
90159
40050
38721
38888
11507
56315
8120
9888
66601
8973
49762
9460
40149
69559
51225
67995
83061
62140
63752
1187
17294
13240
61782
95663
53380
15717
69220
79442
41783
27165
76579
35517
70314
40285
97011
79095
1611
95241
73833
46849
17010
52111
57297
39986
96164
5338
14178
22037
15338
1477
20174
96962
91593
16555
12145
83504
34886
59998
44925
57689
95646
98351
5717
56935
11466
33919
88014
26452
63303
30975
16547
41449
48951
55305
44917
57117
69518
81668
18405
22423
3268
28105
5831
43497
10423
96075
56435
97680
72380
31034
30376
80291
19296
69332
84805
12741
41086
4222
71337
52821
8647
86267
15328
25844
54461
71589
2551
38757
74723
45184
94620
48431
18769
75895
30993
30045
25784
4675
52390
31809
53679
28421
98159
8227
20465
17905
88431
95688
44607
240
806
31371
27554
43847
90889
19298
69012
7010
86149
15802
43517
49889
3394
40788
95479
64268
1567
20844
29096
45294
83623
35611
79417
15166
3924
69773
51308
9946
20886
69597
4192
57596
58554
65188
42175
7849
5294
47421
41531
22670
83017
81999
10509
99826
66107
2157
30029
81499
15680
46231
68090
94866
21830
96646
95568
82231
14217
32864
56548
4583
9630
32348
62502
44290
14098
40891
86295
90235
86669
86408
29419
61782
2150
28811
23823
16754
20910
22629
8306
93017
85260
18758
88706
53239
13992
47055
50962
38092
59313
2458
46621
84377
23742
3863
11471
31502
8424
7241
9730
22224
78906
32278
18568
1719
89561
5283
80741
32827
3676
30207
56728
74702
82621
74302
1984
17109
94588
95294
79810
23283
11048
42900
95819
10493
17381
39098
6070
89392
63068
78760
7721
90716
16373
95111
68384
31066
68617
2901
88353
8268
53963
66297
18514
71191
12042
38182
75962
78936
22802
82874
9220
49949
85651
25283
65436
2880
98241
66031
3077
7900
14198
64341
75327
99716
23619
18286
81806
51668
5367
65455
49193
74044
45968
86195
54946
79178
6349
16267
52570
50879
44724
66103
91714
66400
71575
99814
51912
45443
21011
48648
24852
42546
71694
20860
86820
56765
40079
22720
323
5683
98876
23908
71891
99542
44482
84576
71650
55712
48500
11095
89521
13714
80563
22819
62753
46657
82330
93174
59977
16221
5826
74936
48100
85233
3236
31793
79
84361
69786
76107
23996
27634
96558
56253
6815
85245
85853
45982
69854
51498
18164
62981
27210
90768
36852
84129
23254
5003
34315
30885
796
42560
81733
69864
17642
60046
43379
10825
85989
56385
56075
87155
56477
21456
34505
72381
6713
80411
83937
20310
22666
69202
63305
16137
80606
46836
43653
91151
47109
35540
49651
84671
15115
81296
55138
33379
85189
44054
27640
30468
82827
59531
81290
24825
75029
62550
2822
23939
12363
25743
61058
23301
76340
46747
96761
9776
56148
12112
16770
76749
13704
76732
84010
44821
21401
23920
3272
3388
73106
13112
51576
75670
75666
79726
91491
62568
25542
24832
35959
39199
63212
21067
3965
62028
76545
65617
17831
94234
93638
31117
44947
72272
65443
960
79450
17554
88993
26763
92642
43752
63184
12655
54871
22431
761
13561
46163
47565
42559
32787
28040
82917
33024
18012
44788
85384
19637
84153
58853
72080
33136
36617
2084
39293
90259
29071
42247
47381
36242
66167
22489
57267
10410
53510
30413
41415
74951
4713
92920
94966
94290
38513
73198
41200
90521
37678
66996
59569
28925
95863
56786
64226
6856
48557
84439
26346
29144
69932
45723
64467
53654
18663
93249
23661
81735
32686
58379
26565
50048
5374
67215
7124
52633
23779
30906
31366
85034
13319
36353
68583
55945
12711
49796
1046
56057
97980
72834
50665
8659
84975
58085
57000
52042
66145
5
62576
19844
79181
65317
48712
92234
62673
17045
17839
88194
27073
16310
36807
57140
58013
56876
39707
6726
73428
98832
38485
72942
75958
19868
4924
98460
77755
95250
68545
35663
26047
50946
21557
31927
24781
8227
34194
86455
30104
52658
61592
90309
95651
15558
66856
74313
57345
51792
93999
93059
76806
34216
99176
67550
7517
62117
88971
93815
8494
98681
20416
364
6519
10826
89043
3447
99863
83642
68465
65816
3954
21262
67785
12058
62591
26135
41649
91561
87073
69494
21775
8770
40003
27215
38548
59651
50558
57345
66571
23123
33635
38219
59034
56730
86599
69418
32354
36909
54189
61714
24710
65975
84723
6729
79978
40289
48840
22196
1983
37081
55812
14500
83104
30989
81842
86633
35946
95639
19788
46711
47140
80434
70396
39914
28294
78226
21397
34973
60677
15632
2717
45291
17460
4538
63556
54306
130
90635
90269
44893
44188
22892
72706
3407
33292
46414
31110
80385
10738
90429
35645
41975
92489
82971
86313
38855
66924
74341
72263
52674
13058
92516
96392
54003
81200
85452
33664
20318
57835
27536
89720
17713
79984
80489
40107
45852
73370
2589
59864
82085
63431
94352
98221
37705
48554
53646
13797
57007
30851
88734
61964
48098
71387
3813
17953
33342
73988
28404
26754
46877
4561
9257
94062
86805
21347
21482
71244
50464
25585
84167
41725
42624
41786
85045
86192
48485
2144
28581
89683
6040
40566
22378
54865
95669
98390
7896
2731
88744
6065
23207
74449
61590
32887
57906
96233
86317
90371
23242
32907
55826
33888
14183
35184
86754
31929
84351
80738
71119
62670
89626
19780
15160
53481
81704
62097
12118
614
49027
84453
44673
93470
9205
94721
2265
20744
54458
62301
28722
54130
39547
13117
86430
89419
80320
91900
34670
74464
210
14476
71845
68889
21882
68425
83942
61302
51747
71742
74935
16415
46131
66037
28700
36651
79660
3310
66615
650
58769
83506
20156
84547
36223
13805
33631
80998
86185
90005
48591
5588
93555
45380
98532
20643
96219
73027
60164
12381
94287
3998
65833
28949
6560
15398
80588
24082
11149
50155
86971
53951
54600
53318
747
43250
51794
68486
61612
70614
27570
92397
4344
23203
70206
55707
17897
35591
76792
83625
42638
59088
71000
91364
39199
4160
64866
86246
86371
60872
17958
80818
29985
30059
19633
69482
9946
91440
83120
84934
38332
93912
93729
30048
87941
78029
97764
75928
77704
30956
53567
27435
9038
30172
91594
83812
15556
53766
46572
63891
37439
22380
31478
22906
21338
90689
20496
61072
76862
24753
96048
12862
91487
85680
93643
10303
17170
89719
47509
33648
93977
30255
99835
98402
68738
28121
86963
78961
15
23247
56935
36036
14619
32832
4597
97504
95448
79096
32774
40541
35591
33122
61050
36592
89470
30340
7292
50176
88168
87972
61287
27535
63204
95042
54734
71749
40642
51530
7322
77258
25736
4838
94724
88584
97256
68926
41099
55596
70173
14318
86037
80772
65552
85643
13873
92735
47322
37434
61922
34660
47007
78643
43414
26245
99545
81646
30769
43532
56015
42461
45359
62147
22383
75512
90981
26439
97296
88454
50052
39489
46525
10410
33855
17129
56813
40436
41182
12867
57694
42113
33318
18
86277
34861
77563
92347
97035
22909
46330
95184
86314
58807
84376
5251
9581
59970
72799
19303
18366
83911
25209
69246
33370
20683
48818
74505
429
79508
91202
91200
46801
30627
72070
42091
66668
13140
68662
31249
16801
34921
83212
83074
96022
71656
71435
96544
15376
18631
52085
72478
39862
61106
49396
54104
97140
6944
42557
19377
3772
68619
9366
77263
55382
90810
54844
49595
63547
94490
9788
65126
99257
48765
69135
53050
20483
87656
15499
99528
19688
60619
39332
22670
26024
42781
23915
28905
36539
33732
10760
36856
30860
42143
98957
93575
44652
87572
60654
62423
38547
50536
74062
31843
1319
67248
85264
79994
68726
96373
10584
31408
22768
81749
82389
58784
60020
97220
22929
15519
82246
87561
3197
32734
67695
12932
6755
78324
27265
63383
72127
54945
36146
34625
31542
8881
58610
46644
98726
32374
51304
42659
83893
68271
38661
27520
30229
67731
3032
91863
72865
9270
21628
21149
18735
60539
12589
7179
33679
53036
23268
63765
1775
44310
5247
97944
91120
62264
72668
3432
20133
61791
33124
24014
68972
75256
13655
81099
21722
5224
78332
71922
56802
90363
48443
22667
25360
73584
91501
24280
70432
15259
41057
87779
43265
23747
45763
30631
67412
20486
23148
46032
86100
17532
11277
12949
3844
61735
69744
76313
99399
91580
80369
63990
43870
60310
37549
9971
5195
2018
98364
21701
58148
56233
83337
63514
47686
20864
80199
27889
72658
73432
5035
31543
66763
86121
17875
4348
54163
61486
73082
35633
48226
32525
8848
4656
43642
3355
44611
49840
24520
54878
60423
24838
74032
3568
78075
48571
24823
80949
50231
81099
33614
96310
90851
47487
98302
55869
47876
87835
61351
37871
27440
33166
59371
64986
27813
94122
85529
72899
30806
2219
28793
47135
28560
61881
42011
88920
34461
55559
69423
75273
38292
93932
33446
98571
17857
18538
40456
6423
11922
45133
15745
14008
92665
82641
18977
27900
49731
74809
23175
2926
12531
89450
62666
51753
92634
23678
68372
40665
23864
2576
12463
34389
14151
23466
78625
97840
263
38270
59046
23322
14168
72430
54745
27951
28137
50400
21927
58012
44569
34977
63853
44431
36112
90518
15009
76732
21806
48598
2409
1579
85786
88703
97425
6432
6496
46295
90821
18838
66436
25887
33496
37543
55117
27740
85952
12864
61224
93383
10617
10674
73882
37335
22855
26843
77509
60286
88926
67162
29876
32393
22069
71507
58826
94485
81561
40422
99518
49645
23801
17308
21106
7967
89345
90052
59447
3272
35319
2196
80737
22116
38722
5647
49890
72653
2893
44452
67024
73729
96777
32275
65610
63063
44596
75045
36627
7430
62165
94563
54488
47487
5317
28944
32572
25197
55777
21359
28847
22783
20292
59856
55396
88705
59970
97905
19564
38380
98486
67835
39006
95181
80194
97494
28078
80720
62173
54212
48842
72486
27839
69545
56346
21648
4007
43312
44913
64114
48131
86063
19849
63952
47952
35394
77276
99817
41909
73429
73705
42251
25362
80282
6560
72566
55106
81485
6981
62447
2569
86130
67087
67538
34768
66844
85276
87928
21286
2781
15187
13839
75426
92407
46658
5737
38168
44170
30271
54673
4675
70014
81028
30908
74848
39220
61255
56639
81754
98205
47986
32168
14784
25693
35899
3889
7984
72023
13293
87209
8240
26445
75648
47822
72881
66828
8986
739
71732
72534
83550
8035
84766
23067
47242
43505
93264
62640
97828
45226
59711
83957
43057
95504
79692
73249
28691
51756
67641
63032
25822
1573
7524
59049
20945
30573
59431
43506
44882
72567
63509
8000
10011
58193
23807
36407
99136
90327
86321
40525
63894
52457
47903
49437
45787
99642
45685
67274
28711
90752
80279
43511
68285
95413
20253
44917
20334
49404
20247
78917
8564
38202
60581
94424
29742
59956
82322
78068
93656
56401
48513
71272
34651
3012
9630
56788
11731
18196
89319
2046
35001
85376
35097
1088
17674
81542
97898
26876
54883
71169
14259
91382
73256
55355
65390
12176
78476
62637
78503
1098
51990
30110
17513
23119
12588
51351
82581
21648
63735
61068
960
70322
93350
85503
45223
90682
79142
12316
59182
70183
79677
23997
6673
25619
59013
94838
83884
83319
1048
73044
51978
89363
18650
56807
53564
20571
52190
25960
73856
40201
82272
9317
95423
31016
52251
51872
73980
42803
7581
95738
31970
11449
11031
4037
26491
42293
85557
37920
98659
1785
69851
43467
52585
28341
45553
17426
43879
55827
9650
98582
79989
41231
20771
75016
47622
1869
43864
6572
86159
96851
54204
36577
20169
32566
38690
7190
49028
32568
50109
98696
67109
88547
28297
84667
54136
931
1103
32097
32033
25206
17571
78461
31961
63170
45952
86121
53214
77132
89966
8531
24287
59421
38127
2477
95619
59633
63041
85850
3437
57655
30218
71447
44563
71799
59268
3864
93189
8248
4275
88758
72355
90567
84674
31579
65222
56148
3155
96329
14241
70236
32910
54006
9897
87599
42953
15075
14989
86881
57319
30644
5223
13368
11599
3002
32435
92130
78580
67722
32820
15425
83695
96772
9326
65745
20508
24891
14714
9046
6674
19944
49774
81472
91585
2071
69798
97267
38351
66110
61671
25601
54811
77168
13768
19667
40957
90108
51369
32699
53433
90346
51387
22416
61721
65535
81973
27966
85152
95566
34887
1545
55087
91743
31562
90661
42371
25103
87342
96400
26641
58539
12674
78064
61068
37725
14844
35218
3828
1785
39377
74413
45875
46259
56305
59794
63529
8092
53261
54281
63929
45227
44718
81179
71591
51832
44672
74838
25094
84273
78697
43369
14374
72651
30520
36455
91108
58065
28139
96935
27402
26694
74993
76100
81251
8400
22813
9554
51190
69751
64493
82988
67105
59186
97732
65384
69331
55518
73136
50921
73987
30032
94115
30242
8914
57175
80138
6792
31625
99122
39771
84537
8363
45499
25409
79688
41669
11106
57741
50912
82759
81695
14697
58
54603
50684
77023
68549
41735
8163
10596
43389
73643
27601
44200
91085
40022
45399
70757
57855
28194
43752
59812
10096
65715
28231
19625
40377
84449
38103
88286
31107
96347
39594
65026
50560
85705
30127
15270
54067
77843
25057
95944
76958
39977
7459
51181
35259
6436
96282
22802
95111
97483
28473
4805
32589
18618
56650
46590
81817
85586
35495
75775
61200
19214
7223
68152
75091
93762
99329
39759
11384
2642
16272
73973
94258
26176
40830
25178
5727
47453
60566
59790
59641
64453
203
5284
97447
89218
71611
78351
76286
8204
49749
54439
36878
1843
45069
22659
71197
85899
70745
42403
58055
42396
96535
81018
98506
53664
40172
65473
62350
39514
71889
25220
52062
24571
97995
38294
1108
30479
45424
18191
49861
96013
90687
95180
84252
77024
63950
52437
79799
67726
11713
74759
66790
14977
20081
55600
21184
68053
84668
86780
90188
17783
62899
24472
81458
31013
59781
84910
80566
79016
79218
73780
12596
91766
19472
94341
30659
43940
3625
11079
96624
93038
13690
68049
17504
45200
40523
74072
14713
20102
70709
70516
32804
22727
6369
91700
39302
6874
54103
12757
27923
32927
25305
55316
13699
80719
61597
87478
461
77243
36406
11273
8623
38530
86493
78181
74372
5155
95715
11262
70131
71676
87386
41065
50562
71705
81306
81727
98383
82373
36860
83529
29938
54625
34546
98670
21706
59083
44872
88124
35850
61141
95776
79198
55405
3499
77533
55766
87878
79535
17613
26121
59767
26699
16978
67054
3929
55544
64071
86937
36733
57061
33038
85509
32582
98668
28708
13531
29659
27487
62416
51564
42643
48476
29998
33920
15655
34550
16058
41137
21864
55972
67137
72363
4918
87116
60437
87619
61775
60123
44484
79172
86549
87027
43455
91089
30582
64595
97832
56550
85279
9428
60641
63603
61088
44808
80730
91782
18565
75309
82387
84374
5584
40368
94040
34112
68522
33844
87883
63675
34675
12955
66943
76628
8125
97107
76492
39287
81980
74753
22596
29486
46142
94734
52243
54334
61661
17500
86640
95803
80259
41123
2152
90317
10750
97227
21766
86547
72840
32735
14085
54185
33208
54769
96538
35745
88770
18090
4840
43270
47674
77134
21676
2347
59857
8020
54187
36909
65869
29794
12015
70070
65218
18773
65535
88588
53590
14985
57315
81544
42123
65529
98953
17433
51258
36093
10158
68106
66741
48922
47231
22872
55980
73205
24112
61541
69241
2141
50700
71308
92052
99897
377
99133
72703
91177
71505
28612
21890
96345
26105
58325
70296
85812
73027
37287
74318
38833
12611
82327
80164
43921
75180
62113
92172
70738
66669
83012
42493
76654
81257
53107
26178
85062
53097
32402
48187
87098
97056
99633
27053
73609
31839
79096
13628
99975
87963
74475
12786
22860
77734
50958
40963
24974
44722
91718
13041
61644
16200
30393
28374
21272
53568
27253
17650
90670
33008
13536
19776
55853
91448
75740
81145
49007
41364
89698
8412
73169
92023
42852
60269
97587
14508
2370
33783
18751
53152
96640
86441
24807
17014
78143
36376
84322
81567
26826
106
4312
93014
34845
59635
67017
95445
85878
98946
60031
94537
5249
13637
60262
30562
10669
76884
18553
58167
37656
39917
18910
20759
48575
55841
53913
63231
59697
41905
66203
48403
36814
37215
54873
29711
16676
70418
35132
85549
8873
25003
69769
39088
20787
78667
61796
71516
26841
97555
9006
86319
72520
86232
73305
97570
63484
29879
10282
96155
40609
16451
37840
94423
82880
93483
96610
61994
11816
96687
69414
43243
93452
85679
82233
90480
46916
35915
4945
55893
72222
65318
6485
60050
4177
19096
96191
95085
84113
96906
701
26628
16695
82769
84145
30165
45133
30052
18237
34672
34880
61344
48459
49228
3260
66204
82694
16778
70450
18519
49472
73258
35868
89621
34400
90046
3243
3299
5430
43013
87511
64542
80257
82400
37179
95049
72472
74346
96895
25499
77007
47082
16709
27053
19951
2660
86879
12725
3012
48508
40060
3018
18685
62224
16312
29622
98616
27700
30631
45986
84705
71017
17550
24227
80168
80490
52838
44097
46073
16845
68475
21640
57791
6704
83763
82668
25368
65390
72852
59361
11970
13521
76915
77028
55396
35937
47829
2494
9033
81228
79448
45577
70717
15447
42444
40768
60614
24548
89145
87509
42556
6698
35935
94328
57166
7769
62517
54657
49690
31201
89696
80247
30605
96858
10328
31916
2875
32569
51709
16722
26172
56783
41885
65694
65401
51077
37272
66894
88573
27221
44414
4844
37344
65084
34858
49256
92490
34877
8854
43529
96107
20046
10927
66591
72540
25611
38400
80480
10810
90802
12524
30405
32752
24565
1115
34089
73127
47849
91492
82803
40645
57511
12944
77804
12129
23310
99124
42756
35989
91610
62460
85259
85721
97288
25077
28721
9316
78788
13667
99619
66261
50316
79400
34559
30275
9939
48188
66568
62911
52607
41465
60716
30895
13147
33168
95408
48329
85805
24671
27601
73837
54142
26220
37715
82262
17938
30716
23137
60724
22174
53740
98015
49621
77283
92284
61414
60608
9543
23920
15916
55618
95837
27972
54425
63675
17941
60789
84167
45549
18101
58273
23805
90240
49855
70609
92083
41786
95890
56466
4562
10138
68200
76954
8804
15568
14849
33217
17718
52564
32406
85795
45826
36174
23403
78734
13846
11461
44152
66933
63261
65034
59831
11304
14424
76514
60952
63091
9291
87386
98164
6027
2992
44845
60797
63010
7253
99028
58624
2598
43036
93486
66059
99854
29819
90767
53290
15933
24568
17687
59854
61287
24714
98127
62707
98507
66357
65170
53070
22511
81438
8901
64143
28193
25749
21381
85268
38620
53438
46127
57173
20458
93050
25824
67648
57594
75177
69061
57336
88730
72407
24571
1293
40251
38570
59726
53517
1769
76146
88999
28893
98487
18218
87619
49807
11872
84527
55856
3147
88152
59914
70150
37502
52731
47864
68724
80047
17858
71864
71397
67975
30785
32952
25951
70255
60072
83070
6743
22106
58886
40778
65145
6765
75811
58346
45986
96977
6105
47449
39295
12062
89275
84400
32498
55544
62516
45298
64606
72975
73732
66452
61003
9975
42776
86118
45119
56429
34999
99826
81557
34369
77331
53486
4197
24305
3839
5984
22314
27552
65087
16113
77962
30602
73602
47447
48646
71653
86356
39196
50746
9103
44439
61049
1201
57174
99920
55700
37646
84766
60422
73996
80477
70240
73030
24547
44265
67018
50885
92167
70487
62743
18187
27644
58697
8173
12334
75115
19097
51086
35501
82721
55857
35173
92235
37222
17613
14218
84490
73918
19223
87848
61016
39463
47192
86674
34126
27087
10064
21909
83618
61227
84666
67318
64965
81747
39246
59871
26909
66652
85343
89499
22179
36659
21677
98108
64300
4927
85367
23304
43339
70972
18485
3246
63889
9009
91234
5643
9750
67878
96995
56097
71455
82222
49001
18836
95191
92753
63593
26337
24640
87169
10818
63424
10866
2720
49542
86126
59637
76429
41310
95912
70413
89590
54848
95888
96724
29490
31430
27120
23792
83141
80229
20429
15957
85359
12333
1883
33871
66677
2294
58624
59365
85310
86859
5771
94556
81836
71977
94855
20963
65233
21205
69547
14277
24582
41339
5419
10924
62013
64365
67067
13666
59345
48787
78090
5222
23420
87903
27318
11258
3261
17805
28060
17088
35938
63660
6304
96031
57465
49270
18444
51605
10006
21948
89477
10630
87388
12429
18566
29756
87111
57833
20425
94087
79010
64623
58221
93279
58190
78061
76503
57877
23029
54820
61111
26628
7802
6231
37136
94128
3888
91061
65675
57395
23507
88769
15472
39828
95629
76866
66500
21499
34919
69297
49102
45835
91507
46705
34528
4485
71881
23969
70547
24543
19338
55597
99245
95256
56217
75353
3217
75011
19515
2918
1081
13562
66507
27440
53538
9399
87660
95502
47200
97581
40350
89346
94960
29524
8858
80099
28896
62919
3558
80311
64542
27380
35428
293
83793
69348
40739
33538
17820
8440
85180
57925
11056
56632
46721
41483
12661
61568
62117
84131
72817
35734
23272
10153
17806
24375
26536
50051
40006
46772
10564
15000
66801
17841
66472
72297
65815
20024
67838
75981
3030
49038
47447
93259
94970
1314
42728
94378
86542
5773
42473
41319
42035
28127
93680
18929
58376
91985
69269
1064
96945
67750
54947
33883
83096
77730
86628
48558
40963
53792
58581
86525
15234
62567
26906
31773
81278
82405
52901
96767
60335
76184
66585
1236
37437
54522
81877
16382
26327
65093
61838
20989
37817
75460
14888
30450
85899
39215
1087
14924
9341
48199
41300
18608
95606
77188
51480
28581
68640
21674
69332
18664
42387
14226
1243
11485
47867
80408
93645
60174
13225
61354
24877
50098
13363
86810
21120
60541
8618
29854
23130
6465
60372
12467
69271
1230
45598
59740
14717
42637
92028
19765
76756
26662
20976
76094
81727
35940
15794
80154
90423
33379
30530
22106
95678
15171
15567
40401
18360
42051
64833
42613
76172
72813
82661
73145
63391
69902
27428
17003
59100
33319
13844
73086
76479
46135
46048
65279
76352
82572
9672
85148
94484
37937
72589
76140
73988
88580
31276
75924
51734
79639
92541
30883
20816
68490
98855
84747
79851
22609
89568
21970
84340
82010
40031
15706
35300
48453
35956
90078
76021
56287
21308
56943
19108
13114
4621
28469
92810
72363
20808
38551
78200
14435
23387
28502
6904
68241
25511
65403
2814
761
17231
65119
80684
38677
61186
86251
59443
63182
9198
46123
8778
36753
88223
85405
23760
78958
75705
74099
14206
7315
21566
8331
2977
98744
76907
94774
50566
7365
57955
57498
62092
95158
7860
30676
87209
93461
18674
19795
93477
15296
41158
23896
79353
81233
41016
11851
94263
4756
56771
36797
50095
7066
76656
54587
40965
95759
79765
84487
36273
47048
80148
13319
75815
76939
71617
97890
75127
73251
95742
64755
44246
87381
45839
41248
33720
52419
75726
77200
47980
2490
3587
32862
8058
17160
88494
15308
3181
4263
9989
42935
43887
64697
99548
5701
18117
53543
56873
67303
56086
63269
33630
24789
29789
6843
82605
919
48640
71264
51195
95111
63980
45296
44744
59894
62134
99144
97423
1542
8173
8335
66213
25937
710
69267
6974
63668
11803
49668
690
12015
15466
53655
72686
25687
53274
58116
87919
73060
46220
94811
11434
50136
38223
10919
94651
10561
48622
39644
85326
26795
18456
52065
61915
44855
58538
41598
61468
33081
46029
13221
4317
53956
70686
11044
18482
7268
1917
19866
32080
2751
33457
19028
32984
20855
63732
50174
91517
11374
86884
84450
4238
61421
1931
39250
44650
36613
95708
99745
161
62279
18977
46284
33674
65158
54502
75150
32919
40271
70911
27202
964
42517
66793
6640
97280
28029
35768
80396
60344
86450
25144
97598
29959
12021
18312
58111
40296
58722
44153
89309
73134
12727
5531
61066
44838
94019
23307
80350
50350
68255
12349
58881
2758
9854
41662
39959
88014
7737
82005
3903
912
46288
11290
45449
40670
25832
30555
30992
22286
9290
41449
98771
3279
94659
49952
60857
34539
16577
90432
2264
18688
74487
9155
49515
99702
69744
7046
98716
13498
9528
17710
51453
767
1533
88672
5777
20544
20128
41280
89074
5851
72053
7868
99822
71170
27721
83556
45993
15640
12779
84448
29335
65518
73843
74003
26777
64824
42175
5020
62896
54028
19559
25915
50697
73213
1750
16908
1844
88360
36608
54201
72077
67252
86383
48428
12698
24917
26618
67385
44807
17631
67748
32466
59417
89214
29697
73250
73610
63682
34663
35307
40568
34249
8743
62594
19638
20297
99189
17677
61486
51114
20796
60546
52968
88028
42317
79945
96509
15037
11760
59888
69587
12112
98057
68439
21352
75052
95820
75854
15435
61101
99769
44827
20717
20512
5895
86840
85090
20798
37559
45528
1198
82637
26433
50487
87671
24223
571
83081
64572
54310
44899
9594
97536
63289
2992
66459
21552
36320
83271
27307
32354
52908
17618
42250
51075
43245
95871
16037
26132
43216
65795
83675
35207
27204
44870
49565
89770
633
37561
79397
24744
2651
89784
72790
76724
3454
40827
99063
15585
80433
52293
48557
96360
22676
3423
37540
40956
44312
42718
6040
42567
83760
76828
64801
9564
28151
59466
80117
30218
30041
15424
33405
44753
76964
97795
56192
57050
33478
30094
20531
4752
48
29209
59933
33543
23457
39999
6517
89086
49377
37816
56350
48377
29335
71354
16858
61219
81483
24980
47697
62045
57454
77034
79615
42529
86013
18598
84627
46196
48300
75847
75185
57675
89176
48314
30073
11299
84523
35286
80396
36434
65268
73023
40287
90185
45533
46604
33866
2107
14493
71968
52507
70063
29345
66026
74588
1541
90281
35780
93705
90586
87409
20936
30694
56871
84294
18771
49850
50534
43106
4867
60347
44047
2337
38819
60168
90703
89618
10116
71716
28228
89372
36173
25822
45574
87886
71812
73988
11122
86833
27500
47493
81340
10343
22276
36372
70343
30460
16504
31295
62873
1131
79489
57040
95880
21830
47452
27483
17200
48517
18499
68969
53730
31822
12925
91412
86077
90192
99602
34630
31805
19183
52131
81198
85234
97165
52115
6478
48156
72424
1096
31526
12865
6959
37579
55198
26627
8244
81081
68070
74949
1808
41207
92660
69991
84673
36532
51973
19976
52555
65423
41534
85655
12152
58904
68834
657
73962
24307
28520
44019
70746
57679
1671
5194
62124
62769
3148
74557
66693
64922
52292
25692
9705
49308
9094
29698
86491
84676
547
56285
19684
16141
59971
71600
31738
23554
15904
38566
63326
45574
96553
61872
42905
63832
60795
96882
53070
26413
27372
59341
45269
65389
50209
31090
26050
29252
79650
55936
75195
7805
56955
59335
58943
74475
12520
5765
69971
8964
77073
28443
59846
91786
69482
27462
29412
81475
94829
34498
7890
95102
72057
84888
82410
13244
11760
21188
36302
21641
81584
76264
16668
83532
29216
48485
79591
9022
81113
86801
54785
50809
98844
49255
30594
9221
54358
84929
84926
73760
80488
16365
78067
63192
63644
67176
79260
51738
71934
87864
20520
84999
53822
81796
58374
96026
99976
22823
77015
29275
34091
86219
84874
68202
87236
85409
40617
40841
14687
18387
94368
46971
34204
79765
45207
10318
382
87082
97030
9756
80945
3291
41358
84543
67769
11291
7965
40407
37934
10879
1977
5640
78250
63721
89559
99336
457
7708
3421
77559
3722
98506
14028
17415
86050
13150
52782
83914
66880
68216
79367
99961
59414
63393
57046
5948
23105
60227
36903
52144
34266
45328
54843
14459
35893
7534
13652
62132
66579
79310
56460
34507
22770
54093
37686
3317
78663
93346
62863
6733
73650
79754
99712
41940
78536
56300
59386
94121
68588
14884
9063
61442
64053
62697
4826
8028
46885
99740
27316
39878
26219
86684
61628
52308
4491
68675
87722
41717
91172
47758
37867
9368
21668
64267
33666
10349
65265
55810
36735
16970
47855
11433
34355
72646
72705
28074
34228
9616
95698
6607
60931
91882
208
95567
30743
23346
21197
2081
31227
30358
88126
41585
47286
87771
91917
90557
56355
8053
32483
39840
61994
54170
70218
20008
47332
68627
87387
84816
7668
33485
63464
93927
64956
89107
82273
31922
76036
43032
18155
37026
21121
94591
93415
90017
99430
85769
59942
31483
64788
64279
34177
33886
5597
10937
6474
53796
10808
40182
53448
29252
66330
29910
5028
67339
94793
74824
56708
87894
85641
86077
71886
50689
62261
79258
89197
95449
98165
2589
35399
66801
25225
57750
45618
79480
73501
56795
9695
3114
44464
40428
95839
10394
47198
55200
50995
37668
20651
50249
41053
52768
24085
7761
73468
11296
2559
65595
39829
9686
24651
25374
26605
10988
45538
64838
68533
27650
70171
89346
61038
94496
78469
64192
5549
54641
27291
66711
34783
11256
62407
85195
53767
68923
57770
70201
36835
99705
49094
13124
40785
21150
44079
86704
30091
66081
72575
32705
61284
57369
86571
23040
40540
74770
32090
52412
51023
15488
92908
42876
44673
5291
49470
53709
6907
12794
5466
93622
32077
55986
9223
26545
92586
67085
37412
47115
45153
99503
14524
77449
94041
19019
13150
2942
22922
20141
17303
21527
14590
48234
33859
28214
863
88141
5646
94723
23800
825
13800
32623
43745
51003
56696
47635
99728
70769
58119
2617
13400
46902
88274
7245
28958
2848
77833
43507
98386
70276
67411
17873
53889
9684
62709
3358
57511
44686
59000
97696
81723
20430
57740
77455
54147
82996
22770
72138
94601
3715
13918
17216
83306
39974
91781
70494
25351
32422
9005
92345
18421
87385
90653
97078
88297
82863
59013
80067
29795
66652
76719
13255
79576
85943
66089
80279
51650
99162
12321
91663
86421
72883
73513
80434
99761
59303
1429
28965
69873
83086
23506
18990
66601
40300
48819
28455
10351
26717
38556
21253
45957
67938
24976
88847
30556
19583
71967
6446
63983
42240
44957
60578
35155
32885
98329
89826
18625
12189
94396
55941
31689
25421
39611
28673
54383
13560
60866
24398
22176
50825
47589
85994
24357
24952
53793
29377
79840
57408
88304
10760
16535
22091
21134
87901
50442
23191
99254
58500
46271
35483
96014
59361
42651
Time spent: 84
Itarations done: 22294073