57535
42251
92399
38651
3610
18609
79430
90061
93814
41666
37297
39626
27522
10929
68133
55537
65576
26948
69264
47820
16478
61972
79662
50848
91102
79292
64235
57557
18398
72244
16154
14467
31419
17804
19616
68387
65531
4224
43261
28007
58816
97349
27944
66608
8442
56065
91626
45698
16164
93734
98856
83656
51155
9538
32657
28288
68990
81316
62586
17729
51895
19807
24298
30204
77256
33087
13193
29934
78897
39606
47509
13786
38808
98335
74718
51320
35727
95402
79150
89434
81431
37958
98471
62099
95562
58121
71980
5496
5477
22490
24660
29399
8901
76010
37464
36715
4009
22946
66563
14870
74137
62217
52100
45073
12423
49543
433
88473
85465
54675
32968
11862
64496
18372
69359
9781
97554
90851
53198
64792
56813
51128
34276
63115
71470
64949
93068
48994
48528
37938
30320
57855
91266
60151
47425
15713
48412
18394
11750
30239
65721
73456
35149
27549
66138
60854
93616
7988
54664
75712
81340
4050
29762
45097
23406
24083
84347
74414
67957
56503
96349
78405
40839
91025
41313
71840
73585
85740
7693
153
9044
71893
59212
36112
48061
41792
68099
54983
25297
9552
38024
27757
92634
69219
46160
39641
44542
311
60139
49340
41391
86938
27495
53561
73884
23383
92745
10757
64622
76395
70405
8257
21266
62462
90979
27765
39855
76879
41386
75627
6529
80749
41292
96312
61247
11837
32459
80221
68058
35752
9492
10270
83035
94998
87278
65571
23223
45197
82895
15131
17760
90147
87955
89645
65804
40364
21068
15243
34958
23362
79565
29521
8624
68188
54582
77181
31022
71557
34283
341
4574
28453
96268
96813
65948
76156
82098
18636
4242
57396
54387
22648
87647
55712
60069
65094
33350
94057
62201
53046
89556
16326
57071
26850
98197
90713
63385
49859
72218
83665
55977
24381
52319
53696
17721
36093
4567
5426
246
53072
82559
25958
16559
70158
5587
98072
36847
94547
97759
47684
22458
14292
92086
36660
12500
77833
28270
56289
72494
39732
63247
11594
25156
95432
69492
12141
9672
36215
17700
1137
57701
4394
27634
61313
31894
18387
23784
33496
45809
67451
50917
71712
72943
46683
88722
37323
56916
14302
54395
3906
54935
5287
97410
4452
82259
28127
71628
2977
76682
4718
16511
13699
68938
87399
91387
22730
27441
1638
84573
89558
43950
18081
62601
18582
40471
53459
33867
94618
7150
36286
75762
70463
25889
50323
14641
79536
95096
86470
53964
22059
47235
92030
17511
39373
42718
5243
11804
47717
31243
2502
14669
50157
94784
65879
65343
83353
25237
99354
65636
84459
44101
83593
1312
82673
41618
61151
58241
29852
98404
86671
38793
85057
53905
59930
80543
59043
2900
83530
41561
6412
33764
51565
44394
25537
70405
80782
64294
89342
43490
41554
6348
83639
96033
32391
40852
73950
23392
68805
56615
56636
58391
24978
47837
75599
38540
75000
71773
1980
34234
29388
1626
80978
74312
52111
51923
47306
78528
73557
72085
98775
95216
85653
88013
96102
46882
16790
21169
26305
6414
36250
30017
26873
62293
30508
99607
18418
82430
27087
51678
34619
53164
15555
59881
70001
52467
29834
32519
88457
14545
11128
68695
48425
56808
66612
2821
4214
69554
75425
27140
37245
13747
70584
22279
55817
32923
43080
31762
77492
61490
72755
88033
74322
3631
89461
34729
17880
64503
7544
92772
8385
38575
56915
86309
10263
98745
54714
78629
45027
84223
23039
67850
11662
55236
60252
57558
14510
68217
16044
48479
79192
26430
3747
93899
28151
77872
7304
23712
69223
64820
4869
69837
22907
77515
36161
19185
77097
28263
86525
79451
11555
41637
47063
67701
78729
51440
37249
22068
62301
5794
44119
92813
60425
7934
40436
90615
56638
62218
93142
57122
48243
52366
62971
75674
99284
52088
26264
58514
73219
57038
20843
30944
79039
31414
29197
82527
33796
82551
64325
70821
4367
12498
16218
44060
41782
46837
50289
95780
62550
7901
22967
76614
63153
82061
94244
66282
76239
28898
72114
52288
90051
93855
19664
70901
56218
15347
91995
40708
5286
62326
47196
59367
74229
98953
93286
40120
25675
49296
91318
36248
4665
26850
33789
38820
35555
1227
57027
35944
8974
97478
26417
90158
46787
62289
54134
24731
61599
85702
70447
9282
46583
37008
71752
528
41279
59114
11129
24862
19489
66969
80542
86110
36537
12491
57722
43963
54842
11012
55308
36457
39194
72342
15035
13301
76037
43376
35506
5955
24725
48518
8557
85059
52935
9253
66257
46139
43289
34817
8245
20486
83725
2191
87440
29687
70266
85553
81059
89468
57588
52813
63435
21378
90125
20035
27314
49281
34476
43294
71099
41692
12447
31912
80931
10734
3341
87060
88564
93785
43941
5328
78659
24888
5139
38151
52410
49518
65271
64864
28360
48577
31943
19707
75815
15258
86531
11184
31416
71915
38483
86033
45256
23146
80191
19373
39354
15999
27451
57689
38318
18543
15338
1898
49755
34020
94895
94061
30224
39345
42053
63155
71532
73964
47029
92873
81632
7880
99738
97550
14651
86133
24788
31076
25296
81095
48230
8072
84373
83661
97457
86593
94164
29715
45532
47310
85103
89256
11703
5342
58491
42102
20972
7856
63910
26344
7334
3019
64544
73501
17647
14074
48810
37843
36118
16073
92475
86379
2951
92154
61882
40749
44990
41343
75952
52569
71033
20429
12298
49755
9966
28791
51106
12909
86011
86904
99340
28089
32104
16807
27396
15085
39763
5937
80498
48795
31840
24513
97944
75389
23125
71043
84702
74631
3014
40549
31947
35077
34339
45759
75786
89822
12924
72762
16712
7050
73549
19537
96262
41842
59743
48281
41924
33546
97204
80601
46464
76443
23605
78408
43703
554
31180
82743
79160
74127
72718
27793
51035
79653
66449
7987
14702
21276
10802
52339
2155
92972
86126
52098
6791
74128
77201
95290
23466
21984
97729
84866
13933
98808
35993
55959
88560
5833
69465
62137
56678
95621
15414
70549
99930
99892
94384
91537
65696
40809
83947
69513
60944
90264
31219
78837
50796
3969
74375
915
30664
84923
95754
6917
45939
24343
92157
34241
79086
27197
1524
24290
10348
54175
69430
84112
85380
2308
73708
45120
90769
2349
50979
18359
46703
32655
85007
87707
74990
36496
23497
39896
90173
82550
87369
3379
91658
26796
24470
56871
5575
18122
38363
72747
36518
39645
92004
80522
41376
93072
46045
71285
30104
14426
41934
15207
31633
55991
81140
31172
37002
81564
83536
30055
46371
99954
30363
51363
1738
5070
10168
26690
82998
78
89720
32837
81374
57787
26180
42491
41356
9748
21603
40970
79896
62536
96408
Time spent: 6
Itarations done: 283651