85842
93000
40624
58750
26346
9464
26448
7722
1086
18374
23045
83379
96644
5840
45897
33059
57092
99237
24095
62232
22011
56001
53180
30164
96862
73975
5395
26338
31227
72795
24066
80271
89909
40389
64901
91044
89471
86442
11139
49720
38535
95568
81743
67707
63982
26903
72297
17249
27192
63992
16742
36378
34550
79073
34791
49985
24666
39266
34617
11130
71100
48654
73341
72253
73878
89876
38876
54645
25641
1635
5825
96364
29047
4351
35446
23721
10837
65244
35083
9504
24991
76230
66018
52341
62478
3272
90326
35880
88328
54219
77152
3928
8106
3659
46677
18252
25341
7933
16137
49436
89059
41238
26363
87998
46281
84602
69638
52928
8220
3514
10063
17854
10860
57154
86134
71260
703
92381
11945
76463
4709
89043
48165
99532
49772
39667
96881
28877
81574
66220
85413
18928
95247
99383
43387
52157
30990
71649
44617
28607
6650
4592
80775
60203
56228
2739
57349
68261
18388
1766
54055
56965
72265
57101
71664
63007
49200
527
95086
62162
58538
37002
38636
47232
53167
1673
3505
78665
26267
47931
69806
49035
74527
91372
65935
95673
85091
91640
6536
41927
3582
14405
67009
46828
18793
79072
67316
95400
55937
64371
70699
67407
4885
13554
64010
81024
22359
53724
75484
19736
37806
19659
3071
15710
61515
51544
71874
80958
40509
18105
12746
48777
32847
1929
55791
12310
74194
72111
62268
24464
91856
60896
76335
54033
80963
55574
64074
76529
95065
14691
21446
15066
19152
18471
75041
36572
86919
67383
69979
51664
76117
49883
37776
62731
65887
10655
63707
54074
68222
64010
27960
20381
52038
13651
77766
85422
62817
59590
98776
71484
3360
95809
93059
41937
81956
28100
38422
54226
53064
70533
99140
28662
72623
11136
81735
59588
65177
72620
81083
69791
53237
32354
41939
36485
30649
7320
68857
97770
71196
54374
53529
82116
51277
83929
52726
90309
31227
36027
42310
99165
83675
21791
93185
49435
79316
90348
63612
26496
40593
41619
78950
41735
51964
68687
74683
74985
71818
80010
11511
43932
25554
21350
32285
25114
71941
90047
19779
62921
25591
10146
31514
67993
87255
15892
33325
24424
80569
73235
26840
96427
19041
54238
67736
49386
30240
67666
1409
77685
45515
40532
606
62272
23057
40004
75601
64599
9695
22847
41668
388
62539
421
70866
26647
45464
11297
25593
18375
87340
655
69862
7646
39085
15888
80962
7018
94775
41228
38896
41709
48435
10691
53942
70508
42585
58296
3701
84100
27230
87229
90155
31298
88685
65547
94544
38620
26498
84976
3287
56691
53679
51522
1701
88187
70573
11846
83929
26306
15899
57744
7297
60226
29870
92569
27178
84561
73734
88066
84546
83524
37712
7850
82504
47310
35016
24614
80382
18183
23468
12193
54414
56774
18233
50709
22522
65325
59272
43280
7411
3919
75322
6182
16957
88167
42595
60808
53774
62404
70824
25451
26898
1130
61915
77655
27671
3251
77152
33759
49190
8610
17779
71291
74125
84377
70746
1963
29203
47
96494
88296
6346
34118
38885
85268
80230
32951
18740
79898
9935
72905
31901
96288
98390
60504
10345
31414
97498
42217
20592
87835
89069
85397
67508
73479
42162
34949
43566
45817
45897
46527
13723
87963
43526
46354
54312
17644
48295
70207
70674
46464
4550
89682
2741
26528
68590
42525
90372
44257
22903
45665
10975
47064
4730
84487
20786
17615
25297
39985
28146
42493
79602
36597
2246
57355
98294
67867
73968
89030
72971
84500
16882
56544
94133
9943
5852
37647
77065
82345
38358
55210
15073
8515
69331
88703
91807
55493
54171
69992
4774
98371
16553
79821
724
89219
57782
21583
228
11282
2610
12383
93537
35045
32843
97881
22769
98340
94482
67051
26453
91357
76785
15727
11653
39247
52334
83699
36175
39920
36033
69124
28748
32733
67965
6141
48647
44960
50110
76830
87837
87207
70144
17056
48544
46441
26911
67207
87048
55811
31618
13495
524
4169
96388
63229
47938
84997
37556
98353
38266
74385
14929
55531
89733
70787
181
88218
62297
25464
17700
76388
92251
41831
29373
62962
12634
24383
41193
12525
26012
13432
93996
7482
7251
50578
63276
19638
53065
81656
33724
20978
62386
18845
32985
26521
27036
51681
6122
94153
35708
17923
87337
41690
45913
19521
78758
79731
58357
96393
77426
396
36095
51264
1098
6685
46874
52539
51070
14909
71207
28966
15969
13561
11032
9816
64272
15979
54201
57348
95335
1288
98590
84550
18756
98351
16270
50421
10166
30869
42984
77536
47859
8226
11064
42198
69161
16347
4964
46143
98026
35571
7757
90622
86084
88420
24205
38595
78186
99153
11453
68851
60497
29121
21896
97055
74268
37196
64463
63048
81630
2923
20327
61150
51132
41548
6959
20806
90179
34696
70495
28585
89165
98257
528
19364
57777
9869
3732
54488
27826
22434
43136
47732
68919
97214
48386
96113
13386
299
29023
21890
15096
19637
77555
34560
73149
76309
32039
77187
35907
23357
78906
30139
63403
48242
15939
7078
66924
20872
62578
93024
63377
58145
155
42358
79052
8105
48195
75838
12461
92020
34556
90007
19181
81114
97009
19808
12966
26155
61718
75813
86866
2756
80170
11129
45680
82977
70209
59894
6821
94708
99162
29186
70483
84326
67420
19270
81987
55215
99399
93259
9304
15035
25440
16622
36928
27973
43017
39372
33664
34716
78509
99380
86344
72538
31858
83905
4086
624
75546
98280
88444
11632
96677
55628
33629
89518
16283
19530
67961
55760
93581
2788
72817
31377
24513
49724
18555
30516
73714
6889
38227
92890
36967
17654
19402
56969
17206
59810
31994
73592
11341
82145
25697
60529
47405
85901
24521
2548
81985
40069
17861
8662
66400
15695
97627
48464
16765
73665
19216
2880
77858
42879
70425
81130
53625
81318
16881
75354
88185
21159
55188
47073
20357
60933
45667
65579
2031
82674
15463
47317
66091
40035
19729
77459
53152
84581
23705
30143
58030
71755
21748
42203
36642
15465
40690
36729
21943
40822
84399
37439
33562
18207
63988
62573
29923
48721
23880
37919
43964
10957
17736
22581
63937
72141
10263
98212
69342
12850
81004
32718
8680
13862
84428
92782
10516
6100
76999
46104
52243
90226
56359
63830
71969
91124
70384
6452
98122
24317
44555
52296
88647
16324
44977
6737
17068
39009
41323
12420
16247
89180
59083
65987
92309
69011
13728
35234
51000
286
744
62081
36654
36055
74955
31395
69970
16967
90163
83458
84987
56359
85855
48734
7880
28135
1559
87613
90681
74523
71435
24925
11484
47000
1737
79279
79433
42977
62067
653
37502
3296
27623
46181
39050
91138
94171
43680
85128
81652
50036
15259
48687
53411
30142
59191
79134
87759
95970
17246
76065
50174
82293
86828
44576
48957
26628
72488
96176
40886
50565
9776
39132
80900
93507
35906
9997
93463
8787
26316
34067
76929
19770
63983
66724
39062
99234
59220
59864
1798
79188
91672
18045
6408
20266
3395
57519
96395
69909
32108
57962
54813
16800
37138
1522
25087
5329
37022
26688
50020
8385
47430
85544
22350
69315
80750
82120
52020
14654
44629
86831
20307
8066
55710
67421
8971
62899
66965
50345
63820
55859
92268
28210
76377
87555
233
58641
44784
16956
40847
57889
5652
56351
63056
78511
12247
50933
79206
74609
71216
82888
33140
415
40017
33708
32746
58408
30262
10417
14869
11694
58382
91507
20767
2020
34343
76579
73676
69608
81584
30070
66533
53878
36900
93877
87545
65186
87702
6328
34061
56832
65896
5636
91051
93931
32562
14844
79520
11084
55678
2233
12330
74377
4338
86263
30111
14869
57214
7340
28365
80514
50464
20049
28351
61389
70850
68968
88972
79114
33518
98774
4626
95525
70722
15069
84895
87949
97695
56218
65909
58823
14958
58446
60380
95941
52531
96546
13545
76298
60833
60772
95634
11236
5512
86843
27982
63550
28986
90447
9551
28237
197
70244
83341
57709
85867
34077
58101
29606
41516
71956
79714
741
38539
46349
28766
64240
14863
95416
6091
28610
60981
48039
56420
67251
30644
30854
71795
44826
96031
6952
11043
12961
50906
23538
69317
81887
2116
61532
32654
16925
79691
73956
56444
79139
38895
71932
13864
27996
23762
67198
70582
30554
10969
8282
55420
76456
55333
53815
13136
80960
13799
10949
45164
69219
33455
29416
66867
74230
50961
82534
35754
48131
65679
85258
34104
81940
16889
96384
21585
52371
16660
27114
8697
66020
64243
31373
40254
50984
95327
84670
19611
53917
40
67729
48999
36540
77266
58720
9045
29771
79699
3668
51478
95967
43949
78426
32975
70133
93123
77601
75289
99529
45464
65912
96996
77733
61977
5673
25619
74017
18374
30450
65374
91823
92290
69415
65409
51116
15348
39509
6178
78597
51529
13258
97437
7010
28207
38929
60403
30214
64278
36685
48694
34204
11029
19494
47957
25937
45671
90784
82458
11606
34944
52155
48409
33903
16718
13967
88445
63864
31269
39185
19401
57036
70654
66620
26441
25989
4617
53518
40583
51628
84471
49451
23783
54266
22628
63544
96007
72096
94753
15300
52111
49487
13950
65631
32820
20431
81972
9182
33754
83499
31127
71624
59193
3855
32373
96318
53154
45100
60025
23603
69345
29209
71595
62931
73718
46289
82429
33160
8561
87577
89169
99566
85482
54896
23474
67449
16108
7663
98028
1701
33989
44596
40528
29300
8916
81447
98181
47414
5759
78323
35178
3637
93937
90623
38671
36876
70750
66115
94965
67478
22059
87345
96986
3428
7197
63386
96488
85785
21465
7783
20039
31012
59225
656
26550
40422
73342
22023
95867
37727
2614
60738
2953
64489
17814
48808
50194
10263
19126
44422
1606
79307
2993
88656
86991
98988
4762
90643
21575
56299
15053
53845
17180
8454
62361
42174
44723
51053
52196
98804
44613
43082
53915
72842
71572
81828
30418
79416
3482
92793
13004
17290
40034
49753
33951
94746
66284
68359
42727
69303
58655
23011
48293
89710
66497
21221
49538
39708
11000
32250
38686
22214
5088
7567
88355
89864
12830
49497
61967
23255
35021
81404
19358
81768
28715
47850
24647
3520
42878
26417
1843
10769
79705
64185
25146
84991
71754
61366
75542
11939
98727
12181
43041
61067
54548
78786
4782
56085
15319
17898
63240
13728
51815
1765
85890
76438
76369
75188
47958
41252
13297
68558
43224
92025
34483
43203
94404
74995
7282
79804
64221
18742
60617
33266
41045
88763
86934
68113
48865
84148
62642
57364
10360
29279
87735
74788
73944
86986
16448
35542
958
21266
75173
43448
97504
67457
41248
84446
66969
25661
86826
65317
53890
79254
75726
34294
47572
54478
37968
35945
14749
79382
36648
46544
34581
70830
84861
8126
16410
76764
66601
29504
90956
27635
64844
50778
79004
5663
2489
74173
58142
23504
57392
48558
67741
14935
21420
57563
15121
79352
35254
1959
71715
89113
45643
85778
77072
64224
99836
12682
637
42357
13155
74107
46526
23867
19951
64022
24884
51276
45639
86401
54907
90555
18096
31053
9260
17637
70351
81001
57353
77686
73371
80360
15845
76980
77620
35478
68704
87666
35210
44108
76345
94152
20583
47456
53548
86603
67036
78185
59309
11775
88806
33781
8217
24306
64008
39207
82627
42673
12431
75297
97625
3130
13973
40142
46676
22258
78481
79504
34833
24167
95789
69313
88531
61902
65975
58359
16239
64301
34142
82559
82607
69304
31489
43480
50278
62645
55007
3309
38134
26879
1799
86033
42523
19876
10888
90336
68866
44167
55254
13548
25085
38981
69982
57964
35385
25294
98516
40951
43190
60932
88404
58479
85427
17490
70305
58056
36833
73802
9620
61531
42594
31683
28802
40808
80401
98846
60213
90268
18849
51191
4325
58508
68144
82049
36149
98991
51192
69515
23954
74328
58400
44670
98656
2075
87905
23255
39710
61343
14452
71291
23875
88937
74747
11171
16958
81370
4913
38890
75413
84811
16498
15397
64651
98869
51534
15441
93949
42093
14251
65816
14075
27173
37313
81584
23021
72026
3818
13636
77721
29322
12810
53849
15150
51484
45673
5154
44938
20745
63550
12969
87421
64638
41786
71746
95989
46081
26406
65796
20687
64238
79777
77083
41174
27388
67851
94330
21512
62313
29748
87601
16640
6009
61980
70376
91014
85029
44204
57232
93532
25366
31176
39354
69729
51478
36444
42414
82118
26942
37322
1764
52661
61168
37819
88398
37531
56716
36451
45840
93629
99977
59239
52864
98777
4324
34711
9882
43081
99327
7330
57863
17625
22198
8559
77812
88494
8369
30621
86109
59057
96969
77043
36447
91512
63907
96164
62612
79880
70379
39098
48015
40956
67866
21962
87701
17169
31978
13719
16422
65855
7043
15614
12430
43168
30872
45910
50802
77629
74911
94547
72381
68295
78785
66309
54841
35570
80257
88249
20903
98881
41700
17364
95416
54761
52396
47870
27770
81308
42350
83967
29042
579
77747
13596
34302
89152
20812
91418
89661
38904
27523
15189
80947
35006
25492
58628
66277
36200
61311
6074
48353
13599
31735
19438
23958
28592
16301
56360
77924
7861
10361
49955
46720
4080
16926
55209
62908
14580
93364
64784
5802
67043
64691
97916
26001
71280
9052
70062
81862
79155
92950
58106
24502
90968
83900
86165
94597
95872
96386
70435
49026
36390
33360
78001
18303
42620
69982
74187
6798
90438
88922
55756
86898
99821
17230
93154
5532
4335
33670
34009
16922
90917
12350
52197
78926
30270
43603
62081
2024
92503
26285
55863
19772
70082
56998
63528
57454
10740
51241
79474
11711
96671
19064
47663
18080
93163
83530
48051
75642
29752
74164
80988
18441
70049
49484
3486
71796
72606
2870
31444
8355
44457
84210
85335
23499
41463
26109
23352
82590
75111
97952
75634
53643
44154
23672
65955
28124
21241
89815
83134
49862
89686
39352
43430
17505
43543
93629
67317
99446
35368
69976
79275
1826
80379
65710
27627
60009
3125
60589
12960
81825
43381
49294
8266
56911
21663
53069
51732
60645
1570
75395
93968
23466
76099
60428
85454
6742
48163
84867
97143
24943
71711
64071
77390
80478
69181
81420
61763
32379
43451
56273
68804
2911
58021
50378
34406
37218
67852
75141
60283
70288
45108
2921
77822
22789
58972
4339
57661
42761
36798
30590
27439
33647
55027
34812
95434
60855
82641
79818
16170
8783
27333
10815
75577
68179
15173
81253
17945
69726
68220
7473
84621
43917
31354
93636
85324
79547
39539
12166
76912
73600
9807
47004
81611
13784
88418
6991
36921
11692
83001
94978
32840
9305
61897
74570
58506
14480
8500
10908
50033
82116
77088
74471
4016
46809
8442
87633
97120
30147
28500
62505
31119
91161
71368
25633
4908
62008
39168
50162
262
12607
35565
19325
56491
17754
87226
26467
634
58128
98032
76277
94494
72655
64571
89496
57531
93845
18243
29106
25540
40006
49250
59840
9026
8654
10824
24823
22331
13968
98213
73273
64808
37790
46294
1387
48728
18485
92080
74892
85102
84839
4011
86244
58233
53267
88548
61989
42560
45701
46460
76606
41254
52869
66097
47928
54996
63038
9030
86244
21542
99876
64620
44293
1876
64701
24407
68549
27200
58213
54623
83567
62441
64676
25743
50643
86648
17594
91637
29603
38359
30041
97728
38293
24931
65124
37490
48174
48797
42463
69704
76397
60776
25072
55053
34841
10795
7754
69977
74809
29765
32828
8141
22425
42851
91987
85445
34266
84038
34066
23169
15331
54584
87702
95707
32190
43904
25120
94235
23012
10383
38710
75773
53116
1750
75593
38251
89816
79933
77012
86529
73530
3643
99214
31770
43494
13490
50347
97090
35865
59016
63966
86157
9634
4823
43897
8186
71438
53826
57479
42725
64282
29685
24636
70720
57072
67575
48734
94494
22022
72733
61879
18638
15195
19584
12064
66213
81772
80756
2502
60257
92158
94917
4496
9271
77570
5135
4393
97175
74550
25331
12418
93156
6612
21393
56610
64930
28277
25663
8620
85
31805
38752
39789
14526
70160
11024
85697
54466
81110
37576
5307
78977
6827
45209
56844
43811
90926
97584
76715
94006
664
95695
40062
12753
65792
4739
1958
67042
47590
95639
66771
36814
51673
49695
9901
13659
76408
38243
80872
7540
45087
55687
49669
5583
4529
53902
19252
85676
85342
98772
16327
99430
9798
45496
89760
3995
2159
8288
91404
40295
3215
82252
87665
26435
15931
60446
51786
59346
12305
77532
16608
95183
12888
2925
25489
9555
9898
960
5078
22343
42442
73376
97831
8714
48102
274
34405
7831
8971
99717
96511
83873
82214
33284
19309
90139
55306
95108
9121
36337
94349
35345
7000
61605
60188
85506
11602
71369
51545
72711
85868
4835
96965
32685
11153
61739
58113
57190
19746
31909
25788
40605
32121
39256
87002
22461
48802
33023
16579
58037
98382
33418
99930
87466
23033
66196
25028
15316
90720
1345
91066
57256
59417
44693
68890
58129
82738
18099
14011
36690
38708
3796
76850
66214
83801
21565
76856
57360
82903
53568
7212
69876
42530
31014
15080
43164
79398
49255
58693
2193
89371
83494
77046
64879
42840
35954
20570
49822
21740
57194
81868
59158
30706
49199
34456
90279
60278
75912
34418
12325
53600
78107
64977
28590
29709
13779
7228
34358
46313
22706
1592
71211
42844
44366
24059
73457
90637
2116
38854
92
91214
3335
4907
46585
5962
95193
7347
34787
70885
58748
57198
86372
48669
20299
52586
95504
96933
8200
22952
29774
86335
85825
84138
4970
85126
46897
16678
98873
37755
68117
42223
92016
4305
75835
13754
49222
94822
98436
54076
84768
28001
44207
74078
86101
67249
65603
77320
6334
38778
45193
10738
74103
16178
65963
52624
10875
63847
9257
38471
90424
67662
57306
12915
22959
45444
64109
61690
97244
22072
98399
21396
68077
74492
55457
86818
33606
402
80751
35654
7224
41074
47699
68727
52168
93529
84264
20104
13426
80222
48700
26013
51228
5409
13414
54052
53105
16534
27775
84907
77408
6255
95585
7634
60180
36153
21045
36558
99386
36683
48217
82894
15785
39598
43283
17475
78078
28865
46395
42273
71502
53986
50405
47885
83642
35696
47528
71776
78996
8147
21746
87761
34715
83987
54750
51070
13938
99151
56251
95319
60255
92704
25692
27796
7121
3763
1732
97705
9389
22270
58260
18343
20644
13345
61333
8678
59664
45940
10063
82370
32063
95710
46331
53029
99070
59273
33131
43319
14395
12461
69425
82514
82250
68704
30560
52203
24875
45310
97652
93056
86269
25249
66731
16924
40343
9908
9067
77999
16348
94341
87736
44391
2164
60701
22331
77157
36940
77822
33663
67706
58560
15315
93344
6446
28543
29110
49364
55670
17255
51999
98064
77847
95651
27547
25363
26902
46324
58636
45663
44475
76214
2947
25536
15800
86120
36837
91140
30519
28016
26367
83205
62646
60193
89636
41556
30816
92354
8109
72283
25094
98075
46303
75006
89821
60399
68963
85124
33318
7829
2778
16496
94754
92654
75723
73701
36086
61246
81267
39838
42669
66874
56981
35761
10027
79593
37486
89727
66221
54853
40211
52604
29341
32789
69096
43128
27904
53464
76169
10113
18247
89906
3816
54111
17512
20348
41616
59685
33402
83890
70763
51291
12593
89633
36388
706
48582
78378
83502
81991
86664
68079
15815
91195
38879
49522
88346
22287
74959
37049
24524
18282
86678
20693
56405
97067
32455
10671
22622
85136
56685
12967
22913
79250
43967
25615
20286
96002
12273
99274
2341
62294
71057
62846
61780
45975
70402
75111
32807
25149
45538
26762
24894
47162
17391
83701
28312
33787
44324
32102
26850
47865
32795
58495
42310
48447
5409
74009
52661
26428
93669
70901
71119
30747
69721
81652
46984
66390
56464
96138
50709
69787
58636
80785
35463
44584
38837
35102
25364
71402
21898
15636
66592
88821
48636
55127
91744
79691
15731
5526
90101
86799
32323
37553
46854
24966
95894
36592
12897
52885
40102
44964
93451
17273
35447
14025
98554
84402
30016
46011
81382
29606
1998
25195
1386
64061
58287
60690
88394
39969
54196
89062
51117
90187
28153
13988
68908
26430
42232
92266
29145
41375
94470
10765
24290
34282
22116
37283
2442
7215
46358
69774
73126
59494
18492
53037
6087
41726
15134
79718
25020
17543
95770
43359
90455
21148
79818
65213
86425
91817
22316
73691
74075
12718
67466
75566
52035
80687
37493
21406
68174
86089
70599
34253
60237
87418
56299
40163
63927
24011
28994
11988
16152
22045
71376
13664
98415
13941
48103
11264
10777
9362
37152
99209
40323
27189
51362
75278
89738
22154
45889
86453
61384
17281
88664
59110
50177
83830
30391
21735
84588
94140
48249
26054
69286
9578
53149
73386
25168
55752
44289
56999
93002
80198
66679
38400
65381
83953
77429
85735
38383
67746
54826
15853
29107
35964
90539
98091
88170
57132
89798
97478
47264
88335
66969
57785
81068
32811
64689
50764
30069
14919
43542
46876
26247
24706
86269
94989
87163
5535
35570
33723
95580
32515
37794
95565
61599
56944
96158
6315
72146
72522
46611
27094
68727
92792
57047
33895
58495
16078
16315
80517
55977
94148
23282
44744
73208
13863
8235
14758
24568
47294
18950
33019
89256
25100
82006
78238
79150
40386
6278
32553
92679
95842
29989
50673
96398
65653
25325
20485
65097
55476
65319
80514
28569
8744
26568
38622
18573
25588
48332
18456
83052
31897
93619
45429
36346
60330
61147
72373
43904
82538
78354
36522
97931
62427
65159
34101
26409
83978
95721
96571
92134
43963
1220
53428
80659
89828
50478
70490
46464
26093
17260
59709
85192
8791
93147
66817
26482
96816
33132
56481
96673
31450
27428
31161
83592
70949
77423
39472
46671
15717
16362
52625
54787
21452
56018
13397
1512
12561
59483
91071
42874
76226
37173
7931
26250
38674
38248
38144
30691
99550
62860
18243
18754
27701
51997
49922
7823
2272
21159
20495
4942
16686
91709
14107
13348
49914
39447
37687
11161
49368
23827
39617
23115
62823
83175
56231
54743
2969
81414
81502
35078
27504
69966
18671
18745
70116
84898
39054
31194
63289
33827
42910
1889
52534
39689
90001
19411
13472
99232
43347
59722
48158
82911
48693
84254
55052
49833
54328
78007
38297
76539
61152
99524
46227
1574
81271
44361
6494
69188
74885
81629
55781
14973
29890
9159
45720
73822
46349
87065
43501
6338
88876
51716
35550
33665
73965
82557
85764
42673
66456
92767
95950
73552
69554
41374
65442
30054
6198
19254
49330
59017
6112
44347
70256
30232
32459
12443
47486
10352
4790
89085
68721
65227
877
95377
45092
43931
48981
35929
57838
94689
54280
40697
26360
38042
38405
44130
1646
75776
9418
4825
16532
45513
21084
76801
4800
40332
24898
79543
34827
373
66090
78123
90303
49113
25720
76977
70488
90841
64960
51357
75531
7844
84800
88993
88578
95891
74675
91142
65704
54860
86870
87041
97153
7657
40086
48621
8928
55097
25156
53439
32464
86959
58680
32899
81957
60211
6203
60134
43816
24197
75575
77352
822
19576
63264
35935
84740
2899
21640
24298
75448
51931
3625
88253
42105
88165
32625
6557
52422
12453
40259
70355
59819
87294
12191
29392
15038
14998
83209
10136
38755
54847
26739
81385
34765
94299
91082
41456
19546
39415
44920
27718
93278
17879
8046
4014
79886
94363
59715
64416
19192
82432
36723
2822
2985
99800
55989
37035
8638
54460
22370
43253
98803
68065
11391
52336
23832
39912
48727
82706
84726
29967
43512
36443
88754
92603
70946
64890
57303
24069
41165
18008
26110
96173
35962
27753
11701
36268
42710
39901
4687
79352
65723
1054
90505
61934
49278
27931
91262
49297
3655
34622
68519
87888
85823
70128
26198
52773
49753
23282
5192
16473
47860
85086
66869
99928
34698
19498
21321
78981
96795
82899
68047
10445
8376
49724
81671
10717
91743
47183
93409
66827
43209
75491
90142
84947
70712
91732
77290
84580
77667
65239
29143
28010
19046
70286
80823
34066
50371
67923
99793
62850
88025
42962
11614
73789
160
4381
44600
53244
51511
27836
1092
79868
32529
17516
59262
45978
13518
91211
58666
81490
77820
47276
25222
33245
4620
55068
46839
37077
91553
21463
19624
82539
30058
25241
46414
10956
72297
78390
84305
6287
57469
68805
5937
35283
97468
62388
60472
68507
57099
94208
94514
67000
2436
58189
20693
50752
32410
12661
2142
74574
53352
55201
54858
24595
3961
84296
56699
14304
89056
57683
91733
2936
34458
77617
51731
80938
32494
81844
62760
67383
7866
95747
4176
42389
96994
5873
39742
93986
464
48001
86165
93300
37826
63925
3048
24575
6747
70284
47
87224
24414
73
21989
55984
8054
22851
90764
32202
33608
23241
53985
44405
96819
18920
14740
59476
89384
29137
94197
47169
94333
62673
9395
128
99393
80199
32227
49179
24912
157
32457
29399
63716
59569
97556
46302
34353
11585
65181
63456
56247
40118
348
82955
65580
98582
98641
18369
4071
34523
99254
66167
29354
44856
47221
66069
15241
17429
52879
3374
32964
53846
58451
47052
30335
35698
36523
36219
54759
91832
13327
24591
98201
47764
30863
67620
77431
90040
36260
90222
1253
58119
14199
4368
17942
84257
58781
55274
80736
37930
14918
62527
16967
95458
6165
88206
37333
47813
5802
7902
75764
79981
1097
82517
7517
3783
46832
28827
53348
2748
3517
64988
41020
52376
8128
63559
61868
12059
30811
79036
29835
45987
29655
29532
23069
19464
27456
2935
64121
34419
99355
26731
73741
13243
78280
87665
15413
13663
56319
12469
33037
58995
84474
24175
72517
97926
50671
69812
69548
65861
46494
74799
80495
5930
16771
16939
31038
21895
22989
28615
58118
77481
41412
29684
24721
27090
59910
65489
94188
61340
33619
74534
60964
77597
8929
38595
48103
40400
27717
74352
98326
79618
79302
10157
5083
85195
76294
54082
52803
96525
92342
185
61413
51746
14700
38709
59184
57695
32615
32973
40129
64766
3732
737
97400
82588
15014
91123
62512
52239
82134
79448
21763
98581
11850
11858
25786
22390
85565
19211
55981
56072
9103
85394
62422
99055
13659
99110
41840
69375
85957
40134
81427
56473
51836
51144
54445
36915
36794
24448
17010
19515
79492
89280
21917
19243
79742
19812
35022
20365
21217
96617
12418
78383
20963
45060
72553
27664
22669
42919
76417
7032
68790
36524
11079
89143
57760
29803
57074
1125
16864
13829
8559
53745
98787
85830
6632
54277
40414
66092
40850
64274
6145
58763
71722
77628
74821
18320
27861
36558
19272
77280
35447
73595
70600
62738
44807
66172
55458
79376
29162
17057
43947
64845
43974
28710
48161
29749
51822
22477
66988
78938
37379
64645
81477
73415
59798
490
66873
32886
15713
64765
2394
97826
15046
32461
27855
66912
3960
97235
17477
762
4526
16538
15492
36154
79086
42269
5628
86245
68754
63703
67118
11761
178
25445
3549
35765
2384
47359
17718
40299
26443
65679
45566
27059
14706
34936
55354
46233
23432
78858
64435
97731
62960
55066
25269
87245
82900
3175
84795
75958
96338
78818
26833
97147
6691
37147
65878
25565
73584
18519
72450
76182
30018
6368
75149
77726
42074
72676
2572
13439
84565
99978
99490
46550
91265
70511
75970
51188
26758
42893
25583
50838
18407
94632
79393
25863
81638
94796
46132
89257
69408
85345
25758
45494
77693
91898
73558
41200
42742
55130
35011
88324
73063
72512
67813
90613
69290
66799
16805
32394
98494
52418
9953
95027
6007
53843
99128
50857
67433
41073
78105
47094
6302
86488
72021
32786
28673
14646
7480
862
55028
11981
40544
14242
61904
86925
41065
60070
80962
22608
6101
29366
41599
44088
2627
50736
84676
29978
20291
16264
19594
34366
48688
25280
44685
49074
80412
37451
1774
28614
81102
70472
89765
20585
60767
99610
19244
92793
26863
16456
50326
25054
98897
82451
19379
38399
16809
69123
26735
67336
80905
11411
27146
41834
19846
13088
37485
34887
94989
33980
52083
48751
14328
57556
35084
58417
47341
84416
41333
4375
3256
22320
2577
28391
59544
46600
4117
75830
4912
86174
68572
45925
91609
49818
58039
57474
75582
44997
3672
11568
59794
57218
72617
75264
46006
51779
86197
80508
43345
31715
10422
31171
78200
35850
50096
37694
99303
89114
91229
53648
74276
23580
52925
71409
29508
73206
29554
45184
93918
7818
26798
48801
68954
12614
20984
42938
62151
38330
190
21888
89621
44141
77676
33496
74026
30511
3485
17553
38940
12403
38430
87734
27892
14619
96166
90046
57018
80497
3715
6835
43866
72820
78525
39508
41775
11477
71043
95452
49163
36294
75797
25029
56121
5406
71079
3043
36916
39663
7604
25769
96325
1740
29889
99393
30128
55030
80592
28632
65715
81819
7698
75335
7395
52866
67165
46037
22843
31232
89564
84693
72055
62034
58194
92284
98257
46807
28350
68451
71375
26198
2602
72038
99032
98011
65391
27174
97446
78896
71705
59437
45183
77511
79240
32694
26412
84535
11217
71356
7116
667
37889
95075
77671
17574
68782
63329
38247
38726
54850
25868
99700
77167
9956
1647
21932
95475
74500
63684
14129
59523
60499
90153
76861
62126
37053
53092
74727
35252
37895
55246
90030
10195
98590
92854
22914
3969
59970
17606
71463
7137
6493
94521
46460
23405
43505
4165
49797
64511
55713
17408
73003
35314
30744
78832
52891
53437
76231
70945
55032
35423
6670
95486
42589
47104
27133
444
27962
59692
94960
1761
97779
75110
97656
97282
47961
84165
45484
47134
64889
99378
40626
99520
41158
60655
51272
73828
19966
46435
88661
73970
20869
35555
57802
94052
11467
55811
28533
95736
54497
24010
52536
82091
77918
29314
34087
66233
86726
36744
47563
34759
59567
90964
83091
35705
50671
81789
93264
78737
48176
92341
8431
21255
23606
88392
85875
28303
44103
23115
59019
36412
8924
25362
56845
21978
14801
11519
70820
73233
50960
11113
56874
91601
73877
24544
73378
2971
14330
37694
72531
42340
24857
2605
82247
86323
84406
56040
38335
47174
38802
88454
52691
9262
70593
94737
32186
84338
59892
35105
95080
85483
19029
9546
67057
71269
58154
2531
77333
91469
66356
85967
16804
73547
73441
77908
64833
25197
91204
42097
39019
92370
19829
79154
73182
4500
45027
4058
82792
59057
44548
26559
34199
46096
68928
51249
94287
90108
60619
92232
540
91305
28124
53699
58015
81331
97299
62172
39352
69468
20676
48783
36699
44553
37508
70691
90317
15081
42136
29554
97615
15435
36368
91985
88518
79660
12758
41986
38311
85897
39976
98599
77480
4363
98891
13356
49584
39677
48589
21559
62806
44364
85213
59066
78609
94536
93323
71935
81773
61017
79449
40146
80113
79625
20535
8606
89305
22806
56196
68713
68485
1532
3010
61987
85692
81114
71510
83654
8703
77520
22110
48477
36453
11812
4896
43795
8984
39474
90010
35410
59740
38695
10330
10818
3037
37078
6170
41267
81662
79774
82965
19202
34809
93724
67183
80904
84933
82436
73161
55443
83625
93685
74142
90583
1217
38504
4463
93825
92597
4056
6658
92548
22582
95191
77202
61004
88210
59981
57676
83937
32434
2979
64315
26675
3960
66686
48235
59767
81337
66434
31068
42584
45943
96832
66298
4787
58093
88971
35288
77149
63289
86694
98805
13941
31495
27588
89772
17961
11318
59701
51087
26218
63121
98578
93486
39428
20327
30830
72779
81656
16576
248
63225
57826
7880
70396
34369
36259
13561
43639
22350
21024
97507
30719
23538
94595
12167
7290
28252
5150
31693
64224
55416
44846
7787
57038
45187
15462
92051
86452
15898
6067
82023
96876
94118
13687
64574
62525
82174
22425
49997
41903
36204
19103
12842
20567
89589
64183
81443
29344
71581
55616
47097
20599
38999
20193
95970
8697
60066
42112
2055
32426
63748
91666
57906
76991
95446
48332
61359
1028
409
21981
21082
50190
89960
63561
91558
2974
32433
22304
98977
86749
50649
50366
73510
22378
850
77776
60595
4337
54185
80676
44079
99898
1148
44044
77473
55750
51845
76454
86054
33309
10488
68889
72209
55028
61249
2226
29133
33167
14385
98729
43900
69778
26519
81745
49911
62056
27001
54756
70879
20746
53488
36045
83721
10972
24183
88470
16151
54619
51610
65149
86247
91316
33399
51385
85899
81107
39199
20707
7790
46052
49699
38662
16475
90293
93650
41822
68069
8516
71853
91443
90247
91288
53281
51329
44464
62408
77800
67644
5705
38185
2420
34798
11582
81476
83545
15981
52206
34353
96406
49523
95034
52412
54664
12990
64760
31060
8120
35760
27322
9465
64526
47803
59238
61464
2695
27487
18718
34307
18405
64453
73401
75972
72056
84945
81040
99641
87597
96471
64131
69987
85910
96232
67187
60092
22703
53537
36266
20065
40845
20202
14365
18883
40202
44957
3415
69484
14168
67957
3853
23806
1462
49723
6161
29259
54129
45177
75226
71024
28336
67931
38030
85599
63164
2560
57924
20195
24471
13321
54620
29834
55810
66648
8038
49457
96474
31690
66278
51831
97913
48287
63230
3771
94090
54975
39729
62898
58798
50999
53658
15147
13507
25729
59024
39206
33008
26529
31806
98268
32950
51802
21221
1747
13281
49831
9105
50026
74699
75952
67174
73827
21391
10756
12244
6482
12662
70176
72828
82124
28497
44717
97046
35778
69660
89523
51411
92326
21641
49588
82816
70501
73551
45144
41906
95354
98036
61099
95044
8022
66336
81360
84203
85199
93782
84012
29353
32332
85399
66496
6320
94380
78652
1318
74580
35875
61004
32267
74073
78038
73596
8739
57896
44911
99207
21462
78602
62690
72586
46794
99830
76913
44301
28707
62133
648
75462
27696
92114
83513
39970
44060
7367
96127
63411
79343
36217
57523
33251
34217
40890
94055
73709
53669
5480
7539
90473
21078
25996
47597
55392
71629
18722
28640
19315
42461
45308
5412
12474
2073
38222
22710
16093
4702
98591
84663
66359
96770
29964
46881
82461
61931
66147
20785
94094
28876
49031
93637
80626
81777
13187
10034
24096
7069
38045
31064
21244
82274
35558
85836
95997
62656
51540
56792
3126
49719
72235
94940
16247
31895
44161
44121
48899
72276
34947
64398
66117
80801
85572
83862
5758
49058
30349
75398
43738
44707
89978
50401
5456
59479
75109
84935
46823
79845
73139
45502
2669
2627
29320
61376
27711
49206
74771
98366
35871
41433
98618
24897
77365
89953
9226
25468
79874
11390
80393
8837
19980
34645
32338
78671
84163
78601
54494
82963
24830
83543
37328
35151
16160
56910
43810
4679
66996
50264
17663
7639
53580
18894
95125
89178
93622
28043
59751
78495
94997
60463
55624
14568
77331
48875
53365
86132
82770
3856
45463
2977
63450
32797
32693
17308
57475
48781
51769
43657
42677
49583
85895
83798
87972
6476
94481
49102
5838
40107
96071
86962
46254
76447
39405
60196
62364
69652
1510
98726
21223
50657
58894
41406
29146
10418
88132
12489
90523
54927
65521
32036
21385
75507
52003
42478
94580
62315
69154
44556
2106
51640
94814
75058
81984
38241
32812
26024
71946
2879
40213
520
20356
2120
27700
23616
5883
42615
83888
78854
91844
15273
12811
20280
68527
96091
15283
18037
17376
29878
89481
31526
64633
721
73848
68335
78829
58729
6298
79376
6456
16482
27698
61145
33240
50561
14743
84476
4600
43621
87586
45892
38208
80726
965
42400
14007
69977
94078
3491
32616
91962
44077
75158
91710
95147
40814
39894
41836
45033
76353
73910
48007
3791
21749
88240
1530
64008
45741
73924
97687
85326
15267
73119
19211
85938
6052
27779
42955
22277
43063
15461
17689
49699
85242
67825
44688
94554
66662
81584
29551
83769
7163
73934
63671
71917
9500
4893
36810
77700
67181
87538
78449
91899
17425
33762
74876
47051
87039
37981
11442
45448
95527
84111
44966
26561
99374
72195
19950
17555
84186
188
4120
51300
37270
3724
33702
55134
62222
52079
26946
10591
29227
22094
45588
59425
90039
23458
58245
84460
24957
28572
87209
25173
30665
68092
642
97363
2382
89300
45881
73861
11562
38618
6383
48986
31233
21840
4756
53253
15101
16108
67430
6859
93631
56142
12670
527
10611
93941
22982
70558
87059
35937
15384
91239
65857
94479
28590
42266
60090
51595
4847
21415
876
22101
55977
63444
56287
20444
68117
95007
72032
81060
17726
2401
66644
55562
42598
13999
99199
11731
35968
2498
15979
89090
9211
93417
73954
23719
99207
25783
33651
41032
80159
48521
11667
29376
76426
51800
84004
49610
62917
26425
35396
6230
82623
16345
56922
4142
7087
79433
4456
41834
14899
99940
43892
46498
65765
2339
25566
39565
3259
783
49956
32122
28052
80967
9459
88885
45247
51939
16955
66650
4359
24212
60852
28568
18579
67550
58444
59134
71137
76850
14660
56423
90885
27811
31677
57895
6684
35379
56345
64024
70731
37491
97044
60002
74657
14162
89294
99960
69042
17765
40366
10422
36940
34131
37117
90120
65068
16112
58414
31827
2500
31327
93753
68537
96044
44053
33074
51094
43882
7532
59271
97293
14676
77497
44515
13502
37971
70258
24271
79017
83597
79450
98781
652
12676
34377
90754
90472
930
29864
70177
93110
6162
82626
42372
90770
76104
72382
83846
43811
70279
7289
1936
82706
58
12757
88934
53214
74831
80285
39079
30750
78981
28691
97722
62247
94321
23959
15956
64189
25719
75885
91124
4041
83805
79824
83891
18961
27999
40
15939
80475
75518
97522
68831
96670
37604
89596
24249
54552
52888
91273
8531
44317
49641
28962
30349
74614
83590
36079
29333
83257
66046
37000
85608
71410
18290
939
75450
40888
62466
546
96641
94047
86695
41357
28630
63609
2650
37717
37193
75825
47576
98388
81103
14538
69503
50768
29119
45973
74385
76509
49693
84523
6934
53286
92850
28309
83121
97565
43991
69957
91644
81456
92744
92839
34073
53058
26473
95906
78989
24197
27703
51300
64089
2056
27465
88079
92067
31902
42447
12677
31014
86974
2833
22141
48157
88575
59850
39697
76924
64494
47297
3894
41668
57111
59702
72323
41810
73902
1257
58842
27718
32498
54320
9268
84353
90095
14019
34649
75506
62694
36367
63527
91417
33524
51318
45006
85597
21959
99297
32965
82915
34349
60023
8438
90272
46395
55792
51957
43681
73060
27915
60542
81087
66467
4608
15113
38994
44839
1432
43189
32764
96268
21191
89088
95384
19919
49271
99204
17584
64291
72481
53504
53376
97212
84733
26032
29385
95485
81277
36992
23801
73476
84704
66910
61344
79342
90561
39375
4317
75275
68174
43065
6652
83795
3169
56005
37782
26005
22157
55447
76247
99694
97201
45273
19127
45252
87934
9511
52725
25611
42560
5297
82344
2744
45493
41575
24586
27754
69011
50820
24273
74164
59050
50257
69946
34749
61150
6322
46778
71096
71565
61515
83862
52060
80676
56361
23995
42357
61114
80798
68400
5802
41350
19168
26272
68988
97040
10832
29604
50731
87040
34504
57437
174
58737
38553
50487
2157
48242
81793
87056
2348
4997
19702
34198
76554
77455
69556
84294
18758
6774
14593
36508
50647
88819
62150
85051
61743
81286
53581
31734
73706
52393
34840
48977
85007
90320
35739
81275
92855
18472
Time spent: 39
Itarations done: 9839844