56169
49055
86416
40917
55155
99313
18056
55272
94710
27683
52898
94662
81853
93921
53961
58719
74044
93513
265
83519
7585
39092
15863
80730
52588
38297
92729
40985
63417
17845
12614
75373
82286
14450
57045
47509
58099
64564
44340
17917
62614
77062
47861
82295
21671
65576
30674
35748
30514
50555
78373
36161
89080
15023
24020
71638
75701
12547
37007
59300
75782
81129
91072
15700
95786
12525
35820
42762
22264
62912
70770
67350
30685
67886
61315
57479
9449
42449
41909
13613
40763
4930
23396
99678
71933
62743
58603
35089
18152
37383
23137
16494
61009
86299
36799
75924
45715
32
85098
10620
34431
14462
61
39096
43102
80046
24868
47814
74868
72610
17799
93358
64343
13558
47547
16110
64009
91277
94183
3157
36443
40094
97873
10531
64260
38279
90908
17863
53429
32423
7693
42160
84999
81930
92044
81632
65300
44405
11481
95383
35334
90419
44152
50240
26327
44413
25609
82138
90317
97428
29880
26197
92172
26920
12069
66988
22572
89069
58242
48493
80265
19810
72357
61858
76289
92224
79781
98285
32897
30005
42213
14265
85530
69352
59814
6865
47486
94982
82929
37853
63812
49856
67974
77231
63460
32758
89921
59077
16910
53082
67241
55590
20217
7919
64273
78862
55839
83028
10674
14122
25620
56276
17951
73059
11963
99837
79033
31338
99461
35723
8397
80523
81192
98162
17519
81347
81372
95872
23198
52663
49213
47471
54803
68374
17617
84052
60542
63258
74707
74382
12581
67850
66230
30242
76159
2400
32517
92088
38823
60407
84939
78518
92445
3369
43702
6970
22955
70092
91346
57595
90486
76283
44448
57464
76147
43154
9805
8038
30671
47339
70776
65263
84928
28706
44450
8724
72606
27482
61006
3930
71324
47604
42833
70134
90029
59329
2934
15009
17724
60868
39621
87041
1426
16169
77662
26696
39677
73976
94809
68194
62061
51881
77047
55171
14826
38355
65889
85555
88111
25578
96721
93640
1170
36395
78454
10678
8616
49828
31627
19193
2880
61323
84658
30810
65947
36262
26028
72541
66846
28260
24015
62283
10495
37403
54946
90709
18177
77779
25967
3778
60277
8554
38983
97772
67849
58319
18686
97055
21178
38551
19469
83708
50706
98752
33568
87695
88513
23234
45902
26441
77017
7451
19852
3465
75628
80446
52624
37161
5794
59180
8843
92862
40233
30394
26693
33991
73065
56139
92167
91424
4175
90209
93896
74088
33322
74485
3538
8389
87352
56511
74868
99244
97330
32661
18459
51263
1474
74834
88253
75083
74512
42866
11338
30901
74370
19719
2881
28908
53107
31978
34459
14657
546
34310
65895
16299
76303
43283
8257
20191
38701
3287
58793
71530
97559
55316
37365
67511
1894
57951
58334
21876
23299
79151
91866
31827
11079
37302
4263
70907
76205
20470
18226
64792
7698
53929
803
80826
37293
17736
69341
76715
46042
38547
3875
8946
49984
92795
68163
97317
11086
62006
70991
78374
94374
75249
44352
57613
32492
58593
75784
87981
64901
86906
8411
60495
90490
99475
14109
91747
9612
97654
52760
32597
34339
90085
53695
2539
14247
89081
94190
75019
59071
90302
4277
421
39316
87166
97164
55483
11217
81237
10172
50563
43404
50370
42410
9514
19227
27466
92253
60820
50876
24462
30260
43200
69279
8525
91269
34085
47218
400
33196
55139
72182
18509
89472
95461
10180
36594
37037
20118
92077
57590
12492
99356
9960
31892
35248
2137
32644
64290
38429
46565
36607
60598
65796
89324
1508
62338
66095
66424
37858
5871
5025
68344
98552
20933
19383
44110
75607
52813
57999
80861
98850
52245
89692
98168
34213
27589
9757
29648
25895
94985
43385
38343
38847
93901
26949
26909
35868
57865
46209
58789
67084
43145
24289
2401
58607
21780
81648
46745
61942
39574
35294
13927
66006
24544
65156
11744
79566
6809
51749
27786
63545
76998
81224
65443
29769
67012
21360
61745
25642
84332
95231
7143
92629
69053
18045
8134
20544
71434
17034
95084
19344
67002
24313
79609
95445
36104
18253
8594
50549
35278
90192
45199
17551
78963
30203
31157
10296
31765
58150
49180
91785
83876
74418
9503
58908
45250
68467
30381
831
47719
2739
68769
12900
88490
84515
84485
38237
83333
48891
88829
65177
23241
2388
36906
30259
44466
18535
71870
63707
28581
34347
18823
67163
46557
69717
56282
31878
48861
80526
63953
89686
82176
60693
56944
38738
82589
28354
68624
1359
54952
67066
36992
52319
98609
44146
82747
2385
80815
95191
41136
34258
90866
46315
24256
65796
30383
43809
45613
58908
8119
74666
34588
1571
11324
90858
4845
65140
19906
95209
17794
79431
14510
7412
99891
74054
5105
4960
30847
6007
72810
25699
18762
30788
74403
26176
17735
77094
6328
13167
23683
53633
63019
4476
4909
50678
52936
29529
85372
98657
54998
50303
669
11459
7910
68751
89427
73043
25404
88185
66069
22553
21514
12947
44891
55337
11745
3237
49904
85092
28351
50105
50068
5826
50955
99367
5383
51417
7306
32634
95679
75222
43265
8632
31038
62571
95922
78649
10432
44884
29281
16210
3471
5787
8021
42979
79083
56757
91613
90416
94496
12692
28416
9825
88062
16255
17369
32250
90275
43905
83520
84037
78753
76261
82846
83893
55007
30752
11707
82961
13496
35481
46755
60635
6766
69802
82225
55804
84397
9327
63290
95669
98044
90903
36510
82471
20010
56549
51393
12212
18608
44454
50724
28836
69996
69807
81516
62406
63211
78591
43336
60382
72802
63406
66232
97449
31775
2002
76589
41186
36472
16365
66013
58411
54586
53072
25665
70182
87641
54061
46494
2186
60117
21060
14392
31668
68807
76616
48573
2042
28018
90008
41308
62004
88957
67259
57653
87204
94887
1095
44920
59455
57614
38841
83369
10949
5373
54131
81978
89136
57397
1733
86120
61635
26210
93890
17601
60003
35165
61278
11742
56147
65738
52001
51069
75858
16822
78036
20633
80190
66516
40081
26129
87302
75870
48993
22690
64903
63575
14829
99626
96607
10768
92954
54344
14222
25920
60773
67294
92453
11209
48329
59061
22470
23829
61382
70533
16472
18350
16490
57612
46612
89556
54237
33010
88580
9117
8935
19447
22632
63989
90972
891
43014
59625
81431
71504
40487
46866
47683
85554
52064
67822
63367
5782
17088
93104
56513
32604
39419
40410
15494
71993
31765
22839
54109
66003
10108
74140
74276
66645
13661
37746
67664
81174
48971
86548
66045
54858
95524
61208
84233
85874
64626
76214
99165
86262
73332
44937
74046
12689
80866
17627
67404
91293
36210
9594
63498
51968
2468
20717
22730
69217
56106
12016
78540
79021
7338
10159
719
4216
51657
56607
4160
74421
41965
4501
6781
70859
65709
93473
30662
61224
22127
207
96424
15281
20951
70900
82449
7950
65808
90699
7731
23418
43102
34720
50011
71138
10270
75459
29277
12594
66112
92176
70814
76312
90251
39286
11676
7824
58835
82833
29807
61190
79216
6773
55968
89130
37609
24146
75239
29954
20643
2090
37044
21222
54224
24231
70495
92409
1274
69153
45314
1855
73699
79443
27646
86879
43294
32249
54825
90200
81354
99321
93434
10633
17391
2198
51024
1553
83599
26488
83367
6707
3655
58135
76380
79713
91918
44085
84661
80923
52252
59987
77052
83352
4483
88307
73699
47942
20846
71719
58827
47712
24870
8631
18736
30184
90712
433
85516
7955
82306
43305
63539
58437
88493
81396
78008
95481
42923
2687
12664
47984
65557
64076
97207
43575
26460
77992
64091
49075
11905
79261
19027
63666
67864
18055
59891
95579
6588
92342
34668
78572
88257
41657
50658
635
31575
72838
34372
24020
64700
78016
94386
73138
1041
35242
57854
54795
13236
53005
35507
53879
83010
31261
19619
16839
24631
63688
34793
95177
15327
98535
42369
71622
17303
8739
45814
32827
42889
95910
56700
84115
96855
67337
58670
24189
28107
80339
50285
10709
36699
44097
56688
51248
11546
5501
74766
48376
19197
22639
56796
12482
24690
47197
43533
31440
1791
95344
29270
52344
81791
85625
78616
87244
97566
61902
17564
2218
2761
99591
89877
87081
84698
14215
3916
31643
44044
52745
94712
53685
84247
50233
91449
33659
39439
76920
11465
11633
70740
84313
98451
93092
77811
82644
84761
91969
5009
46663
85554
11607
69660
51919
25954
27393
3718
89460
61506
88357
79481
93323
76893
99330
85053
42222
38236
80058
25889
64538
30222
23216
55018
83998
30931
89320
76450
92359
64398
83329
23782
24973
23806
55053
89164
45276
76648
53483
66552
15048
47289
43787
77580
38709
22055
64925
68399
21990
37314
65730
1460
77959
91979
7763
17515
46716
72424
64390
9979
68972
90030
77239
36334
68297
9402
53589
89389
51980
88767
1193
64982
36260
63108
702
92113
38104
75360
10033
36503
52759
1249
79947
49224
53992
19390
35547
8323
12205
49771
44547
93246
24581
21010
49881
39388
90920
29580
91606
43253
49044
22652
81015
27453
4408
70300
18515
29202
50020
92507
66054
45950
74802
71760
94722
57459
1185
12953
28685
44908
76085
8926
97688
44470
63256
32158
92099
5368
49650
969
86871
70532
83508
62047
63729
61748
7783
90184
14552
30617
38862
30840
53125
31610
67640
1450
97330
84201
27654
23371
9287
17289
83310
77949
97132
31047
40130
67372
88795
68825
68527
13833
85546
64906
62770
48956
91058
22664
27617
29554
90317
82077
96506
65464
22012
55570
37258
60549
47825
46789
93915
48916
72594
18210
46630
54989
10390
40348
45472
18243
23321
37861
88531
1304
82208
46014
69923
43512
11300
4688
19041
31166
82768
46555
88885
30357
21003
81055
28309
68651
61563
36422
90718
57797
85128
98321
90046
21277
12934
75519
13773
27664
6878
30558
42289
33622
64869
36503
4082
8837
39984
59672
17039
49221
40583
22574
27572
84484
87807
71359
61320
51453
16716
57707
41876
35514
7833
46346
17263
79112
26965
76287
57829
18448
32904
36399
53779
37375
84994
64077
45716
20904
45507
39513
67405
49862
25431
27509
66355
2909
66444
13764
94898
22492
86796
93211
32100
57231
44221
94269
5154
14848
85185
64752
27824
46941
56477
2701
63041
39734
52522
88551
46985
3404
59783
63821
82704
36653
38238
5891
22830
92910
49143
68472
12941
89885
98176
93007
59828
85131
13517
47499
22214
86885
19565
16197
95405
81631
98699
46032
75882
37694
55885
53899
47066
87607
13883
12601
23224
1075
70462
62702
24973
35091
43234
42529
36842
88064
12603
89233
15061
90786
48802
40056
72016
38656
75115
54882
62773
6766
76101
88644
38583
92313
7029
65307
12489
97226
98685
43928
2936
98011
80360
21681
82726
49497
63044
88748
62698
34519
34724
35637
82191
2516
20160
14738
61667
36614
48655
74849
96760
50964
55031
19895
37607
47944
11431
91222
2468
58278
50513
36619
20451
46233
94254
8622
84582
86724
46791
29638
23513
11532
44601
72127
67836
77753
82819
28301
95269
33223
52581
85720
87911
40831
31050
82677
24303
76483
63119
90404
59231
33953
61786
57915
14975
53893
32807
59677
19160
44036
98477
6329
76410
72917
55234
14328
53670
406
50298
81637
92375
54946
3637
83499
34569
79567
33327
84837
64619
46600
64694
63976
23357
84469
16660
56151
47269
69009
62289
54653
21795
6477
54787
52496
14837
75760
95079
68125
74256
3223
92552
74945
31441
15229
36686
46374
51953
50584
54033
35612
13804
17979
72346
32477
74103
51944
51675
78434
5604
54955
70846
75316
46113
12981
76980
93288
5770
37155
15567
69220
19879
15155
59114
87909
18292
52494
43476
55514
6245
46121
2739
7044
16115
60557
65877
37908
94736
70253
41395
13319
36717
90948
69770
88691
60619
47491
67781
69252
51926
15942
23624
47679
64375
33717
27243
84874
79569
93127
36411
40875
73665
20853
85802
20413
29527
98763
43718
70788
62871
99893
9056
58485
1772
97539
19771
55363
70274
55069
13284
85256
78964
19446
39190
17484
17966
22355
75066
45023
81194
39463
37321
51996
24562
70506
10770
57662
75438
80754
42949
22201
65797
87848
62213
13411
57312
87095
82241
62777
63081
83010
49836
84422
47698
35217
77741
91085
5092
32806
79721
17548
71824
82777
91232
53803
32487
35470
15768
97819
13378
72656
84319
60849
40810
52450
53376
97050
61221
39296
95532
83539
81662
46953
55941
47043
91299
87767
57805
18949
67239
52463
40506
1832
51308
41272
5135
47409
8283
29415
23899
78427
40712
77799
42266
35101
40547
93243
65666
90507
3677
1615
76216
58718
19848
21998
69147
14517
77504
20304
33484
54112
90779
76737
27022
52621
64142
23066
11754
15911
59160
92899
22634
81967
17352
80960
39936
48
23318
25848
23448
4712
63112
14813
45361
6145
44253
58818
27947
38265
95826
1480
51972
41728
59791
6424
52313
10200
17931
14183
58317
95199
72782
71986
68207
47285
15460
17596
69201
69546
68435
41824
27984
73100
87165
63421
79800
53714
40860
24770
38668
53665
69755
57120
36076
33621
33905
70063
71018
55570
26841
91537
20327
69749
26349
21857
15013
6019
94157
68086
35683
93275
16548
93532
18074
69282
98644
51235
88396
97684
86603
70012
67368
78971
93970
26965
91735
27837
51123
71301
2511
90623
80061
60923
40328
93428
20673
35424
69999
44021
99232
76966
28768
58784
34975
3997
55701
49724
26482
1798
13317
85979
45949
18614
56732
39240
96543
46408
40538
33194
55661
61259
79044
43318
35254
20007
91678
35292
39269
96942
72060
87788
87843
97172
16628
18545
8033
1775
36676
21423
61688
83893
56302
26489
92477
84672
67964
15263
26147
53235
77246
58830
50772
35893
18896
97857
37019
46311
67315
50389
32430
60626
96432
15881
78230
59275
66242
42004
52372
80812
26282
34579
38315
62029
29934
20371
55464
13418
47682
17482
64266
19361
52311
28759
76585
58356
24516
49860
60346
10202
93531
75560
26312
54259
84090
95359
24420
65718
88414
92627
57307
85312
19916
277
39405
71929
33904
20348
91468
47341
19815
84925
62397
7569
79393
21415
12932
6364
5665
86542
79074
12882
68738
50238
57015
7808
96138
43198
15934
10058
7792
29958
50147
19593
28741
33155
27955
21019
56285
14014
80902
17292
2493
9125
4259
53248
67882
34211
7186
44559
27563
91887
59346
49373
27237
62249
29668
7039
93208
12720
2492
21201
57888
36664
86532
82960
90323
19088
2871
13917
99803
32130
49627
58603
49945
83048
93002
71132
80419
73083
27085
21870
84034
76827
78069
96510
27992
18616
2505
72128
39850
5018
43723
32644
1099
70588
65761
29558
4277
7857
79925
2920
33100
81926
15525
52197
19394
75021
63412
87039
15410
67044
38570
93878
95648
34412
66367
25925
68395
41353
95952
61273
33931
5382
83871
76708
73725
41800
71126
53244
92915
30829
97709
63492
67010
5404
60087
90702
62949
27653
19117
94604
14553
7734
8618
70179
32869
19994
78044
42037
23037
88274
26710
99311
61027
44724
51504
3782
55986
14647
35241
97445
86888
43630
48599
94756
55824
62638
24990
69566
44500
81766
94799
37027
95350
13970
33068
86747
64195
56395
83035
45042
7477
98787
66832
31328
73818
86004
84215
26557
67049
34805
30380
90023
35829
93824
34706
44976
23563
40073
33686
3168
81615
25317
43392
13802
8632
21298
89457
3299
29308
64087
85866
18897
67015
64699
27808
1275
96480
35659
78335
89265
85040
81329
83804
3139
44003
13585
48834
62050
15246
83826
37974
65932
12430
67325
48301
12459
21076
96544
14853
25655
37213
16366
69110
44312
90456
26015
69647
55578
54086
80023
63640
61920
92066
43703
18094
38114
30944
37376
80441
68997
73158
57991
89593
58442
87550
36797
60597
65304
22727
77364
8684
53104
89387
19530
61846
36738
48884
91739
34959
71756
26994
46757
3053
59554
44237
23892
16484
35294
17106
44622
46591
64446
38122
27932
36796
98552
86937
6655
61232
31155
59513
36794
60573
50765
27921
18053
33114
9351
59429
85676
8038
12028
30244
91274
17355
86455
66682
63391
13193
8916
34503
27390
47912
48121
75769
68592
45936
37502
61809
42658
48245
2079
90767
72804
3167
46955
8665
24759
10372
61049
74038
17228
98941
1932
17955
8162
34892
5407
73569
95280
8755
6964
62358
83059
49558
71334
27803
97789
48045
1030
1531
77332
48966
35136
71751
22843
89972
55545
99373
76004
22955
89430
93242
77204
52572
33936
12714
67615
66282
31924
13129
21269
10355
96039
87742
32000
87159
12471
88278
34517
10421
55487
25513
8894
57224
9108
61166
3396
98183
23329
2847
11843
70529
28787
4930
58610
82765
96050
59976
76854
4118
53497
37668
13753
97156
71218
91225
60250
97782
77480
4858
82248
33203
98947
102
25177
95556
6248
53681
74531
56517
2386
5083
81215
16551
13095
48114
2458
31364
25442
7454
66557
47681
73821
98594
42862
10636
90923
57514
87191
75887
25358
5096
37232
70962
77323
80478
52556
2414
19009
37446
29451
98044
47443
48413
72110
6724
63998
1702
68563
52307
87048
9520
2278
52644
82044
66431
28511
69917
36776
11102
58219
54286
18644
47696
21800
79272
25480
77549
29876
44367
81788
76613
9045
38021
38236
29652
66753
12457
3799
98266
31344
20706
77190
56589
20882
5778
46997
75840
17448
12098
98469
76911
62428
10097
98901
98790
42661
86303
33347
49843
7375
53315
27663
18860
41438
76721
26877
23239
21772
99317
93446
62809
628
66930
52183
29526
91964
24662
36437
95642
85313
57585
83624
65937
75278
95701
87209
33198
74206
89396
37032
20403
70611
88693
70130
27904
6543
27268
10216
29388
73381
20490
95523
76540
67444
35688
81954
79029
4276
82387
61285
23833
63680
428
52659
85895
26276
94704
9653
60707
66806
76647
34932
18687
89389
24676
9840
41024
25609
68468
27202
47225
67551
35236
62235
65640
74830
70109
28652
30034
77155
57265
44860
7605
92112
23646
78648
76859
91653
2886
47807
77335
80116
73489
28853
47452
91683
62389
66344
Time spent: 17
Itarations done: 2103855