4554
76586
96152
50492
46893
91351
55490
85756
78741
48185
61685
29458
64037
38245
91742
99525
31048
51968
54094
26580
34642
70314
9168
76216
10280
52973
18264
35010
43922
74651
6743
21936
81412
38747
90886
91695
53298
54105
84305
29329
96649
94978
69393
96558
14105
76946
92087
79429
22202
72255
14058
4145
5978
56899
35482
33359
14927
28704
83646
28754
6531
60832
47922
67388
67969
58279
29999
29061
23989
66342
69778
29885
69537
39469
1967
63265
49402
16522
96157
23655
43967
64191
34047
30755
10090
44166
81490
42195
69207
31619
20147
41330
30949
62674
13813
13377
89861
16739
97846
77973
35274
45941
96614
29073
69940
48376
93557
44208
41721
44465
1146
64238
54457
56464
3966
12040
39065
9974
77101
13975
34002
73332
14158
11515
45388
25806
34524
2079
31449
98762
77796
27891
83330
65337
34869
39601
54924
63585
9770
97455
28061
25696
54081
36918
86181
51591
66690
17994
9601
9051
5593
97854
98524
64506
15610
14935
76129
48722
36134
49347
23420
39811
16393
29169
49927
2395
32242
85186
9936
56160
68089
17580
32604
59692
357
27332
46149
86172
94723
82289
41224
36371
8403
33341
36664
81356
70885
69630
81994
52416
1735
3399
55378
98936
12518
4876
93152
16294
31355
65488
17646
5344
83274
53730
13682
62621
57271
42206
40964
16144
91859
26591
59509
15535
14913
27737
88336
57152
80728
66618
13821
75010
57465
28514
13449
56522
31545
87606
63130
48400
12041
46058
51800
2561
37779
52689
35752
74464
12558
5543
26920
27031
19843
9878
24311
12148
97229
58576
65829
98724
83152
25465
98931
91380
83541
13720
42873
37050
44503
81299
42746
48152
58630
73273
96066
80423
77158
26945
66372
91150
47927
79819
85102
69206
50031
2754
82978
72199
49973
1066
85151
27968
61355
74851
50607
57786
50296
6488
35602
56843
92237
48055
13369
23933
52232
14284
87880
66734
30477
47759
98166
21680
87595
12172
21483
18135
40047
86771
48580
85439
95066
80533
22379
48345
76625
58132
2563
81504
79214
71421
42903
96828
74570
19951
45575
18958
88022
21952
87296
63491
55725
63229
95806
70258
71821
5593
92020
59640
35448
78735
3130
73761
11509
49860
95005
36390
26253
63914
68418
15451
28965
73945
12950
284
64457
35858
14868
12144
17528
24792
70831
50890
10222
41356
67976
43423
55445
15118
52752
146
96382
80036
25804
4578
90176
91928
68284
58211
26441
81612
26167
77815
6442
89005
53422
95596
47151
3257
42404
43993
15912
41912
50316
16330
46031
38111
64352
82171
31419
69020
34902
1940
49245
50951
46168
29204
13591
47061
86585
10999
20215
82021
27656
96685
2790
34749
19106
44014
84361
85056
60715
67474
74259
22961
16742
8416
30367
90505
97567
19089
79346
14999
44967
43421
63349
9970
22398
46228
60719
65463
29731
89525
10331
22879
33053
79679
54451
31228
24488
12402
3411
11404
4426
23895
16860
13060
9106
15964
91006
34648
90192
60484
39010
91376
89821
4356
52572
58109
44504
89899
36750
84662
94356
77649
17190
79439
70322
8574
29190
84079
81354
70993
11403
16511
25986
43788
43498
42754
8261
72003
86699
48822
46702
93510
8917
23280
26813
76134
2027
28225
62551
43501
27881
31951
246
64821
61744
28
19693
58932
37134
93223
61388
16145
34375
463
36384
72783
96732
42944
55764
82781
2579
21545
50452
18295
69825
43845
38862
97019
19718
59335
39882
77733
81104
51829
21689
87589
73409
86620
23139
44733
66808
86554
83769
18092
81460
16036
70872
22493
54185
84837
97722
81769
70571
44637
85648
5076
33285
40397
34555
12404
13200
95930
31343
14087
8992
58443
43821
96096
22974
397
18844
88000
46170
78627
27767
93699
34051
80516
79695
46387
45825
44880
53638
8663
14806
31285
84323
76322
15170
25647
73246
60066
91240
12293
86503
13229
19482
13029
43977
45591
80510
92321
680
13431
28643
54356
70345
4218
59956
12512
43802
40670
96253
94708
10264
13387
22024
59114
98303
13866
34213
33882
15154
80418
90478
61817
77877
88377
70661
26351
98036
12929
98283
58695
2674
68026
4154
77702
48750
78038
52560
93778
15579
70166
91988
16078
40443
85103
36992
38250
96188
91032
35543
42157
96457
51765
27085
51316
54150
43677
50550
86149
11769
38075
18662
21733
8488
65718
35168
25361
48119
58443
94986
56021
84566
19191
73751
40819
46962
6206
82909
4385
85318
29768
39218
16487
29395
50557
73426
40349
18398
37587
81892
9574
77188
90608
7028
35125
85886
56997
17721
45462
14068
76361
49254
92725
68182
67439
53753
15765
31394
31337
6819
36847
58748
82767
13763
83036
27364
36642
59717
65528
31313
71253
51934
20630
53892
61229
9689
14602
46207
23546
67459
41254
90296
48124
70443
95965
27447
90852
57973
92703
87951
91379
50018
1666
67222
40605
74702
24311
55015
63520
687
89842
39423
1887
67215
52620
75414
78257
36785
93507
28842
97864
30670
79800
81182
98216
45847
18220
7702
87507
93454
43311
22326
22466
43467
19637
16144
63865
8097
351
3351
13600
47239
76967
28316
81149
33347
75583
80573
49141
70200
3356
10701
7898
20319
25664
39376
7031
59142
59195
4337
28490
40579
99099
95547
19986
28202
59389
87551
40264
19076
94923
89824
58450
63108
90589
862
18522
59806
48737
69816
26957
96472
79408
40691
46672
77086
99609
78408
83626
79537
77633
53510
33778
70359
16353
92819
17582
743
55452
87085
66788
5379
86706
83436
44053
26521
18715
80438
69695
89712
97921
86570
1919
64706
91231
99184
66913
55401
62284
10275
63473
75945
28134
47870
73116
86720
66074
17377
91160
83503
51323
15967
56815
55883
45489
54832
1059
56862
22991
39146
49938
54617
18033
23586
17875
69479
98265
82492
684
34474
22913
8046
31215
56132
22970
77281
91896
93786
48922
9327
87891
20203
67529
67969
72247
74142
53359
51401
80042
66324
13018
51041
72485
54289
478
54290
13819
58754
30394
12341
4008
54337
72994
93454
68420
30886
18903
94542
62035
88166
35154
89501
80215
96275
94700
51388
80638
26923
50895
97373
11751
36578
45672
70350
11909
61498
85603
89129
90387
66788
93507
70340
26502
76874
44984
49498
26331
3173
28999
6113
57857
76237
29567
28299
44842
84279
11628
36014
37325
17738
8355
18914
92366
20425
49416
34696
92502
51800
40141
56920
1368
72045
68
57457
6004
71860
95992
58039
23627
82297
59445
87837
56970
16430
61441
39539
66763
14309
28341
25110
92553
85381
21874
94229
93750
68462
73615
93320
1657
58323
59653
11195
70202
80101
24683
78490
88198
27992
16473
62398
69171
23062
71369
25659
66144
86517
99478
99304
68246
69403
54161
52378
23606
27463
34647
28655
98705
80740
62861
60304
28243
51552
95967
61550
31489
31561
84661
51539
71252
88929
63915
54953
9766
89931
67651
81354
72192
75892
91745
89792
62847
5958
90778
3936
91936
48948
83128
54760
61224
83424
56279
92794
25985
44113
9625
29993
97490
34963
45587
42481
75435
14323
21533
89737
2909
46185
4742
83245
17847
2860
30615
68159
34408
99133
50313
65286
25293
35686
68219
57441
91746
30453
11851
94224
1844
20563
47316
32294
49629
24691
51885
24440
37757
65856
81962
20036
14544
68088
29483
41929
2641
56923
42707
60373
41064
13265
98384
93294
24852
52951
51458
24023
67409
30202
55727
42534
29395
92166
44324
84328
55003
43888
82383
62264
31592
18276
55945
60986
41816
84040
40915
90999
8787
66058
3829
80053
44246
97275
22174
13154
97342
68972
76216
19352
67305
97138
56547
43398
87205
76688
51968
33423
7880
52358
30885
21990
11307
95430
6026
77170
60829
38742
77103
52763
52053
89012
78921
72327
62687
5084
23494
40369
12175
3472
13883
85899
32734
28487
24752
8443
22214
3175
90042
14715
96205
59485
11729
5325
81892
31300
5241
95219
99391
82355
26945
28974
57644
32581
86991
82669
51420
41014
36855
27716
83578
1203
35065
68853
52456
5886
36903
58474
38113
41743
24256
32484
93105
82138
90361
9114
93589
56039
20810
41406
34778
84661
66993
16545
61082
93893
91063
50758
5791
30207
72530
37224
77716
30478
5770
66221
72947
22050
84998
51695
8723
58359
68680
66512
73391
27582
38900
9812
61522
7007
22830
4246
16481
74222
23271
48276
34081
27702
13112
29314
90454
14031
84621
37145
44827
6710
8603
3923
33653
32427
50788
36934
16373
94630
13184
3425
55065
1390
16699
72959
10324
64803
17962
22089
13961
2539
58085
58576
35430
38665
74013
27955
93382
70490
64128
23927
76346
40943
88956
35893
27240
31863
5091
31860
15279
72585
75878
93042
65819
40350
75919
87654
43766
14301
8125
95727
89407
33215
81846
74186
86868
98628
58474
82039
4864
59635
57012
69185
87038
13393
26199
69176
84855
56258
32113
26215
19925
24462
80557
29723
34543
70379
92088
26023
39386
30688
74190
25982
95485
56113
89881
29899
73966
88918
4983
46514
21516
93975
7263
91675
22123
71975
29874
14023
86374
9229
78759
10026
18439
47493
59137
58717
7827
89429
19676
27696
68119
90497
84665
76308
98093
26519
24255
9285
72007
67619
20749
14767
75281
33884
24967
54267
89407
55848
60881
58990
95656
13767
28955
26838
10975
83689
79103
7508
91468
75402
72651
9275
38927
7641
29394
60389
24117
29296
60583
10416
96858
61863
21639
62467
87430
8017
79372
85917
16413
43940
77677
71038
20801
88901
2959
51928
73088
24624
95944
42164
16967
19055
30056
98813
68423
94451
78241
54736
34184
68052
19846
36582
80858
85113
97127
16419
47575
58713
16953
28641
32505
28491
7460
20628
99402
51357
81683
95531
44116
41222
30599
48686
33040
81913
66567
95282
75506
47709
64788
36285
20414
79295
5213
12021
73691
79451
228
48404
17662
12411
4480
9485
76021
13585
42366
31819
8796
42214
56003
31067
40560
38540
71897
39352
22120
79180
8064
53046
985
59684
95021
44993
29177
71594
63850
22636
68266
82857
62444
94034
60983
75055
97085
37499
26400
38684
60656
57366
1322
78572
1081
48355
94459
35556
3998
84068
41858
87646
12197
91334
52210
54166
81026
71438
8845
89741
73742
81721
51596
21501
33702
96597
96178
52511
31326
25712
61311
27167
72911
78819
64573
30204
75679
31842
16769
69952
58833
66713
91631
78602
73949
28715
72703
47504
99677
69413
82545
3908
55507
20682
80679
27024
47300
75901
76234
95970
43256
38100
38784
59861
93222
31617
6651
21223
46475
63825
85749
27901
93549
66490
4041
75743
56209
42569
36783
34639
76327
93531
45915
23810
9214
4760
83375
78825
9844
22129
92497
72362
11487
61562
4334
73577
35381
55191
66418
56737
37381
52672
60328
98847
92948
64271
61426
38087
45329
53557
69195
137
93505
61814
89858
37866
76195
73755
84283
71344
16190
14679
3669
59767
25258
2892
23096
84648
34071
68057
48755
74511
3858
86043
18497
55299
96927
73943
37355
67877
31702
35098
89744
54229
24600
43295
48293
77354
25869
7747
55625
6352
89390
66016
89817
67821
77502
10751
36950
37462
91061
67914
84809
21630
32232
9118
20677
57609
52925
98762
63141
43496
15317
47839
82918
93844
92556
70616
70913
5577
67550
17819
93118
10228
45627
90521
31372
83130
82910
22641
46651
77995
46396
56745
17256
56153
64012
27814
98104
83758
93357
12693
19338
77377
36334
99129
92520
88642
53566
77625
20935
32019
87270
61779
16861
76252
84160
98334
13137
39681
21000
36877
18957
52352
74586
90914
10544
73780
45206
37013
66206
84144
38061
66765
52248
98909
30645
27491
41297
92053
5758
61973
97856
51507
9592
84885
97208
31888
2264
14205
53291
14246
4181
9557
18759
30297
5802
56258
86156
59507
638
73779
62984
61367
21736
20411
15424
62353
10443
12095
75567
77308
22889
72712
85208
8372
84429
85566
5647
31066
35175
21341
57387
46799
70821
76540
66211
53788
72061
68192
82861
64288
33260
95585
12385
75011
46386
97823
36176
79748
69789
7229
34850
98480
13039
22894
23308
85608
98855
6144
90683
71471
21026
30253
97365
85923
3315
413
18856
10516
78426
96804
41966
6696
48475
83533
12689
71431
58760
69294
7070
78823
15175
1775
46496
76512
2297
27165
7017
19032
13928
48558
78714
36825
90792
72605
15548
59220
71146
42470
78757
32439
99187
16951
17572
99582
3451
70580
49881
38538
52794
57570
2439
85907
21095
3678
45312
10258
43457
64367
8490
36442
26503
15085
99909
64174
83228
20059
53650
68722
98957
59676
24625
19315
99063
83357
11826
1736
81433
94756
36036
85587
97051
69193
19879
33837
10607
49421
18195
12513
49707
65133
24930
21784
56048
74066
39089
36176
84817
28127
6778
11302
59615
26650
68948
87238
79384
30715
35178
94544
91066
77390
72691
47955
87165
50853
46760
94871
60903
38498
73759
71055
53320
24487
51347
4305
56463
50625
11606
98378
94703
5014
2439
24080
92278
82629
40122
42174
49292
98777
91632
83656
90708
26333
39231
16935
23279
70734
51725
38598
33873
92885
36960
34673
89349
39438
78303
72716
52893
42393
64220
1511
14640
5468
4541
54839
45461
3445
89575
78496
21921
82459
89001
25635
37747
64177
6261
94515
12490
24862
1196
14846
31673
41512
68733
24207
4314
71581
14675
14352
3547
60231
980
68767
63928
49629
42395
57432
45100
98497
23901
2519
35600
6935
74161
79627
62916
81482
73993
73163
96288
68449
880
61594
77289
29738
10614
68581
89897
34692
35402
79334
86514
93952
34100
88089
19357
66873
64725
12191
87625
32722
61988
81035
36
27733
93306
84017
69613
14996
35616
40617
2997
72248
62266
37882
20108
53824
54371
65838
41628
7329
54244
69724
11577
3046
59842
29455
80147
64662
18667
71339
58020
73570
17142
14847
67509
55839
77198
58088
58213
50879
65681
9667
25221
3895
94137
81719
66480
20403
36635
69176
42585
70426
21533
53692
57033
32398
59391
87161
57892
22394
53775
29402
72891
62976
4223
37308
29064
7786
51426
28684
75388
52925
33479
72938
22277
34257
19068
92997
35284
30954
58526
97985
72077
69893
46926
4670
31508
53015
24737
47110
91498
10243
51023
18613
48535
14332
71770
37852
35698
80760
71656
81867
88421
15783
41418
82681
47645
68783
14936
41397
38498
91273
30282
73877
39341
4214
47162
65517
60772
27746
9551
79095
87125
33017
76811
29330
94004
34459
59129
10529
44559
52691
83889
39580
84524
43183
88402
55552
1404
3847
81415
99303
86766
45952
40892
81726
42229
37042
18814
37675
99557
2007
5067
54083
83133
98998
61969
55441
29170
70582
78585
27545
90129
7356
9708
61306
95153
51157
58214
2400
7676
8100
31488
99709
19957
37841
52717
55702
50904
34799
36043
95333
68373
19502
40959
86502
40018
13790
5758
64773
27795
82300
22488
37792
80423
84471
56540
70728
45326
96262
32888
83054
17067
28816
7949
19131
62742
92532
21129
90304
16528
29273
73354
24584
15326
62945
11218
1526
55353
99172
4878
94508
85597
38561
95385
90386
18174
54795
52904
7391
27939
28800
31095
86105
34106
23238
24903
85518
5150
27821
39132
76397
4955
5216
53345
87586
2929
19784
25036
27361
3735
36941
7468
71589
13312
39633
71145
83201
47028
20223
8669
3358
3081
71046
71516
33691
69690
14929
34275
11158
8143
88191
6994
62248
55422
12941
19465
11724
19925
72925
82682
12525
1721
37761
92112
58128
54767
64077
75091
36405
22736
38885
304
84873
22351
20466
61225
11287
18523
75115
17310
50593
34178
4277
26874
39560
64239
5920
33769
3768
18101
16450
76378
68141
97773
35009
71845
21824
29939
40721
91128
90992
9343
75244
81134
99023
78175
77941
9066
22484
61559
29038
1081
83527
2772
77340
22455
54505
93484
3381
99668
89035
74103
96346
16184
35217
87197
3628
23151
31364
3029
45630
93872
32325
380
75194
16595
65393
78124
992
64032
68776
93441
87301
99987
22736
71072
88743
83568
43765
4691
77908
9684
75545
76252
76221
80873
76932
52085
3967
39973
76838
75523
24082
5779
38660
65057
66156
44486
52732
44227
81998
78645
54349
74946
2214
82263
46977
39422
34421
35825
95560
17541
68034
18207
43188
36364
28032
93808
95921
26256
50634
12714
15152
4261
37536
79272
54692
19452
82177
60224
80609
37289
51422
97333
15861
10423
49145
61480
58903
81923
84353
35245
35688
93559
15844
39243
57879
26564
47806
23828
76563
85200
6344
32239
40429
44500
35611
3874
90082
22705
14028
27096
46073
6208
6035
69811
77229
50236
32866
13053
67966
2008
67039
87885
38560
44798
29570
69176
10718
41102
96360
11120
52262
61017
763
18883
79430
17988
53053
38332
42997
98206
84301
11517
75318
62290
62133
89459
29417
18205
18898
15737
98333
13002
78965
94466
63233
67534
71188
34513
82154
83169
65027
18099
97733
82358
74357
76455
11956
6019
31709
67750
48643
79792
47506
43278
337
78567
33767
56700
35216
64049
89866
18141
21794
43690
19083
20006
14446
959
69017
64644
31141
76716
66379
5291
46292
39368
47242
71236
16262
67512
67504
85715
52801
82932
15170
805
60586
14112
35959
67380
59032
40823
26839
30224
15671
68886
48282
88446
28655
10869
55316
89595
9301
3269
49947
32209
32133
73626
13028
35989
39466
82066
82407
1429
10362
921
5935
21413
29642
63357
12928
26148
21672
7367
15681
39803
45732
64996
73855
2278
85069
98358
28882
62781
83
63744
42944
83230
57620
93087
57672
98961
92961
18036
21407
71835
8862
26075
20652
36554
66866
30409
91315
84830
80128
55737
78399
54054
74095
90586
58981
87177
41684
33507
42648
8758
82924
65265
15989
18478
85570
12025
3317
37886
72821
25592
74487
58746
17016
95916
42483
32078
94061
28362
58398
5816
32361
63658
29489
66021
92144
91949
57190
61630
96321
14079
16280
95980
22407
32982
73831
49699
56535
15972
77149
58989
5216
54790
23594
10977
58257
64367
61998
33482
97131
3623
65324
50431
47089
71956
57285
46114
78437
33669
71838
31560
72656
49207
73773
34553
82424
46882
71068
41144
31094
51661
5238
993
16818
98635
14612
71471
9265
97944
27270
16167
52744
85218
55325
92319
18570
87004
30309
58616
81614
54191
40583
9961
31259
68086
6054
98986
65333
3611
52872
35445
57130
41964
31391
64118
30215
61151
54339
9426
23509
96945
18975
40690
79992
59115
16944
55820
46387
8162
28611
3185
28312
46383
44851
61523
5629
53666
58572
75947
76123
3289
20710
4493
62123
25840
60993
64088
84319
50445
32451
77432
79777
41645
50488
13019
17046
67538
62254
79348
40234
80221
126
81363
56069
63108
44316
72262
63228
1343
43903
37017
11568
61324
23070
25321
70429
23270
29861
11134
79774
96775
68483
93590
55712
63483
92984
69786
22825
33285
30085
3772
49702
70839
42015
88072
71241
47785
36367
44148
91516
2648
79344
36442
74392
45231
71181
80980
45568
25202
98090
13998
49371
95613
83798
48647
26351
41256
25530
88541
3649
9042
14246
85794
19063
72987
7015
28125
31906
89957
40581
14738
8988
53941
49510
33891
12426
36447
79734
86416
57510
8491
68897
8938
53455
75716
98560
38123
87655
22311
10189
23007
64901
51701
16744
36327
67053
32391
34788
57725
55777
5861
8202
1798
1206
90104
93933
42204
82772
17148
32610
39353
74956
75841
32473
13731
336
92191
53705
19442
5048
68734
92112
63332
87689
21677
26011
83875
91663
99968
8266
50972
53114
43988
56606
72939
81838
43226
19659
151
40958
82067
73596
96172
82630
20747
34828
6675
91699
44557
57918
94056
86948
28543
24641
21347
30503
7222
20123
62912
99919
9274
34999
91366
84630
15656
28776
40241
78690
26301
38849
70185
55102
75305
22114
72784
23557
17432
71642
30596
93014
19819
59601
14579
83308
31880
19402
40813
55879
73745
95026
27261
62667
78940
53507
88310
44404
50571
77777
79882
44742
41917
31369
61192
45072
52154
13939
70517
66354
35797
7109
21851
28946
60528
43848
16915
9146
12201
21404
32681
82057
38123
17756
88471
94364
40117
64621
18615
67790
77396
76227
76771
94185
15946
32396
76250
46644
65910
66924
26987
97509
81354
17785
64332
3766
57852
54419
77383
93083
52468
9139
35345
59638
68024
4664
79199
57855
88916
87835
93003
64327
29319
50768
94174
63453
56239
45011
85381
664
79691
71722
91985
38673
60173
61438
68467
46760
69637
40709
94852
50876
56341
19677
99891
73253
6219
24636
41585
94165
63850
42652
47612
75653
74616
41542
68342
97260
36311
77798
23303
67206
3249
7510
28349
88941
68818
70895
75228
82641
63481
29723
97863
83955
44369
98764
359
68212
19899
27317
40635
77280
48272
54934
60499
58408
72217
86662
28141
59637
4041
7440
12186
64736
54794
82708
37845
92137
9295
72887
85135
26957
84792
23049
76765
2958
75179
75922
68990
2173
74993
96336
2598
93934
97823
88245
93145
92150
52278
31683
39682
69962
15357
66319
9406
34268
47803
705
12049
29101
28989
31901
12255
6503
49862
18829
40838
76265
91672
64543
56482
21799
35482
27524
78344
48395
92868
204
56957
12262
21742
64078
75949
64001
92928
55114
80300
28528
2840
50582
8221
34973
85605
19023
63211
4728
63926
58734
426
3535
92211
86988
17245
64417
87719
32139
31744
92246
15939
23829
4774
67864
94907
72708
11428
79939
9858
80394
95914
26109
84374
22831
50188
41479
37112
5790
41183
32151
64237
99934
74064
14238
26814
24688
19655
84678
89740
65090
53051
79175
54176
73885
47369
4723
48992
32296
41734
69416
98378
17223
55765
70637
62590
50082
54220
44214
56684
83034
74914
21764
88124
12073
20607
91194
18344
93236
81307
6221
45586
78158
97272
44759
26772
78235
94954
73163
4705
12898
28244
33565
83532
96750
35589
34928
213
72822
79912
94931
72639
4732
72713
49448
66064
99238
96358
19105
8703
42490
29267
98329
4616
98218
47557
11247
37408
34183
23685
60973
31808
14379
67721
84042
41874
18813
60098
10146
64317
30122
6059
18823
33384
56854
1457
79380
39745
46938
37201
58093
30018
81664
85331
77591
85826
30463
3568
17346
51699
89824
67164
51320
79684
25883
86948
29067
85157
89533
734
19971
63145
75353
31538
56808
97352
51208
90597
34445
5136
94071
65723
42232
841
29435
76273
34562
27161
86628
94866
73008
99633
50393
32942
5659
32901
10304
62354
84453
69025
83911
98419
59748
7926
16916
1185
32817
47947
44290
61163
91643
80549
29897
23350
3087
47332
89032
69103
85422
59836
38210
19283
39213
3017
9608
44027
71640
91785
13763
64641
9648
26704
33429
11313
60657
99690
83960
56676
46077
33486
81132
79766
2504
99711
16015
27471
18243
49454
48337
31321
48640
7651
94689
6307
32756
27910
6025
5384
16022
77977
80
28418
68763
27694
38647
87567
78869
41085
17106
12403
88395
32136
64145
37601
38494
29824
33331
53569
84848
12166
4985
16168
46626
11305
6757
5457
56029
62074
4377
95440
82583
65009
10241
46825
16614
61458
6798
63077
9704
73192
84170
56358
86446
41859
46975
54453
61428
14635
54034
42351
18143
61611
16458
72881
32403
77717
94535
99662
51811
17407
1929
82589
75026
33861
46877
91166
9750
46118
14386
84236
26796
37345
20884
76003
69058
95354
53342
7702
18876
42504
38566
31874
74998
66311
75184
81948
41255
54338
798
43643
83048
57392
59823
66696
64893
53536
83737
55534
42496
62142
94788
55690
46248
61942
96621
9160
59493
99994
20894
86321
64579
39467
57595
14674
2448
83354
8634
15363
67396
28470
69197
27288
37643
49531
59422
45597
24474
86621
154
26442
7981
11038
50845
13092
15799
74268
5117
19881
92739
2773
70052
69888
3855
87304
38991
19899
11227
29590
4423
21875
65627
51581
47483
64033
58237
42792
83665
6610
84718
19856
40523
77453
84178
99046
92467
20854
28976
37304
80192
99330
57788
80243
97855
32584
64010
66604
39794
20434
74304
77819
60402
37247
77993
88623
15727
4243
96995
70048
23409
43030
18141
19697
98775
88808
44937
45824
99224
94902
64260
11550
36474
91664
64926
53458
96815
72198
89749
24835
43189
65031
50420
77986
59760
19508
85450
92346
39545
73585
95396
75518
8778
95642
46739
12888
27844
92051
96021
18148
7947
50432
49244
41837
35123
44909
38017
27914
98757
64134
63585
69406
80481
35439
32618
3366
71121
9207
84519
2618
48320
36412
89010
67212
65511
19219
74895
92021
74144
39667
36140
88595
25327
74658
49794
69148
74550
86840
31786
58492
43670
40411
51250
85737
78060
28529
21784
21763
73640
14666
88950
70738
38423
84142
37290
94366
96310
74027
47293
46109
37040
99699
42987
19241
65508
24574
84208
67427
6144
25859
74109
39396
73556
93668
72105
80322
29385
63429
25177
91697
7102
22236
56379
8752
1440
48634
78353
49889
87188
42330
31825
16146
53321
75389
84275
70349
12690
49702
62376
5404
74992
76877
33292
19099
51276
6169
94550
48798
91944
13649
79970
83597
47020
31548
39992
63775
77389
40566
8767
97803
38815
69894
27500
75679
6675
49798
53766
34059
8723
39845
49943
33404
85600
12188
10361
40282
4396
3808
56436
69012
9239
64209
1779
25989
4730
15769
65181
17301
32948
12819
88337
25682
22867
32489
97359
36369
62157
55439
32315
93085
65705
97848
57465
95169
92620
37352
56345
4773
94038
35108
10469
19084
57749
93772
58203
76693
52492
6857
31207
9521
64673
48853
69889
22096
63374
27395
26383
78562
25663
68904
73898
4400
3581
37345
54574
64672
16570
92072
14562
63495
8725
75232
94630
20476
18908
81767
67354
19011
73587
5811
37861
88642
27224
76084
54052
79053
43064
89904
4401
6855
28407
30494
16651
7931
12742
5514
9132
7931
84558
76074
87903
31401
83233
54978
27574
6060
76074
40525
21399
82919
37413
17929
37119
85201
86586
4266
69051
19437
34718
34827
34000
30658
36389
88851
18902
60250
41619
30836
51396
69831
96002
99985
31119
27417
42430
14793
29052
13178
36506
72402
35088
91257
99583
13059
9809
11382
98292
88868
75484
49452
57509
22994
63442
69765
84867
70578
20209
93265
9281
95841
63179
85936
13356
61211
68103
39386
70134
83769
65309
1717
78334
51911
19297
30923
27024
10856
67266
85335
10647
19455
96112
36065
58358
52762
44564
84919
37835
74879
27396
97912
43038
34869
92003
19306
77829
44819
34180
14006
2953
83650
19505
97168
22531
32850
79554
49063
48074
91031
77994
80485
92947
33065
70643
9442
18274
76513
15697
33379
72491
93178
25583
32845
41030
56819
90270
22316
50112
49412
43387
71774
49136
57837
87118
58697
29887
80430
39582
74262
27580
28611
19326
99857
88706
52587
35515
90396
83708
42165
9570
49484
88709
53757
14227
58128
59833
92907
79410
23468
76098
38012
80762
46926
32421
25388
96356
72209
22982
28407
89830
62738
66995
54187
54086
75389
93877
50142
28687
42821
22896
59671
86223
50222
43516
91376
68154
93929
27052
69415
39053
39212
77604
13935
19627
52380
60880
60027
53569
68417
33158
61205
61008
69529
29473
39173
32245
92245
60073
35464
19417
51142
7209
92526
90918
65795
10563
41909
23594
4205
78919
5449
21179
10760
68096
21672
63874
69674
20770
94145
13657
65905
72489
21054
22627
44688
89975
6056
17585
38138
22792
69271
63051
22749
17500
74266
37046
95186
64595
61970
89218
5401
22893
35693
89286
65902
93408
72769
15250
63912
95378
47803
75482
39196
30761
40108
6527
54473
10356
63652
39358
77640
54638
1654
80808
15442
75453
49979
14041
86727
90925
73539
82172
138
25253
58159
82545
5823
97471
96703
65642
23700
8870
82738
2275
11820
97435
97584
55416
27538
39471
67359
68945
51504
43546
35447
64565
89872
99928
42803
20286
43661
19911
33598
89111
35901
23703
6944
4961
16921
13028
16763
14363
26094
95138
81367
67051
74377
8629
1884
96408
26126
38269
4413
21517
977
95999
14614
6641
86982
88311
45432
21028
54713
86420
28754
52237
88738
64961
49985
39538
7621
77362
50928
10435
26535
91649
50787
23015
27607
19083
97727
39551
42259
29890
4139
82697
17115
65260
37619
54584
30448
22861
36621
31283
49653
14310
94869
80332
71944
67363
11809
87431
70192
73017
37746
19877
73795
58291
51785
98972
50454
99136
98276
1368
18930
74764
73206
60216
15105
4586
95814
90955
54122
2057
22688
23750
79866
25895
61691
84793
69757
8459
21290
32113
67565
93521
87215
17989
49916
21220
52838
19741
93134
56699
42270
53391
96294
70711
55880
60576
33575
45455
36811
38113
54472
96947
4020
61719
23915
76424
22481
40670
96047
37611
84402
28531
45147
34106
56657
6634
35150
41711
9117
51563
95198
84223
76150
95695
82860
78031
19282
90712
58916
787
52864
88000
68023
32493
66573
56984
18108
13547
28643
72696
78009
13587
81974
17270
67640
7437
51603
56531
97907
10004
66492
72510
28604
30679
61190
55432
51682
69613
63635
84646
74593
93168
94248
56928
73800
93922
98382
52747
12067
61793
9351
66328
64854
67163
92439
63708
80853
84326
51666
74532
9689
64148
90536
67896
65779
98522
5622
10370
61550
6021
57526
55154
35467
8071
7637
65361
20768
58071
31059
31538
49292
32042
16180
3777
61499
88722
39597
22182
98525
59464
61426
95909
85033
33855
20528
50688
72686
65673
21771
37426
3182
35601
98152
70423
67107
72081
99484
42705
80274
49737
6300
48114
72726
55995
92736
25048
87262
40845
65360
25143
14136
42135
86302
1645
46456
9344
48457
6916
26893
32483
8179
86198
70416
19572
96579
55709
90108
56115
24396
57087
23490
23023
67390
87378
55326
45649
69279
13972
59548
95914
27510
97319
37725
71944
33438
60711
14394
35189
23027
66081
60636
93710
56736
77507
56399
82128
87995
20002
69408
3647
98521
70145
23850
67686
75701
47283
55625
77767
82361
9239
2545
98709
22454
94876
57707
59540
37576
97357
22143
29166
78659
96568
28887
35495
84808
26926
74783
85533
66963
7681
88603
83929
37917
16811
84496
40483
52206
46749
98302
3355
19446
40440
80914
54004
32974
69574
27691
52333
11938
83393
55799
26102
89498
26055
2422
57325
92367
93320
5911
30222
47674
75181
49265
70214
21940
10096
90718
21523
43971
58566
79745
82132
88544
89096
58480
39166
985
57932
78290
25225
24106
55477
19205
46724
48412
86923
85884
19015
44119
52375
68011
79893
49204
92644
95258
42979
81615
70877
87393
95612
15669
67306
98620
41999
12839
74695
81922
41751
25287
95385
53946
96325
96896
57402
23885
91502
71003
86667
60852
12678
76632
95140
13389
11610
5766
70588
62054
18148
13022
82680
81430
58598
66079
52238
11435
63521
50318
65728
89469
22105
84318
55445
74740
67677
34243
7374
3993
59501
24603
3304
53907
59694
30469
51558
49616
90899
1963
11560
51047
314
15669
71466
69210
48724
69590
95233
13109
89391
38400
15725
44586
959
83911
13863
23212
90978
72076
90305
56246
92228
82283
5785
29696
32687
7310
39003
85726
71845
33044
86802
28876
60962
55875
10417
89026
2972
42705
13674
42537
58905
63561
24287
94668
72025
30043
37786
56175
58306
54198
75092
4874
42477
1856
99405
9004
2496
52090
35812
3400
22189
90155
37907
51733
41690
55146
49721
98527
38411
35548
18370
13156
67438
55971
23123
54733
39598
26594
99918
41533
17838
33164
56909
91554
68180
29881
96214
11813
10148
60117
79825
53162
73428
70596
3482
14688
82437
3558
71354
77156
58546
48363
96464
68514
50912
9115
87086
16110
81150
98098
17683
20097
14575
96161
24484
90359
51253
30665
10424
25375
63829
9211
91917
75570
95910
13074
70806
25997
74696
98130
68869
53597
84667
73021
19341
62831
95272
24427
70207
80133
34932
37498
17380
92400
56064
15888
52390
47690
41441
40268
78824
97274
60860
16827
24533
47407
98934
57957
52490
6425
39749
6207
52181
58208
12190
59525
75542
66572
70956
80916
66729
16830
12565
78898
23349
30517
3122
26432
18330
47226
25174
45510
6184
53494
34667
22185
35224
52870
55847
32524
88141
13559
31877
53840
77350
471
92013
7509
28674
97010
92370
29796
97145
48617
36644
95320
72127
14877
85556
24149
45417
99861
19404
87969
35670
41488
26753
93401
85184
79766
54140
61228
71017
91126
66594
39160
1367
71429
36859
82748
315
73789
2361
14115
19233
58990
3332
21456
51608
96082
42887
93543
69466
58647
90460
92990
44255
98239
83674
59614
62782
40701
70547
938
99689
43308
73862
70762
61940
71128
52624
58657
77930
99499
81686
13385
64086
26210
69960
1422
65207
81724
90074
58143
31275
58733
97893
23686
63123
43330
79009
68113
32097
19268
71143
1205
54705
34059
76315
31080
82278
61057
94727
82798
47778
65235
83488
13208
97155
82003
67621
61511
21017
48199
8235
56383
93909
82310
63324
59943
23085
97009
60334
66471
6456
41246
36443
89505
243
11422
92484
64768
876
41591
49453
68383
52825
81165
92768
99907
4277
95248
38773
7950
45969
77526
60369
42483
84991
48550
64293
2423
24988
23259
21192
9670
46969
70785
11495
81502
10777
56845
65020
92081
26301
54436
40306
10776
75650
32100
10858
80155
2716
80663
99832
49651
24994
19160
32082
12325
63979
28547
53104
1571
35123
97858
98069
92230
86061
31600
80982
16296
22734
59497
13913
47247
16979
10062
59353
29002
46359
58054
64890
25604
77195
32507
28771
45966
65182
76813
97305
54333
14460
85262
674
11615
5636
1450
92367
5341
76010
53161
69318
16679
11157
15584
14717
41855
85976
40151
23573
32242
75492
59818
42275
42511
40928
83262
77719
79440
84941
20267
9021
25350
61428
38459
65381
69570
19940
37611
17371
18987
62481
41887
65746
74388
91363
52668
1772
53226
30786
75038
56206
11349
11936
29519
50171
66372
21665
87330
10558
53567
28161
22191
14985
51521
13572
54650
86911
99247
63124
75915
70230
89080
83061
77336
74435
60360
45601
78981
96430
37795
88114
46147
93097
55340
25834
6193
99956
81546
72715
29722
65520
15542
3369
19957
98446
54168
30561
62037
5108
40249
17361
19999
28922
89585
90794
33394
89580
59987
74719
57740
60270
69493
13665
13441
14048
92908
16494
56346
16704
65887
8992
59749
42784
4014
47894
2459
43873
673
15330
90450
3817
1983
82322
630
74232
69652
2719
24470
95495
33367
74815
6467
73328
3120
86925
17856
99161
58922
45300
79524
73653
60372
68042
49715
17076
21843
17025
21927
27676
80352
31363
36291
79736
42657
20583
93773
36720
35743
73400
76687
91716
558
38907
21305
37319
62729
40948
58745
10190
85933
93624
38877
51682
63729
96082
78608
75265
33852
98168
30743
33926
5337
44982
52477
36261
73290
28038
63658
68700
58760
93467
24071
43094
51837
83584
26330
3853
55002
17143
96320
96887
20676
45733
16727
23779
52068
59036
40792
78960
89582
50014
43258
95081
36454
92626
63376
2336
86710
29305
30840
41206
6176
13146
29745
54897
82946
674
47873
27667
7628
45054
79094
28348
65576
96701
95136
64517
23509
78568
79695
52111
71044
66690
22612
57710
34102
73143
4753
76297
11564
98142
65275
65969
99164
90796
32117
72903
55354
33898
13834
44839
32685
47150
96320
49363
45249
85320
61466
84529
67808
93116
46505
93601
65473
66926
92543
73209
34134
65070
88711
94725
91315
2852
4379
42387
94723
66446
16076
8504
81503
80533
77998
76017
15020
68610
55434
61764
98010
52007
38954
89973
60990
43933
83859
14850
63084
8214
74211
13532
48731
68921
93630
26288
88252
76694
96097
29500
92812
60327
9180
88795
35068
18073
69349
54639
25621
32104
84497
30768
92372
21718
42271
67013
84978
86114
34534
2407
79826
25963
48009
11906
92287
74471
79111
90593
12492
13297
66971
42961
68473
96412
2849
31679
86209
55887
66395
80156
60002
17582
59634
16333
68554
11854
58094
91284
72218
24639
75140
5553
5134
97667
40382
28561
32280
53041
25915
2030
75981
87064
15202
77010
28963
50943
98555
45963
61824
11880
96473
96254
1582
67059
57479
29495
4984
65176
50668
62373
75311
75401
74811
48894
74681
32059
35643
41447
65162
74784
907
38624
71503
98589
28722
51444
95885
25976
79016
56453
30803
14155
60074
94077
10060
14397
32612
13727
9800
7710
92376
63283
61641
51249
78894
69960
68139
83273
12788
61958
17226
50970
46995
35878
76680
45061
28255
83594
12312
47908
4384
54053
14285
27668
80156
40452
34796
40094
20004
51277
37359
31663
19303
44913
33003
73014
17645
81806
31924
90007
7315
75656
70494
1270
98074
5625
82976
15679
35389
85294
74919
91017
33439
70866
20905
5896
76461
31106
53191
51066
62459
94522
29737
3327
11802
35525
70236
5552
39915
60605
26959
39678
98040
7993
13591
46042
18963
79873
49705
12057
65636
84853
91113
25994
69778
80285
7057
67490
64830
68896
34065
85436
63050
22313
83232
95993
64
75222
2845
18776
71847
58246
1418
57587
18910
15034
17624
23618
70353
79650
83029
93641
46505
74032
61157
93481
33010
22097
62141
97938
81522
67026
26034
42314
62567
21321
39874
47861
94680
75415
3636
73691
563
39937
88490
21076
95823
99178
37066
32585
98742
8860
39966
48111
60562
80015
85306
2606
54944
52577
18817
76226
32528
77272
70893
36586
41954
92390
3920
44948
42211
3299
8343
33428
82856
46795
29124
98688
8443
49882
35626
99075
51380
73123
57394
86800
13503
62376
95930
54514
782
19587
88265
26496
67889
43202
41990
78699
49752
81879
83368
29001
5751
91328
60255
99283
78885
83450
19791
14331
77017
9385
37139
69044
16210
23624
6052
65095
27214
35062
14645
90907
15310
62673
20433
94709
81012
78405
7611
79444
54541
38013
56450
30404
70497
71680
79846
71748
10863
30641
85230
36433
74191
63429
1432
25565
86808
25963
69547
27856
57842
13357
34442
67578
94090
38163
89292
50303
32987
69707
19351
79744
22378
92229
63147
26091
74312
35739
59408
36550
46747
82809
76209
92105
61827
56979
25217
31105
52326
54003
48354
79820
38860
85858
26816
52944
79651
69265
3093
12853
1901
5395
25501
5434
19245
65525
21684
22456
63295
18560
82671
75680
8935
10702
92272
6304
52818
34952
67956
94818
12433
8714
88825
81011
49133
11448
73894
51584
82680
21164
39616
3733
57156
28445
9420
47054
38483
99807
70037
63259
72343
8346
69441
3437
7951
48967
29501
65984
97904
7935
2753
64823
17254
62023
37190
67157
5982
41269
25567
52772
28213
1120
6428
22774
58788
14735
52921
64627
53239
14236
32441
62542
30721
80919
45225
27455
1142
8752
53263
9268
97493
42908
92221
45495
32317
25663
18559
95090
83258
65690
81613
4013
26828
83566
26135
49925
81778
76278
24642
17449
93904
86576
10885
62536
92629
59193
35857
34744
76365
15300
95965
39599
38472
78967
89369
39745
28488
45017
40932
13166
54400
86289
98832
9578
70836
60205
46637
71915
65373
89437
93431
18870
50557
59543
1626
16572
92763
97648
87133
2720
60682
70547
79812
64904
56026
68051
63480
16310
96918
17970
24194
56669
60506
12815
23172
54040
55471
15108
76381
33910
87400
48151
66722
16083
404
72151
36684
96988
26888
91799
9434
35246
54048
40723
64557
61754
20453
40655
50984
2035
88978
38753
54129
68222
3397
85169
46857
50808
25083
24812
44614
16174
63584
42158
53917
94907
60221
16061
50353
28046
57401
12674
47362
23661
88004
68946
20257
64523
48982
96563
31346
99159
81209
66792
61416
43200
63687
20372
90519
15663
44328
83416
86641
35732
71862
60216
54759
9572
63793
16926
70700
43836
43896
66280
74359
32821
9371
12822
25025
79549
42589
20564
27936
27600
65254
20555
25636
135
43844
84538
10322
65291
94361
52681
54072
73027
1702
18326
72717
37505
64360
40743
36071
71187
98735
78083
12346
12129
88936
7041
87784
24295
47814
23178
33914
92241
62808
96404
4276
76133
36263
89849
30098
40822
94027
37126
50083
23580
28418
12956
53361
59117
62055
25197
36595
37581
67609
2475
76345
31573
55147
50976
96025
91507
43574
6376
63107
75215
65551
12435
86733
47279
16325
16528
98468
56362
46051
84126
89665
74653
12487
99263
47744
62583
56346
36010
80687
4059
35110
57248
44112
42762
52805
21280
88555
38377
52983
54304
25887
53187
99
77332
73316
74047
60472
59805
70978
72530
8230
9012
84881
6906
23866
94313
779
73631
23475
48288
86552
23133
55291
83070
50762
64958
26752
9482
53253
699
80170
49008
30051
39645
17935
84211
79253
71714
89263
1901
17223
94992
89627
45163
55119
21060
91305
5309
64616
10329
18907
52869
98691
21696
7239
27952
8402
96115
30567
84589
49829
32034
72088
11151
6700
52180
10359
29469
63692
5767
35452
8989
52977
97996
71757
19111
62342
89554
76668
82810
37024
62865
4761
87673
29402
8932
75637
56725
50758
48909
60254
80679
57567
67866
5339
65743
61117
4774
48426
56634
83708
12315
37044
53174
97324
72909
54785
50631
71349
33209
74247
98952
24772
98334
2260
94046
25286
9227
56332
85512
2802
11780
12932
9502
48092
14766
97985
32856
48646
25085
47886
25208
73303
43497
55368
59464
54785
1749
28711
77845
35025
22884
35078
50677
32000
90527
69168
98109
58748
20076
86901
41198
75386
34961
70533
98075
83112
64549
46365
43352
75573
96730
59126
4518
47413
37894
18140
77742
22445
55724
69566
7317
4594
6139
16260
87948
73606
74711
2234
17105
44506
94997
2216
45907
84865
41516
8485
51283
37181
33434
86915
79604
25001
26573
82115
92562
30911
15939
87533
79738
22089
18763
60603
89151
64875
58895
55268
66978
13622
27416
64629
90749
81089
51442
15015
26470
97729
63375
29410
39472
45445
26208
82980
41219
7734
37007
6342
59857
12611
325
53239
81004
57322
36055
38485
17086
94534
62093
69270
28448
28589
71221
38393
37575
17345
3699
21463
48901
233
2369
21812
11052
76405
25382
36632
35760
38149
83242
75755
18288
24271
61420
50539
87884
95702
87582
64479
53599
51339
3355
79448
733
95944
4538
1873
36279
43944
20815
31722
77868
93024
16264
43771
30089
29662
5352
25488
94467
35082
95590
78709
14954
44597
87671
3366
69490
75873
86655
20649
79999
82416
3642
60306
28123
7391
56398
32165
32075
9882
9493
25515
61167
10770
29799
31630
38909
58675
71562
64522
12986
47704
46747
62903
51017
28250
81019
92376
54669
39685
3447
31044
71524
59498
68920
13996
24045
7286
66237
32555
68035
63982
22012
32694
39194
66788
70719
33691
45690
18518
24662
92889
17083
6399
44083
75322
25548
59846
77306
48009
53981
89331
13533
7889
97442
39183
66811
69626
49288
56010
88678
84962
41441
21404
89131
38807
79417
22677
30808
68905
37062
38626
49665
85733
53374
98642
46923
27177
4377
32960
91689
68561
6672
69470
71420
22783
46147
48186
28263
7581
15223
18355
23320
27378
85131
55142
78005
15662
35848
82942
51931
10561
15704
20558
30115
91009
5042
69882
8833
83851
13936
54133
89044
63245
52641
74362
9083
2880
75254
93595
74202
8840
12029
76895
69518
56309
73847
12534
75088
76896
33519
14626
37060
94981
62946
60744
87239
91296
32564
49417
44908
79836
60114
71874
79383
20261
29418
79989
59506
52092
86700
98122
67198
29290
61910
70372
6176
54219
55583
56760
94050
58538
77951
91937
86318
55210
26357
98240
44111
90618
39431
1276
24054
58675
72098
30664
38260
99861
94135
1193
5207
97269
26843
60358
88122
99041
97325
57071
96524
41967
7932
33352
8680
24579
89630
65879
58009
79705
32354
87487
14815
26254
62873
95
86273
37907
71224
49958
52181
52418
70497
73798
51782
59401
11554
40029
37806
46748
64205
3198
17909
56254
19436
61693
10806
97539
63474
58878
54653
96032
23790
96058
18598
5561
89579
31997
84950
99002
64824
28195
89017
61487
20758
61740
26437
49799
76321
68245
63705
48922
50177
96264
16576
52059
95928
51524
93194
14028
53314
84415
34023
79551
22560
27416
19037
67784
96420
20471
54140
2310
65072
71794
93411
11876
42691
89199
1522
91296
51341
82760
11556
4248
37789
83458
87457
30084
91886
44446
57467
5317
81359
91650
45181
87112
17190
68668
88195
70878
16174
77253
847
26996
32836
49164
7191
82712
91560
97725
43067
64433
61622
88221
2039
32905
82730
35029
78952
89194
66778
80425
47009
2904
72673
35056
89510
15744
75443
63315
95782
3323
28248
78201
22314
35985
46521
69703
14777
65505
27097
28369
84318
78650
52078
41426
32436
876
17052
32665
22720
3858
66408
89296
4880
69079
14647
69043
6753
86348
81910
9013
23317
20935
74398
64176
48309
65900
95917
87807
13596
7216
85470
28809
24272
68480
37630
61572
3291
69268
77397
82870
88456
26593
29268
7264
56724
52492
41470
67591
86042
52387
612
80319
3287
8693
99453
66921
8405
42010
1052
31871
9485
78324
76257
85483
51210
14741
78298
65518
70073
68630
58214
55345
63684
15401
17880
18413
18677
68715
43603
68876
1943
33579
62596
76451
83304
67543
17041
59940
24271
18164
56033
58293
37108
65890
4420
80713
91235
90722
79304
28028
19830
98266
89988
46367
58537
86214
75148
21208
30282
5817
2250
44900
75480
74586
78534
94037
15272
26226
306
34376
26951
41736
97898
30477
5363
91628
17276
74839
81806
33382
16167
67034
72859
50554
42455
67166
35546
90334
5704
19995
12395
54921
48836
96121
60180
28708
76316
24874
69540
78086
97635
99890
99157
43567
459
22839
67792
54965
76471
13344
70273
39534
84802
53885
9355
60259
52832
57304
64421
16876
82258
41510
50096
65777
49472
71081
53099
66573
63654
78678
74069
42890
73379
10543
42546
52904
93157
49812
17992
1113
54953
58984
37412
87044
76616
48602
21079
78854
79035
23056
1840
20205
76940
76381
601
27326
14433
11033
30867
9828
15675
30839
78584
53645
73575
15668
70012
37343
4903
19845
10025
14133
58941
48918
45960
81014
78606
60134
88016
73833
77903
788
96232
72384
17654
45631
26171
73264
32628
19573
10715
89833
87524
95176
43743
68412
16671
35757
22965
67772
32928
14411
3828
35001
74903
76837
14152
24982
98460
31608
80034
53030
8422
45335
17561
40609
69421
92185
52021
12613
31075
57268
36513
31347
51953
21689
55290
7124
9244
63334
13620
8309
36632
92010
35622
4676
41524
90
14254
17106
14649
50586
83544
13932
59944
43381
12115
89655
40730
97368
49232
85286
59372
61284
89806
61227
61927
19314
63220
13404
86730
88836
92284
31244
56429
17172
13325
32164
46682
71817
96098
71359
51529
84317
53163
17998
5416
51837
82289
9316
14884
22416
42660
42650
99169
90014
25849
42112
38218
3679
45935
41376
79139
51493
39636
56984
57598
14462
36959
87588
49420
98073
35620
63723
79437
39992
88371
89975
79594
61219
91368
66844
6348
74975
43848
53099
98642
92712
34641
31120
82002
69853
99409
67488
1782
15205
84015
18989
99126
47485
44064
20250
26915
19964
8392
3373
39789
50000
35174
42215
82275
84032
93316
84395
42096
606
8932
32612
31966
4113
26961
63535
12458
90103
51343
27323
70994
69422
43704
53718
27561
22884
80103
1702
46456
20767
88158
28875
95176
82177
12760
23987
6511
68140
87558
41466
67958
99291
21557
327
83786
64072
45402
61502
29367
36649
329
77421
44854
55023
94219
15569
95855
19354
93876
93808
62415
58068
70370
29377
4466
75062
65164
95802
91839
35156
98770
2339
79972
66933
781
59103
58693
62186
410
67717
705
29416
80010
82089
88909
15192
60588
16819
7215
41635
57930
41814
38216
20883
20723
90795
22897
98154
37925
28721
2497
43809
81656
68523
80726
61865
33991
1088
15691
7424
31312
4118
75247
8787
48236
25221
66897
71304
34641
92567
83949
99525
13968
92412
93314
11793
48690
67010
27176
37161
79747
28676
30654
78334
50740
56191
60709
96348
34808
38286
27675
22758
92360
55576
20159
33360
1229
47116
56470
23795
17292
90673
61313
11877
43258
36807
75162
54068
6057
76058
65578
4257
69160
85784
24626
61842
35151
98627
4657
53079
26001
58122
65900
64791
63757
78587
83598
2700
12742
6290
89916
78047
85829
86704
6361
35608
62046
78786
56187
23799
10456
21320
33044
73337
66178
48665
42101
94704
58403
73666
22904
26696
47394
4007
9457
68385
87701
34966
82311
5091
98216
66297
19879
95266
86191
23870
61791
19700
41964
27779
55759
7027
93905
37714
71276
40266
88961
23760
28364
17930
43185
56131
7723
90277
Time spent: 53
Itarations done: 15257392