96259
43905
89216
75356
68089
50567
96230
49238
44432
21288
8608
65250
4457
8209
48213
44002
50044
5417
75220
90046
67828
88670
59296
78680
77467
6704
36280
46502
77568
47034
87995
86793
60207
93780
68939
34496
2555
92808
17702
62384
59875
40341
33269
99923
77959
15220
66774
29456
15098
82109
77809
10455
13729
3192
31037
31972
90152
9301
63668
95815
17057
97899
37242
88558
58061
44992
98210
9195
76066
40782
10978
81045
77954
84758
94325
91466
77012
4925
87562
71009
51421
98003
96309
44818
52251
22673
19414
63420
67654
16345
38372
47465
81233
47392
58444
61568
72120
59468
26780
66073
91803
12248
16957
82394
18550
73811
61653
47525
34061
73915
35597
26361
88991
84505
39433
96692
24060
54085
11845
21023
91707
85935
2037
71828
79587
16679
67583
82414
71671
21322
23716
54243
95322
43646
59244
63410
93440
26715
51622
73886
29609
97251
59059
83203
81155
39786
41119
97490
129
81720
60925
57017
25443
98816
51833
10908
10730
42162
89401
70222
91992
82259
95468
52283
56677
63634
15347
65982
91550
64287
51407
77699
80596
58250
6734
40562
96124
86691
91100
65949
76375
53232
68121
65465
11145
72542
77270
94058
63277
17770
47338
80508
38358
31990
28941
40209
77550
91617
12867
27000
89208
35607
68307
95704
53782
3271
30454
15151
33485
55648
90466
92606
93281
90663
92463
44862
93000
634
22016
78707
41726
62236
78478
24019
15041
93639
59554
96448
23382
61288
50685
53459
85398
69678
4062
47448
4122
21494
12540
72717
65701
92580
32232
49270
80526
26489
84234
85727
64855
16742
70712
16079
17333
11388
73486
10587
79320
44155
64310
19809
80501
69158
45159
22553
62016
52086
54167
13512
38146
49716
18238
84385
4613
91812
6906
23494
26618
64646
43664
83203
42967
83802
60786
41915
3997
35433
41554
17971
20477
59720
79863
76457
38250
48099
1313
6774
69122
26659
32191
38731
2337
2125
73169
8012
92948
53988
33055
78049
73518
66567
4619
74655
63761
8201
19275
92201
59132
81240
338
85707
63807
86161
45584
71885
96115
65868
9028
24009
35194
22129
19092
60419
96512
25093
65761
94526
20821
68972
12869
35393
36270
62223
43293
2267
6582
78933
24639
43885
9552
39628
90902
33959
99622
34361
71624
47888
95857
48654
64235
12638
2383
3794
37534
61590
12201
76957
74698
19284
67237
23766
12729
87151
47634
86151
11900
639
41450
31759
93575
80603
2346
37650
17660
7358
37250
667
31987
4534
78638
29603
15103
31632
86765
50171
51201
49181
96022
32806
21359
38411
66601
35414
68776
28577
27708
38492
97365
9386
1812
38372
92836
83397
80758
55877
13313
43861
84042
12301
82590
47138
67154
22360
33236
85650
63596
54665
89120
57275
38065
14266
47256
70151
214
8919
17471
18039
78564
71028
5016
10737
82298
20551
76046
46447
85066
70685
28798
68589
49378
97770
4332
58233
72757
19600
9858
75135
77568
52223
94968
75323
85267
44284
16481
1216
12782
20146
51168
61481
3870
98214
67273
92126
61472
89327
45518
17782
78463
21539
48221
12679
73667
82276
71162
94545
27590
16568
77011
71418
78059
70995
1397
1367
79793
26914
43143
18130
53918
23736
98678
21901
53525
33213
77344
33799
49590
9136
39070
65011
97930
3280
28804
57132
82352
8127
43144
8963
41715
59608
53739
16807
79389
8997
29344
20264
22414
52104
43812
63583
44648
86016
30833
53823
93285
48937
47913
21406
61351
86988
41840
66045
30123
83405
65826
1658
64917
80147
84522
97513
85239
19702
17287
49690
46075
35771
12352
6906
60888
25475
14959
17769
68913
42910
91056
62770
99392
64073
94830
83597
13651
86619
23104
24813
12245
44360
82561
58528
78885
36085
6788
71332
95445
91005
99287
54633
3081
19039
45885
54443
3334
23115
35398
4743
90071
82845
50925
89735
78202
54125
45806
54625
48339
67656
98090
11994
57929
50819
45222
71417
78829
42027
36749
53639
8921
14380
6951
37475
71077
76371
61641
27511
56617
71358
93728
23765
92408
54666
90741
20655
10816
87449
74105
61941
79968
49777
14799
30732
8114
41971
2904
59253
70368
12803
9590
1706
18688
25931
69264
25426
26690
51843
26874
40445
89722
51569
40773
5645
47631
545
5094
20883
22708
86283
57229
38790
68551
1867
65817
7363
6926
48806
52522
85068
89178
57403
86947
53834
56330
30540
8173
92168
87757
17692
68708
60512
22135
29933
67025
94095
6384
13888
33428
94660
78354
12788
60617
61812
17314
56184
25132
7137
2558
36400
28753
49840
4993
49379
99966
1326
99122
405
34780
7947
23581
984
23451
36124
37224
12237
5082
52074
14741
22249
15609
69592
861
80078
46332
13638
95451
47515
9954
74937
73145
71196
18980
11347
50608
22263
17374
85455
2159
98568
70531
14677
90185
35268
10915
50069
20614
23657
57095
93138
55719
95238
72491
6114
16593
88259
6753
70486
85877
77338
67526
1009
77647
13299
3230
28008
75883
89972
38543
19441
55486
27458
93412
26032
90564
37240
33731
97728
23566
13542
47206
37783
15774
77433
11484
31973
24807
85465
23269
14761
57979
2980
86945
11676
31723
33749
19119
27737
26750
92220
11560
35422
66224
2418
9136
52547
59940
8401
1665
90300
51360
85198
98987
94800
76313
46287
57115
1693
92275
53888
49966
72653
65378
51782
35975
85069
8617
56816
51789
1784
49212
64930
76288
56427
65702
50250
47337
51715
76016
61717
80935
83025
76671
50678
37887
67615
30189
95042
6601
81050
72914
20818
22323
76732
68675
60251
22867
91843
65030
27279
48853
23589
18353
35638
32438
93347
41587
32741
82759
3084
94230
73282
68528
28406
77948
10561
18670
85641
23212
40636
10413
56545
52419
94675
90898
53549
83206
38231
83173
60902
92002
2714
60337
92627
92334
43912
32631
66913
95008
95204
81450
8355
8008
58976
91513
54429
2792
58740
77856
60626
20650
56615
77839
69878
17887
26046
80025
36231
51801
58052
91561
70123
90792
70780
3616
3254
91404
86754
467
54661
22688
40008
71953
16482
34020
76122
31364
67793
56338
12210
11164
67997
98734
31043
7556
77418
52450
93720
71504
2079
42532
68699
98635
62079
73755
91501
53364
38557
1902
89017
73589
62910
24073
25121
41495
73763
22431
50153
73268
82124
14631
65846
75953
53213
61160
49411
43194
34677
54902
15723
13288
35167
71472
34966
92749
84758
90222
64553
56485
89202
5259
98808
71754
23734
33461
87636
57180
98946
92156
26267
80450
71202
63006
72197
18663
63108
80595
2548
53899
5781
84325
85354
53181
13938
50443
1621
86823
57287
77375
21549
72064
97278
32002
7905
89893
16932
77129
92313
12183
83322
91116
46091
93481
47185
59467
46262
27256
2240
65179
19531
39906
97948
29724
32215
97524
23804
59777
82562
30164
60660
36135
43326
36302
25149
40760
97163
16183
17003
55465
5112
96936
15820
81490
49335
54603
63830
23066
95284
8659
14240
50030
25596
63101
20953
4651
8256
94889
94742
46062
74979
45275
53451
32031
2225
52462
49301
22269
6925
75112
65121
50094
91725
95324
33113
49967
458
57039
44713
47281
73529
91204
88159
13750
25047
2587
71606
66836
98800
44772
63890
44904
98516
89676
12546
21084
29383
5805
79185
28369
32433
95541
66100
56008
41118
5874
94708
43004
40329
19310
36455
38397
62071
52070
89814
19923
9165
35253
43223
62817
58585
31280
63149
28674
59427
42721
98859
685
7013
3537
1072
26018
44238
3777
10374
38695
14059
87948
83045
27078
62880
84554
86947
78881
73584
69723
18137
83627
89123
41340
60098
97566
72795
81826
31777
79267
39741
17413
48058
85476
85690
39748
46895
76286
33608
41636
20968
16269
16658
32932
28600
73939
16772
44844
48566
15765
82118
1360
86525
62929
53890
35006
36980
29118
43099
50818
53986
85852
11417
97218
86287
8223
26639
85351
88097
38366
82942
9510
25468
66597
98900
60430
59975
70865
32055
90497
6401
74024
77891
85350
29182
75398
53145
19892
63536
88204
98682
28354
21545
67629
75509
97888
70888
45702
69016
3027
54483
98576
61178
34431
52997
59429
78181
39455
79001
55915
71827
84398
31479
94952
47070
68672
32474
39600
5185
69690
13835
22876
32285
73909
21372
21581
26323
54269
56126
69573
22196
87167
78063
24360
44201
63143
56183
13525
87842
34619
60833
78184
8891
61312
58982
99545
76560
59359
91268
41610
29839
33709
80813
68136
61234
75029
48134
95228
40577
32125
83906
22260
83058
28809
61903
43296
60257
80162
58139
78788
50707
77324
79050
83057
27421
52205
91472
76878
83786
3942
90287
26510
6373
67442
35748
40568
13480
31021
41845
84383
91564
64949
99504
17834
78270
5583
73968
47097
60362
50848
24429
43389
77612
61956
55751
22462
49619
33552
27116
97482
71477
89886
10456
14895
56404
88130
12734
57963
38634
61648
50463
55903
88310
15783
92281
67883
31573
96651
65977
20617
13711
89467
60043
65898
90950
67074
36651
90124
87374
1664
12904
51727
7458
73035
60246
44377
51808
55332
18151
83951
44000
40815
17487
95444
39734
64032
61413
32401
56065
22650
17244
95854
28088
52259
31369
32411
73195
1605
91183
81819
18926
71995
22874
13197
29425
30053
32025
36092
47630
76488
65140
97628
55609
55264
94556
80216
43809
17281
6609
95659
71492
10629
3527
30952
95280
55507
13169
38681
40446
76029
37592
80629
90522
3466
61338
27071
74741
35863
83406
86195
39998
37487
33074
88186
4260
88264
79046
76735
1722
48112
43836
67088
46527
83998
90880
14209
61480
18600
60547
97247
40957
98576
93035
67194
43078
47775
91099
23503
35212
66093
43593
82376
49028
58234
52032
74542
36548
28304
76668
63580
57035
55921
46038
7158
66057
77462
54494
93079
22704
32098
5923
69560
78676
96416
48676
54967
63840
23718
86675
55998
36877
24512
44729
45353
26736
73215
12270
49966
50904
2783
89065
79142
59842
53733
8864
78256
23468
76965
22550
28172
45199
50805
81008
23116
61775
61850
69785
50468
63043
16504
12525
64792
44793
95476
78243
95381
89951
37064
98696
51709
58629
36699
26410
94382
55932
80018
41389
20562
37934
84635
45065
72265
10850
11829
63775
13580
76192
23500
20839
38538
75571
2069
26268
65232
92817
21367
76201
43759
78220
55131
50340
55635
69928
36348
45005
10585
951
35509
81833
52934
96695
8719
87738
74302
87596
77650
50430
91921
84158
42503
15612
92593
87617
96396
6909
61155
38397
5035
17649
9326
36723
39045
44829
95847
4946
98007
9875
82111
99556
45020
38288
98781
22348
78528
50799
8395
24834
4188
52388
36535
47741
33701
92282
9875
88346
29831
8056
83265
42350
37238
59963
59972
24179
87283
7858
9318
29802
41629
82370
64150
69581
44256
54438
36947
65130
84380
12859
27836
73834
33870
18242
10378
77373
11833
13520
71712
46550
46397
36150
52512
73654
49087
95198
79138
45761
90735
47663
5519
17629
69537
32760
85478
31194
91636
283
77585
20203
42538
99752
44093
33146
13693
80740
43091
5391
62725
91593
28766
12315
28112
53683
68474
39226
89483
31433
57321
10999
63273
14494
61046
34602
50109
77832
46208
21060
5106
87863
63041
69940
85153
78389
30818
19014
38292
28754
38135
84569
39483
38460
11290
43672
44305
7421
22731
38714
27563
99119
8578
16700
97315
85090
39253
50977
26476
43492
40545
31497
23959
11977
93727
51208
75205
75601
52849
60780
18009
4254
4914
11655
83685
40870
64380
58267
25933
81626
37251
44279
80136
82430
12030
54848
44389
72145
34877
77126
50209
52357
4542
74640
95645
15908
79006
47656
46446
21988
20215
21300
71954
24280
15906
75905
71569
60459
8232
10013
64897
76284
27760
5379
64129
75606
78367
45521
20707
58788
43670
24574
40013
36356
88850
71597
87594
82145
13066
7000
68337
20767
67141
42351
46077
27916
88791
32618
85227
58850
23392
90757
38357
10320
92128
78557
74026
64304
41348
94799
37723
58052
57025
92029
65418
74328
56475
66617
24027
48109
75802
83306
35996
41623
56050
15042
56232
48262
93585
1672
8799
47745
61013
56934
58053
49826
23745
82223
84313
31943
74310
77674
57705
97347
81608
76421
55466
54617
5529
66238
47778
46867
58695
4274
85133
39547
6568
75226
56241
9406
84761
91058
49658
64030
78108
81232
44614
61281
49900
76443
76912
91054
31668
45959
74300
27931
83984
8938
32411
62671
16989
3461
7105
72866
15687
63530
31998
98696
49524
23906
30966
48398
58382
45418
84606
69868
97803
29249
26883
89776
95161
67719
93629
39627
15422
61200
18097
59388
60247
16057
70402
93643
27445
26898
67511
72647
39064
37903
38313
1231
5963
72649
14369
62220
34231
19576
31065
77796
94591
61154
66225
62234
69752
38781
13596
42458
66656
52588
87200
19095
30651
5584
79181
89983
26856
14939
48556
60570
60334
29715
1225
21169
91140
13993
32583
79762
62939
77076
43267
827
4588
58349
5850
15634
82934
3364
55705
37498
82050
99863
2790
36697
59234
77686
12768
4038
81307
14912
85676
59538
76106
34065
68238
43230
43529
16861
71978
58794
58112
13717
33446
27545
60785
75126
45126
50233
81382
86001
6058
67198
55375
41230
89689
53580
98453
60927
3158
85651
80760
7241
17001
66721
98966
31114
77158
6686
78828
46968
72225
7936
53461
6087
18030
22200
53300
15329
38896
7792
12565
26802
70402
34859
44003
6268
81933
57343
58808
73302
19011
94757
11804
94605
95167
44274
33361
3369
21035
74204
68959
12231
44365
33634
84934
85098
88831
49810
14638
34016
21795
74794
13126
11245
51576
85981
60409
73836
53335
41270
3474
8274
49340
38981
55420
16102
24137
35062
76474
77971
38105
25700
46074
33182
13871
12129
97838
34523
9239
26258
29939
64114
57567
10667
22258
24954
51946
14606
88673
54990
73049
88806
67926
45810
12206
36238
9722
86406
21013
3385
44103
93978
26728
77182
31559
38376
88723
86434
78977
14529
35410
93388
72233
68085
13378
1011
20085
33490
851
94668
25988
887
86142
83023
4573
88413
88411
2324
37720
59930
2856
697
21543
94649
85332
24599
90038
84801
52463
88304
13771
10215
62460
19102
62697
14580
59137
35816
91042
87136
7046
36345
49161
35698
19153
41101
52384
22159
80182
63523
40071
19983
98502
56330
39463
44734
77356
12689
8377
3290
82273
85208
68394
5144
95655
22461
55906
80107
91810
12687
12250
50677
36136
67399
6116
14520
10667
73793
31517
2731
94872
94197
52831
92931
85375
93219
74782
72754
21185
28828
99687
68928
92032
52304
96897
79880
46603
23779
50087
75683
84735
65067
66898
58190
13026
39528
32402
6281
66878
69904
62948
66458
53642
79388
70212
87360
51308
68619
76554
38287
5100
21874
32328
96466
387
69410
73338
35521
54446
19724
22374
98500
61943
15458
82623
92829
49355
59713
92692
1655
42153
5758
13102
66345
25162
2412
92335
58232
81357
39834
16841
24257
27214
46018
83914
60728
23819
42976
48912
42238
32051
83413
89063
8582
97468
53644
94885
91606
95944
46567
47291
45970
44603
79676
63476
33109
84294
57460
97982
96049
69615
54936
66597
54214
60413
29631
20315
42024
94711
53059
34081
12807
37199
89509
90862
30446
39670
39916
35349
75183
20232
11680
43636
97118
66647
71444
5277
61219
95788
87197
42352
41008
56036
68488
96543
34623
42300
69108
99664
96555
4409
25295
5701
1145
68781
64324
3150
79763
60546
33291
45262
2649
8722
65968
32806
8467
40577
26788
59042
19926
22971
45352
79815
22169
88242
82268
3047
22148
90135
47723
1357
51832
71293
27870
39149
25846
87986
60910
71225
15018
30051
44737
13833
51311
94416
51020
11018
36767
19128
66848
19273
89299
61443
84325
11665
21606
8347
10989
59005
15935
40779
79470
80061
27075
33844
93492
65457
18715
64493
59161
70565
14167
15409
15395
41612
21479
9265
95449
86136
75066
81042
22648
24062
21262
97760
67778
58874
63575
64767
73026
89715
74901
15629
77914
44715
78634
68707
66370
53436
98303
47663
90907
92075
76304
5436
19802
28870
66248
61604
96233
69176
10615
61634
94569
49723
25629
93136
8237
59844
28669
49044
6135
73763
60017
10568
50036
62534
70392
33758
74176
16810
68445
62731
90018
52345
48314
59851
94113
88975
46284
38595
25070
90804
7781
8360
36823
30419
81136
92124
29686
93167
92981
57655
8176
68895
1593
10898
15085
88014
69176
36175
25030
46338
41789
31996
67494
28903
76536
83593
89325
86771
9613
33668
59721
42847
15957
61383
66924
2791
71481
56316
55167
25371
92263
78831
2837
62901
91563
31289
48421
16936
65171
25498
29461
66950
88339
21012
11567
20469
83424
26142
49498
1962
96399
98964
40357
44790
2471
59138
165
75589
46356
23028
19377
83680
11086
4378
30355
49489
770
80714
50366
65369
17326
11698
47388
19872
8983
9781
12799
32209
69208
5830
14978
17484
68736
22777
50911
35288
10496
68900
9082
24296
7480
88997
6267
53765
97001
66485
63242
29170
21255
52395
40049
73675
23768
8246
60088
69755
34034
88946
14178
85986
38550
59160
50622
32889
65431
31991
25422
88661
41962
42351
7937
10763
19642
19066
11636
2499
99699
99546
47005
35132
33536
38741
74257
35513
17206
175
67172
36805
46762
80977
86215
55621
52208
15122
99016
2720
81786
19527
79385
56405
65465
96143
62183
27835
46727
79882
30732
25709
35169
26976
65866
84119
98896
71292
91278
51839
85349
37151
8555
53911
31928
86367
27044
27138
3694
94509
58702
99896
74388
96779
66097
33692
49176
17469
22939
68977
12757
98583
70850
20933
74862
73027
33491
52315
76672
85661
79755
9916
16310
51533
11429
48776
49322
54822
87519
84026
20937
34234
87399
4082
90891
71061
58003
50874
18754
94625
86464
22910
87924
46489
88927
85171
59849
99603
8708
76216
66532
11470
72526
87315
69019
1447
62237
51042
32298
81453
21310
17486
92940
36647
30225
15076
24801
48043
53050
89991
40253
72581
78628
93232
99626
47799
54140
37642
39979
68076
36231
78514
75767
87299
65478
80917
68633
38847
3646
24423
11307
27966
60003
61690
21440
43849
72921
91183
95264
59197
6027
26269
28034
33544
64387
43054
68500
13276
35507
67533
38044
26107
12383
18974
11573
621
61392
60921
26946
2584
56515
23830
62432
68855
13195
54033
97572
37011
20073
12598
51849
14235
84918
94628
77675
2523
82250
64622
69463
98941
14480
6760
38936
19457
75818
70312
98337
52747
38791
49844
87798
36470
66876
77506
80927
62591
93594
20387
3525
60689
98333
69779
4333
78552
52246
81184
23883
77900
3760
73952
17738
89765
22548
27715
3808
28805
23245
19076
19923
48768
45786
26526
97485
32348
77898
94147
79749
47817
67116
85353
39205
72142
84645
76832
77486
75668
71424
39754
23398
86996
17959
30456
79897
8360
3828
66023
9231
31567
50148
91523
86956
12493
18929
55138
173
98154
26865
95036
13093
64536
27981
7519
73893
15645
59467
9887
90858
14667
38101
33361
62910
66631
40866
81572
9894
48668
2668
68297
11362
88709
16511
4500
29106
26392
27053
39179
58304
50989
67148
71171
24928
305
98815
39712
22907
21810
84990
70476
63563
42641
36509
733
91967
68698
49945
32389
10097
34658
76243
64890
35096
56566
37540
41320
12376
96539
40125
485
98007
35178
15175
65394
22533
61426
55741
14249
49260
31898
8364
73914
44064
22131
20812
47813
80882
90726
43584
40282
17329
4012
32153
67649
88229
23656
99386
52645
81384
42550
23093
83231
79509
65344
22408
79519
75030
69134
78484
53195
90323
47138
89922
62677
64957
33566
21454
64259
3648
31447
25559
34538
13896
16818
91020
92670
621
72498
99866
82359
26653
12530
54731
82934
92545
94470
72311
6462
36921
80793
25463
3615
9483
3043
56397
44780
22758
2709
76502
64951
45845
71361
14516
60984
63629
89263
74084
8051
88351
66428
14189
18455
76890
23009
71492
459
76768
6966
2326
87369
96623
36085
33890
97830
72803
68728
79151
57159
82690
53092
88003
56489
37551
78304
78436
51616
72915
52323
15805
6646
42882
61416
85674
68904
16276
23883
36349
21023
67159
36735
50843
93745
50003
28202
44871
38667
50684
71221
77395
54046
8463
83463
3320
28706
11253
38014
94113
19231
76733
35453
1458
3821
45218
42881
41478
62543
26748
88361
32647
18197
64437
10242
29176
34583
98911
38
53498
9716
44524
44786
46409
20349
17062
70227
21491
71162
84756
9699
31624
77052
49690
75282
29728
60203
5065
87510
33312
74949
55286
27903
82949
82909
30471
14578
18533
88493
74719
65379
83952
10582
38377
5235
10770
10034
58533
94882
24568
14657
69093
6600
63799
83359
42056
49302
315
29440
24991
50070
3173
79320
6198
32159
92885
77453
8686
90526
91989
60834
86853
55094
89598
17142
75616
49247
2571
9500
20768
96467
33970
97727
1435
1558
702
11116
40798
34559
26524
30950
89589
75228
74055
22350
58405
33914
19998
14487
69478
50630
61459
65834
96330
88330
78082
66795
60592
78682
64643
25959
59288
49001
91827
58155
3005
57586
49095
42605
55615
91345
72866
47678
79632
34368
65684
25113
7726
99031
67594
61041
80621
22258
49673
33731
14292
68699
61430
68719
85290
49900
78781
815
52030
63921
67330
49467
61981
83426
96915
89047
29977
71892
17657
48846
11235
87404
35229
8941
34161
41386
3586
67519
2678
15672
87143
42892
25543
5472
31146
39122
80998
48074
18964
48044
79131
17530
88078
82446
41412
14124
22745
35237
77155
54059
40613
37713
19
69600
43034
46298
94181
62815
4345
21702
9412
17091
34142
76946
37080
59770
58309
61499
94958
86510
29579
17574
27716
3432
96426
91625
12128
16591
30288
9173
41258
25
35449
24323
50267
3383
43334
36666
38010
18053
23547
27755
33194
6761
27672
6913
51635
15754
18668
71883
92032
30963
28642
83657
21678
9978
30832
26799
10646
20172
7840
76680
83270
39983
47477
23263
69083
35162
99984
7419
51909
4676
86019
10229
35416
2018
53438
98333
66202
76820
42747
69103
81361
48950
36024
58259
76468
22706
32204
69526
22083
72211
12761
61043
92083
80827
36202
76415
5558
97143
27175
39703
25464
78043
6589
43063
1898
25356
42824
43394
95579
86784
90933
50033
68022
84070
26670
29427
78879
51781
75251
74630
88067
18620
80947
87634
20534
39846
62921
710
14924
94146
55160
19316
43870
91236
33930
3594
63302
97493
94858
18060
20900
76083
53582
69849
29693
55319
8822
24678
91829
84436
24825
36707
39644
9440
61306
53544
46436
3417
3322
60881
47718
15422
20979
12586
5215
60002
19413
51551
40539
55439
23194
64203
63169
32954
76112
27280
18310
81406
27244
99371
84148
62419
17275
81626
55192
29414
75228
22207
58620
10693
85078
67220
63939
71469
84176
67249
62768
52696
10950
33071
15179
95560
28077
96729
81799
99639
9103
74868
86728
30071
91445
50090
85363
84426
66790
83037
43329
53550
1057
43033
67964
62296
50448
98328
72213
55846
67526
38331
92260
5220
71844
9692
24865
41645
93321
35707
98143
93564
83391
54214
40380
92398
28897
53022
65483
33549
96748
3871
50821
27684
83568
96035
43430
54009
43873
48873
93949
31993
22758
39023
84174
60965
24637
12364
83717
37973
8276
63502
44033
53539
10170
56239
13940
82137
63263
27332
39784
29715
96065
62846
95499
74056
68434
61458
73102
35464
24574
2339
52498
45047
21273
16562
61025
35753
19953
20449
27750
67382
14807
6898
35312
10946
6089
6432
72981
60015
17616
23550
98594
7128
540
25971
24161
21865
61702
14408
50217
93841
4149
28786
87320
58656
69871
53112
19651
7778
30355
65728
85275
94329
79262
44231
70369
85931
43346
75108
40636
83054
42664
36941
62079
16707
99206
23047
95487
62845
14265
44483
84202
62549
9174
7598
93135
16796
51475
91638
98493
32550
69182
61401
72317
32962
89448
37514
53679
8593
24790
12660
49255
78890
69971
45891
60027
53534
65674
89177
87948
31824
31336
398
36710
54928
68794
75240
84091
30589
90846
86789
69881
82830
34405
56096
13022
40183
76600
89573
44332
65181
84017
9814
17072
45087
90181
75281
36634
9290
14483
31264
32716
12297
6917
59617
82654
22931
27329
98011
82920
90120
45316
80773
57323
13578
77468
12868
85067
33719
62356
26167
29571
69280
10465
82881
49858
73451
56240
84868
80289
49697
82449
19515
71575
66986
83274
22980
96241
40823
81863
69800
35098
1249
20500
4242
77787
51893
97144
13206
90069
35183
30730
3125
23328
58004
99517
84015
67585
99353
11618
82666
78359
16963
35009
3952
39831
93412
35413
34333
62011
13867
44849
34836
48010
47433
11029
2165
8984
11949
58372
86035
48998
38142
25085
38468
89758
13190
27594
36462
56087
76039
43533
63320
96975
57220
97571
55906
74219
4456
80545
25157
10868
12019
31703
35447
55101
76539
66265
84709
81659
34945
36115
61722
22585
1186
70101
69543
91775
7585
52256
94815
43715
73951
61173
71489
85813
72964
11860
34528
45819
33933
12565
84197
81118
28617
73401
84806
5046
12661
81025
3118
96871
54040
84199
51077
56735
65991
18755
35150
64584
76041
37297
30271
3005
5038
98918
90222
7888
504
17268
78291
17961
67149
61522
52089
4502
64074
54080
64696
75904
92935
11309
50594
68281
84296
29168
49361
52931
389
24287
82670
14220
11704
2844
40882
77330
72080
44563
54341
94328
12392
57201
21492
29138
96474
78093
40992
17233
34568
73633
48253
14280
29361
15014
88171
89435
37621
89126
65285
63653
66430
37178
196
41084
87208
455
86810
32566
42998
92543
88816
24169
44875
10425
35760
914
1908
43055
79214
96029
5734
35306
47727
99484
95611
17666
95599
26053
62709
17589
75019
12779
13452
27118
73659
88472
864
13215
50581
33750
50172
22151
72144
29134
50331
47415
96554
70838
56644
1756
80844
19152
51358
58298
87233
32696
38853
3134
47220
33309
9982
72327
1191
41002
96147
29983
68960
16116
47851
80835
22338
46740
14760
765
24731
23421
74710
11703
74674
50349
57636
23589
40377
52439
37063
15357
506
51118
16562
29358
12846
98119
21529
9220
16895
76237
17624
19803
39097
98719
16410
49751
10096
64876
96010
12068
22267
58486
59977
26223
52758
7689
81168
86468
52345
60338
29004
95379
53654
67140
58340
69071
83641
6428
46053
1097
74692
29033
97480
5740
56296
49485
9036
48218
74994
60639
65580
9273
34109
2831
71556
24664
66792
75815
63417
86294
55948
41946
27560
91005
92912
32500
52732
75521
23000
35489
78806
81590
60615
12979
64865
54055
69136
68660
88663
86410
91551
62311
6855
93342
86658
46787
50764
7812
72607
85305
6019
71433
4680
92041
26024
11217
17397
27442
59038
73191
42422
71157
26535
13977
73174
90121
76546
35086
84681
17064
49864
81519
32921
55638
39258
16214
51735
32300
92262
24901
37392
22272
6640
2187
60957
87118
94293
18938
76861
74876
44136
73528
2398
50167
97419
85035
27358
41365
59975
95216
75610
14626
15037
7850
81143
10486
67574
9020
59965
7714
46487
79958
56188
11269
14538
35264
15749
96426
87563
93631
94444
79540
44294
15658
38281
27419
16018
23880
83641
61892
81358
53849
12341
63922
55596
71919
62397
32505
56259
35315
39153
7562
47100
63156
93400
23208
11129
33256
33208
18000
80018
18890
14431
92161
51988
32116
11172
68271
63205
45824
1983
81566
38717
25382
20165
98707
38166
12552
7259
39786
28762
69293
77664
57343
63426
7154
49297
8258
15559
99108
20296
39698
23520
95047
75002
98610
27718
39563
83794
65815
41114
21215
20836
10347
79959
66176
61373
57450
95773
25981
35953
64524
91838
99014
12800
3314
77893
68451
51516
53768
15264
35590
21414
25237
31304
76761
5988
34068
36824
54512
21374
83166
63078
69287
61149
8696
45941
46529
42384
81874
24033
15946
68607
79675
84867
54623
44181
67272
88475
33731
71566
67168
21538
29774
38032
25226
86669
35622
51626
22184
11304
34048
17520
20749
68574
77011
55369
82988
38539
47652
45875
40483
2347
68785
60503
50619
54168
61577
72123
26339
36135
51211
66333
83882
50104
62500
73316
13202
76664
47745
18310
39233
36627
41555
45101
8581
63160
42937
1445
5925
13711
83637
87909
77107
40090
53539
62337
11818
52317
18865
61019
17750
57263
86987
44583
238
26674
42856
1759
46667
50787
6369
47348
3280
63555
37432
32125
23559
83420
46045
41837
61941
99566
48432
66
84428
47803
47045
5467
68479
62462
2231
27712
68632
61120
6385
58468
31381
17519
67644
63809
53120
4671
59454
12712
88338
44954
94823
62620
31740
86902
39594
67513
17616
39428
87813
36569
2521
33385
84036
12169
23211
47642
92396
54882
50798
32280
80308
20025
94177
85035
5858
85497
41094
88779
72280
43798
63527
97612
40333
2509
55634
67064
69966
46956
17084
59907
96360
6415
42386
23284
32237
30894
27687
25100
28283
29418
60523
58068
16579
42684
15131
68309
8153
23067
36192
42091
15043
73173
57237
89057
19757
50493
66482
93211
20515
80171
2443
63959
39422
30503
34486
8688
92465
96516
59303
65603
85236
5801
23336
81005
16297
7773
63289
88684
41320
32606
42119
50800
75454
9334
46287
49373
88796
13929
1546
75438
80417
77682
59168
48957
98
23763
2279
16716
23724
15591
22838
17754
78247
94481
23802
76246
55175
56016
8154
80329
47757
64671
26721
32003
96337
34458
70083
8014
28787
9704
6390
54573
38514
64542
86517
49756
51205
2286
60757
6613
93306
76609
77119
57313
90176
75258
60309
54026
89895
4045
2595
45803
29942
83917
33017
42386
38222
27159
69782
55622
87419
90123
2169
17116
2165
9335
92945
6759
52250
15451
39976
90935
51883
85246
86672
61511
24972
35657
24849
87096
89455
85896
90754
36621
59907
13729
15237
11925
66951
10243
52448
30846
44458
93780
77913
35182
41090
78177
16512
58985
71408
3055
33596
81747
33612
24623
98390
8365
85900
34312
7808
63169
91511
19519
40960
58819
13710
5849
99855
2571
66267
23456
80218
32153
2471
21440
7811
31440
56221
13726
70293
62133
32487
77441
72414
61809
81226
40553
43190
999
78761
89339
27751
62359
83732
98277
3639
3528
30905
35005
71623
91943
75420
21244
84455
54650
2550
36919
93495
69059
73548
39179
12791
31650
86907
30630
22899
80771
96136
51802
62674
16955
40114
91722
86201
59622
10142
7455
94220
2529
99019
18540
84611
82020
51757
95504
4912
51896
65028
92960
31330
66644
62968
87282
43341
10799
10669
66446
10728
76364
13527
85337
60788
82513
90501
43685
47433
52199
2471
65759
1051
8828
63022
61042
98237
32830
58324
23338
53895
22720
55210
82114
4695
38182
82130
54329
22528
63721
26331
57645
69320
20589
2455
36584
80484
72007
12667
22076
43252
12057
36501
91824
18303
2221
59801
23971
38305
21146
76463
39809
5415
23039
74089
12618
1269
57981
45286
79169
17591
93504
49976
28049
13372
90912
90947
54678
5376
32140
54786
66742
2782
63331
13413
95714
3887
19857
77631
20288
83039
24173
43408
35690
9359
2672
74072
9277
55316
50611
17135
47211
72836
85251
63189
59668
37395
66451
16096
52724
86408
31301
58680
93910
7250
84761
66139
95430
62358
11807
40648
34087
74119
28243
14886
80225
30638
67157
99703
39337
14971
5847
31676
19422
5046
74144
10027
24834
39247
49171
99160
43040
93506
33881
13043
34568
69771
37142
90703
58411
52828
21630
18324
65219
52716
62502
52712
68877
13358
64568
53383
63369
34526
18608
36048
86338
23891
38511
18993
43328
68670
10074
45660
97421
92242
99593
31666
97840
40133
15756
2575
68038
21876
91940
59936
98927
20527
57605
37386
96084
69975
97333
86096
11144
91712
53903
59385
47063
77336
17892
50009
64508
823
60393
70477
32389
45494
7781
56655
59365
34582
27820
18014
15139
61458
94970
54043
468
25808
29408
5693
53012
95454
59046
13129
82516
29989
36768
6659
13275
22055
56106
66386
74439
34820
47777
47948
19445
40106
6745
86659
74680
90610
94925
60417
14494
91818
88143
12954
34748
74415
87655
13301
50313
6431
96287
54797
73299
25823
67207
77532
38229
18838
69319
31801
28024
17265
77489
86969
20326
38548
88050
30088
17595
46736
80476
91669
46337
69395
94634
82203
10946
65831
69674
22354
65873
5376
95438
2161
26144
80983
60139
10197
70764
53004
39108
32264
6128
90784
58595
31085
47257
55576
85847
83338
43574
47293
42138
68487
22857
19738
8936
75024
52147
54209
99065
14075
17569
69746
94499
7758
6420
39814
10332
50232
34302
79808
30526
23097
97711
67562
75153
83595
48206
59892
1188
34015
78111
72213
9271
23771
79711
95412
27432
31817
89968
34402
69396
26362
61024
66154
19902
1316
3095
31531
82351
44445
30854
94852
35174
902
6956
27879
82411
57645
17137
805
51342
89153
30114
91813
85376
72949
92518
58911
3955
4629
84190
53000
52889
16384
12356
89519
48331
30484
54609
37500
25495
59721
70024
29498
39261
535
85396
43645
27989
51327
29265
59891
44113
28441
30278
46580
75537
45326
18369
90565
30359
66620
67381
44365
34113
48181
95940
27237
93539
26547
99759
83522
13740
26872
23016
71275
16676
17079
89045
26933
98079
47778
1309
27652
77153
82445
94470
51955
38859
40431
62328
21454
42082
46539
14532
91667
68678
5259
17153
48333
18159
95155
53574
57125
10680
9482
1632
9290
47049
52817
60527
3517
88631
40274
76746
5176
62284
35830
12101
28117
65910
9365
68937
91315
48715
88195
37683
12917
66925
28191
60136
17625
70527
32042
8196
49839
59470
97756
62279
4638
58823
89204
36203
11405
1548
82332
36066
30800
74807
55579
59513
54772
81166
61150
38720
31454
89567
34932
5549
72005
2614
77212
10540
34882
46492
63752
58756
24490
97764
27368
34975
85812
97316
83839
78302
24376
65875
62804
32023
31767
27825
44225
38350
50936
70446
94074
69689
72655
14233
39098
88155
14731
46623
19816
3287
98986
76238
13357
54259
7480
97661
23308
77349
69116
17788
92440
32049
514
83990
5980
49893
889
71557
18063
38942
79720
33362
52040
23841
78091
88157
96522
26457
29847
25630
43359
95320
97093
36098
91184
73454
6074
30643
68731
53645
4070
3512
15813
7793
55742
2798
96676
92726
98203
17654
10380
28682
78115
60753
5915
18670
1235
23203
5984
26979
35083
5813
92649
63357
18789
85370
10534
25723
50686
57515
98800
38731
43825
8833
71828
88138
62361
9920
30344
91597
77636
88514
99674
65405
11777
37127
59875
43667
68767
33217
53686
81438
88190
1536
32549
26647
Time spent: 46
Itarations done: 7974809