81449
24047
17952
9911
76178
60783
76810
28168
10342
66115
19237
12111
7431
87076
46818
59486
5248
10068
92523
65153
3417
42578
571
17124
97005
69956
66561
34560
80933
601
70689
36143
63124
51260
16594
54621
55621
65651
96351
93932
22443
4277
38106
58978
50493
90995
57055
74954
75588
52854
22721
53062
39519
43657
75913
52531
76006
98864
77273
35019
23546
29716
45995
6829
41336
27799
52059
96778
60818
17810
58254
23159
39886
65901
69300
61882
99345
23723
34519
39754
11978
64189
67813
41739
83413
43957
94102
39156
10927
9790
4917
16929
31480
51173
7508
2347
73421
89969
81590
75203
7730
89397
15790
69780
54069
59229
81883
62818
34555
31877
19037
78431
83877
84899
42627
30856
18219
89482
62534
69035
37430
71567
94418
83150
84990
82536
74093
82623
18524
89786
39927
57472
49979
13976
31088
90521
99040
59411
60527
96629
65975
6728
60684
26939
70802
62980
67269
91078
24529
93181
1805
18296
95202
89515
37212
99746
6557
69670
82335
28416
60349
34141
1123
80645
4722
53829
90074
63750
80504
3917
73576
87970
64872
7740
40976
7743
97582
5260
41444
17286
18789
14737
73158
78505
69465
13356
51819
5460
5516
22772
20226
28918
54914
48959
65363
16979
3536
92234
42414
33320
29826
12948
66118
73289
21056
11106
19058
29911
94615
54051
43769
6798
16673
65348
30917
13017
57478
70124
89406
46186
47683
77411
85863
94351
3309
68361
70775
64661
68291
50757
66455
77422
83033
34845
78041
47794
25006
83277
2900
14218
83119
88820
56088
62596
21469
37514
99936
38320
60038
22071
64357
34441
49986
80560
71136
93565
49444
48820
30251
63522
12034
31531
59166
2428
84821
16502
87112
37429
75006
79506
45484
43239
85385
52839
12793
21544
37452
59826
78034
30384
97989
49582
9832
33838
93
1631
70418
16635
2806
8325
93260
35765
64865
84545
51078
61745
17556
98772
77033
95845
9266
67375
65997
36448
60035
4853
75137
7614
8265
76743
63442
56010
53721
59082
58344
68559
1040
68513
14259
62459
86213
90540
32667
51687
24815
99929
46230
99654
55279
36878
30514
26371
63057
75337
96024
50317
62272
95734
30552
10107
80300
53385
7241
29175
37678
15947
47315
57825
40864
28603
28075
51355
8566
53963
56550
20399
33728
25238
87105
20165
42711
45828
47334
28992
50834
66244
50737
3410
29135
70148
16964
86876
91071
5313
90802
92384
79858
2415
49650
75374
87225
34845
15842
62662
62608
86088
45014
5550
78139
7736
44575
80862
99256
70818
87412
72314
73373
35888
25088
26487
89754
93206
72110
92549
82602
53317
28233
23010
46322
495
29299
33928
7041
56762
68785
97331
47669
42564
12007
66053
15150
61685
32842
11749
48005
82646
38874
90546
49891
36536
14999
37594
603
2135
7855
31750
39796
3200
93814
64652
80691
99878
21827
94672
11114
16496
99073
65531
17429
11355
92139
21801
23313
60625
49376
59103
69738
98124
11113
5463
75182
25459
63555
42167
5754
82928
9508
37325
53820
50564
74442
83473
70657
30846
39975
1718
23760
49837
98505
99238
52666
1901
52498
44396
78505
54665
39862
54312
81933
25484
52862
73386
1741
38476
32195
58127
22130
72010
60140
73561
10485
10592
47074
49554
39483
22185
4233
41586
77437
92261
22206
89839
59013
59279
29464
72867
54812
12762
88137
7735
42763
34790
95257
57150
46897
88482
96903
65975
49762
82898
89895
64411
3618
72840
81162
43238
62506
84091
98400
27673
32375
89967
97315
50729
89710
3360
90529
54397
50402
90012
31131
27539
80106
53350
19905
23081
24937
88985
69397
83897
7038
57860
50313
46716
73450
81014
66103
86480
8643
16084
50158
9723
21203
35909
56682
4905
93360
92971
21109
10039
38408
19930
98815
63552
45546
86121
51950
62964
4240
2645
43327
67852
90962
44573
13644
48427
69986
37760
63674
99194
6896
39914
36629
8306
18581
30832
97551
97567
86679
15057
36363
25449
42806
31740
79134
76109
93376
61125
78138
41019
89403
14803
65459
36679
62405
97788
97162
91829
41390
34448
85474
80599
37853
57475
14949
74286
35826
69311
65259
33714
52255
98838
18013
66597
39292
92656
7953
29904
84605
99857
89885
65871
28370
32022
31871
22189
56359
5985
12485
21763
47364
5960
95368
15570
50193
33716
77833
73294
40542
50778
61924
40742
61299
54972
76151
20499
81166
75169
83997
12828
15960
12694
51345
87527
44564
5617
9143
44263
17190
43037
39888
58847
97520
10468
36929
5983
2190
4545
34136
95202
1248
15565
80135
56044
21398
39710
36065
60934
50202
49333
8793
79826
73889
19306
92470
19342
94009
80193
80549
10951
58897
44869
27624
77703
14770
34226
85874
27062
28219
9745
14429
88596
57011
5937
61647
39603
49272
44065
50051
39169
32538
47
51614
21742
13567
94065
27085
84999
47466
67182
17246
43571
50359
11117
16236
10175
23693
21353
27512
8730
30256
50882
1555
20246
12068
52123
81070
11593
68526
7964
34228
99681
19544
69346
39413
59164
62897
36459
95948
90477
97560
43374
74470
26804
25594
31790
87875
73553
63923
28618
59181
41953
94383
74216
86203
59582
55460
83357
54561
14977
32401
59411
30358
20881
33711
23678
71772
61274
51518
66497
34820
21023
90907
74453
12723
83791
19008
38928
40616
23798
28523
5224
17691
10091
32295
78609
47473
88165
5661
63911
73515
3102
71536
78648
92659
80834
79521
46198
60842
89694
64806
45123
67528
63129
85242
63534
43966
76236
25656
83265
87776
33762
27368
97595
31766
45244
47801
48439
58437
34159
80204
54127
63259
52298
66713
87315
99625
47984
19332
54046
96279
67339
22879
19624
24035
51501
31553
24700
2811
29496
86489
35886
82228
96411
75518
79160
99484
9597
28327
11505
16714
31805
90310
96457
66738
99478
46616
62608
90840
96876
74254
40636
35191
72254
84598
94040
83505
41033
81206
81531
42712
82686
98613
14891
65721
53049
6603
5139
90718
1774
61424
21943
30
5892
60522
26496
53211
4731
10583
76443
28793
48878
50029
42940
17080
56475
76577
24579
42368
3778
18073
90643
57157
63772
50537
37049
43191
46539
11197
92326
74579
88179
76267
68130
46787
81234
73326
9018
51943
38923
76362
59613
85699
37905
87910
33773
3778
89865
47181
40018
7388
50925
15665
90226
25857
89669
82434
94466
82083
99527
200
23879
71860
59348
10163
5600
61627
17135
38788
99007
10891
96295
52863
90948
55311
1139
40540
39078
44392
28967
45533
87122
13730
79766
19256
73572
85941
91341
71390
56239
36664
17665
93217
79100
32469
11295
51
14950
46003
66868
89175
27700
80401
32058
37912
11477
89739
94756
72829
80213
65247
10854
25517
1050
68025
45673
53018
87616
28144
63896
41660
95119
97339
17831
31934
88221
37879
51860
99011
84752
53741
62148
98591
13615
21897
24992
41006
63588
61263
34644
87834
41233
84824
71971
74781
764
16437
59067
52142
56469
18002
41687
99920
39171
64972
81355
18501
12194
28565
32058
17763
19463
71609
22598
27602
98589
41572
65045
31064
55188
49156
62129
77641
61180
53703
91987
68745
9442
37727
7396
19975
29955
42038
98405
95523
48431
50194
32239
78906
47468
56448
2422
91173
72334
24881
90229
92864
8814
49081
65929
9186
48861
51494
34696
99239
51361
19502
62639
49598
99888
61325
2102
10142
57141
78961
72181
5753
16573
97730
40382
51360
55782
62332
94357
69758
3323
7906
88909
61756
40870
41231
2717
6402
76031
21974
41712
75400
37639
16826
81585
30308
64940
10391
50595
33681
84880
95850
15682
46077
97561
35707
49800
99669
18946
78351
26483
36187
62002
39674
8836
72005
72762
10673
74442
6429
76120
31732
45148
20563
27718
82196
71244
23624
12881
69884
53230
91166
81338
69349
71208
5398
57317
49973
31850
51619
18626
55406
35985
46788
95468
44380
16012
76317
99955
79593
91696
93425
60711
56160
45305
91705
3423
94004
22653
96077
87850
79629
25274
29842
84537
31860
70790
6315
50373
83415
63455
62351
41131
15609
34958
98050
81254
56992
86713
12006
96408
58403
89225
24738
2705
86718
71532
64225
37993
37443
64306
46990
15252
52381
43882
25748
75882
42729
61287
90369
21538
60273
30322
2743
7196
29724
91760
18127
85239
53819
66965
95620
610
29436
63527
28667
50483
67756
97950
32823
38358
94456
56007
12476
72167
16892
20066
90851
78704
84446
54487
28302
32556
35459
55168
72784
26771
19606
37353
83342
44557
8076
57013
42573
26615
55631
35451
27212
67065
58326
84177
37375
12429
58672
7716
94445
82762
85979
95675
5170
81789
83825
2201
55310
13765
68872
50942
39958
78802
85645
96655
59694
75510
70449
20798
11776
76
14229
37795
83827
94272
19001
41048
13818
61385
75354
23396
14606
38700
49591
65359
73910
87917
58206
96360
31296
40756
24711
99047
2622
16016
59209
44887
69356
6473
74663
20426
75259
19284
55465
27900
76177
41884
23690
21340
70021
96951
6332
69862
93475
44548
92871
23546
9587
87396
86641
94118
26124
36039
95799
52563
78382
94710
80080
88920
82183
35812
68048
75641
12805
41197
86257
25254
93889
1802
96455
35493
86673
83690
19952
70627
54372
88192
39228
36418
39159
56596
6085
67943
29873
95697
52894
64469
17475
29535
98900
73622
32216
14784
67107
48300
31578
92480
78896
74083
61308
87206
73329
92331
43153
6285
6013
24751
52432
36244
18399
38874
36152
81486
32591
80720
88092
41047
19004
40868
41146
73278
4611
13207
59182
55456
38079
51845
10753
5541
4741
30952
85250
96717
89129
64789
68417
61825
15710
50690
28606
54453
59517
56514
77795
6169
7498
85845
62052
95303
68710
19206
5028
21650
76896
47583
75005
63612
2508
85772
71141
79561
92911
77364
27756
3557
89274
80632
16869
77091
26574
55140
88662
53113
9180
52603
27142
6414
68624
52325
14003
85236
52476
71498
87519
43071
63620
23697
55302
96662
67809
95109
69823
66532
13971
57355
3846
69709
66603
38181
69248
50836
32416
26887
7194
57478
74511
47
40205
88196
46457
14875
17423
67831
45967
32550
3165
33454
83275
1885
55892
46553
82834
54885
19774
82294
88629
40092
4272
85077
23188
47030
58501
21080
58265
55655
56622
3167
91232
78368
98082
11227
85345
49013
92277
81949
24368
53178
41035
95992
52415
87221
54300
47679
18439
79606
34496
42568
21424
7471
43272
31644
57155
93776
20662
57385
314
75951
61199
56576
16725
95672
64085
37495
89693
71164
65268
24987
61699
78437
28100
45940
38104
85860
16256
9793
73049
57722
97645
23990
59420
66717
31329
72636
74496
32735
70736
78147
90857
35918
76012
60291
48100
35624
65870
4796
95144
63751
55090
54541
55129
50838
17616
40404
35351
86390
87204
75914
3227
11106
57659
50149
75893
87978
72914
66681
25888
1669
3573
92876
88231
91176
90988
3494
65262
29421
2566
25269
64784
25297
82686
15059
74295
38574
2497
33123
69559
66177
8806
5239
79236
79523
47389
2621
79028
66923
89252
6967
68508
62509
19747
69488
91760
23674
59897
17374
98978
52764
76903
8935
10319
45519
6498
89510
35620
88742
53698
54257
23958
22716
60442
81054
65611
30102
28727
57002
45608
12345
66068
85405
52850
67072
76438
26583
81695
85537
54356
95540
23939
47831
52341
12227
38279
5429
82723
76037
1624
5563
83595
15170
92053
29974
25715
43642
26721
91814
62234
43949
79704
58750
26343
81786
34543
47791
63311
50732
84155
67913
42832
39428
76835
70249
35200
11530
21201
2431
50565
89620
5246
53609
34358
38213
55063
19741
83960
48195
57338
14936
1771
35208
96368
3961
28068
77946
11163
33431
3389
38768
61068
94820
94649
28711
99412
61068
81788
1713
93824
417
42491
88738
99157
86024
91336
11517
84363
87976
26738
47722
38201
55533
14124
54653
30324
71715
86999
96920
84055
89819
78940
65062
25114
41996
8988
16714
6544
43733
30530
19663
74279
4867
19484
27025
30077
97743
21433
68769
68921
26156
99352
961
16586
84922
23639
14321
69659
99258
24410
67107
45145
85559
82350
73815
79665
80745
68894
50818
79297
46054
59097
92826
10284
62943
31296
29933
38093
3722
36488
94003
67748
77623
67340
5291
11867
24152
81845
75447
14515
49945
39846
11429
88759
82759
92004
96340
83728
46783
20276
17872
82999
47184
66534
12735
50328
88590
1705
96394
80974
42154
81652
51383
87333
18932
7985
54636
46089
3471
62087
34499
60781
50836
8878
61488
48438
52755
73165
93349
41883
34090
75918
14607
10302
49588
80392
33551
39871
12635
38765
25474
83488
2695
48771
39989
84084
66198
26818
22383
99529
46803
79151
34213
8783
55296
5857
96733
58755
16828
3854
22234
19229
13752
44474
43039
49249
76015
88852
95594
42529
57878
70061
68039
11716
79684
14758
73600
91775
6443
99121
69284
91265
81218
33897
99628
96976
30588
51668
8611
42131
11933
25726
29360
81322
77816
84478
30888
76345
91474
97859
73880
86268
39198
2965
3413
72373
50371
4980
85484
73980
53946
36431
76374
84742
71405
82887
99120
60636
70478
86482
89737
20652
81417
19950
67342
59119
8130
83348
76979
74616
50203
13247
51657
34597
88645
9887
41038
37121
78133
81631
58176
1521
31589
78044
2875
18337
79146
33010
30442
15549
32826
67513
48045
52885
90745
8091
37334
38915
70195
61384
21659
76683
67644
47870
18938
82754
5538
38533
47132
91886
40701
57113
78271
54906
77204
7521
69110
60929
47787
61115
31753
66708
2185
91770
45956
95694
68221
77984
56315
77291
32013
781
42205
32823
17416
53730
96038
78905
31566
47154
96356
11175
83382
32416
16203
51771
74923
94187
64410
92461
11711
58641
17656
41996
77403
43810
64531
91059
70708
34617
49373
41050
7932
99623
73231
4038
53286
79107
82108
70329
50883
64801
48466
57392
97280
60494
31033
99322
11524
59639
80029
9509
30812
1241
40234
50886
84215
68495
92638
77887
74357
76006
66987
72158
27495
50896
52105
80120
56142
50686
28671
74611
15204
76584
49979
5155
22520
34647
233
71774
57777
69251
67049
55848
49965
43415
75084
68126
12843
68742
41108
28834
90324
94079
27320
77692
29289
46485
89353
22718
5966
80688
38157
75837
93910
33918
60829
90610
76472
1898
74474
12796
74796
48672
19292
78019
83504
38136
32352
42435
80595
28280
81894
12119
5497
548
83495
44774
79790
6182
64070
33405
78808
98997
87436
45781
49135
89784
6030
85752
6970
1372
57407
62951
45383
25336
81231
5893
24687
81482
92768
30190
19461
59403
12235
78340
48213
77797
15887
80516
17214
31689
44335
46745
68755
10291
76357
90097
35872
58978
52336
97737
70537
27675
10450
12135
30377
94963
80900
58242
80174
82263
68683
54120
88711
75724
43815
72291
78987
54751
49405
76961
20361
85619
32614
48355
34908
76170
1282
19512
27068
3366
9900
93202
35609
19276
82575
77023
50003
13064
87803
73298
29499
56650
90102
87000
12492
89927
16921
69778
6230
7763
95779
1023
2464
95505
36175
17978
73352
22283
53618
46019
63721
42141
58934
47576
10754
71880
65088
3507
90215
11442
95825
64329
9541
47804
15719
60336
42428
36525
39606
39436
26974
86487
20841
9433
30038
82800
62500
97544
14129
70459
43356
4064
29979
87073
1370
19404
97899
76812
71423
94137
34049
39702
31142
196
23999
70504
68955
98062
45214
19609
51846
29546
92595
64763
36816
88674
66728
16883
39687
84241
43210
95837
47604
96739
53235
2764
37521
49656
70547
84391
41916
60565
17970
31748
85132
10926
77861
80780
98991
75229
15216
85606
14703
79850
99532
16488
19604
19925
42152
94062
61869
48575
49472
8992
84123
66975
29228
91903
67738
86050
77007
92317
73599
986
13215
97291
72283
18275
36882
70535
66801
1695
12071
21031
24485
58367
5016
16502
51064
69006
45755
41576
59618
77445
96664
63066
9863
93734
72138
5520
19073
32363
68610
59040
74983
2576
32145
38352
13106
91298
12051
87182
56193
30820
23278
75241
51905
23212
67786
66465
86302
1312
45653
46604
95361
42200
20383
85896
44496
13197
89686
78237
96940
22749
52935
42146
45839
68939
59592
90767
42042
26909
69067
78264
9838
93156
51803
8189
6239
9409
13816
45733
45953
21763
32479
10264
83782
91714
50049
37142
18952
64956
83231
88526
61771
21058
72032
61733
81988
72542
9206
90687
40375
55455
62810
61091
90309
55136
28671
63178
24492
40711
27035
87240
33471
39738
88236
26618
37241
70446
55872
90419
48956
63210
72865
43961
30681
45149
5641
88791
5086
32163
4803
66087
94141
71276
96818
17364
66116
2768
50566
64614
85553
66414
65054
78376
77408
59020
80140
86679
36177
61511
20832
40422
33561
92951
47514
91470
4124
16208
99420
58579
17405
15327
86711
53268
77038
88276
7752
12806
22739
50328
42432
40763
49356
23173
99882
86866
98704
92738
79470
7410
24524
54742
37643
35058
78682
31158
40035
52592
17556
33065
18163
9008
81622
65751
43122
38358
58335
20487
74875
41790
98664
74046
45062
71502
21044
21820
83655
11649
2969
3307
5414
85733
30117
39761
30733
32575
45636
92987
27312
83729
18093
71509
24027
44014
25604
55782
66432
23821
35785
87635
54523
96969
46420
70802
27705
61071
40124
59181
39354
58755
97771
67368
93918
77527
10102
24041
3213
83686
24672
2964
55355
61403
66175
8605
79750
21942
72191
63842
34599
19956
93533
45708
39576
63902
18611
41815
25658
35834
94630
54890
76530
42188
34920
65733
91535
1640
21351
75978
8852
38705
33509
91176
89398
92504
62220
72010
76877
68923
93981
76869
17481
61405
85027
42523
43931
40686
78954
1338
2865
67024
60281
13207
32029
9801
77751
98324
74268
68883
15866
92950
49045
79671
40871
14461
88995
49549
98289
14291
88981
17252
93120
17753
8190
48654
40927
98290
11978
82586
38313
10344
39516
18504
64646
9832
35707
94176
93413
24114
91421
36042
61193
94389
94792
77478
15019
2602
8120
30935
34746
12239
49887
68770
6080
97786
79436
14539
2018
11179
53068
71659
15733
35222
44642
19518
76298
3728
1162
88504
70150
26071
34449
84879
85832
39846
33665
74005
97292
29516
20263
46191
1916
91187
56894
83237
33450
94096
64876
15748
77116
87888
990
11387
24478
31464
93716
62444
18978
73928
41449
47464
59591
1096
30800
26135
49644
72059
41786
89245
637
9446
68526
26234
26746
74327
98995
91718
94718
52093
65463
49326
25982
99209
98439
46304
83062
52363
91248
25551
10754
81360
9809
13100
44030
74967
62766
28535
39265
85013
80794
53430
33146
18154
40727
58621
84464
57024
10106
34957
8057
12909
80791
94179
67230
60591
6492
6626
51290
82698
58382
20749
28182
55657
65385
65700
28714
42279
11331
72791
88516
17016
19821
64167
46592
39109
69489
47804
75243
6136
47282
26759
95111
65839
65445
77577
11237
37713
39081
77879
91287
97426
45497
66345
95464
6977
63951
99679
59131
31387
25018
30609
23809
68756
82466
68559
9963
34683
57345
385
25857
84324
93945
42365
10779
25781
10347
66660
18054
77044
22463
95530
53537
45380
69803
84799
98612
62820
73630
24452
63288
94345
13735
68687
34562
46376
18764
70342
7998
42338
26830
35368
16343
99378
88101
31834
97999
35680
49105
84940
80318
61413
79694
64612
87917
57951
77938
25472
24603
29840
15621
90317
19001
21850
67626
77725
68605
29533
2160
62006
64721
95821
95584
19414
31660
78524
75569
58423
67538
93970
89359
53803
31158
90574
40104
4356
79732
82788
33566
12388
25544
80666
29916
39332
46181
83181
915
26426
52595
64469
51483
81929
91976
71351
76445
27093
38352
67748
88199
61963
2771
7013
69130
59019
77107
86773
73763
17820
10751
42481
29975
16980
7829
65718
66028
81196
24116
91142
20757
40500
37420
82076
77919
96505
62965
58817
2550
26142
86204
56104
47095
47237
89470
66539
38168
42240
56015
25314
50963
86516
45240
18261
27673
55848
46300
50018
98710
94123
33759
92003
21083
6666
68617
40962
56980
7271
10780
57962
77430
87713
34906
25041
90841
97364
70588
52093
64299
17505
19953
90126
26682
90039
41001
58686
16989
13513
23410
75015
68681
50729
25008
80442
1449
1662
81772
95519
25480
83040
51938
99580
50110
21635
5710
22710
28720
12174
26045
58471
64770
12748
43130
54330
50063
50698
85403
13331
5669
90171
93377
45393
48345
68904
9000
39485
10885
46242
22942
88986
3507
17024
34921
91705
15205
36658
58093
63284
18940
71585
77512
48164
62603
36297
54799
85802
98882
3145
56421
91487
31472
74445
71350
40896
32516
87691
75388
5447
16738
84184
94054
71521
41394
8969
13703
90803
38018
25715
91415
51277
71851
23989
18196
28799
67937
68379
97167
77745
39024
88999
8666
45843
99769
41139
47566
53135
54141
68171
34629
57877
98526
86292
23323
43260
91696
72279
46294
97962
4638
76173
71581
30855
78175
99624
67627
55581
84377
77627
8308
4249
8954
76483
84426
81184
46143
73996
26511
47411
25020
19336
85272
34496
66780
79401
60658
22391
6157
66147
18269
80086
97040
5086
82699
60159
62224
48954
51442
58731
40343
62580
30070
863
29189
5044
49697
88081
23981
13445
91081
49531
1533
48970
6237
71139
6895
381
98075
38216
57686
52686
91304
16084
93176
19451
3741
10613
60124
6053
6167
95934
45417
18189
40986
70158
36773
54989
55222
1579
17077
29362
91741
57620
75357
39527
74106
66697
47977
75140
15103
49216
87328
79054
76714
68063
92079
1458
10205
91250
23036
76978
9010
29773
71691
27320
14187
12295
44748
42110
22521
84894
77229
18819
60684
78943
89193
49012
5405
73059
56690
22628
49200
86123
76241
84584
33985
77519
63960
18749
772
98020
45381
53150
32638
30177
60112
77259
309
80591
26627
37316
54931
38100
86833
28840
50996
91717
77488
36859
23892
10050
56103
83843
91158
19981
42661
32916
94313
86528
25301
59670
48969
88111
18063
49734
24968
1856
51835
1215
35403
62085
25865
11258
73636
31823
46483
4154
809
31931
32157
14808
52836
5379
69542
75831
5514
55216
63882
69120
9133
83936
38958
93522
79826
79265
6687
69016
13946
36749
44566
44824
73846
83105
90336
3960
78710
65929
87571
59950
22468
5158
93305
22786
32310
59574
89429
70694
75965
47698
23224
1833
23661
76554
39257
55820
71541
74093
54790
88783
37341
91460
73910
57652
46253
39833
31802
19450
35144
53220
9880
79630
16687
23375
64951
29786
61471
35925
71140
99590
75771
47814
82008
10379
75425
85349
82089
58541
82134
9393
12053
75704
97521
89701
19721
9702
42385
53874
10385
45384
83885
28123
44185
37563
11709
66781
55749
59743
65846
75429
51846
81740
63169
68529
76527
76905
17799
66629
20011
25384
1113
30465
87533
23703
41243
49737
37449
32915
19060
52821
44042
97679
77872
80380
39850
46840
27469
70606
44712
42419
89620
36725
94361
78432
1785
78454
40022
43505
68545
58243
2343
52021
26130
90428
27882
17345
64439
36822
14486
87674
33060
75819
43039
90141
43069
13743
77424
32025
64754
36937
71935
89275
12917
61043
55992
72021
6040
19912
49650
94353
83339
50768
264
91348
64644
74536
20568
20208
41998
40641
51515
54310
99047
4137
69419
29093
64500
29661
6241
26914
19357
71525
54317
94353
94088
62139
82385
69938
11561
52007
98458
62829
54313
83701
56912
63745
60577
49495
22101
88269
82554
77758
68859
49604
72471
16729
21478
33004
97288
35976
7016
97282
21248
45610
26283
60156
36994
41239
26376
33690
70596
18686
92359
63648
33586
66649
62480
92326
45980
37781
11251
8277
8267
19049
37825
68290
57475
70803
43237
77118
2684
80611
79445
88643
98722
82731
5507
48526
83293
26982
91831
32867
72416
41809
72102
49991
81804
25524
54313
63192
17690
16952
67277
61135
59614
42148
37054
49563
39813
7387
58915
63085
9109
10262
54798
99002
67571
70546
83636
56521
29726
40357
2503
24143
88732
39214
60242
95633
41669
73731
42007
10689
38988
43967
73145
10277
25171
8887
33870
68579
44756
81896
32400
13586
98184
54092
33522
76608
45234
97646
42010
17298
70399
84648
95874
55281
44103
67784
33119
2070
36479
8362
57509
27657
66264
4506
43751
15051
96395
67737
90624
52960
20002
19696
51724
91966
15765
32418
47835
42708
89963
15373
92389
25987
64070
60377
42002
94139
11344
91512
17826
30650
93660
31383
30209
689
673
87278
79146
69091
47417
81253
96046
24298
43587
96675
38534
46858
7983
90407
49326
39301
64983
24638
42669
90573
26435
5239
87372
82669
31939
74570
14181
59702
93304
95833
87041
70380
64797
83346
42757
63703
39819
78510
21589
64660
56796
44804
82564
81818
82274
56763
21549
1893
27649
87733
87612
7777
47412
59051
23744
15929
61451
99371
41703
66664
41703
77006
77582
16584
4305
10437
64608
76238
52425
32549
2777
8091
22070
82707
1112
49949
93418
27422
17626
57251
43609
65150
24565
63928
33424
53686
81996
46075
39929
9640
11585
35212
69882
68652
24148
68668
14613
62263
69548
83477
36082
62813
45557
57115
5921
71227
23505
73532
54572
74243
22842
46153
25962
77399
94179
60848
74691
28020
50975
11379
87324
78480
23661
87389
57137
4161
96890
40764
92546
82835
30466
4
93449
62595
57639
24246
86839
93991
581
88655
73305
78696
42239
71149
99421
91821
46141
66731
37507
67873
21345
90220
23891
1435
88385
40734
79569
2757
13893
92024
12994
65779
46522
41589
83780
51476
4851
98484
88200
62976
39153
14840
12633
90557
13221
69307
89471
34406
29888
92016
81529
70947
54435
80096
15608
14558
73801
90411
83621
40690
66278
11875
30575
78655
46364
13562
52707
52766
92483
36824
36183
49080
61487
49674
77057
11599
43146
9974
36528
26612
10332
90272
2064
36769
76083
1626
44580
37479
77515
16339
84609
47429
68290
30269
6296
12268
16349
24201
87030
95945
71636
80760
42673
37683
89772
88439
23595
4281
71926
17525
35103
47175
8586
84076
97351
81634
95487
27552
4450
41470
23668
15316
90261
26847
32407
52942
59211
54993
53775
23100
94500
44107
70568
97785
13175
9214
55596
68737
97818
25442
59624
19119
97959
18932
67683
15888
60847
78544
49053
36745
20813
42513
84910
58156
49250
3421
69427
21665
43081
92083
45092
64555
8601
46398
51041
47898
79724
44721
34414
40121
94885
84991
99051
17452
45272
20635
43300
23934
98512
22152
69240
93209
96621
19362
29371
71812
24732
93416
13573
99499
48037
29990
69133
95942
18342
15463
89675
75107
58793
56435
5024
58726
45581
29601
53367
88511
18792
23765
19479
43084
71097
18701
78409
50083
82596
56614
92636
46504
92876
1082
72589
81046
27238
45681
25333
71094
23034
29878
84285
23934
34206
43335
34040
6894
27347
51395
18672
4330
21000
54351
49355
30728
61423
966
7673
78646
72641
12775
74713
67855
66406
39841
2835
27709
48530
60951
86952
88681
12083
61603
85241
80918
65047
71719
85361
37805
318
21642
11611
80742
79274
79787
20870
17660
66674
68197
40739
22322
24248
13323
62013
74010
43128
78482
9388
27939
71110
41746
79300
55588
69768
28414
51803
41116
18568
80764
54647
45107
68359
49448
81968
50131
35044
20647
47503
83952
15674
51058
82763
75682
3908
68779
74314
37775
79474
12350
71139
82492
47181
22474
82955
75294
5033
71347
33479
99614
28102
13099
28791
57542
65101
65445
50263
59190
57953
87502
83991
59837
11180
1570
54189
88448
57525
17769
36740
73738
89030
59538
90887
14686
48618
55320
61990
61255
6267
57144
76368
68024
75974
70365
70391
58578
64970
30485
70352
91673
85020
42735
67049
51585
97160
8053
9606
94499
5819
95094
76733
70401
66074
82079
70441
5650
18622
84570
17194
75275
21091
5687
54507
15992
1408
93789
27224
31035
19229
69330
17022
16146
84797
87359
81094
92382
51084
35064
81589
65874
64745
24795
46021
47310
34113
32137
10718
54578
48387
45920
64296
90893
61143
42445
26220
37699
33437
69742
66717
26715
17012
29344
98591
58749
46530
72833
48971
18211
1206
88342
49549
91773
90896
38217
67598
37184
19414
23197
36837
63988
78752
90795
37183
81756
31864
75914
15467
43367
48817
60312
35418
61033
71355
64182
94504
939
94321
37878
47668
68730
68849
4750
33578
82566
51916
17079
7688
93039
49542
26260
48219
49971
26869
35667
16129
35001
87282
56
18188
75764
54934
58866
43475
32644
30235
42487
17933
2253
26284
70296
49048
13149
35692
67213
13304
98794
21910
61542
72727
20323
76897
91031
93684
77447
37859
36370
81014
89633
9797
21744
33656
51704
97715
70620
74103
68071
12606
81575
3370
48058
78712
93781
85565
1113
36054
44659
71730
5171
1856
83267
31327
34043
27242
92112
71548
20416
61472
87413
89547
99903
14968
13200
20818
28554
94540
18203
18056
91334
69429
6131
19231
22304
15228
79740
40989
38575
74178
56967
64085
49592
65010
23491
61256
40892
73247
193
54723
47219
53748
46305
80489
23690
81296
89441
79648
95737
92146
72224
33105
18582
69712
31898
5448
5281
40955
84108
66127
88682
66520
64900
11675
67134
27323
96089
21405
46380
33018
78243
40813
30782
3679
82863
1876
35876
5010
10715
57493
91236
49546
6838
28507
77719
11545
74369
36071
96370
41668
9164
19549
97647
9030
85051
20724
9062
42844
55638
48763
86963
93634
2702
27211
83880
84865
53530
64242
66726
79853
9946
80420
43098
45932
80315
74477
53033
58130
82480
6860
61799
47957
90348
33307
45634
69438
29786
26229
96832
24137
90490
80390
87168
59684
9673
11198
19382
32179
698
18838
65270
1865
45173
9564
35937
13589
40602
36663
54826
98825
97297
47891
7395
24391
8078
3662
22632
4541
72180
60801
1092
87685
40830
390
41729
26799
66112
15040
35512
43422
77014
60861
87679
99170
76995
22476
2440
95804
55893
35617
14044
35169
35714
61146
76340
83673
24564
6800
29337
2487
35962
48516
45693
24305
41752
11882
22709
80188
66020
36086
26097
5988
94706
57673
10642
86762
71008
19471
39869
29775
70194
31268
1901
91926
99138
83114
71922
25799
45627
39563
3028
50062
10458
23765
36684
94555
91316
33974
11634
18176
51634
21865
15827
48521
99893
2022
69750
46287
25250
54973
51565
54523
83890
32396
74513
53114
7183
72388
5292
2226
7515
85162
68451
24969
90529
75096
16323
49147
43622
23734
56618
735
59619
70184
20502
17577
71903
90267
22870
30831
22641
93867
13452
43802
59308
31103
42528
23044
56365
22265
68218
5025
88716
3911
13692
13122
41513
14065
42079
74354
26871
23166
54494
23022
92262
54226
32294
79281
47593
25602
38529
94705
8423
92845
65544
64008
51291
62285
65747
12353
3786
98338
30834
81042
46782
48939
91059
50924
89167
69084
90633
62423
86434
31179
57943
13914
13657
72648
29992
45992
70659
46276
9288
48226
92604
6749
28442
57090
62757
88107
72761
49039
75832
1101
64401
71062
80136
6918
42962
92556
34609
4268
86885
6981
52918
561
7623
59540
70901
24677
14263
27960
65958
78816
90122
37509
77399
19928
44845
48459
25268
7475
5577
14498
1860
53541
89056
73965
14895
63788
52789
2261
94260
63283
57959
23452
35234
59952
89297
51820
40285
10210
67902
9986
38821
16251
61802
49248
9667
2577
46051
79899
4598
90506
89245
4559
72892
13737
46565
35889
16685
95472
20786
71628
64784
38190
12201
94459
38660
60818
15960
62000
98486
54909
41089
53084
99372
21333
19271
40499
58361
92088
43459
67480
31297
38006
26492
15517
25307
12459
98083
64388
27456
83608
64938
61881
13027
63300
43191
40243
7909
49420
34974
39184
18756
60300
61640
21139
11842
54761
85023
93471
16961
99400
45078
84463
56258
65937
17343
55169
49528
15765
46901
67593
27299
56262
46844
71159
90964
34016
58741
14064
95197
63790
60191
33872
92115
78872
70260
32569
68886
28404
47483
95307
30919
40342
97024
69211
31286
14893
3759
78851
23718
12598
86205
18374
21264
53658
22599
26804
75637
50681
34900
22617
53306
55702
29083
46494
73541
14173
80804
36984
90902
83522
24386
42871
50101
91984
50030
58105
14659
84572
39259
50471
72472
27385
71827
43497
51173
18900
18672
2646
34096
87428
94959
71443
53656
37645
84874
944
53164
45907
65520
16847
50342
93990
51155
72530
6229
73984
50948
43446
1700
93246
83552
28545
50502
57633
20000
37786
32441
13690
32784
61290
13342
86026
13455
35334
29363
54796
83665
43119
52456
80033
65312
14132
21036
94519
94279
14944
15318
54935
59250
56370
80341
62241
22165
77233
51335
36527
30111
3283
15887
59054
59789
21396
55268
74730
45174
53748
43314
81994
26567
64450
45422
23864
24991
81989
52499
33881
89696
74848
5122
83712
88537
74759
11688
25400
11072
2371
41003
20530
32456
13407
74556
1064
42552
49969
36600
12124
79156
51216
81228
45707
16826
50439
4790
86160
53527
61399
69257
53130
6166
35837
67576
45823
73038
56147
35589
63562
46323
12510
16731
1977
60994
2117
15531
1564
47825
79641
33837
55973
17697
82754
69725
71013
41952
54194
73208
2231
9305
82836
95155
88826
33656
90153
36231
44751
59118
95634
1202
64035
58675
4951
90633
46675
51099
78068
16752
53884
67131
50961
13197
57068
80356
4272
19390
53566
80853
94965
59428
84032
10378
92928
2682
1256
96712
93470
88702
8307
21779
8793
22558
5064
33215
76775
98400
56501
62318
63776
88830
23573
42638
79672
45553
78077
32954
67985
92843
56572
35958
81677
59503
95260
69722
6116
87277
27657
92847
44676
74108
19977
6166
39583
59129
65308
53997
60885
32993
56997
26119
59772
61867
14113
18043
49005
46376
37388
41584
42823
97800
32760
90348
61467
2974
51452
55489
81316
66657
60440
55909
90662
65510
75265
94068
93258
21395
58309
73663
87037
3334
9971
18650
33770
97269
57649
14447
26957
40681
77960
51611
59842
5147
71356
89887
93219
24068
45085
76261
23575
5122
50411
44471
56105
37357
63047
95426
94277
1412
91970
8078
67875
17998
51093
58490
34819
24563
30706
31234
8582
52961
61171
91675
82631
91997
70054
50347
46098
57880
95671
91304
10737
62881
34996
55200
98255
67925
71912
64833
69214
28371
53021
55956
9970
93903
52492
29406
32470
3217
94913
71952
83271
22133
85662
2699
2726
9766
31991
89540
23087
61575
24857
45820
45099
70363
91460
61243
86717
66757
21517
43041
54668
49175
16497
43488
49850
90003
10353
28103
80932
9451
62728
95191
27040
41479
31189
91889
60018
77233
87717
84447
9520
60568
56518
31207
30071
27534
15133
75604
8240
27108
18928
23462
30175
33997
80209
93976
15039
65979
57520
36979
8232
48056
88159
90461
19817
23586
27467
11740
88164
98608
42171
53342
46618
19727
41861
70304
71839
28214
22631
39520
96499
3383
39973
43675
76114
6850
24214
22453
10089
65929
1086
21882
30379
89211
82486
79073
87721
90288
48022
64041
84995
6598
46649
62929
30025
39556
9518
27653
6024
9396
80079
35842
86881
13582
35585
1927
56623
1155
95292
55321
27620
27061
84996
54860
90520
30299
54985
40015
70354
87610
29033
28873
7931
30477
95782
60464
33343
77389
40645
44749
49339
25557
56334
27418
96274
66738
63153
98639
27504
40301
16416
74975
84350
13384
77643
61916
23102
82724
78649
60834
13082
25704
13185
18622
94385
89147
49503
30888
56666
93582
69021
292
76256
47979
1207
20462
27844
15358
42869
2909
69137
43221
21225
89433
82133
74399
84465
95764
43032
83723
80913
13512
84322
43795
18512
56975
7179
9207
80025
78953
117
22705
6144
95446
20658
89063
48687
52945
827
32870
39072
44016
44385
54948
13498
26964
93992
28792
85544
33580
59839
33190
59374
55349
17825
119
32250
82929
4949
68020
43810
36353
62379
69732
91329
64089
2506
51647
45161
7963
5313
16057
66604
27924
81511
2191
51623
55719
75157
73123
98203
99758
16829
55487
22517
54835
79964
86870
29679
79790
37559
61779
78543
93853
64237
31232
66805
8069
79495
3321
2640
52123
82029
12504
22149
78786
82084
73894
58076
28358
99099
15519
64603
13663
55252
86261
55433
42536
62017
70134
17975
29184
66510
98573
25106
58414
97106
41561
77815
57455
23717
75744
76979
98919
27126
73036
40584
5447
53888
26806
53887
51679
18565
34363
64341
62383
3454
84261
10546
86970
97453
54836
5055
90052
10349
16452
74548
35330
96572
44056
97711
55796
23316
88961
71100
97111
21962
29162
76328
92949
68835
16047
18117
81249
51611
61991
52049
98488
91047
68156
23334
95486
4218
74679
93426
2663
15081
26498
40058
35347
40923
87222
78054
70370
9157
717
63216
44107
87891
95515
9689
19036
45875
50674
72328
41029
92641
93377
19991
62780
88060
78350
53051
40141
52019
7085
99031
17611
49576
80885
53941
6800
74688
45926
23708
27439
6477
80778
60055
24335
66044
97293
78209
95654
58904
74249
90058
68009
48441
19829
85659
32045
69105
63797
48451
8582
54608
13138
95101
49821
25985
65952
89585
92738
57166
67587
92944
72505
11552
10241
75077
72630
22117
22700
33015
35460
69676
70401
31291
81829
99211
87675
4371
91813
2535
93820
38509
79925
87070
2525
80997
57556
45143
20263
8440
13053
35969
43370
22529
55563
93351
5859
31703
62607
76154
391
20166
43320
85713
93397
1934
79415
84605
81963
6874
34108
64603
94925
48146
25631
28106
23477
76060
46415
66985
77678
31985
71610
45550
4374
77833
41353
20202
69347
91533
20043
57335
1909
86999
32820
43213
23708
38285
54604
14762
35145
61931
80199
78626
12620
38948
35386
27319
77710
38461
98343
5952
35419
38705
88375
30746
42828
27919
44616
11450
61708
7572
61254
83759
69128
13478
67764
14965
48572
16506
42774
6346
60769
63930
28363
79140
98230
74894
67981
97500
60367
9044
25630
51405
47135
86061
56545
95303
58275
45644
90348
14115
2542
2450
56476
67227
66696
68542
28680
43253
67563
87100
90473
43574
12174
45474
26629
1066
20711
13072
27191
31911
24960
80180
49918
13031
40966
57464
24677
75420
28771
32759
99052
4554
94369
71648
18242
43034
59473
91451
4324
97771
23159
34379
50047
64258
66181
14982
70536
93863
3472
19408
62653
46571
73309
89606
6204
91257
62617
34246
3814
38281
7073
69999
96994
15122
71940
11717
14762
24746
14976
98136
8184
58531
56305
60940
99270
70838
31781
19285
25891
60695
86188
9385
95745
47543
70487
39281
71842
72659
43415
92635
99618
5589
41830
92192
51455
85832
76554
73501
8301
83992
30819
12544
19984
23772
86979
97134
85973
66415
83829
31227
76515
22589
11613
13766
70463
23216
84759
39229
20553
50368
93383
25725
69495
2102
23775
88345
30987
41012
55380
40362
18559
55245
87152
22988
52187
42875
19763
35542
97672
15787
21734
62256
97001
7591
37405
69319
29305
61594
52524
76388
1418
69488
19302
90452
4729
29169
56918
26749
90666
90970
85765
31404
11049
65608
24108
63493
41501
74267
74406
90447
56197
31488
53153
30
50472
64933
72934
34534
14145
92576
68255
8458
42895
97500
67780
79564
37605
63265
54735
5076
82344
58650
24557
29689
10477
89601
44238
20144
65380
68334
41389
82306
37323
84816
2679
71008
11325
4189
41104
30354
92115
55247
99444
82746
81813
19673
93315
18593
73542
79524
61359
25473
89906
31295
82419
35467
39120
28943
39957
62436
83529
75334
62497
47220
15395
41877
45535
28050
12995
59435
65165
5891
6481
90158
26538
80019
17379
59478
51367
87831
48219
278
97775
94664
89523
37106
23145
44393
80204
17339
45984
99617
4410
78301
36379
71413
32960
24612
66265
63017
20701
78410
80533
29150
52525
56615
7888
83347
90185
23993
16419
69301
9709
68587
33008
49043
34905
46900
87977
50755
66284
50266
16783
62039
76743
50961
49117
50700
95394
96836
42422
44365
29207
36678
71606
2754
78422
74961
69681
71951
86205
74317
25044
18727
25601
46781
80316
4778
67554
775
44922
75690
92626
39757
29003
7507
6011
40636
29796
74960
90535
75273
53266
79743
85570
76784
33579
4664
11118
93866
20891
40053
65806
20977
43975
62511
15133
39988
18379
32901
52020
59767
63065
20414
55578
94187
8924
52623
95964
76163
31062
37609
33305
65592
13448
3594
36896
72419
59259
53905
7213
82605
93212
40723
17749
44342
63170
19703
6321
44674
37496
59412
36156
82510
11892
44440
15958
23054
84892
29133
15123
795
34699
70075
35344
23439
31710
89749
3096
17576
50886
1283
28834
48349
6005
54724
38191
40029
13876
48975
18088
22175
10770
90374
36368
26896
85600
68800
87426
66773
64769
65282
88286
30117
82186
1267
99638
40476
94566
89026
74635
40713
56946
45114
44520
78447
56238
84363
34693
89317
11696
20592
67391
97237
90303
62011
47871
76738
52416
4273
49867
51451
38363
92152
13025
34952
30267
42048
40149
55413
75002
91828
35293
43910
33986
71942
55096
7715
33426
72339
55220
54554
24659
13386
1350
81545
28387
15804
79944
93427
28914
4600
87766
68680
4881
75016
1198
49276
31522
94714
26438
90046
66164
15742
9910
67035
33435
22264
44555
10717
59574
45586
42147
99569
66283
36729
54378
22261
23694
98592
16182
92593
79332
44715
53593
80318
25362
69685
45450
3125
39923
87455
53304
10288
40049
18132
37150
76896
13417
81252
55935
19050
54116
84126
11262
35082
13642
77504
30313
75562
92469
87667
99751
45766
39884
23959
56176
48274
122
3853
10714
80504
41412
33841
35402
12210
31198
33742
67245
81408
75568
94477
92200
63633
23862
14913
55771
89113
50432
72079
9539
5170
64721
40873
43641
7035
68082
94310
74081
89298
71197
83446
50719
2301
9459
17282
26880
33071
45386
37290
84756
68751
26855
8628
42115
41989
77932
30683
75302
2394
35040
3280
81123
5889
5415
71703
65922
64709
17050
13602
93995
54758
49779
23970
49492
34193
85632
510
66005
87355
93313
31069
56325
71528
66386
37239
31131
10532
67702
33799
29906
48776
93607
22363
99939
52142
60660
49396
49995
17978
34838
23748
74101
35433
68662
6860
87861
19561
85161
60049
44791
27808
49298
57541
3426
55929
97235
51408
97257
1851
51746
5104
19066
80643
38097
95984
68799
71506
28906
24037
29847
78570
88744
53963
32456
91294
59685
60825
34961
37394
27510
45684
3630
31469
34967
36935
123
35888
63251
95523
91944
66995
85773
97760
85695
99322
9360
78178
45581
43244
57130
76653
307
97415
14625
48988
60374
6290
56166
68197
64738
85205
91936
64938
50918
10709
27949
29849
95823
12243
10878
27982
5964
42759
37575
56105
45145
50488
45204
7325
75358
21842
62031
94309
52297
16302
91215
22309
60801
68133
20351
96277
97450
86938
98060
92544
7687
49265
95561
24844
63026
36901
75971
86917
20283
43968
26960
59493
39209
44579
73456
28127
47527
85546
76222
70210
33087
44541
39444
34384
11697
73084
95850
53688
66174
25879
11432
4917
77232
63275
53505
51040
70085
1991
95613
80917
81947
80765
90703
91148
15122
2207
30030
38579
77938
9895
19416
28793
31548
60624
46752
95863
54414
55736
85084
71714
8308
2564
74100
39624
39741
87311
49558
15718
78955
54030
44930
4748
4959
892
72479
32006
29570
24564
1997
61942
16025
66255
94623
75832
88410
38882
16405
95811
7071
43802
51720
10656
82075
17694
60171
79862
71923
85419
72260
66916
67951
33079
98907
80079
96152
56977
37808
79566
77692
88833
95645
43715
76929
45357
9340
73527
31509
1147
41812
54931
2941
37899
48117
91174
8028
80040
56382
63926
91638
87150
84611
81024
79497
36908
19207
21203
6079
98821
13998
91739
47082
68603
29550
73609
98635
5832
21741
40609
36047
93414
5843
3787
53821
16332
67766
50639
35556
39357
67666
19686
27523
48596
82757
75386
92884
10150
65984
25761
4880
90682
55084
55690
96795
79272
52642
32518
24092
47744
11870
77434
9843
87497
5142
86026
38418
64881
22731
24476
34380
44293
47715
24054
13626
38426
79688
45895
22023
58466
34703
90463
83171
53557
31769
81693
61350
48462
87269
64493
8351
11125
77830
16081
3587
7694
99447
86601
15723
31585
46091
52515
11067
25296
54550
87463
9030
48922
13920
29591
38198
87704
17954
51809
77915
32473
46368
21971
79733
11430
97267
73714
50687
99514
56978
95451
46096
82441
85905
84993
63395
6526
19382
10338
50527
2530
31087
63333
42485
32012
83197
92260
17819
68058
92269
51817
23308
88766
72748
14551
49404
31472
81022
46463
51731
28488
72115
61362
4563
20980
98387
33435
41132
26619
25035
65626
82519
18780
10702
82550
82035
60305
3174
41027
15180
23228
29938
28741
26650
17372
21268
52106
5299
45339
89541
98097
95597
99199
2673
91650
69818
15012
31806
60134
79060
5391
23823
59508
73155
97366
47797
12936
29648
13130
91111
61962
60207
44583
35827
32797
69232
89107
28721
75805
23833
33647
69515
45018
57015
96908
80916
46265
66576
65361
91434
97493
91102
87768
57299
12907
41404
25049
73368
43718
40845
87567
74569
82670
81218
30318
9191
66880
32209
17956
73280
94163
51904
16282
31386
1651
33454
14523
13120
42367
88693
33633
67216
35335
13366
29866
75235
57887
597
59945
75572
95008
69328
34483
25093
59892
52672
49614
30496
52295
47482
53356
14430
26883
60898
72817
42415
2410
2256
1130
25775
54427
59420
18878
33090
99123
67515
3765
88069
94004
24926
64434
5291
52270
36609
19568
16910
92102
67925
31802
73229
19473
73574
97483
57921
73709
25695
87916
44749
48678
2761
35533
36768
39323
16658
59245
71298
53186
49154
27304
44343
69650
40956
63070
6699
25795
26642
9371
10618
57106
36985
80520
40719
23695
96515
47534
45697
8269
28668
21749
98481
80771
43441
24783
51580
86436
23210
58649
21709
28942
41203
18863
33146
88405
44121
25489
72830
35172
5446
82333
61878
74637
9264
12872
27951
85817
55712
63015
70849
96929
88689
5399
49727
74921
34023
27721
84475
92752
2034
38427
56131
78114
52280
77146
11551
40380
40233
74324
26144
18762
65739
64824
55104
93954
21331
23593
8384
57991
94835
58025
17549
42633
15136
61273
23682
65237
42621
3504
4690
62955
96501
13999
77626
50962
80076
85968
57064
58566
11985
18110
24092
68173
96563
92177
62156
6442
69671
74202
45768
14388
37694
18543
25993
53756
86892
48513
42694
90689
77865
85149
7630
34526
55645
96527
44833
99499
99737
44041
45059
183
10452
9197
89683
87725
77918
94723
26032
83205
8432
7171
30956
66919
89116
44710
82344
37951
56350
33405
69326
67073
96030
78062
11058
27843
44419
19578
21277
5716
77244
19757
51221
53028
71599
26661
67051
78933
386
8827
69556
37667
72184
85076
43725
5960
60826
18116
33671
20995
78423
84791
74424
83985
33162
83575
76285
21276
78948
90781
49691
34805
7785
30976
78991
66819
57782
84211
2021
49971
9763
12925
29073
13170
23671
54765
39592
66075
22326
94084
27894
90637
64537
94477
30185
26797
62213
47484
54361
51287
86784
68490
51328
13380
79143
49807
12001
9550
24253
63102
47676
50150
76684
88553
13139
95568
26566
36512
61628
16735
76771
18959
78721
65446
61645
22643
28218
23626
75162
33579
57271
37524
92157
63442
50283
32703
60070
32398
91521
48828
10664
70044
94922
29386
91257
6389
86213
50829
43221
38182
77276
78046
61854
72387
55592
88660
56224
68255
22617
17309
90152
22182
54120
32922
26234
65419
22800
76902
13664
73718
18899
58230
57570
20111
28056
22678
82690
37286
77346
87630
57427
94389
40167
61466
75676
34605
98622
47031
3284
64476
98025
62373
83611
33684
92330
98800
62366
94906
71601
76197
35752
87342
82998
48648
47935
44655
5332
59578
63918
88303
13877
44955
22164
30654
76937
35532
27633
78725
58538
14674
80368
99071
62696
47010
47389
77074
43827
4957
76349
79751
25191
85122
18269
10239
12646
24633
73633
24210
64524
98661
1232
63748
80119
4694
32356
52570
99042
16580
14293
88016
61624
21917
66558
59824
66571
40051
70879
23484
76236
54773
31673
56830
62182
85747
37633
32553
54069
65748
26956
46409
53500
87003
8913
51205
1055
29239
22623
59957
39577
84471
20269
98195
99661
49144
46479
4943
44333
62933
48152
4713
49071
35302
89780
98701
60604
15902
68126
52392
73338
32912
17111
88890
85782
44650
68854
32574
51027
24083
90038
86027
15088
23308
44108
64708
44867
45646
39300
58472
83483
86678
10082
36770
34924
92374
45312
65267
72226
22397
20275
55611
83805
99749
11732
27206
21113
74091
75194
20108
87427
25416
41880
61540
12396
87164
49161
55015
89843
73466
52744
30702
17401
53863
81479
68407
65660
30690
86370
80436
21869
39248
4227
20598
98552
8936
3379
67736
71026
94733
3942
17441
9391
12725
68385
3967
402
90804
39466
65878
12510
76252
62084
63579
43413
25590
63213
54653
3609
38920
79768
33782
31725
90897
18132
48059
7826
53549
1043
5597
29410
2369
7613
5630
41488
46388
40506
31650
66916
25404
60627
65643
66051
73097
14154
1116
65861
53464
39346
55350
37751
39804
81282
7204
70671
20436
61517
15803
81482
83413
46649
7552
28073
53657
34849
54187
42411
30278
32659
2958
80463
99276
25692
61528
93854
77392
56348
84804
64165
76562
9261
58688
4916
65242
70910
26584
28588
42829
73670
58527
96426
36448
56562
19919
17314
75587
75054
57114
38672
99352
70485
80454
77107
3592
66033
91905
69453
40675
90627
74018
85890
43407
44788
29742
35969
56401
13121
38453
15675
23135
97015
72600
89055
95018
88089
1486
71483
99957
28019
93941
83288
32256
3596
20050
72262
3105
7222
43588
61469
21471
52521
91432
64816
58938
72338
84004
27004
88805
42113
11645
86766
79733
65494
45852
32699
67276
30986
81415
19554
22843
98555
15756
39478
88921
3336
85169
97512
51871
69913
94119
23551
79149
15135
93427
64000
56489
80026
85919
35536
22439
72062
63962
90647
12538
17944
12356
40061
93515
23956
42155
686
89075
16116
56246
89349
73156
85531
85905
62424
33975
95721
79047
9317
92763
18149
65499
43846
94753
49805
72422
1691
76839
32382
13830
44373
56231
36475
32213
90662
77513
96158
27356
44792
1707
79433
67728
67594
20252
58244
43183
41369
29249
98098
84220
12298
4902
21827
42674
55169
79762
14591
1471
94396
31198
27973
56963
32584
58478
9852
96338
83277
42883
33711
74771
78106
56492
26143
82185
20175
9577
94527
77919
85335
3997
38215
63069
30878
90539
86017
54914
57260
11857
40396
25585
82576
49458
24479
68019
31819
83153
21870
56246
13381
14418
71194
74173
53746
1349
27412
97303
88024
2172
30178
25180
58742
26718
25838
78889
58232
50875
74156
97530
60959
57658
33452
90375
31337
30410
58540
27265
59836
38560
64738
78835
75590
24441
8153
50263
7286
20846
7571
87504
15724
3351
86493
73346
1264
8829
45209
72127
97274
32192
82276
26589
96713
47043
72344
58082
23168
82790
73047
72232
49926
30660
77453
26173
91098
44151
50605
70578
37317
45661
88741
39982
85210
50298
18020
28267
14640
70387
5927
52669
594
69694
93003
79327
7650
95113
65137
56113
4120
25380
77394
74381
50231
41285
9180
60284
60125
39973
77539
78405
11015
87063
60464
15739
74455
24665
85315
2426
74493
30810
18820
17121
35398
56360
54566
19559
67637
49172
31505
50572
55009
12100
32734
40758
48059
31371
7633
72931
39352
54902
32424
50688
94711
96381
74328
35619
41161
90168
52691
29098
67146
24603
96832
91099
73454
36791
84799
8086
24356
60692
9860
44801
87600
82112
62233
40654
19202
69171
32453
40400
44368
14854
39710
80940
9451
49477
63601
91341
31455
55187
10978
1509
51437
42077
80895
96509
6031
26055
145
98109
67363
82294
89482
2910
65801
34914
86321
57272
2250
83487
93587
3289
77107
60012
46333
87153
11567
56222
87858
81541
13574
60362
25273
36999
45539
95075
90813
43835
83839
53536
69658
55639
21157
89713
67646
98314
51855
30437
82950
64379
97910
41883
14664
71291
78291
1174
88217
44706
98243
94961
2606
72800
36563
91191
7694
66180
38771
7693
1138
49425
81975
31782
94010
4902
63247
28777
31753
87271
77528
14145
72844
27969
93320
53917
21378
52979
4875
1100
81781
44279
38081
71994
53921
85681
13961
15628
15136
47094
28421
32002
42050
77774
89858
50354
9493
98757
67219
87375
66457
7410
40306
67132
29755
32928
11370
99355
54866
10592
32480
80862
40443
74758
26665
6044
98068
5768
32495
46681
72022
4381
81556
88773
25237
8811
26175
94670
17024
14099
70800
92432
85794
1275
24582
81218
15719
34684
85010
81401
10084
39820
82843
51188
16119
31152
67131
37731
46137
19697
85773
30008
18061
93429
21843
33197
94771
30183
78822
89856
36147
72274
68924
31880
90314
64853
47848
59051
41304
35878
56576
4916
99191
74587
76254
68813
65733
47497
75731
64045
33667
76190
32971
56517
80997
89541
41362
45608
2989
54539
69842
69592
84039
84487
31803
1633
49204
21114
31889
39197
50871
88016
2099
79638
39923
16840
8997
17824
42717
54768
12401
97815
15280
72097
82528
99962
74368
2095
37426
47209
11371
61818
45373
69961
79514
22212
47989
77559
7424
18543
98971
46246
32820
18135
80625
48413
68973
91332
55796
16011
13515
63791
36326
52188
84303
63423
836
79540
20255
13699
74395
40790
16420
66533
90582
48294
72025
12602
92442
12450
17830
54676
93034
65904
54853
80457
8532
40408
80374
25405
97248
46210
99091
73151
86508
50098
17404
1369
45931
47492
97039
44357
70492
76453
541
10056
69610
27022
95669
58903
19596
57997
98305
24635
25885
45094
24219
33056
58844
49341
88872
53782
72274
12656
41427
2103
87329
58738
44216
93364
26187
1696
12155
40626
9620
42336
7917
77901
90516
62519
48191
85858
81425
11765
13891
94666
48385
17052
72976
39514
85548
36698
18309
48343
55554
22326
95031
48483
79124
49033
41968
89101
84003
23270
99843
89777
78181
80332
45393
42013
95212
38952
94987
10121
70513
89161
83913
670
46646
51423
68238
95580
72912
59962
14999
72917
59970
91289
43439
71616
73740
80116
55113
91574
4500
39163
43906
58955
26888
26816
8349
28052
74411
87129
98111
35666
88115
20407
14109
71739
63219
29362
47432
80834
9800
25829
86110
63065
64049
76053
40721
228
35106
8795
39959
93109
49206
9760
25461
59339
57584
78362
31583
7675
7562
28346
70273
74198
37225
72517
53761
78695
43283
43632
78554
35345
88989
68434
63040
30864
64401
29914
77983
65355
84801
24031
34295
36403
14752
41474
95693
35303
35058
82473
65190
15827
27799
43234
53850
90564
40646
96267
77823
7619
5844
23697
45418
61332
31484
52576
89799
94695
53164
84301
74870
58255
32616
6406
52021
558
16563
24345
73611
78575
23863
53297
75439
93020
11874
65608
24884
73159
84052
98166
94050
58390
39919
85823
57916
49821
35837
1936
36385
34025
20445
55127
96073
13315
32124
12601
2777
12116
97548
94641
68801
67396
50128
12354
70651
52622
95106
1315
22090
29340
84057
37430
75125
68223
25730
8177
87264
32311
52461
52301
37164
69194
81757
74132
92831
15966
61247
84863
36574
81094
61791
22451
29176
30686
88378
54256
52082
73142
11317
72078
856
5837
81278
47957
15792
60195
80898
30920
26264
57430
82947
29789
54250
66200
30467
45237
69435
35586
27817
85481
13418
62018
33244
24285
13738
37196
73352
37431
89798
15513
57777
84349
12250
34159
58408
85297
14979
16792
31629
81311
74554
92594
4382
54069
65881
66483
15232
25886
74731
83418
150
56258
97945
39961
39419
671
90324
9674
36812
99846
23555
65379
85142
23152
7025
1006
83275
98624
82933
78432
8910
23798
48860
50671
18664
66585
79800
41713
42444
33396
18625
95475
62606
2985
79045
41576
20075
98755
58364
64022
69370
99727
88679
380
12398
70935
64619
43682
76913
27711
73346
67010
69700
35121
18254
41640
26818
83779
71637
73570
3669
76304
13590
40451
96158
4909
14491
71132
60915
99894
96634
73460
7295
81286
66944
82437
66802
51412
47160
70500
6628
24901
40483
34430
43117
4406
64405
49249
28313
75312
48280
58536
28090
10717
41163
52634
83960
49212
574
71549
52276
32257
36012
57681
44334
65440
62452
75034
48824
98418
78472
6199
4062
2081
21312
36135
1637
58265
66836
32678
45378
67288
36261
37674
59946
21657
43454
89811
41911
90479
66722
10432
72816
8424
57227
97015
68528
65536
2508
85511
22085
49748
48078
62344
8261
2653
42634
29652
57277
10892
13173
53196
72320
70476
95133
51416
60979
29408
39650
16184
74221
35173
95140
91108
98210
87978
13617
71587
24028
28071
63505
32340
28302
66013
40202
32748
33742
98508
53210
98117
82793
39162
34404
25824
49839
33534
55846
19348
37867
20867
67514
10275
53980
51106
65429
88661
34843
65110
78881
25479
97912
98418
21799
37417
27229
74483
87777
13873
63560
11998
80891
98819
57867
82728
65129
95996
64342
21229
84131
44996
94673
5888
49896
97840
28723
1913
24221
10965
78494
81210
19836
55890
32000
11545
29587
43343
61597
37935
51443
50245
67370
62910
14747
36728
40302
69119
28817
41214
72267
17662
68873
45610
10282
98634
86232
9777
50994
6525
79806
84721
98035
62470
94166
27293
59670
7743
15789
55712
47056
48500
23556
4861
44500
40436
12195
63035
62211
63837
48057
97714
49390
54491
35496
6947
40845
23918
69049
65036
33918
23639
Time spent: 74
Itarations done: 21614869