31744 04515 63606 23265 25558 02790 22889 95443 50148 50565
36855 76193 29021 85021 91845 48659 93217 35808 91086 46516
36076 35426 93521 61359 45764 14855 34406 93548 66569 63601
03898 92736 25313 36040 47657 10568 50996 90825 67510 36792
67053 40508 47589 86180 16690 78653 55970 44095 78346 30037
57677 65120 49441 31943 37029 24785 95291 76486 50501 28535
41851 26575 55620 34137 54897 80831 92207 13849 92958 16193
56260 50207 77978 90926 61266 34269 59833 82796 20784 73535
76504 87689 64853 55849 73426 36802 67473 33831 32042 88019
03475 38332 70137 64583 09173 04251 84712 70931 03617 61888
05270 32870 47722 78292 51052 83794 21335 05195 71505 57393
57695 64170 42664 50928 98855 89934 39580 58528 16416 52387
24681 05089 20369 93256 11151 25071 04117 14650 97958 19183
96585 75601 11380 73651 62272 59125 31411 51909 83845 47064
48072 58296 03475 88942 09567 69372 04298 08001 72409 82559
34033 87991 61989 26802 60591 80668 67764 44426 34724 53286
20824 79258 42355 13515 89342 93185 38537 07139 81602 43074
94586 28031 04077 80501 88527 38733 14108 57671 76899 02223
50965 39599 58255 16643 76243 97564 63096 07713 71078 19843
64967 43296 49434 61542 87997 86206 08135 45476 48032 10591
61383 07577 68037 98166 93057 36032 37816 32874 13684 17762
01960 04800 44335 94601 16853 66163 40305 70431 93689 38047
91314 78303 53662 45769 85946 93376 34996 24609 85789 54390
97708 09937 05137 88702 47375 95884 99853 28010 43906 94783
35488 01869 97497 80468 08328 44908 71471 77213 37853 04253