26532
44551
8528
3885
23855
95201
47725
88663
43243
43202
79717
59081
97407
41022
38816
24089
15017
22562
74272
77342
44123
2466
33661
82572
92554
6192
12267
54264
33687
7790
56680
16090
70139
39168
76544
70480
40224
74556
62227
66659
72437
86954
28180
11659
41736
19524
1822
29032
58087
14226
56041
33384
22484
92427
39722
55355
18614
87765
95194
21299
69313
90277
64108
64658
76179
72574
73932
21924
77947
33825
66151
45078
8670
15349
74190
44509
10267
12831
84209
61704
55671
34461
15107
59338
68589
31783
35451
7934
83801
60563
94508
42864
77952
12696
82139
63234
14959
96997
48067
45065
92438
36640
4856
45189
45969
94104
10913
79414
66536
30638
79941
68744
13169
56616
91458
60857
57569
31568
83393
50507
80431
28234
92194
42176
50195
83715
68512
21032
54143
22559
37241
24151
19002
51616
89537
32946
53672
94512
91405
39884
70205
54829
68565
77828
90809
71364
80505
38703
28479
56278
27987
49725
36724
87551
47750
20012
59917
60801
35738
18195
79946
92379
5919
92496
47147
5564
35600
98763
3872
24786
70109
59062
57627
48951
59840
33697
37338
74290
80830
52906
71113
89598
46449
20970
56754
72259
52197
75111
57338
72198
8234
54325
43321
82662
4993
9138
19905
61721
26040
62312
23853
86416
69370
12635
47410
92683
63369
59198
48714
78496
66946
11925
37818
25120
24651
45643
85380
21925
7074
49587
87099
63893
4445
22022
31153
27803
57032
60497
58147
22967
99824
2297
73539
55506
70927
76747
70990
41315
83223
41318
51798
52195
87047
86808
80316
82072
57997
13450
98195
75781
28450
99340
31320
71594
43976
5416
62451
70484
66543
87038
9896
60054
65267
11245
47927
89130
32428
10908
28190
10216
37575
42216
13045
81310
85763
50352
11515
46032
77306
89686
16466
91575
75924
89465
77669
17700
79723
3707
9539
36770
55219
34930
24650
64822
38410
75292
4536
56673
28924
65900
67790
84308
3325
35262
72194
57073
51912
41262
92327
34659
99689
7522
47072
89421
6629
14662
12431
33274
54998
79693
44245
36206
22193
32706
52692
28426
6402
78964
15843
96185
19381
16694
93095
52540
85729
66071
962
88618
91259
53314
43488
88410
4426
85287
47450
20640
54237
44648
38571
5016
85662
33313
9097
86917
29297
92923
69411
44558
15875
34964
46729
95724
38178
20355
92497
67356
13033
38537
86733
40585
24265
49512
82367
86266
33849
68755
15533
61613
32962
94565
18802
47238
67248
177
13511
65705
11311
38824
24614
37668
86329
38959
56915
99705
11615
98954
95046
29174
56094
25869
41253
95710
8841
1252
84791
86452
19216
98431
4692
32627
66565
20391
43650
98830
7097
75101
54981
83144
11218
55996
16848
16187
48503
49362
28408
40249
99414
47478
51014
95856
73016
6626
34316
42433
88107
52478
71855
92163
31594
1833
63680
41722
42356
39349
24525
45240
81482
60645
65275
83682
40460
69031
92711
50752
7760
92120
17940
93527
61226
66740
37460
17177
78774
25753
52459
87483
63139
8844
21740
42283
57737
10782
1569
53540
90200
75320
11778
65444
17739
40648
81624
70736
64188
43185
71173
77428
32464
90498
34412
61114
48130
21291
88800
94304
39847
80614
82654
93488
90729
51874
6531
27110
963
3683
77696
83173
86519
29251
37780
3916
1394
78761
42913
56790
11519
11040
92888
25925
67357
19862
41331
76329
19142
22326
52371
64264
93842
32031
20997
41564
6133
78124
54033
29078
7035
72811
16601
15006
83299
74564
84976
67603
8295
41981
10872
38493
10792
24164
94514
72831
71943
87468
84254
35588
82718
35598
68997
9419
94127
40315
6401
18917
70832
63338
34584
88479
15038
16599
47971
46573
62090
77571
78962
47901
61738
49192
16268
96755
49815
29771
8027
19826
83861
37245
43232
54752
63253
14328
78557
91937
79460
26302
79287
31437
45278
51613
72878
94188
33262
56919
71577
57397
13011
42877
6542
67620
14598
44695
30100
21849
61125
72378
85039
96907
7266
79581
10247
50470
92593
57111
50552
13267
68614
57391
65275
41301
86656
69554
84775
99382
40075
81370
47222
2842
38758
83798
58802
52963
56454
96743
59783
63503
32240
20470
46114
90613
26211
46107
91654
46531
26532
90832
39669
98610
80010
58576
83876
29565
71629
65439
39121
62265
9805
10561
9678
32957
83600
17763
99173
30497
45726
21081
70345
6002
40911
18158
55083
97245
43021
69483
35626
5209
86319
78572
66347
6389
76344
48483
82183
83766
44101
73378
44563
11792
63621
90399
8625
36329
87391
86732
56496
49124
66793
29474
30618
68283
15380
61838
18363
1090
41675
88182
84591
83613
25161
52519
22348
62729
34215
405
93562
10517
87965
2469
61366
38389
45407
9372
73601
8925
64569
2600
43093
27055
12132
3250
84427
29036
19630
1854
9272
77644
76184
76278
52676
15032
19728
71879
1318
20922
38757
28335
21346
73106
24859
50964
38228
9675
22646
40834
3934
47945
8161
17612
97827
23783
89441
91829
46782
76796
63642
69154
17344
21832
83971
98228
28149
15285
86657
5786
54357
45903
3265
98004
47523
54094
36917
45425
74101
11187
12293
10292
83690
70663
18787
19768
54176
37055
53768
36261
25072
85047
38644
26954
22649
1234
24247
88659
858
14069
24052
41212
70583
23725
13824
62916
66428
42910
14528
4887
5000
12105
31662
87689
21609
58283
58666
53239
33292
24845
64645
17760
65253
12315
77373
47399
95105
34306
41394
57153
14672
11302
77994
15877
82702
96027
98941
25379
43436
48452
29087
30017
15826
55966
74298
4691
16053
24779
30616
63772
62072
52326
68209
31241
23042
27269
39321
13216
18797
93603
53340
18030
44928
58477
34042
76159
97570
19508
24170
22547
98654
36683
30749
17271
77179
76398
10856
96971
44940
10746
82060
69103
16224
63843
4338
83852
60106
58814
20993
44383
41295
34000
64941
45137
866
65006
33734
60003
51760
50404
11743
37448
15608
93228
71182
98062
7175
37832
14986
71494
80692
2251
34030
54366
88331
79887
38777
18513
65256
71196
91159
49784
47967
45920
6356
51630
53071
29567
16096
4836
92134
53952
85199
35026
74940
10973
51322
2911
58263
1233
14206
98804
30172
74672
35172
92504
80922
19066
20265
62448
637
64091
51111
3871
61296
33548
96433
94760
85920
96456
84145
80471
81402
38873
39011
23169
13096
2663
94129
50613
29042
14818
65782
30306
99628
61554
40746
89680
24531
45076
62668
721
72918
97710
19913
48322
65199
18063
31079
5659
75017
36927
96387
47020
28692
16836
33220
38753
6018
38498
42336
62397
1074
29778
57611
40555
84632
48454
16635
55684
20771
38680
52105
74774
29486
42893
44657
18704
54341
65853
96646
44124
89639
55549
83330
37804
45116
86935
13055
58666
77835
8732
81208
1084
706
41006
34093
94537
85023
91786
68345
99345
10396
94671
79077
5956
79638
56207
35719
96132
8452
41742
8305
78404
20173
21546
88981
67265
24339
45161
53571
35854
34557
11268
86292
35246
85881
52814
47017
39957
44850
62673
95010
48943
66370
43855
95598
44064
40767
80043
27006
83929
91643
87211
73429
89982
30561
25150
37353
63872
48138
18875
29274
60350
22763
64262
96172
28370
57957
69657
31433
24526
17309
15790
68398
97616
11930
17
97321
40877
9561
67716
61219
9284
76723
23622
79970
3364
35741
58943
23967
28035
16978
26278
8747
45310
13294
43712
10226
53017
98524
11858
6538
38239
54688
83216
36912
73772
63657
31893
30670
48686
58188
33560
99
49918
94517
80440
9836
40860
4088
24211
32359
15012
5571
60888
74285
38048
9944
46063
11376
29980
31219
56330
1549
80668
23308
93279
54594
36499
99536
60149
24966
43839
55491
28030
59686
85738
8178
48454
77273
2372
84853
62288
75582
42823
43446
1009
66519
56073
83152
75801
13841
92445
8542
2296
6584
53243
43463
14405
35132
95974
52031
79348
49559
75265
13179
37793
70571
75500
12509
58003
92243
70180
60608
10902
62706
25157
20513
44206
54047
48124
28694
58051
35897
75153
23676
62013
48544
76538
54363
23965
30860
58875
26143
4922
95953
38019
57015
10830
63150
58469
58274
82194
48803
38724
24685
85528
90332
29281
17633
66776
28064
80203
51372
76176
97624
28559
47297
76497
91986
32556
4072
2121
36766
98790
42481
45152
84937
71810
23014
6535
77877
81079
1517
65130
38482
69391
83619
85731
59084
58956
62181
8221
21987
46610
73708
34372
43665
57991
89397
56243
65007
32015
64456
50679
19490
51625
5329
98131
98717
84539
78628
70808
520
48594
77882
75129
88662
70301
84589
26515
15122
62341
8614
80721
56089
5982
69633
45269
90975
87813
86096
46947
10120
6633
71118
36929
71336
36021
95709
73744
38038
835
68940
36156
22415
1765
1920
82949
25958
1090
67858
94672
16641
64905
44038
3608
7123
42324
23181
42526
1581
50580
11461
20233
60132
26410
88341
62500
89268
98756
89450
40637
4320
35591
87857
46791
25714
18495
91416
65007
64592
2697
44216
30127
25378
27340
18771
62837
2956
51047
12179
18432
80331
1206
14321
89370
39029
41918
99033
57202
78918
85161
253
98190
6782
92492
74300
8726
93650
40495
16698
31606
19778
52147
97422
32289
23112
28467
1914
95457
42191
50000
16938
86497
97650
56115
80084
49998
87847
51585
19662
97877
83592
34525
47760
73493
94572
87562
33392
64872
45779
24946
74957
80155
46097
42340
11642
91395
53173
73150
61914
99087
38804
15509
53944
69059
37293
57410
17551
45852
15556
93977
40205
52247
38267
511
50617
43312
13898
97688
82655
95139
98243
21160
89562
73392
878
86831
23895
44861
86940
25201
72134
66388
91768
43410
34552
9873
69100
62026
70738
59479
74937
65086
89082
47757
48603
96563
44543
81069
90154
34162
23201
41528
49019
72236
34376
42608
32573
49620
1490
58627
15351
65296
41415
44534
79680
35084
48676
11714
46748
55894
55687
27968
63462
60615
23103
65429
94940
66315
25392
28809
35052
41213
35917
58237
88173
41728
83074
15868
94142
99934
44472
33506
65402
73882
69645
19686
80397
8492
73478
98972
30507
93102
22284
83668
49170
43262
42406
58706
61306
79003
17228
94176
78748
19544
2664
86749
33117
65296
83460
71234
81426
92013
13059
36533
41654
39087
28325
26464
15659
34212
7063
5252
34994
60050
41077
19909
21551
35006
30401
97300
89420
49875
65382
72385
26972
74866
52464
55938
88862
27373
56779
14990
96532
69897
80086
57309
92734
89631
66135
82419
20717
96472
27169
85969
1925
64617
15091
81731
67421
34391
18708
36040
57697
85602
54524
93193
43157
91433
32694
7161
33266
62821
22038
84859
36205
97208
8445
89353
2844
52737
39501
47509
38968
79187
74858
55947
97870
50315
16643
81601
71801
58815
77102
8718
85247
54685
51728
92874
55569
30579
5273
44359
27300
83594
45321
78233
5211
11936
53530
36445
8257
37039
68162
8566
41580
76992
63208
52019
37007
35455
49162
40138
43799
11809
28453
46941
60886
82868
74539
11190
89434
54249
67860
9153
50288
30398
14106
5389
54719
6227
90671
43978
38831
40493
15735
88775
72119
31278
11004
20618
28875
77300
34003
51836
67484
75327
88666
23975
97136
73548
84036
13364
24067
73540
41
80942
60171
49347
36577
67717
45671
31164
67584
55302
84502
83289
95281
82141
16182
91230
1430
30382
51129
61234
22263
75784
77769
27029
31625
23593
9227
53184
2906
37053
75004
22233
34519
2001
78759
93630
65949
60939
37169
26555
81807
93076
86796
65757
99874
12966
96023
99857
65758
9749
47294
14913
31599
51393
61289
82568
79133
33923
19105
41707
58500
64321
1126
55325
53310
27577
1980
50164
49775
3333
99850
75718
83142
65610
55331
51283
58164
20319
90185
5031
92045
9552
49518
47432
8043
39114
82280
62871
15852
66297
84435
47933
50910
18610
36791
72570
8932
992
35140
91260
4270
88956
54268
85264
1097
98219
9318
74213
14946
67509
78124
95522
58817
90620
26328
13482
12819
86165
33455
86429
29247
99097
52603
89968
46026
86716
48964
67012
70595
53731
53173
51280
13623
65866
34268
89884
97329
89564
44069
72769
36726
76560
9844
62030
93767
36374
55378
2511
34160
17250
11888
86582
74528
46603
39720
40624
93610
65756
19343
98518
95395
30551
85896
28298
54314
39344
75369
82135
43084
93005
22496
46952
42288
87679
520
83223
57442
90427
21212
52885
24124
50285
19888
53799
64585
52841
34628
97823
70359
35148
51489
92316
24505
39568
28264
10760
44432
119
28142
67223
21638
22947
91622
41461
58256
43734
50131
36773
51937
19178
38009
91045
60410
37115
90882
2968
84940
10431
27903
80015
47969
53578
2955
62528
4364
27364
75623
29144
17989
77589
96589
42788
55737
86187
24078
53596
99667
99723
88087
35388
54585
99411
97345
95670
33173
29246
40291
65679
33677
4433
65858
46579
86206
80973
42415
60709
32871
79077
83963
32622
24241
18043
1519
3691
60044
38260
84609
66170
75532
57248
42860
87848
76648
30896
40939
86839
56846
68558
41409
7511
86393
81197
29548
43240
50971
25477
31795
49375
30576
43505
55174
90715
51999
87885
68933
71801
18572
64792
21580
5422
19408
23988
36608
85044
47011
73981
58413
40184
6948
3034
26284
70315
86133
42210
38774
72478
57364
15422
33397
546
36869
83198
47297
19961
78946
1856
43395
50773
87135
87843
83479
23924
44956
98168
4810
11008
20870
12194
10044
26059
81908
27478
11597
39500
58336
62941
81085
88934
37753
96300
42031
19275
31177
49559
9781
35568
45959
76257
26420
5840
20780
97254
60419
8492
26517
78040
40893
78949
13427
39838
74515
73695
89877
49244
49537
36320
50771
36692
65785
19826
34841
52735
42146
92190
79149
82943
43737
28077
56419
7172
39844
68597
26236
7000
50644
13097
4672
96346
65856
92292
58577
74591
21675
60358
60546
78952
3684
35155
98484
43446
2934
10356
19729
55457
89953
61019
3849
37750
87186
65025
530
73689
14209
66783
39351
36531
52031
16772
16809
79797
22908
30709
92603
95102
10287
25517
81961
46214
49886
5800
13737
43709
7353
94119
34985
33276
20561
21137
81952
32526
25322
17598
4636
66126
2139
79068
27534
17126
78597
6529
52693
33543
97087
61156
62866
3589
10784
9996
62343
40356
2139
80749
947
97367
27629
88515
62711
70052
80100
45091
64929
25060
25759
12300
5536
39247
16722
14841
17198
23235
2000
85260
35028
50648
59898
73908
61498
13436
53025
20138
16900
76142
63464
47478
96632
7525
117
15162
17606
26668
82853
31142
25244
12483
98787
7605
49802
90494
94883
18990
46201
28831
18043
4656
25028
46558
38935
43594
84091
61794
99047
16967
79645
84494
1789
65735
34350
89358
27945
45298
65038
88004
93384
76796
27540
56362
82626
95623
18094
63203
85770
1691
41285
88755
38180
23110
52977
18579
12514
15233
13388
47172
40817
30343
40214
28216
50824
9819
34639
63961
85020
70199
64104
34909
33666
77341
24835
32801
53682
28758
74477
74827
64127
93190
20522
45065
6019
88633
73804
30348
29299
15266
27979
92043
22990
98127
5680
42718
35944
35872
19963
77191
45025
96587
35700
41174
15214
49384
79711
7539
61797
71365
40737
70162
68678
23591
20749
58384
38824
46759
47640
21302
52934
87596
35988
30434
90660
30338
87372
1737
25064
74156
54646
43522
35432
67039
55588
95504
96208
79381
10506
36043
90504
76418
95697
99566
65501
27642
50017
64244
94022
73458
45393
41156
31669
54619
33764
20529
62114
98315
12688
8060
4522
46347
9823
14887
16499
5395
72461
48491
63625
97177
62507
88610
42284
87162
99537
22186
36410
74515
65025
54441
60706
33048
79308
9373
92992
3261
89576
82265
26589
48876
61915
9246
79953
7814
53371
74525
85278
87175
51010
84586
40369
74538
4136
467
48816
63778
43105
34175
92334
22596
73569
83373
76135
61100
58537
99637
63254
96015
52302
59927
67020
43480
30043
38350
2172
14906
64860
55835
4615
34982
39988
19074
17398
48691
48149
46859
6233
35041
22237
21920
11694
99268
61975
99398
67245
72352
69704
49324
12302
6972
85121
9751
7801
22384
13583
79646
18053
17236
75487
86218
57158
38916
65281
20043
10853
70851
97822
43159
35375
74982
37071
40261
3784
5699
47548
1172
17147
93620
82471
93979
23104
82857
24204
12516
87533
93807
22380
59346
46404
74969
33022
55925
24359
1984
47971
55359
44188
79764
18143
69955
67045
4546
16366
15716
97147
46622
56007
19005
56634
21702
80107
26783
86381
29070
62407
11146
56782
48085
16436
61328
78849
1106
91747
11907
90478
10507
47404
64640
55299
238
32008
23154
52259
18253
66818
74701
52958
85124
23933
21202
80684
6297
15051
83032
20236
20711
57959
73306
829
96837
67719
67855
5706
28767
27399
76664
71586
29536
29253
56224
28649
66679
41405
89078
97504
35860
47373
96757
3400
22430
26205
45415
89962
57909
89479
49603
14778
38625
68157
78998
87428
37123
46984
25298
66868
3478
77110
92085
69570
23256
58592
29148
52405
71627
73610
44561
24987
79018
68549
92768
15042
2689
28443
54988
57329
80758
60875
99431
1759
30432
8055
33162
39558
40601
35588
34861
27678
457
4350
88307
51138
401
17952
20115
558
39290
52380
82047
57897
72933
16747
8186
77222
42759
64451
20307
19339
30692
72590
50981
49194
96560
34159
3272
33175
67691
62307
68300
79811
66896
88867
77552
51820
84659
50397
75468
40057
24079
94139
59688
30648
73030
3571
51254
15421
86990
38656
25146
92751
98096
9413
52721
80999
1289
53112
81932
19969
6734
65152
8650
67150
89251
41627
72981
4974
10089
27585
48166
62939
34144
29175
76442
24143
16607
40143
46226
29646
87012
53551
98014
16023
15801
78138
92592
21611
8774
55391
74477
75118
38152
78185
15942
36670
85523
44760
32541
95790
41525
42835
19753
43452
79911
47827
72168
26023
99499
36420
11594
57807
6518
62137
68506
15827
91998
13128
32483
65624
44091
73997
11568
70039
23609
43336
17932
14311
22544
16498
27810
40294
19988
29196
47331
20190
47613
71680
52729
15920
77738
25508
63307
64095
51052
45362
48646
98543
68143
6882
67705
72415
79266
68145
86791
70144
20169
47219
25820
5860
58263
1116
37846
89348
33099
2510
35536
3220
97826
49753
40084
75713
94211
12983
42996
52364
22790
14564
39239
66770
1871
65602
11459
85771
44312
31957
19253
57592
19458
82949
74971
22832
9032
83875
68036
57662
10486
29481
33505
6209
89010
79693
47389
24783
30322
51203
71194
4506
330
38913
61216
60824
74904
89761
4313
78521
63264
28153
41183
79047
11824
36958
90643
33341
41889
30963
93942
77789
44192
20738
56854
3554
26034
53965
79092
80263
82654
38629
25560
43833
43471
97850
11982
25249
25965
79664
48674
22165
15215
46742
10525
18428
75498
811
78704
37991
91844
54438
30150
79134
34093
48908
34648
12514
33722
31044
56036
42296
64625
44134
44105
23454
23006
58532
46764
315
8681
66020
68257
81500
20348
88713
48541
94663
90749
8023
41358
70743
4165
2164
24116
91959
58300
91675
81374
334
55378
31608
65549
4285
33149
56329
53409
39655
75499
78270
84960
38522
74500
65508
92565
34252
50975
74727
2405
84445
79054
95875
17869
24801
1663
72759
75015
76381
68574
99849
93914
16375
76330
59724
36549
88152
40299
57871
21846
70278
83077
31972
41484
46108
80598
61339
66353
15702
67572
78810
32799
69987
67246
92232
50279
3489
76974
55533
77587
76383
10733
90437
73516
49247
72458
49048
39636
4587
9966
24784
37807
38098
78211
64586
83115
49551
22789
8826
84106
88317
79810
87041
26516
11770
76687
27357
74134
96130
9851
95429
90988
98814
70065
64701
72771
8932
83735
34006
12193
38302
39516
50775
12924
99206
73503
68536
9845
87071
93438
65951
49510
36380
32595
81245
34055
46303
37416
70729
34205
78924
9440
82967
32633
17392
41737
51232
67580
33919
12758
45997
8482
58292
26454
96548
10290
56382
16469
86171
61226
25136
64366
48928
59928
85615
17100
47688
32216
8875
27317
92857
25213
40830
81575
69182
97049
1710
26205
74010
54132
23326
48285
34572
74744
53078
20085
64123
97683
97480
69328
37199
47720
99966
94766
12774
15865
47819
6802
10760
11703
81308
36279
52100
57549
34440
21055
5567
99716
71240
49623
45478
70870
94035
13770
13638
49293
90969
98169
96153
25788
58802
13782
71135
7042
84034
64107
56869
55450
90490
18515
91676
89716
64711
55350
6483
47999
51861
28934
9017
45923
74336
9257
84599
45473
62819
40898
32637
87617
5315
68584
236
31422
13481
80807
44737
85511
77576
30051
55530
13900
31457
98428
92161
47554
77234
90905
50509
35464
25595
54804
51766
24607
92237
43890
59932
66819
53468
68120
72749
12473
4757
95990
98236
65752
84856
5433
24450
44398
25089
11357
13572
8000
58506
33138
3141
93208
76825
3800
76980
21686
54416
64080
76329
27208
68074
29235
57692
81964
28922
64188
68075
88987
8484
53481
598
47523
84854
6533
13847
91271
56835
95795
46877
45570
74012
85687
38441
48962
8978
73536
63813
36966
54246
30287
35449
91511
60871
98347
74817
18114
48399
76691
51831
24750
6486
99253
5663
41276
77368
91605
6073
36345
55350
73056
87957
59943
64566
56594
93469
63990
79492
87416
85853
30892
34043
52345
57030
70497
24549
87028
37037
29592
49521
5588
27541
94917
44808
78260
23986
60575
66633
86559
61279
73829
46944
92658
16525
69430
95606
69893
28912
51951
52223
54709
51694
88058
96668
96850
34085
26190
11932
4242
41939
69820
55447
1747
65228
92302
35804
48872
27652
96225
10612
90502
9074
88275
18204
46862
15059
61802
31043
84169
79424
53591
71836
45807
65491
68789
64775
65366
39674
48505
3749
27524
27034
88284
6998
90478
22603
2481
93393
34543
24592
69499
59366
55524
75955
85921
57502
78578
49370
3755
77891
28589
87322
24336
11563
56385
13781
74859
31682
86705
66847
99093
62638
23388
62821
52509
19790
20065
91259
3883
93307
464
57901
10358
18440
91480
37759
51045
21496
14278
74163
75387
55899
63941
61273
46895
45955
96565
77294
40222
37253
34212
93584
80193
12152
92739
70858
95034
66359
35308
67859
92892
58351
55223
30152
60675
37239
95778
97096
27307
26632
21903
63612
29670
92175
68668
59987
68852
48633
5072
67775
46725
68778
68054
72737
28476
40760
41283
66823
85381
83293
76051
50334
33943
68654
77472
52713
2455
22405
8165
85796
24101
65654
93776
66919
76920
40816
49901
909
65268
15047
88396
89796
64839
86849
2503
46974
33894
30854
74936
28585
27029
3359
724
59067
34622
96925
67580
20064
11063
76202
90509
92347
47900
49101
54510
88884
94272
27542
79500
93910
26276
10226
84950
27576
19375
76242
98221
88714
83528
12749
20237
89268
79388
12632
34871
83088
45760
68702
24297
9116
33440
59887
31586
14339
58605
71817
93920
95473
60154
19317
55081
99978
69680
41536
54235
56793
80213
21794
79543
65077
30436
43690
69756
55317
4770
32625
44691
51266
86533
47613
46412
3522
91331
82096
76865
35903
50892
4450
24933
44377
13756
18983
86057
14910
78553
56427
90995
81405
78018
9282
76768
27817
87499
11855
52502
49566
40364
27417
35572
28500
94560
45624
59414
42996
9506
12216
83292
30154
60559
9958
66496
40590
39506
84890
4674
78004
63833
65194
64380
95463
44969
51301
93439
28270
46270
65360
29338
79305
95203
35783
75623
36908
998
58296
67155
97632
68981
18773
99079
86632
95876
85114
51489
16963
76541
75520
2040
5746
51923
88729
82106
69930
80476
38147
98628
57290
20821
66260
13388
29343
72145
28322
44212
2020
30642
25038
28505
67216
85242
32800
68483
63743
93930
27008
59633
39780
53178
19118
89165
50510
97285
31271
79613
64496
41908
13691
44226
10195
16592
69555
15447
80078
14839
89584
5500
23973
27025
14361
59015
5544
11468
36226
61597
66202
1974
24552
75400
39319
46391
8325
82997
84241
20042
78165
34229
64394
60310
76260
7224
76707
24236
27196
14395
50561
79699
25203
6979
73696
2508
34130
57577
69741
66755
75247
29131
47471
83775
74983
70927
65422
66280
19800
17453
7150
68573
18613
4326
42217
81130
4517
56998
55890
38470
17083
52601
66564
32879
94024
3002
14104
13386
66824
58085
94573
89335
98711
82200
37204
50960
25368
13920
68057
65546
58854
79457
81406
7111
93429
93482
44736
29942
8338
47598
96098
1920
97075
56337
53645
72244
65230
3322
46293
59980
29780
6093
91767
14800
21492
97107
93688
19366
39108
570
2889
73961
29077
69975
89828
28342
67793
39644
4711
3164
4691
35027
59909
73969
83990
81188
55216
74344
474
46626
80725
11739
60458
60477
74326
79328
12873
45131
81280
90385
87440
13459
61844
57843
26966
90049
19571
90999
29003
29282
77716
83785
18517
19532
14072
24605
57610
82462
75609
66382
61007
99071
33426
57334
26686
20093
5844
47899
9921
47307
72856
57315
65944
4472
28675
4528
61556
51834
70825
82464
9233
36553
3947
82088
8606
12888
44448
53272
89688
10600
48141
23194
39804
77817
47170
79756
61919
75441
74826
67526
55871
54218
77244
36704
36042
2709
59530
31842
99048
14630
90502
6366
33283
87464
95044
1367
18479
30679
95946
32712
97945
31585
28180
89215
18699
99565
37678
56416
25490
85321
94000
45470
63498
50775
91674
24700
91507
47389
88516
22574
32438
45921
30927
95172
91332
49025
45904
28656
52265
9589
37472
77814
25081
72354
11217
25456
50507
54089
64804
84242
87867
78495
24637
52467
3503
86003
79210
78398
49967
45768
58270
83949
76144
7407
33531
47793
36698
43414
71501
50450
75577
49682
51865
39465
42774
91207
75923
81476
66157
2775
28730
29776
40902
80348
25865
50950
17887
27827
71201
22188
69403
56043
75520
32101
85639
66042
37543
92175
8586
87137
68698
93425
41400
81691
50840
23396
80686
73216
52226
92351
6822
2153
91153
4269
33093
64547
28989
48270
58331
42860
94716
79101
89658
95266
91653
1545
2075
30066
13680
72903
79844
55188
3067
90163
40958
59302
14930
34027
80469
50639
14367
652
81043
52432
21482
63784
29827
29701
36802
74921
49578
1181
24986
27161
98942
72253
8286
79650
21918
10042
22838
63791
29718
70207
20703
69875
79604
76437
58426
43319
74764
48328
98974
3413
46864
71038
68025
34291
98645
1022
47904
87761
77806
6127
62849
80726
25329
45491
7824
66109
91570
4892
99785
5487
41602
16641
85042
74122
77690
9542
19322
84617
91209
54135
48126
24109
18955
91147
54182
61764
19488
56983
6023
98235
4013
49076
37186
96842
53270
6053
9035
57418
27002
12930
61852
68066
25798
79906
38678
97540
96451
84872
74250
71502
81439
14331
77419
9621
745
85222
99637
87278
19953
80983
74321
25598
2393
89229
32369
6587
65090
85508
47610
56342
58384
67899
42622
38630
67265
10547
90177
53559
88884
70773
78428
41637
75095
54008
69032
52217
41550
13543
66548
47110
35550
38001
34721
75139
23712
58400
40697
71419
7495
88826
81732
6391
99709
5
50627
33904
98375
13395
25894
65128
75624
94973
30597
25614
58825
22493
89794
36519
18701
97750
30740
97835
94951
76262
12218
41399
83694
90799
39838
64526
83073
52294
22644
51292
43428
21953
53032
37834
96665
61730
46792
80440
45825
86859
62964
40802
80286
63759
34251
11476
44674
19373
77894
66420
30249
53892
24194
36399
76394
77816
95275
77170
66804
26421
90212
19463
80074
39981
84333
64188
7594
36442
30256
13649
83038
44771
56146
10193
77152
11832
92731
87342
99217
43366
24741
25327
12206
90581
54740
42861
12578
47808
87740
50037
47557
83853
93492
33483
42893
89896
80045
44146
92295
90186
16907
10598
16090
28281
79104
6255
31116
11203
44414
57640
86481
66648
65254
92611
10513
44243
53967
92427
83105
70884
65662
29586
94598
52280
36302
44565
77473
98109
35393
38907
328
36549
22427
39539
94964
75479
54094
19774
46892
62240
75391
46143
17148
91633
41834
57011
79039
12676
62325
68889
47302
88689
22607
49394
49093
72348
47778
92033
36374
67671
89006
77280
67436
64206
74364
6855
91677
45260
46600
53703
56224
91593
21739
78840
15561
24765
41509
28055
66089
60222
59919
36404
46343
69189
99715
36502
40610
80567
37950
87788
98752
89306
31607
18283
38297
76080
73957
97784
26158
84611
80281
42013
46882
47610
37583
80915
51851
58
17119
11152
49655
69427
40826
92722
41634
86459
13147
42770
28626
17223
78304
25786
14996
77449
39701
38743
14280
53504
82950
42143
17130
20889
76909
93534
16675
20743
88160
98715
99067
27626
33511
7695
97669
17700
12409
47405
78183
25465
6524
1215
69031
59288
7349
16508
76347
31278
34274
45890
26197
45381
35407
5048
57984
79114
21314
60812
52447
88961
67891
46721
15305
67221
38730
40153
53261
78977
19636
25054
72985
11849
28367
7368
5628
78328
61183
46432
9537
20752
64478
14960
32059
82343
74529
2636
17662
24250
51321
33946
34088
88157
43445
79529
50836
26767
60208
2174
45011
50377
94397
93527
28400
66718
34542
25614
86640
23418
29061
62510
96411
97645
16325
51786
39826
15910
14471
42793
66535
28490
72694
59446
63531
7560
21803
88812
80237
85896
25960
33679
22200
3862
29817
17164
70529
86424
15697
20544
6213
29046
33958
81636
18557
31580
46377
80401
55165
82655
27158
90871
27282
63544
99078
84071
18760
10148
43329
25302
59516
44483
10769
20960
15069
62903
79575
35009
12596
47354
49708
13301
70921
48027
38141
25118
26939
71067
40440
55632
54203
93359
54103
60411
50766
17919
16938
23684
32815
78053
99830
45757
8247
96179
7384
21782
20068
4133
82220
64035
43326
35711
79117
62929
91269
9413
73729
78158
36519
29534
97252
702
81279
47172
43220
28870
16919
39213
75504
57097
97792
82972
77632
84935
16691
26951
22708
15472
10113
84010
10486
27362
40324
2302
13574
72719
98195
1403
98264
74314
45893
96367
37177
69822
71699
70778
10644
78341
60613
1388
1708
44919
93849
81582
25635
52568
77933
38611
98988
78026
69841
90481
45612
7484
8453
42322
57280
21559
84579
79251
75277
4982
81916
72942
35896
35794
99492
82547
27544
61274
22546
97067
40129
73401
43210
35943
48388
55331
45005
97356
60010
82200
55860
19633
76655
24490
43214
140
61426
20278
71742
98178
79852
53865
69329
33659
83097
2605
50160
81703
31943
91201
25118
54812
17932
23288
89171
58916
24154
43820
13018
7302
82288
22612
82005
77364
24805
39286
19125
99082
1639
92997
951
71284
29192
56442
25394
11983
66168
43026
18436
62478
65532
58459
73309
81411
34812
63664
97
84566
47972
84522
26290
9017
91257
65836
29593
6034
92706
81818
3098
96220
80415
83475
49925
52455
38192
84449
79517
11471
78887
61209
31032
53279
35485
70909
80559
29162
77932
70800
98435
63576
99727
56785
10473
3059
82462
25502
82674
36131
38772
4297
92821
62152
54571
86458
74336
44273
99995
55343
17881
41814
55115
80288
94401
80840
1282
19664
19646
88163
61868
72003
14710
83657
37217
74794
29686
98510
67752
62395
88289
62928
76497
59417
80134
85792
87676
4025
74316
30928
91568
66780
53072
79868
27487
54970
67485
59387
86515
69808
98568
3589
93547
14462
66535
14956
14218
34546
68640
86511
46469
9548
41720
48146
98781
3581
39409
4152
27502
26935
85959
36129
4263
56087
18709
55693
11101
9141
59469
4799
15716
76120
61418
17986
62192
59095
62612
80470
23549
85815
39770
38795
1643
22343
96745
46610
27237
25124
40930
57130
8456
40980
97824
6012
99384
84733
89074
63583
12213
98454
52538
73766
76163
23794
14263
38549
54260
99399
31734
51451
65141
29132
15362
31229
21178
53610
893
57914
86515
97534
89270
67291
79031
58324
92441
17050
88755
47801
23738
98105
61927
97937
49630
27949
4703
94168
76027
29411
93385
5298
76792
67821
39104
37753
84681
92340
44049
53720
55699
3078
3613
57675
86671
44657
54240
73859
12813
8965
40286
8465
37194
15135
74885
14583
47187
23141
99568
55438
54367
28927
5321
91986
53779
83581
63788
4636
36103
76857
31489
95688
1954
26207
32197
9009
21424
16488
93059
46548
53924
42638
8539
57458
93484
17888
32961
24949
32914
23427
57186
78389
46551
91960
7878
13781
75793
37217
18857
14408
64242
64244
63185
25265
29961
21157
1917
49822
81246
82069
872
5772
79236
83015
90292
97548
25824
67959
93950
37758
8527
40345
34005
77111
65338
57164
25871
82966
42039
47116
13350
40344
2077
82234
58464
36041
14790
83187
92720
26442
91658
92497
56907
82682
62199
7025
5112
53006
81241
21354
25260
81491
37513
97044
33303
74727
89858
39273
31056
13645
91836
31973
78747
66334
78087
55367
22488
69540
76531
85627
34171
11465
79367
55462
66684
66542
52752
36483
913
4086
90195
89529
62605
16988
17878
17447
17009
94112
41489
46381
7073
90582
83620
56203
87042
33859
98372
78520
17446
40318
65548
81532
29765
6975
60643
65035
39449
86080
68826
96004
84529
46489
61210
25420
93695
75045
79906
40408
42516
73616
84738
22231
39387
63053
98945
346
93800
13963
53787
15450
58741
86061
72731
30346
6247
72771
54698
56453
90620
15833
12854
95910
77278
75844
505
34483
66926
19011
8909
58875
24500
7789
53119
13502
30230
63694
71493
56486
6232
4224
52071
22321
36186
42679
64754
49560
87929
79584
22067
85904
69230
7497
13264
40144
95528
97175
56620
10728
25076
32387
92983
84048
21735
13102
28
62086
38542
52348
41071
48653
76256
50731
74973
96244
60195
44412
44324
91375
96000
87305
27982
35311
10361
46274
90996
59179
56263
59375
90045
97750
63992
31422
95764
34542
48908
18669
74631
22383
44912
84912
32621
78238
18564
95050
60383
48811
32971
48920
35440
44357
72852
48202
30757
42118
12595
32218
50993
67925
7652
14679
67853
74771
16281
2712
54175
50542
13440
81970
22733
3579
41523
7185
60219
94400
53692
46204
9462
4630
44700
87383
93643
60103
31387
35148
95161
54077
40448
86584
98715
48644
84612
3138
83324
67671
60007
65796
1188
32969
77297
29576
12663
36935
47085
73716
56083
89480
76081
77639
18766
24862
94744
39600
41272
4897
29340
94842
30802
9027
51815
83178
81638
58857
89378
62090
574
85022
52375
60757
13572
7638
43811
22869
86153
68070
46787
91651
24572
19406
47149
49202
37381
55751
37827
34084
27715
36373
68592
26029
55504
39689
50409
4698
55758
64253
97064
60632
24190
79127
88428
60814
84650
14415
69493
48764
34211
74248
57230
89582
21196
49108
13353
54110
49048
2165
55233
73164
14667
5172
19489
82726
83683
3442
63207
24091
77098
96605
86238
59094
93851
32052
84737
9927
22052
21382
851
35435
98009
6661
16373
11392
56615
22925
49257
90925
79294
26130
50991
83077
86383
81606
70156
2445
39731
37113
42885
10890
18207
36672
94477
93512
3961
66663
88091
85387
70469
63995
36205
93035
94752
57717
98472
35107
25645
60019
25599
60524
27558
70359
73073
89069
84928
7315
814
59410
96391
36760
95264
62573
9668
22117
98946
85100
48279
82661
9189
85421
59406
9243
12507
79419
68567
53321
54023
16738
61262
74778
2356
88075
24324
6798
59579
15495
70436
71927
83097
42788
38139
62459
31751
60899
6600
80412
21953
74722
89546
17615
81331
41783
75939
44811
17153
90868
66372
70166
74703
59135
13605
22235
46814
70007
13247
10152
9933
10911
6362
14723
4368
59904
49559
68089
46778
53267
80164
86748
61525
82365
54113
33000
44113
57357
62463
93236
24802
77810
38764
78013
83311
5829
53980
68471
76628
45985
58283
56422
81074
98176
69732
51290
17035
64470
28726
56114
20246
59055
34063
46951
46965
91614
51571
25232
52113
68750
39453
51073
59192
85544
65889
6977
48709
59883
3865
86029
27895
95879
75816
46446
8642
49546
86406
25186
12871
9802
25582
57374
44964
972
46050
5383
19427
59120
19381
61699
8586
33894
53212
53050
79956
19961
8330
39815
25765
27737
88913
74324
48216
61741
91790
54425
53179
86777
Time spent: 39
Itarations done: 8386575