77842
72472
9094
63969
3173
90776
73791
65432
62769
38682
75946
69513
344
32229
86936
65044
69161
59735
49596
16978
28739
94440
93816
34730
358
15819
3812
38457
66638
81921
32734
82668
25170
39277
55301
23567
96494
91814
59799
84215
42707
75677
7039
79929
74534
3007
25783
15201
11927
44417
71647
53048
16067
17322
49642
87795
29125
35210
89295
23179
42196
51617
65657
69014
61548
1754
79564
21756
58643
4623
46131
86964
70355
38947
91729
34954
62389
47346
26621
54877
81109
54935
42911
86982
96824
10866
85632
68040
85019
74363
58561
20658
1128
70357
55744
53675
79125
34125
54720
17866
24563
49153
68118
78859
78634
57956
26506
27467
1404
91699
57336
46570
59609
21192
32291
93234
7185
79203
78524
34912
15211
42023
88017
99401
41989
86822
13718
59627
33708
60576
11095
76398
11472
6219
69422
64946
31432
92141
78362
34347
1317
82296
92313
72880
98918
65882
87518
16904
65843
37962
55039
46010
43398
85353
36530
93027
76446
85733
89076
43865
35876
72155
60428
29233
599
50021
66586
77962
95968
79052
89962
9937
7094
48913
58238
95591
72731
83879
21571
98453
18250
9294
18930
47418
4664
576
13110
56218
54761
14115
78391
18981
67094
68662
44797
62834
43924
5665
38584
31169
40158
7497
9827
4498
86917
93644
4894
39751
55562
46635
24109
23403
5850
41890
3031
89036
5343
68622
69581
45678
16282
32571
58611
99749
20825
25548
10546
30461
95918
31682
41372
96189
54973
15690
47502
7669
45172
4667
970
2753
26351
31573
97892
97049
60322
56000
46308
64913
7887
15774
18256
26090
64932
91548
45361
74706
68644
85806
7211
89370
70277
27546
47441
5831
1808
14392
53740
16917
60440
95017
54854
88422
97085
76480
20212
44163
22816
13455
95913
78579
40723
99309
74616
1076
69696
32610
76245
2733
51350
76868
11443
63027
21664
66197
10364
81929
84840
35057
25669
31003
48482
66352
60438
66093
66405
58904
29311
33704
88191
12680
34230
33376
33120
18144
24986
69147
90109
14705
19145
34638
95080
52497
75935
28310
52445
51556
54352
88167
48394
2977
36975
68432
50231
97727
67919
54693
98222
550
35817
28522
74257
8724
30930
47791
75052
48480
19206
4668
26746
65434
5520
59738
52424
59684
3351
27718
44431
1048
88797
7917
99309
35424
93076
10916
44774
59360
79597
31825
25333
96668
59159
60066
16007
58269
20019
95788
2059
4449
88312
63809
96708
57324
88710
77443
68536
30543
45247
6577
15609
53122
47831
47068
54295
64799
11293
71824
87348
51402
70677
67847
78027
70456
89001
28093
84860
89657
1892
72140
5115
23756
87208
15505
34112
9094
27239
93832
72247
99201
26000
75249
1888
99765
54873
61859
12302
86773
26034
89645
72324
67706
35071
84960
37707
52448
71665
25371
32898
97904
70377
82760
65485
78323
62346
97414
15580
11925
93107
43244
92182
43697
91732
96338
63833
44029
12178
11712
51878
33432
18961
46444
21194
84601
56199
41283
15495
84912
21556
87390
62105
64726
64795
60034
14593
9935
44398
96869
10723
80733
5101
34851
97867
52876
84237
96897
18405
82546
15391
37060
53538
71422
74175
11315
95563
74656
2787
39938
55853
51241
57586
67068
18601
3551
47004
3155
18885
90887
65931
56842
57635
30433
87089
24246
65849
18281
39905
5633
95698
13048
93097
62186
47124
25093
58382
8843
35135
45451
49670
63134
65189
30353
64606
34457
11889
29544
3451
43449
89689
9623
4089
6895
63378
77214
51322
10023
70806
51052
13651
15119
20678
66888
71371
23046
84167
24646
26076
12559
20702
3348
23592
31247
65478
76081
79826
1448
59084
54626
72227
34714
18081
81383
48261
19141
29469
64804
6737
55360
1657
23814
27837
68997
19920
66557
63327
20110
35254
79274
49715
63397
62130
42261
74007
86899
72866
21568
4242
71484
54156
7490
95111
68548
34749
83850
92761
89199
2373
15741
92256
34598
2683
37577
46201
74184
53351
8206
83675
96188
12389
75309
74890
13149
11352
57421
68881
4048
1294
8666
39064
14263
62170
78624
94626
14682
94853
17791
54506
42151
48987
7647
35088
4827
39634
13631
72780
38083
70980
69167
88263
39266
16355
99365
507
92927
352
84153
15491
22063
91100
42323
47139
65444
38519
90331
76087
86312
87892
92704
15685
63500
57130
74488
34029
2466
90844
10434
75838
30788
94645
40465
38637
10332
9080
86483
83961
6616
4156
61638
6225
4807
62642
69983
39379
51356
73166
91744
54655
30432
72564
37460
91442
55128
61030
32854
67760
64846
63345
65513
36792
72292
24745
84348
91583
96217
11001
93277
71311
49331
28817
21687
89385
24722
94905
85981
86186
38706
59883
78850
7383
43163
36631
35950
22546
16250
91815
33221
28154
76790
33981
62358
24134
44690
71983
16798
13685
87420
23421
96075
52458
50877
24408
2511
64989
71910
29119
60932
53876
9284
90486
39508
50270
10089
81784
87728
93070
49372
52997
36223
78572
42197
15519
22312
92361
29394
14098
15055
20872
80940
75882
14070
41316
44204
23006
87485
5567
88213
97368
96133
66108
59670
74076
23469
40313
71587
33502
93657
73068
91252
20966
13924
37165
80623
47763
21471
5901
69330
77610
50135
42969
8113
98518
57455
80995
58862
1682
68925
1965
26297
76203
2952
90308
25942
81274
37394
2554
13158
75919
66551
86247
68850
70473
76081
85175
48865
13668
32573
88033
56154
44555
44350
13248
87442
19427
576
73970
39463
70491
36852
34146
33733
65263
7222
49093
33384
13465
64876
82134
80761
11685
66823
2645
80291
25121
21423
235
87540
80454
91899
94821
42455
84225
53828
82980
2424
87029
80074
37259
89134
85456
92766
66990
62080
90876
78642
56702
71190
97031
11457
21341
21145
46831
63127
56305
819
32852
13911
14672
92668
65718
91161
14033
78960
9901
76030
60986
4391
17430
18027
82602
37975
86561
Time spent: 6
Itarations done: 225705