43705
79955
3253
94344
60403
23447
50093
68605
90747
72473
80247
9522
66437
98777
96080
71213
37173
19193
40627
35074
65016
27048
15186
38026
26544
7539
72808
15904
48514
57053
17776
63245
68478
77275
33384
50696
55613
68953
80793
34333
49039
7299
60237
37346
70961
41267
2526
83882
50217
22323
63591
17292
48161
34830
27696
40551
13255
69813
86009
75361
3384
56577
46370
48231
5600
42601
47360
76778
51849
91064
95235
47566
76239
47538
15767
47983
84454
12612
14731
38975
9189
45595
70559
32897
6808
15959
40566
71316
9890
13791
48230
81268
87946
28313
33126
25328
84299
4351
87430
50744
90975
90708
73304
85999
95414
1468
14006
29320
82928
21531
78249
22995
7024
1079
32091
9786
46096
133
15563
23293
49429
64032
12286
72828
38082
33399
19458
45155
66911
18033
92922
60415
72873
93180
37384
87593
31707
8776
35434
46119
20169
37464
60649
94454
34269
25639
99857
34006
45248
53191
17550
37268
84554
52334
31464
42732
36636
83587
32516
46014
84128
17906
74553
56498
93829
27930
79800
81922
53839
48474
54411
49495
72360
26608
85210
71465
26830
45093
93456
15482
8454
69390
54424
45686
41653
38147
52588
59134
70540
89778
31378
53983
95260
93642
13753
30813
9902
33347
15258
46514
40617
71806
44740
11383
7716
12951
89606
44347
38728
63379
12225
78732
40741
88695
42060
41501
99825
53986
34083
12620
12946
35555
78239
8017
73481
91981
86976
19510
25313
86542
58288
88209
72433
60158
10237
84014
81108
64308
9603
13216
39857
76709
72065
78598
48863
39064
94254
72020
94882
75837
89046
88185
30353
75722
34608
10043
16088
43398
15020
31299
5815
58138
25685
49496
47771
7969
40295
84386
53694
3355
87750
50586
38732
12731
67249
40959
67172
3730
37661
57755
48357
18570
53309
62199
14737
59838
82495
61
79754
13758
37339
665
17078
92051
63951
39868
24711
30641
90451
3740
37551
43666
7064
88965
30244
94693
57244
28464
8499
13487
51737
36267
21502
56345
78505
24388
40680
80751
70601
56239
40779
80976
11366
66096
88065
10278
1733
92169
87430
97449
87953
42027
65296
50747
49732
33454
68419
30596
78526
31246
40035
63979
33684
31017
94296
68030
50138
24800
47495
48133
85516
20009
80349
36682
36824
73304
99414
42679
27269
43937
37710
89452
62326
67385
84725
28070
80792
99345
64164
27361
81393
82649
84206
57982
88386
45210
69448
7602
30647
45781
46363
87016
47904
46172
94786
12877
5042
3446
96811
81764
90828
43756
11439
82400
938
612
78432
28111
56831
74717
8029
29983
91787
99952
44556
72686
43354
80645
1402
99564
27470
98947
52453
61328
33696
77985
30802
33593
73277
26350
29375
62479
32148
82604
20116
54650
29567
24636
8444
88384
59675
8035
17953
85698
98107
50087
56623
51989
88668
81562
50337
59351
86116
47156
42057
22426
20285
47269
45755
91555
64025
78735
13035
66991
32884
50195
17353
20069
17968
18987
85851
92474
55078
20746
12026
33136
63025
40365
63820
23772
41914
3492
61176
38743
8227
51482
34716
82634
57711
99500
92901
49842
89338
67436
18905
54470
94042
16335
90383
85950
10437
19273
65428
56076
76416
44880
6235
16488
60305
34199
18311
42191
38132
7100
67587
96272
94647
43184
351
13775
64858
43908
31650
68545
145
97621
86670
15879
38427
37263
76559
35921
81380
1653
65273
38025
33379
85644
37224
24660
36617
91822
6892
54961
44750
77035
20986
92638
13485
20685
91390
70707
50643
28576
62818
56427
60563
26023
62960
53755
38080
87001
4864
37852
15879
92305
11426
76337
45660
9020
10046
55436
98353
36018
1873
95640
1532
65780
44543
11110
93185
71539
99896
39862
60208
40538
88882
47583
47214
39155
64729
86997
66720
13702
62407
76768
15257
1902
7507
49240
1646
54367
70913
4642
23448
42837
36948
912
85515
62496
12187
2946
40593
19406
39701
12774
46111
30874
99231
3105
73546
56534
67636
80648
77188
20997
85933
12758
27645
85084
29340
61213
42113
72013
4958
80296
98191
57319
8085
52878
952
86870
52606
57796
84017
96025
53529
84621
64517
64810
80425
37735
39145
58908
19422
685
3886
74344
78327
63887
3549
24931
44582
54014
68915
85855
58981
41780
79042
34222
99395
46335
94254
7967
78254
99115
41301
38186
45127
77756
96390
96815
51446
71530
4052
41471
78292
93800
90218
32373
50112
14104
76417
42437
57353
42725
78674
80958
89208
63992
79453
3739
34017
81065
93932
88071
39353
4574
12889
9701
36396
90245
93686
70699
23952
6519
88081
92095
76290
92186
41035
3237
85960
46153
68203
30977
77866
76779
21475
16152
34042
26509
81680
62220
49996
79120
75533
51538
2898
51467
99887
48381
49517
69397
50541
44709
87530
28368
95134
94544
7678
43322
71
25956
36193
99483
19936
15789
17053
25998
84554
61626
11818
27746
73600
87902
1160
27105
51591
78641
56663
87125
47137
38004
14080
10306
99464
41628
19952
33033
62519
56703
42320
64762
52389
76769
33284
53158
47284
38435
6196
91630
993
61531
43559
24119
10529
81622
83000
43464
86558
24420
38199
24325
11277
5291
99217
79384
32530
23875
22427
78427
35263
63796
64056
23913
51821
476
33365
33767
21122
66287
41556
42381
83407
21577
724
94202
2037
32547
83549
70767
36754
62526
88844
61696
53811
41875
70726
62890
47569
93598
79857
61076
65432
56613
34081
42827
73407
66792
82731
48336
73100
26986
54000
75453
82638
21625
77970
27888
23765
8895
59261
92993
15303
54071
32725
29136
59174
51280
73201
40475
19360
17773
46089
17781
36448
34727
79327
27982
90841
51689
9340
42237
26205
67926
3634
2577
71448
53292
90899
40551
54243
73653
35890
77815
82078
41476
80759
58217
77799
20886
37162
83711
95817
78304
54169
52277
12402
84723
5839
25068
78909
43749
39322
82095
50331
40720
99425
61048
53206
82544
98815
12203
36702
25307
34368
43887
58637
67318
59661
77599
94181
18907
11186
79626
19189
47121
51598
86895
12370
33418
37156
98773
40930
75505
38476
63704
42845
10676
43837
49764
95583
37295
52477
51657
65894
63559
21684
53128
68172
18178
65946
33435
19949
16361
19030
79243
72243
86272
60584
39219
9734
26080
77689
37569
61201
79798
78783
44933
34151
91265
2457
90255
89244
20005
66855
85685
99910
80053
86765
28008
444
93487
44932
34787
11927
34044
41765
71112
49461
73026
63295
23749
56495
29658
1099
83494
82434
71113
29902
3636
18259
3602
98621
12724
31535
45278
18881
73179
96990
74095
41352
93830
1727
99377
94746
24032
15202
14504
24905
79844
53229
49971
12115
78561
32591
60999
63677
86940
8202
51936
75678
20567
8350
60908
33050
67077
35179
2456
70205
44314
77347
93379
45880
46020
89752
67525
95328
72274
31191
19008
10530
89651
15028
107
64897
16966
20211
40071
42723
86438
30375
44100
55645
87283
17345
77993
28472
58963
61963
43224
14946
64701
9977
99705
60360
42409
93641
99002
62431
99753
10708
49522
94423
92878
41628
46949
45219
4169
3113
68188
99924
13439
81566
45128
31528
39061
63468
5721
99253
10806
81437
94201
52451
24556
24479
59706
20250
20520
18858
33123
26631
21258
72028
95680
8194
63537
86275
79620
27632
58932
90942
31233
69735
22107
12571
9585
78752
12801
812
90486
46028
47841
54594
94538
85043
52852
47872
60569
37344
39850
37140
41291
37324
16533
43957
6755
26409
55844
44888
2952
47922
80233
68543
27878
72754
44096
94810
55426
2939
29944
74909
58686
75328
9150
42573
58522
40781
56486
66409
50757
25642
49158
1450
45846
91736
25690
33895
88634
98720
27754
77246
12582
38357
98926
70282
22808
54106
68342
47767
95339
81419
4377
3295
26192
44209
83695
40342
63166
21208
84434
12394
5733
52236
78751
85906
63914
88924
69617
20903
25792
6995
89497
53180
95051
87945
54400
79356
24942
46818
45843
91436
93098
29726
75343
81075
32822
29881
71356
35394
60811
74108
16915
75999
18680
13183
57765
50734
76253
8781
95392
73772
28260
47444
77110
23766
52898
27685
96242
52115
90662
60197
19445
23757
44908
93111
65355
11490
1817
24338
68963
91437
16723
91262
79546
42080
16229
34388
56454
32201
21103
16037
46689
94086
3604
37750
50977
17517
54764
40824
10893
67376
52025
93215
78631
23060
85753
63039
63102
61486
24308
53985
81334
57085
71688
31195
82510
51995
99176
97481
53475
57561
13028
89268
59191
84291
53891
49199
19358
61572
10484
98110
73314
741
69996
72881
39303
75507
20743
18694
31361
42275
68794
24269
57308
99549
29615
66938
84709
90417
8206
90697
28170
84994
86771
74894
80996
40761
97666
63805
86931
27889
71187
18043
23641
23910
12665
17625
48565
27532
81463
93485
39907
14906
15608
89305
50784
63331
70129
58778
82927
97154
14619
84753
77855
68548
66096
66189
18035
71861
16925
56443
28321
4433
54394
52132
68845
29001
58470
25672
14514
63283
7321
66550
23426
20831
16399
46509
6749
53912
86170
52010
25990
3964
36049
33729
60101
48081
57641
7280
4473
41020
29083
1976
86640
91375
94113
95150
9397
77866
24420
88425
61019
7064
51894
79258
64418
37469
78596
56222
72320
46446
46591
99694
53928
96370
77187
947
60024
64203
69759
22154
98125
34790
83952
7382
97018
22276
15942
20384
90925
76404
19322
28845
7513
50776
14274
76712
1114
58775
74886
86345
32777
19450
83756
10410
62131
477
95507
9848
82567
98217
56371
68659
865
55918
85711
68889
35141
10281
37161
39891
80872
73882
21995
64823
73769
6357
95422
74259
60384
804
77683
81961
72597
13496
6137
21006
90512
94792
91983
19871
69783
37057
85811
17511
4036
41410
39879
54095
90787
19312
91833
89753
70162
87248
84500
97566
9696
83225
79509
48984
15645
32280
18603
59969
61489
14902
35911
94359
37668
47035
26817
27334
43128
63234
34675
56296
58859
5599
25289
9106
66357
60256
80899
40328
99854
50450
60361
24973
50114
90720
40267
56225
69776
30159
72937
28712
65432
64424
71559
42125
37
75959
60159
91313
70737
69778
6669
18474
71844
8208
91056
90658
414
12159
47279
31507
12805
88749
57785
80015
94545
65544
72336
71066
63021
60199
69122
32603
82707
90946
75465
72492
36061
38165
17831
84517
59716
173
76454
37384
25201
47420
78557
23251
16217
68419
75967
32967
30332
18040
17887
94111
11999
24202
47612
54851
5907
82524
23215
21758
4933
70174
86508
62938
55345
39918
82047
69171
73421
13306
58497
25248
22250
77943
68397
81273
95255
7971
19132
29422
53868
69164
17913
85510
70754
40445
96594
46679
37149
82193
98365
46622
3103
8325
57667
57980
32817
73965
7138
97893
73751
73402
916
77172
57828
54076
52386
96133
75783
91487
46210
30883
91626
37226
99461
72670
93147
47711
14732
79917
6562
24763
89284
77600
38620
50819
18614
91931
47888
81350
60276
39574
88425
64972
4329
153
13704
97776
30509
88388
76359
82559
19006
7904
10256
55914
21704
12635
35352
66565
93774
23693
82969
36856
31723
49682
99330
15972
63310
36654
48614
38232
87192
30255
3273
32746
65703
67083
78987
91724
32900
24872
44376
93897
91791
51843
11508
96811
39614
64413
92175
57142
78115
49411
87116
11730
36943
32079
60556
53684
62610
74316
40853
67698
2903
49009
79519
46625
47197
95750
95533
97393
66815
825
29599
58517
36400
60114
33890
93715
7184
77359
26830
96589
46144
22247
49577
39838
51188
22843
71138
29134
1854
95137
2428
76584
7434
18817
96064
91610
70015
52846
28363
98112
88604
47023
82700
25933
92328
46437
79330
91952
5649
4551
25729
81503
16591
17657
93666
64401
40156
68504
64465
31470
43465
20153
22286
17289
26537
32448
16777
82757
33252
82966
61065
67132
682
61905
78792
83349
41828
76096
64833
22696
96712
41169
78265
55376
79875
62879
43350
61970
98474
8694
94509
7499
14551
48961
64657
74589
77419
3337
82774
5105
57739
62616
16207
60697
73505
68703
65966
1848
10009
26192
99146
2283
763
87873
81599
61037
54452
3438
56153
47995
84170
45777
96862
20381
19499
32479
58217
77459
59461
41467
29705
78628
54893
79216
749
36106
92541
97571
38825
7590
89937
70898
84412
56529
105
39187
70444
18087
68165
94648
81072
7391
78143
39479
74772
33318
77574
70696
10246
35885
69942
54243
30043
48170
20567
35103
76453
94778
30241
92714
37020
77993
92726
91710
42837
70044
67173
96871
71851
25349
64585
18119
41484
50102
68641
26516
10175
18248
85516
35430
45789
2681
44761
72376
60362
98390
53891
76534
55289
50327
43015
44515
68782
62935
22640
12703
68346
60552
17760
8304
84992
88304
34365
23258
43058
91671
60729
65222
99735
89533
5138
18076
71813
60308
24159
759
93630
93702
1127
47692
19851
21616
93202
46668
59463
30939
77191
60783
3241
78203
89239
29861
85949
71532
71587
93776
6664
58804
10764
5181
15873
62654
75924
2366
66375
32687
43446
94344
16488
43214
24511
69691
68762
50834
96044
78303
25066
40364
72234
50945
39869
29894
43784
15294
57495
76158
55105
39188
26281
19938
85865
81851
92809
37900
52626
62120
92772
22018
48717
59028
71538
90676
96105
44574
87088
46558
91659
11115
70782
35601
92068
96522
47272
28582
96594
29111
43881
42289
54898
11320
51913
40805
48391
36199
37589
9060
67862
83998
38710
70595
37580
77522
24628
29414
16642
84325
41745
51818
42011
41498
14526
68262
64529
44442
22857
67601
69114
84950
30624
76456
63415
45812
97494
65002
65407
59323
66129
97115
19714
15260
80459
47621
24875
60239
57135
42276
59373
64867
1913
37167
52886
47665
35471
43370
61095
35482
69047
19980
67263
8966
49284
4059
51923
28620
73799
19552
43162
62089
64243
8929
84324
36512
72014
61030
33400
21167
83255
66570
38917
5067
84442
18744
20863
71786
47583
90551
21973
89519
94951
62759
84647
28201
7261
46803
51854
87525
46356
45478
86558
69752
73684
20939
53496
59467
59257
94296
9630
78751
92283
84011
5107
70741
24264
1342
5288
27112
98157
60227
6209
15787
43013
26303
30791
83971
42568
25144
61156
8629
18356
53361
83625
41588
3173
87850
97287
49693
19116
68256
64445
81771
15900
35657
61841
3658
69805
46476
25242
30104
91352
44808
66775
48130
40683
68621
84358
70241
3626
85727
75635
77869
38559
3914
14994
15527
64439
76322
51611
74372
23723
27920
38845
60219
20459
61851
10923
75544
3391
65447
81521
57563
36725
24879
50673
5254
77069
74682
71371
97001
54042
53832
45307
47511
34212
13544
88366
77775
33252
23665
30832
75050
29579
54293
94680
1182
24271
67165
20917
67085
86662
37408
3603
28759
22769
40396
24030
75985
4602
80731
68434
78652
2398
10808
55745
27659
68952
84917
97989
57447
35460
21529
65364
65394
91709
1191
30369
49717
39887
10341
20991
71929
30981
52433
21624
12559
15443
86875
22197
29519
65693
23605
30961
47378
57038
96523
34425
2761
25718
62529
9129
46194
58022
24594
64270
53944
2826
57051
21621
34732
41384
19230
19767
25696
92843
79582
63346
59558
81715
36585
24846
50678
44396
15050
46392
91530
5845
36797
82076
73106
14663
13271
67541
42836
85043
84265
2855
91867
57490
31756
87165
19865
56653
30736
49167
59976
94285
59965
76136
59204
38088
84738
56067
161
43065
41037
12418
19003
21037
95852
29026
21336
6063
31993
33945
22984
58811
7358
35269
45711
41267
68445
79461
79360
84682
55754
33260
81333
68300
24814
73935
21931
24142
20680
9468
99805
84020
86079
40205
45612
88944
53747
16549
3943
88227
72072
43495
33674
65831
39799
32101
95158
44889
80334
435
98951
37840
69118
82115
75316
29242
38544
9229
86286
1067
24085
98269
42829
36197
82547
82615
8478
64796
8819
3214
67776
50409
979
90255
12997
47862
75306
42978
55783
3416
12528
42193
1737
9164
24533
10639
35452
68238
66824
70026
51057
75198
86143
30403
29097
66819
84986
87430
4397
52508
5131
96234
91548
90714
80845
36668
34723
37948
89090
84163
26800
60398
28841
52746
99062
64645
94525
82433
17260
73601
69637
1827
32404
46550
55754
8612
25364
18050
69433
75573
53230
9466
84907
7809
52332
49012
74026
48034
77933
21458
96539
51151
63822
57028
23612
26735
66393
60510
35378
78638
17249
76237
19355
54595
45987
82352
10719
55545
50538
8656
57731
44332
86273
76312
65975
36480
17073
64846
73671
51977
21646
22117
36912
56268
76611
46310
58518
21150
44202
85511
77077
91779
76922
20053
43797
54733
14093
15586
53931
63855
85926
60666
66847
95581
59640
31727
44211
73472
59087
60344
59291
22921
64452
13045
82034
91272
51836
32214
24394
96057
63840
28204
38247
44617
11785
57375
94302
2054
97770
68517
34564
71300
10495
51033
83188
89006
92642
72217
20978
34041
99566
48129
77317
91560
69137
52790
69979
14941
823
33838
28049
80316
98421
69244
66098
33994
65344
69348
38791
91755
53950
1233
94270
60833
61119
88290
61919
20324
31164
16903
55566
13827
74083
64225
46677
79335
32313
46361
63772
65682
32310
74570
4081
62307
38697
98660
1362
99681
88114
11357
79836
61387
17581
85177
38365
85709
17840
14217
51275
24506
36045
37296
42637
70195
24096
25974
89353
57904
79045
31269
35069
99120
50203
96243
51695
5650
93939
58146
68241
18227
41620
83427
97725
62830
8755
1683
32023
19578
14116
30495
41883
4004
96458
12094
14664
28589
13450
14941
85955
33611
82486
88555
72860
50702
76328
98301
96516
89931
17817
8346
89341
21805
27403
25639
18528
59266
64840
65512
21468
31579
72078
50369
41075
81968
68288
6957
69373
13875
69880
84825
56282
56967
8498
78833
17150
23289
98184
1956
77411
76421
59273
21135
25618
42062
41023
38540
7166
47149
97602
73386
80163
86447
62782
75307
72203
80472
37508
79299
22186
6690
51522
94373
64891
57116
85287
3318
17658
99759
41699
39349
58301
98802
38409
96911
41318
78963
51061
28550
85474
3181
75342
77523
80004
69601
91467
96662
98961
23735
8564
8069
83658
24791
38406
65283
51664
1309
98028
89865
17504
80601
68983
67709
64978
78888
47358
6872
93918
94641
3127
78377
75270
56282
30019
84173
87508
37248
7803
22331
74696
66345
17748
48540
61924
29399
48970
65120
87371
79378
8497
4003
61903
46512
1081
8514
46922
67346
76167
60309
49069
32246
48861
42422
66421
84564
89381
77155
85009
91478
41149
28414
16725
46482
71580
12089
90137
56554
81558
15227
54241
13208
99698
84971
31854
45998
65730
11652
64121
9422
63675
96885
20536
59791
99937
67192
9908
37304
34094
66387
16846
80362
60806
35875
5656
64138
10189
70987
78908
73452
80926
23628
51525
91211
45491
6754
2834
7972
70109
44580
98878
35661
73390
3924
35140
38997
7068
36709
35893
81914
79872
61426
60556
23050
61270
12205
9698
84342
95685
88183
93753
59804
29743
42946
26063
27794
5224
64113
28487
79346
98595
6485
92639
77632
94374
58695
22698
19146
64010
42924
96786
75917
84603
70000
23064
59870
72488
98076
33983
65382
25545
72086
57528
14175
65102
53309
27851
47838
43358
83628
49317
87635
35516
67442
7800
8650
67113
95695
30968
55926
36562
81119
35312
63920
80481
21546
61876
27421
95109
59008
94878
12029
70989
56354
77875
85335
20014
70260
90609
96167
74102
59727
26379
28550
12907
32579
14530
9494
34402
98938
65586
55276
16578
70326
77576
99581
31131
15744
31267
58677
60741
62024
19305
53757
40356
4678
99660
28608
89922
77669
37343
72020
31033
15723
99970
78600
83260
31230
2581
59139
17225
19239
55009
42240
963
98731
51129
92588
13744
96050
53480
8080
17200
77312
69054
47966
67490
40567
82419
87216
24197
85643
10917
88526
61733
89851
73322
32685
17284
31101
18112
50469
15626
16497
40460
54809
95680
94089
28036
80630
26200
48234
14908
1639
38772
4887
90103
8209
25113
2132
2793
98632
42645
13435
29615
57176
47415
46300
21289
66697
26650
77430
25498
31007
34599
26981
90862
62770
44756
19128
92942
26368
19199
23915
87292
12028
61458
26246
86932
57407
63204
21872
81977
25920
77012
97354
67708
97294
47549
11251
24046
25118
11755
57143
94152
68634
34957
55618
42788
11555
84282
91966
36138
39407
53392
89093
73909
58685
43235
81036
21840
6080
72382
31461
38153
14092
37486
23677
61022
70512
69495
33910
25773
33614
34469
88018
10338
42309
9217
93274
65393
91089
21418
31516
71628
23273
81505
97690
80766
32905
49304
68706
39259
55564
72281
91531
63939
71448
4203
86556
37506
40240
63132
72544
18349
36635
15890
32842
13989
57801
82477
59042
50366
29636
38401
27899
80193
47382
55474
90077
12790
47943
62350
75172
15077
26235
24932
46457
28825
75926
43748
70933
72793
56142
40483
5517
50045
60016
59099
38575
60523
88400
38293
67527
26861
12646
21541
37853
77461
44011
58570
16618
95018
14109
17791
Time spent: 22
Itarations done: 2844675