36658
5777
59292
91719
54233
97790
89828
44174
52298
25024
54729
68714
58615
89231
20086
51925
64410
24273
1138
71306
95154
84978
84008
70706
84106
4690
13939
89265
14415
75712
99096
64510
81624
90543
16585
28008
42572
18608
23042
12884
58952
83140
66036
96484
14250
45933
64457
8610
81253
3869
76187
46007
44038
50452
99569
47151
33098
58009
61520
97905
15192
91796
29642
58228
90528
75933
48237
22880
89060
92913
38895
54944
24957
13355
25151
59989
63717
20767
37679
831
79929
17250
31597
88103
35351
70398
680
20209
86755
89100
4613
87767
40901
96506
34910
2255
10033
2104
32689
56329
85464
61697
37264
74175
39076
53980
88313
64244
83000
95509
26387
43858
66260
62018
36610
65429
63825
83393
58640
37407
18305
32013
42321
99575
27433
29765
62913
81951
31509
57721
22395
49294
44150
64274
54060
9105
86954
32483
16456
40001
34137
85437
9720
79490
46683
79646
72420
95411
77258
60766
20286
53688
56888
33439
69508
86555
32332
27547
46793
60034
9104
26930
25947
37195
69274
63384
46484
34629
75433
68711
63598
73532
42661
20684
50827
33967
58820
14946
26803
31097
60214
44191
5748
45566
24379
68437
77686
56722
24731
15728
8831
46992
2804
61331
15208
68469
52975
95284
3280
88671
81871
3115
90212
61416
41
52584
13371
879
27041
547
13741
72196
42706
8285
31197
50290
97196
81156
80886
40166
297
28937
89448
96493
46506
76948
57440
28102
96569
44852
79990
23845
28454
49971
1608
90322
91125
85020
3029
49074
43033
66365
18055
1109
33895
48208
56609
30003
93124
50555
66541
81332
21170
54398
1206
25794
41078
76207
72430
86169
56732
45680
59206
84111
81518
75604
11313
41798
46582
30769
34003
55572
71366
74076
65033
43965
80776
92259
58507
60899
83127
81129
71366
56313
80904
780
7818
61154
72432
94902
14623
71366
16701
5173
35827
6440
75860
1608
29446
22052
20338
92855
20516
63470
80057
76588
15058
56660
51874
39475
27726
47388
28167
18629
82232
15130
94411
92045
28148
8240
54586
74174
80248
69545
82461
54648
27309
47471
64059
33072
76103
16737
92025
70890
93322
64858
96141
2515
83239
35888
45929
22226
92159
61254
41018
90787
62051
49019
12902
86297
65213
47539
97729
57478
39449
47250
3933
24429
8921
35171
90790
11801
19730
70741
94416
92430
41208
8726
86232
65649
84036
55177
25595
93815
64516
5815
73083
73035
650
82713
63824
19625
60194
54771
1294
12560
93412
253
21173
43948
74001
45499
92139
94537
40506
92969
65872
69312
77495
33875
62094
99431
893
25925
76125
41077
15073
5083
26212
79233
90653
91732
15808
74957
71433
46295
72016
78427
56495
27088
35557
66839
19205
4062
19923
56186
18718
86126
27777
79014
31546
26824
11204
16429
80865
83436
89068
21971
69431
17925
89517
77386
28356
44665
68606
75902
78438
49521
67007
37322
63357
27584
5977
21039
54765
12775
91004
18036
48144
1505
86985
70990
65269
4725
52321
92802
54246
97951
70954
28185
31267
77221
1190
30372
39613
70457
68034
5601
10891
98320
61815
11694
1085
26406
70028
83885
39742
1526
61605
983
74429
18773
63260
98028
14619
23272
16052
77783
79201
10689
76992
72728
30087
54029
35315
61660
30707
50693
45912
50573
2648
53433
43495
86172
66328
21585
90202
82207
42277
4829
26629
3751
58467
50755
41715
72593
56104
9608
50415
28142
11391
94878
69757
2529
93984
46739
13691
46036
64233
36881
85007
69565
70743
47885
28673
54539
47418
58055
25080
17435
24850
63493
43972
6117
64774
73216
50256
48173
98287
20239
51410
67665
98605
41791
2882
36039
47387
95237
42643
25324
59978
92742
8974
87396
19396
57390
6614
91701
31507
26188
25522
15686
54530
51272
83843
97133
74876
79651
62022
25630
98292
23941
18584
71624
387
71784
29752
25819
33819
20066
74841
49107
20797
61491
97298
13808
69012
95765
7287
50663
36690
85329
55859
2869
38230
26534
3078
28347
25677
61069
22828
84548
3307
9672
35596
76251
32667
70326
37192
46150
63646
86582
96115
40456
83493
58127
25234
87311
10185
35336
94432
84503
69137
12332
40083
4782
82962
8916
44457
92028
72848
10777
3604
39577
17086
19484
75785
13208
37388
49037
4159
5620
86838
94117
37274
86644
94695
86710
28748
44033
82706
52356
83629
93337
5221
75094
33042
72205
81089
80985
61018
24388
79200
54163
77839
21783
91457
6428
32734
69064
77134
31725
85439
84727
90717
90141
10919
54876
11741
82654
94460
11567
79566
97405
85359
96302
98646
31089
16627
31004
20581
14902
65380
33803
28063
3486
24021
84998
42822
17469
75841
69763
54762
65417
20327
98477
22712
9418
73261
33006
28552
80010
74586
27817
75955
90808
73075
28521
12578
50909
20966
57223
20265
24075
4052
54038
61669
37660
53077
37161
93663
1394
30880
90100
58028
56399
66331
83978
38114
38167
10938
95264
26512
3748
26877
84848
83272
43041
76265
63077
76772
66790
70616
77184
90085
39826
56754
22468
44526
7034
60818
96673
39045
41720
85572
88193
29220
31246
57855
13042
72831
3226
52831
92977
50349
87047
79563
97731
28125
143
98522
57990
69702
46156
55751
92588
16350
13046
60731
83302
51800
63186
5377
73740
38121
14611
20147
64955
59780
22862
89893
29780
41140
86207
6879
70292
9011
13576
21291
98395
56337
14127
60608
28185
25690
90149
28359
30605
71993
40860
60073
15805
82693
13699
9653
76723
30635
71780
62915
48565
9940
81509
26720
13198
58440
62660
21899
4896
1549
84781
16071
54469
61948
38387
68522
42465
67034
57163
23426
18978
51821
18283
80025
87518
98823
1952
88750
43483
78426
48405
70829
3946
53348
10850
35585
64800
89009
66231
74397
73742
67991
12170
43213
13134
41223
48110
6562
45487
61137
11385
5135
86121
32769
14882
26311
32487
87599
11906
2420
97732
31931
96037
35053
67230
46694
28979
45402
21182
18756
77823
80390
43773
65225
34600
62270
69970
71649
85687
55399
4731
2636
96326
38052
86210
59157
76436
9443
54481
50605
97883
32504
30378
21692
40508
11527
5237
24344
54457
30437
91628
52974
39756
32218
87638
67875
60558
2983
62800
15946
31123
35137
82474
20533
33356
83320
49288
52942
51596
94044
55212
16976
39357
85374
5876
74857
64846
76537
99947
17967
17346
19006
20713
39096
94928
60364
24422
94182
35450
80214
90545
51066
97444
73381
32764
10319
45239
19850
56359
48971
43545
73160
87566
81779
20736
19373
93569
56683
17181
7277
57968
1163
95248
27163
75894
14448
50973
20267
85365
56881
33884
33897
57063
22199
51112
98305
23390
91110
4671
90510
39486
55237
86660
67579
33819
69387
36150
97257
24044
37044
43657
87415
45014
59091
74337
17392
60115
79003
69423
4142
4583
39081
76955
93973
40002
21778
57432
56718
82858
87768
7814
73322
6891
38131
48168
50144
8860
21866
19232
63639
70474
81931
46344
37666
45375
83100
35394
82297
49397
93134
79868
77791
34797
95145
74533
70333
84648
93479
50962
57129
72360
38037
72829
77648
93046
32697
54811
95074
88417
12344
97908
47424
54968
69960
66142
71352
46388
90360
64844
53295
55444
369
19114
42427
88047
76567
92544
67761
22769
61230
30925
37814
82750
24665
63412
65383
33780
77886
44502
52278
62277
83400
74177
89259
79917
33869
90697
74969
47916
68484
90790
34309
13231
75145
95349
21484
1422
82852
45260
25873
16467
83210
81618
59883
56512
32541
37331
97146
66370
76809
42989
46669
12510
10436
28902
93965
84343
27029
87311
13757
96811
45163
44049
60454
93610
95561
77294
72436
27779
37393
12577
84059
27022
30858
17824
25346
34739
30816
19961
3476
54641
81991
65511
2485
16692
90057
51589
7988
25246
14947
60849
62263
46398
82794
44186
81735
40904
41132
8372
23613
51467
88354
82309
71428
8741
92870
55217
20180
29102
80038
2816
81015
39063
5628
43463
92604
76125
53452
95177
21831
83954
91764
36649
59910
40936
98106
10548
71734
35505
15546
45863
36018
29048
34544
17467
21742
27806
4211
5779
82394
18822
64276
67087
13706
11848
54834
76050
12858
69061
4773
55821
97505
97465
21765
68437
91561
25101
6792
98305
61301
81471
94411
25065
90142
55022
76300
48546
13366
6123
113
98204
95096
72643
48253
32177
18984
17051
91902
6953
81352
28929
84510
77678
20962
14802
5882
71231
93086
78452
93137
59476
97251
19126
98016
48457
97783
52547
91363
90810
34202
90165
95082
23315
4561
95806
59472
29235
18962
75664
19556
25988
62778
47548
57876
82689
79540
78353
73195
79256
81929
74904
4644
28974
26048
62654
89081
99854
38858
89164
35758
86576
71635
44826
86899
4466
63296
2023
95347
99693
36629
35713
91201
95761
17736
3361
28178
25370
64406
30227
97437
28852
12676
67205
71669
35633
2502
62701
95512
83572
23226
17520
69674
72503
27473
72263
85626
92959
98104
10446
55330
18798
17037
47361
46181
3336
77044
14648
75205
72593
97995
43594
38502
66384
57618
96406
52044
38247
23456
93969
58156
88585
77496
41087
8342
71872
57889
55747
67612
88450
3155
67639
98041
44150
73497
63000
70033
36890
41060
17755
18600
8372
86451
79036
8943
81152
12320
26332
710
86606
86482
67814
3552
77688
56852
4888
97913
11876
38359
28509
54492
84361
58052
94558
23398
89236
58763
62352
79739
87373
3994
70313
6242
63646
97071
65897
65478
63302
26185
3056
64343
7529
73569
69848
41687
1653
81863
11220
16336
65901
53610
67590
17194
38291
70891
58514
79744
21966
61232
2564
33980
75171
3230
79464
27623
71071
60745
8625
25496
86738
58023
39375
983
15900
59816
22530
88751
38394
302
60373
99243
20813
12555
12686
4941
67423
46337
70154
95976
88207
26127
93308
68390
1765
93636
55079
52229
44796
99395
18125
8558
17027
56616
24276
24668
50702
47122
72768
14887
57124
73962
16358
90819
69245
88239
9996
99260
68938
78681
5426
38674
60319
1697
96879
55814
26390
46884
87987
92917
85256
78422
68104
2902
44314
66287
57415
75054
36056
22879
4518
16950
7515
90474
97623
19689
26878
82775
81071
92977
65421
69916
52560
94232
10689
10401
53290
91553
67697
75765
53189
94298
8953
84142
76419
56949
41229
57460
8585
12053
67251
43664
76375
16257
33862
121
92782
99790
74730
17293
16662
94231
75276
72793
84032
75985
10269
45103
30372
3627
30411
83509
38091
46108
3241
26229
11424
95802
45800
82233
2192
35456
21781
43927
84178
81341
14236
77655
1335
56256
26439
46875
95565
55469
8132
58896
53545
56337
52106
90263
98870
88024
56993
38096
95718
21596
6112
65160
23321
62756
69361
54941
26725
29562
95384
69684
48605
75709
24652
9115
99390
76293
20550
498
28470
27455
85256
11705
17994
23892
99884
68129
32542
68955
4300
71575
22940
40896
10984
64649
502
85796
29462
57725
69231
32812
63072
37213
27769
30590
28224
3640
30386
85059
37796
45978
26812
38274
84959
44661
84444
65582
61452
9927
33256
84108
45244
4383
63696
59409
96482
69097
50903
69106
7781
71095
74786
32413
65166
16736
54816
42694
89327
30290
20816
46543
43389
79908
96612
97334
13012
44236
82100
73796
87365
52054
81088
94901
95453
94654
37215
81181
81222
6027
8345
9568
33034
29499
30969
83966
18338
41121
526
96962
12757
79858
20950
89444
54302
42602
57330
24369
98052
37995
59283
78508
94416
57266
9419
21740
64931
12546
91239
97284
3603
13526
63887
38271
88881
1888
77332
56101
51636
39563
60907
14324
7892
51690
70557
58050
31552
58034
85711
3446
11994
87666
5397
4408
14171
60874
5033
4265
34718
39547
80244
49193
26587
92692
22172
87011
46843
97284
39876
101
67528
96285
69794
24448
77849
65500
89629
88116
97490
98782
84632
61968
15441
7206
97907
53029
66508
41933
33216
86611
58551
92798
68668
17162
67482
85069
82774
79796
24208
95343
90523
44530
27934
34223
36446
63499
33649
98184
94101
7743
78083
75966
76951
74674
28090
5866
74308
9877
58146
19434
87851
27661
89523
74408
59125
33609
52735
75089
46546
49351
66939
1926
31585
14868
65258
23719
8145
96888
33372
45640
36576
63260
70199
54194
24353
92651
24151
56257
29101
76558
6184
73494
66518
36295
31743
45768
45636
21493
97709
17519
46968
78622
57589
29664
5243
78131
18428
16214
57793
67031
46322
9584
72048
70098
33895
91500
71199
97328
52749
87417
35761
27910
86638
91548
70589
31649
16998
26870
91848
57688
11473
89896
6493
67277
48210
3520
28013
12509
93930
2936
96509
66099
42183
9364
48621
88672
9698
4286
13374
79489
83338
2881
93716
94129
7972
39543
30330
28369
6410
20624
34256
61368
26585
69971
17899
23213
18261
91363
50223
1989
51839
98597
11227
33771
5183
18779
23236
25259
60894
57262
92132
43271
76109
23740
313
67901
9633
58127
54994
46859
17101
62171
10427
7384
53879
38153
50631
79058
57519
59528
40487
55985
16861
50079
27295
79994
73249
27892
2392
57878
40810
78393
12948
35170
77403
56715
47795
36527
85591
83838
7922
48543
73848
93204
12220
64642
62249
4945
82151
33678
73989
53384
95170
53969
14363
70126
96072
32730
2174
29852
7868
87167
85102
98834
89360
98044
40119
87219
45274
39055
32870
95301
6638
96113
85746
61277
64016
59483
83432
63389
54289
18675
26818
2905
72870
15098
31409
96040
7521
10714
54771
32705
67446
12263
29038
17873
11822
50119
69126
97422
65700
48408
25085
84417
47949
38784
47867
44133
25929
64060
41799
66507
54586
89898
84198
53228
53884
92842
2797
73367
27816
21207
15037
96211
30634
31683
49784
92877
41550
88991
91669
9324
17836
78512
10976
52550
58041
22550
67922
99008
22042
9719
9133
29742
22641
43942
6281
20227
24685
94617
22094
64591
61932
82749
27311
93666
9389
69196
33691
54225
29368
20629
52784
52815
43231
16427
37942
31726
67578
25437
17919
36956
93616
25378
84420
58399
81466
59654
53091
71076
87392
26408
77668
82826
41246
72914
60434
98711
43839
24711
68574
45258
59557
13383
35707
58742
38192
79475
582
30821
11799
17756
10824
22161
77326
904
98632
87
93824
64633
17426
29815
94243
62402
13727
50506
36131
1063
96912
97152
93005
50151
61006
87215
18702
76984
7283
76980
757
97365
14221
6748
55614
47356
2221
96257
8472
75494
44510
22161
43583
26743
82779
7918
7067
39619
16352
83075
93561
6100
47074
23777
50525
50329
78596
69175
89541
66547
88374
19495
2666
19329
13453
60658
43706
49882
16973
27639
49209
51051
31353
14162
42063
70606
6239
59858
81760
77533
24533
97684
99701
79222
88231
24172
85377
8835
17277
63002
69811
11581
49275
28409
86337
46246
75674
59122
75624
84025
881
85787
41768
30567
64800
15259
59382
19113
26405
63675
77755
22709
66203
46875
67508
11677
28840
41536
7599
38907
93592
63281
16097
69985
30120
69069
86836
87773
69615
80327
5882
91777
97346
40573
86676
81498
51619
66690
80802
59927
96299
26540
92493
18429
19275
77278
49329
67515
97658
28497
59015
59314
61977
52264
12680
7059
86292
48114
78850
44473
28878
85269
69059
83685
49024
86588
45984
24147
29486
89206
88083
36983
41269
15325
20900
99318
97677
13300
74499
81343
57910
83933
28956
95236
57047
89808
65381
99503
58834
56539
48660
14942
50474
13939
29895
49105
24496
92448
71483
45038
21775
85507
65822
66998
41906
12165
39855
10977
62383
65818
11936
81080
46442
14782
94981
4137
60884
28321
20413
64424
69861
37762
91113
27942
18352
6521
58387
91456
69916
75119
57932
35298
17345
67689
32810
80968
41950
95028
17669
54611
57455
65867
57742
35710
37885
22864
88604
26652
95315
52696
8229
13335
42968
80691
31597
99528
51943
49577
29890
88474
85681
99227
21279
54036
75318
9684
98371
90679
81203
43280
48549
56657
71073
23336
47797
28033
33816
16692
86011
62460
39205
45261
12364
31168
48640
37792
73011
15176
79687
47243
50210
77465
28086
1379
1883
16721
54871
24697
43715
80204
53436
68251
12077
63412
21572
10655
95361
52425
76915
48295
23789
71163
70739
75712
63288
80268
74662
68152
67738
36913
37573
17419
5707
65562
35986
39477
92735
8562
70016
67654
28286
22414
89302
68803
57683
60665
68478
71491
53668
37587
90126
75028
39644
98169
34704
16064
57254
29403
21531
5548
14620
35446
92670
12958
38390
64973
82456
67035
92686
22884
69389
62639
21104
20476
64245
11893
14113
18322
48540
54435
3525
94300
40818
46391
38124
25569
34781
80582
140
7767
22866
51511
80928
47288
91667
67863
46015
53240
51451
32495
84665
24510
41035
55338
57119
74359
31410
38144
23905
60039
36768
71695
65909
88180
29947
15849
81343
48013
50824
90729
76304
83980
90817
93395
49335
56893
34406
68472
7181
58492
39466
3544
38902
38140
42189
90477
18556
72339
79553
92408
2861
57848
32470
82789
39568
37433
6213
77640
4705
73593
81147
65108
42424
70099
86473
47443
89890
3779
72416
49655
31430
69697
82194
16430
41153
61728
54067
14266
41262
7501
15951
79335
24520
51785
70280
3236
63614
35603
5220
28600
57624
49719
9812
34399
46354
50615
15277
26852
56989
14661
32449
16000
34344
71919
6192
50279
45921
4860
61646
1843
46057
19244
74315
43935
29631
94524
56202
38243
5122
99334
13639
54975
69246
14001
98908
81302
70963
36461
47433
34839
11351
60575
65017
88010
37643
6567
5534
26410
54679
52137
58452
9708
95075
59787
47695
77151
60622
21000
28639
41404
71730
41118
58366
44238
39177
70124
5845
5481
2991
44014
63317
82711
66985
39013
17922
73290
94281
56655
43479
32655
19092
51550
76345
53171
73118
85667
46395
46418
21078
43042
44429
98386
49234
67051
20683
21904
53199
88731
25630
13502
26890
99101
23888
32927
63169
81048
34799
62742
38545
57052
79122
72669
69241
27862
40303
8792
94003
74249
80880
51237
60211
68999
89883
35619
64186
99588
75417
13351
23995
33298
58157
33778
43674
66000
66095
67168
61416
83464
78643
51750
61153
29734
19063
40252
66845
20983
48208
41820
31905
65226
69687
3733
82333
48371
16817
53994
71493
25295
55103
30632
56876
11015
492
56505
14769
1446
23291
79399
67454
65884
80351
86382
9350
44045
94060
18666
83483
49354
75631
58635
77710
27127
72337
34231
81327
41437
3591
87550
67016
67603
39140
84292
40497
48666
64159
98609
30857
33635
70640
93941
78192
52900
12251
34570
12009
1945
60695
4945
3819
98320
5619
84194
20359
48816
47243
21814
123
13885
41138
87163
25161
84563
67955
20185
62582
93506
17421
93685
5727
66226
95532
8533
53696
81201
86644
82309
29723
48263
28029
59217
53819
33514
83474
64465
53199
55998
34619
49893
15167
56439
44006
29244
61485
91600
82162
81293
50650
39139
52570
6938
95118
7348
92986
62401
14164
31705
79331
54847
29910
5957
9267
79019
53983
39234
96547
93874
5326
52724
64394
86774
45898
29490
86387
49424
20288
9265
86719
94539
37733
76401
78208
75125
40571
23599
86065
29322
61891
86682
78157
62874
86903
36362
98413
98615
97557
81822
79015
67745
97937
87895
89120
91224
89215
32721
63159
1251
87214
35992
40093
82602
53101
69234
36536
71495
38277
19056
71288
35694
28250
11888
56538
73715
7055
24447
71936
13307
53765
98041
41672
59740
25676
46762
41881
43036
78956
99742
75914
39876
26846
45848
68417
740
37984
55568
45637
95735
32920
39275
89033
3597
45660
63692
72003
7522
78829
89068
15425
28758
96025
8457
26712
24302
62983
67436
19204
98598
70364
17714
43998
30748
45305
11292
4653
98598
86296
73200
66761
88904
36530
296
18954
18866
44561
21205
89723
58464
47903
18222
75252
35303
55175
55816
87512
24096
95437
82387
88972
71454
49568
71980
40544
83305
77848
50922
52749
7033
10354
10670
96610
73381
72325
42644
388
24151
75382
43409
31052
40920
17262
29301
35232
7271
97695
68425
93422
82449
76109
84950
23330
37880
68045
15694
53508
9664
1465
2237
76799
49922
31606
83144
84625
17804
43565
10339
77766
36990
55522
51286
47057
60669
72301
54346
18280
27296
28930
48527
59545
60793
6909
20829
56596
67439
2103
64447
71704
8313
72477
19384
15208
80985
96350
33290
75270
27011
27396
54896
71022
92867
41314
34947
17058
11081
30916
50299
13076
35635
21311
85685
1526
61108
44930
4599
68174
78557
37346
15902
95839
72805
89132
95916
19845
45598
16456
57158
75317
56982
93696
64328
71007
13288
25002
85759
72157
94310
18608
34263
25724
4487
67579
95155
15334
53360
33799
61212
90461
19083
78153
94415
74548
25443
79206
12543
20211
67611
35092
55057
46130
54778
48926
17152
59892
98840
56716
53478
43781
67487
68577
43745
56407
37308
59009
81270
82052
27942
60023
92503
41758
71859
82144
20672
65430
75979
12599
9890
12591
61163
17444
7438
20953
23487
4978
61392
56585
47259
91437
28375
37211
13906
46821
21923
1056
93124
88629
25817
97656
73121
34338
68686
84182
85285
19658
6310
21083
5300
38930
86246
74221
67499
66440
75769
47193
12163
73020
18584
87137
96501
60978
48364
30118
39219
2231
27889
78001
35852
79447
1416
27804
77472
98056
44868
6572
28885
58223
73554
136
74122
50140
20322
2445
16786
63472
28416
53705
30765
82343
12778
80157
92803
70951
31134
96101
92629
41696
71910
79639
8616
37669
9897
87621
57326
54412
2544
32404
73877
72030
99839
3290
56680
68086
19003
78875
14932
34117
91520
43080
90104
24213
24543
87215
83749
22744
31275
53220
13077
30190
75676
49087
33059
30926
45684
46482
9207
24913
16108
52699
98731
76405
87442
34348
99421
57137
90100
58551
55398
38864
24879
8926
66779
20715
69972
28258
36343
60489
22408
37531
438
15878
57559
81850
33665
91495
84168
57802
87275
30684
44353
83932
19746
87281
58112
86254
4694
61777
40108
84104
56018
88834
22823
78156
93121
18601
4683
62018
80067
43038
4316
1623
11708
80212
42867
52473
87073
44519
95090
13813
5767
98818
46974
50944
46609
5671
72696
52124
39442
69199
96959
24913
20814
86500
40098
78272
72133
8140
52826
81421
74955
40935
35070
38150
82199
13025
99091
66208
96392
61235
80916
25358
66440
93720
26075
94850
62964
27142
75770
61287
68893
96903
57772
41265
26812
91415
42738
29651
17435
66964
61084
34000
4653
58387
88156
28371
71728
12633
96169
35670
90518
37192
40221
26670
11010
73459
92672
5952
31977
76287
65267
40312
15252
5293
61612
73518
35860
10931
83952
62830
18201
28913
77682
67304
94490
80240
34612
15678
35811
10930
91731
82499
48454
95475
56064
5160
98594
71112
58195
81648
26906
66197
87107
99051
41392
35278
87240
56259
31441
15924
4994
60790
29102
77889
56383
99307
54543
43948
50148
4140
21852
23487
41358
64019
48622
14930
9370
56201
8153
1115
50995
9341
86663
82932
54824
41670
59545
70867
75870
57464
80495
81513
61051
26242
85249
66698
85498
13817
47701
36548
47278
82030
90334
24649
33834
24898
43180
83384
17303
62914
65932
90607
57845
74349
96382
94998
94198
2687
64995
26764
78921
42660
20230
52788
72115
73913
42131
60900
41890
80893
82735
16632
32454
70366
61013
47632
51402
73811
57340
75866
96654
951
97902
35780
90445
92819
92988
87817
12879
8001
94768
60972
30771
64084
69941
35526
98865
47830
40560
7656
69974
2245
32363
61318
88185
96442
84108
9624
55013
85097
13685
57835
52210
68286
7200
83226
76927
69632
95758
23198
95021
60936
11322
12387
46510
74840
67825
11922
43545
63604
96610
29576
85722
81653
76316
38228
80175
92367
36492
61877
94587
25419
81483
13399
90141
39991
76573
36287
78358
81317
61893
23815
20909
53268
11244
63394
44699
68068
32802
81302
75845
75719
16560
43568
5672
20371
69406
2452
89446
18595
42884
64810
44261
5428
51004
98538
56376
48031
95817
86397
30242
83958
67081
82673
11586
1266
58933
27468
95117
41093
51323
25855
83775
69814
36835
4682
923
37542
34587
18530
69470
12467
22040
88103
62646
56418
32838
19326
99979
86040
14220
69436
9027
46107
11064
97585
98484
6725
45299
61771
91517
84593
89194
1348
49549
79968
88945
74963
76147
15606
81032
7418
28298
61741
57945
35798
78078
31989
82211
35156
61532
39113
18001
47072
23610
6693
48205
30645
18054
42999
71451
4747
49385
96758
28389
52854
50463
30986
89431
17293
73588
70707
47186
18462
35687
3128
96004
96393
98877
34709
48299
86961
86513
38589
32757
13115
31834
57931
43055
92696
31392
66040
57387
38723
28686
22446
28868
55472
84771
5686
54802
14242
2069
48109
68845
26374
55229
45828
64234
17942
48595
67770
48548
50437
63673
41834
50896
24858
82000
53235
50917
52809
68869
50430
75689
77505
81624
17349
15389
80051
22566
37181
41478
11915
90992
42603
72214
53201
1482
20065
19453
8153
26273
11651
67987
14265
88417
37030
84086
59430
79366
40126
23416
72752
99761
50420
10213
78976
25392
37147
89333
83910
81659
26166
10735
88800
69348
43917
91977
15299
22097
50622
18475
59483
91697
25776
83547
83335
51182
72956
40692
95139
77653
18140
39061
66461
26878
85960
39777
82693
39928
51675
65511
26564
28458
83202
18638
49615
69713
7126
14361
95304
4947
55378
14299
99239
75646
75178
13377
6968
50815
13776
28220
17823
95546
21745
58815
84517
6189
53738
46859
72486
90670
84077
33985
10446
3846
96004
30992
44156
57260
48063
45206
39108
10259
68839
77302
64673
15153
82153
91158
32137
32956
18826
80755
52199
58204
28245
6660
23616
91457
63213
51282
64055
76305
74969
46888
46628
74059
21721
63276
11143
83756
63732
3029
77831
27737
90677
41428
3081
13752
2927
65422
81694
53410
47393
11407
18205
63756
90690
75165
61041
3862
97654
68910
17567
1530
71599
30231
45543
6570
4226
45589
47072
66572
77711
37090
74788
58696
59262
75383
96901
26736
29312
23869
57587
66531
88505
89750
12353
74812
95791
56049
14138
26637
168
95336
75253
74800
42008
20728
32713
70961
16399
12589
57
92680
10568
70459
97472
23190
50202
78822
13809
71413
15366
42680
69087
38602
15716
44260
14075
34962
46826
95749
24785
24687
84743
14578
24010
31085
14189
27609
89463
64806
27413
18435
88684
47664
75269
68084
14515
92138
99871
3544
81818
62353
29056
60837
86010
86208
66888
89765
17068
10283
71553
75989
68867
89229
72278
32763
82992
79621
40246
19436
18654
64548
95018
76729
45851
69720
97591
29855
17670
44457
53952
99681
89377
71647
28916
79436
16937
39622
48981
79876
85647
55840
55117
19343
90745
7411
51621
36827
16214
76668
85556
35920
35395
1382
82827
25456
87624
28660
61526
8672
68781
49187
40966
86893
10464
14163
65705
86009
12441
31176
67832
84438
36087
7193
97963
19802
62735
56948
65600
78200
70145
23261
42929
24739
82775
62127
2601
16927
7077
29917
79697
53509
71750
72623
70810
50554
54689
57791
9073
3832
93304
8649
82947
91964
42976
96899
98744
98343
69576
25748
22065
81499
36309
87965
71768
3351
72578
15111
81534
32721
93144
43548
88766
77486
69520
10443
58293
62949
42388
58709
99216
66250
3745
73638
87281
37082
70557
96016
62233
83492
17903
56539
29917
78222
38879
54629
62229
45813
51013
61048
54538
23622
74468
58237
69845
50927
66039
44836
71667
29460
4723
21624
23540
15986
89640
44941
12023
52970
29082
80608
32231
16891
70721
16504
60145
65437
47280
95137
24379
94596
89429
8915
81529
74566
88245
60304
93903
19434
73235
26631
6168
59762
8778
85039
18316
29464
1745
46935
56388
48806
56152
23247
49481
83867
6876
91902
31863
89472
13779
67167
2362
97404
44
76833
89711
94580
74071
37701
92181
46951
82992
82427
82545
64012
7657
31495
95347
66120
23919
22955
42391
12201
23074
9520
34572
68995
5531
7703
23343
54611
36091
36942
13552
68986
76663
17946
40863
31723
92795
9023
51598
83827
64118
46722
70603
74042
15582
22832
93621
42722
26346
73673
94643
36647
66199
79528
95857
36668
55634
72215
8051
56781
44972
26984
12719
77957
60406
71298
23622
13026
70363
77508
35163
59888
84320
19040
37727
89548
7992
60444
55977
32686
43759
20477
45130
73952
43277
94397
62356
36660
90393
46711
15681
42245
16816
88866
81185
58612
30425
37714
70768
9437
66663
10040
27388
2499
57178
46062
22430
49282
46638
70525
30762
90388
78662
93848
63000
11687
14802
27774
41670
34695
46752
40061
18192
91294
11255
972
40986
47741
19628
80679
1513
25761
69380
41158
4690
79633
14113
28754
32877
27248
29681
14333
98492
488
29550
46742
9346
75627
50357
82337
2890
68010
49856
28359
40844
26939
33756
91244
94034
46448
55406
52215
88779
15601
12837
2053
30811
67936
1366
54495
70428
53884
66792
23434
23513
52239
44136
92968
16994
57186
59967
31294
84507
25927
22531
99554
98229
48598
23218
84939
86273
6968
25351
43759
51493
21296
21845
74580
77220
45793
1966
54209
78168
62264
79249
59965
30658
38810
97572
70563
95289
65868
50443
84894
27323
55413
19753
23073
55309
90795
64569
77384
96841
44481
67979
62047
71862
38871
80551
70254
68529
11398
82702
84489
14445
59282
25031
1881
6912
81597
95671
30179
59876
6701
6730
81922
32362
91651
88119
44460
13452
6843
26367
31729
52234
73928
88454
29988
37666
7969
26286
34257
52900
25815
66100
34730
51405
21846
48921
53213
28068
79541
3130
48454
87488
82680
98255
6209
43777
13606
50326
4995
21465
77542
23394
1697
65459
71830
99312
12546
9538
26799
68411
74446
97456
81047
27393
59258
98525
18070
57601
79321
10389
83446
96752
66395
95731
22212
10277
28135
56763
24587
14637
86327
11630
44868
4254
79346
199
63104
86181
67615
13252
92075
32166
15350
8691
93106
16493
34454
51152
53463
19749
67144
87269
95295
43670
52755
47867
31553
229
71131
50466
57821
9356
80107
60740
70663
63974
67816
59973
32877
98503
21902
57007
63955
27519
77178
77880
20072
4966
40891
64033
42124
91137
10462
10890
92565
4569
92415
82604
72251
79073
3185
45892
7011
42302
82607
76134
20328
81598
79086
2293
63305
65263
71805
73712
55987
43009
79821
51490
5165
58001
70453
49856
2931
64730
20142
78886
77544
61909
99758
68875
63588
17640
53344
88821
81909
85281
14360
6730
71515
82786
56726
77828
95387
35701
9290
88274
50049
64599
71859
26589
44810
31388
58475
2780
80730
45783
59397
86001
51648
73148
57053
85629
10021
77985
53219
57714
88879
83557
64781
79062
47818
27411
23653
94562
15785
45045
72772
9878
36287
19521
84561
71258
81702
93486
40861
46972
92534
51939
4036
748
14736
48961
77831
26610
53624
69729
3489
96621
36465
90327
61798
58316
77461
22159
54885
6955
68636
5229
22992
49275
78061
45121
10892
69998
22874
72195
36220
10145
98707
38325
27722
67074
89429
56468
95263
30149
51527
31408
65406
73099
65957
26191
66483
34362
76996
58123
75291
30102
92372
20613
43898
61070
1884
82715
9515
94143
82764
26936
52995
22088
99157
47650
12223
31013
70424
47455
75543
33943
78360
36825
77295
61112
6956
63628
92680
32794
59989
73405
82352
78894
81533
28711
68522
11001
12364
96427
33796
97269
51280
45613
21586
38205
54531
85305
82666
92352
98810
11594
56262
54844
53695
26390
96063
48949
57942
36466
51630
50961
70712
40709
93906
32179
73590
65912
29861
68229
32145
17042
85805
35606
86865
66595
51485
88050
32402
19459
67793
81289
61388
54670
9791
93643
94484
63474
63698
72132
91840
74355
21607
19003
42839
79942
20910
21920
60751
58199
36752
22622
66848
10853
95326
13443
34567
25683
13403
48858
78463
6157
85213
60094
14984
1797
31656
64854
92503
15755
98776
71324
86586
62242
42541
85887
83129
95810
65190
47357
26787
36879
74757
27038
95014
73508
23856
53545
69102
28086
46398
44086
12718
39415
51656
49767
35765
25650
53921
51504
16793
61562
12966
75242
80695
24839
35649
30441
80128
40417
42194
14166
8843
79296
32037
64612
83045
48859
93608
92559
62925
45390
90003
66945
50672
26323
18228
81701
93559
99679
83565
84909
41101
21230
52531
8564
53825
36102
48065
97393
37851
861
28748
98621
84258
74563
50231
41044
25144
72806
41521
1423
79290
37536
41358
28935
49525
87139
30665
74338
51168
76338
65859
49468
96322
13441
64831
24843
32346
53697
22467
58400
34477
11833
35811
36752
82376
14278
339
1878
8257
42150
98255
30781
90321
99786
37337
33381
79361
80386
14583
34837
88686
90301
72748
12445
47939
36572
89833
64415
19902
78477
91706
98087
6044
93216
6224
38505
21370
8252
83596
74792
2016
8436
92205
81388
20078
34702
61678
73966
19340
52952
85740
85724
52814
86693
16228
78752
98467
75049
76607
37309
52984
38955
98438
25083
55133
12676
37469
26905
70051
25225
57354
36880
73677
96803
78497
99524
12622
49113
77109
58272
78890
15187
85281
16559
31180
74306
86727
70737
14891
30688
24835
31156
81490
772
39748
8052
84566
73271
29422
2214
34689
58597
85959
6939
28066
49831
92994
97403
25082
76093
82481
56308
43899
40999
39998
60597
51651
3823
16481
32969
81111
79045
51315
44104
74296
1175
36783
36733
56095
26036
57102
31090
70827
17143
16634
62756
72517
96390
31303
98580
45721
21930
94893
74049
47904
92956
47580
96441
6650
71043
67914
62022
75380
50763
81462
42722
49820
8487
29378
7973
74091
7590
68434
60749
20101
40739
80350
83389
6813
45486
52774
8366
37003
38100
56825
51971
68286
72377
86871
74710
2477
45101
47020
61259
72749
37922
65814
44914
31589
6580
95688
36760
94239
2732
6993
58127
72051
41086
17714
16453
38131
5107
9508
9237
3660
18239
68263
88585
47456
94435
53121
69695
33620
21694
41736
20621
72503
25385
21535
27829
28805
4348
96814
92261
57229
32033
59765
74036
50943
67431
29842
70410
20979
26076
360
81241
85756
20116
43830
88975
39054
88254
18238
56019
82073
1298
85325
21408
50610
47144
98919
60769
41913
70178
46433
58859
47444
64441
29899
32326
27579
97288
54239
31846
22141
70893
49939
47412
76758
12606
94915
38327
79132
22003
16048
10300
41654
92399
44756
66067
37156
67670
72896
63100
93165
91427
5427
22181
76657
54875
34458
44046
56120
52165
65678
7763
10617
7587
12620
44178
66596
47663
36800
472
82353
52999
52543
37808
67320
39705
34078
32976
18789
88260
59533
87164
82188
58888
1513
80142
92717
6822
27177
46602
35900
38282
2082
92863
72562
28561
1537
16771
9735
57292
20793
41416
63176
2801
41139
24126
49484
77379
52803
56230
66159
78385
57537
26188
66551
76269
73869
78973
13242
59936
46216
67922
98239
12296
15399
61829
51234
94439
42599
39639
18238
75520
91352
77874
82054
57307
62927
11813
13330
7255
49284
30424
86363
32037
14764
47193
67329
94663
42767
74260
84314
2635
86910
15608
18265
72026
47479
86615
11927
2918
53484
61855
79835
85371
68217
50811
16618
91855
51928
2060
43133
2064
9094
40440
382
49077
19718
48906
99673
72019
4197
16979
64165
9702
99531
91105
51727
72169
30962
78729
31920
82611
47648
77525
988
90841
53538
23973
57874
21319
5348
81352
31569
33654
68404
16233
45524
41582
18057
44667
28370
57617
49500
64528
31872
4876
12031
28854
96811
65031
15145
56517
15412
11896
63327
21205
74955
13863
64003
7422
31392
75206
18829
73128
54039
26215
52361
12614
2867
65194
54097
70344
48419
1541
9995
16768
21047
48455
77807
60457
80959
66242
16872
37451
33468
62764
17543
88301
74863
16287
87969
6071
43500
97754
46707
14443
67980
34500
38472
14036
49699
75466
37315
17240
90589
89150
26609
77051
78528
49893
48446
3835
72683
45483
96404
55413
88959
69668
85104
80488
71766
46850
67590
93224
52470
73030
87262
57623
37183
47050
44974
64380
36958
9211
33854
90003
51988
551
44505
38261
48072
5395
71486
77389
18382
42209
58304
2978
6503
23370
2613
76116
77719
13148
5944
9103
64716
75027
92974
96933
81111
14413
44224
21739
91676
90849
83026
89536
51633
95072
32709
93846
79046
60517
13163
39159
4161
6370
77312
98703
47405
89784
97468
25621
13840
78609
99166
84391
55980
42765
5778
20229
49211
2370
1067
38202
44420
63757
38817
20911
11009
20735
28745
73856
60117
97763
6172
50983
42642
64132
49227
79408
49603
53833
41867
71935
3376
84466
93573
88761
17527
80382
17314
85623
20238
70156
36224
64644
81731
46610
36388
26273
59644
48728
8256
5973
77944
49182
22413
67663
84786
8604
66783
17466
92604
88287
31813
95896
89774
96732
67793
4416
27334
82237
54185
23144
26562
73684
14663
80505
23569
14738
83583
42756
65668
32878
79639
1552
870
33969
70755
51118
56706
15558
20531
63083
87430
47617
91116
86659
79741
78166
39899
24621
46284
83007
88209
61394
3492
93764
58986
48580
25751
6465
77430
85389
91384
94124
3672
66653
87615
21057
19779
9549
21484
84150
24715
11586
91554
86841
398
37105
11316
85253
99531
77239
39353
32783
71672
79210
63588
89331
87799
94801
7395
54463
45647
55007
73832
29989
38142
38076
20962
16718
45539
61595
65989
2648
68152
95711
48847
5370
51097
64253
46934
90173
65029
73267
21807
97169
97584
82326
95981
75663
79100
13024
3360
42095
13143
71163
30358
49052
7475
44398
66456
77161
4315
25499
12690
39149
90111
2879
54518
15858
24472
54667
91491
27774
65562
80370
30389
82379
84933
5031
90685
27609
58651
94812
41687
84768
93526
30037
89177
30422
97362
92006
56087
46131
30365
33263
56478
57304
81194
17493
45051
38048
95604
34869
35414
67544
48255
21416
19514
85333
88936
36831
87919
7803
13360
84225
46042
36273
5603
87345
44942
8212
74395
76133
96990
17500
58680
69809
26476
57041
9209
88213
13154
17621
62402
66749
22723
10587
10318
98013
82456
68759
36295
74106
52416
19898
29659
57598
63156
20141
14885
66253
39309
81007
30687
16896
5128
22873
72737
37141
72860
40289
70057
20248
47693
70041
99606
67972
44102
11589
56177
39042
97543
61287
85452
96774
72746
86777
56884
28332
15269
85985
92
90281
66505
46342
53507
20325
63992
44181
77254
43506
78672
1695
63603
92638
98637
49408
37792
57394
54962
25800
79603
74194
99349
82547
11839
69947
85631
53785
95651
76677
77566
90850
44657
41218
3892
60170
19908
64404
8285
51278
95944
17549
96640
44354
94562
538
67002
42299
67375
25465
18509
80997
70836
32504
74880
93270
18138
70597
25259
16947
11241
4517
80625
5559
53229
42031
67536
21339
16354
10102
32616
64543
94268
47478
10993
20528
98372
22507
19787
86621
67613
29645
73809
74465
48719
65886
84772
70379
69529
39209
97601
76190
71970
15156
37852
46062
93176
64776
92771
81061
83349
37413
25195
42473
27190
45225
24276
97367
92075
12790
29917
15454
60612
14812
28856
94962
17828
97668
9478
7095
53947
56446
79730
13570
12578
18102
97928
29786
61091
63504
39768
77387
85068
6384
26517
94282
11928
35599
69166
47635
50199
18605
41188
25905
90328
58672
78640
69699
50594
96129
20463
38027
67334
44809
44136
96489
22598
58853
22249
56976
74295
32178
24098
94677
3984
43158
13062
17501
25714
70456
45293
65431
5631
22426
58203
72949
26572
42168
48207
36306
94439
73032
76390
89275
23896
95296
8039
5924
59743
73682
87362
17049
87340
87575
72304
48078
60500
51003
5977
60573
28541
67851
81051
6911
75503
9271
61319
88279
94013
44892
60732
39811
3901
7161
44318
53525
91353
19060
7712
89642
88280
69421
12415
19939
33514
77205
2459
92988
57571
46351
4778
10451
10920
76201
20418
56014
12062
58984
46583
24157
26185
65497
30583
54606
97765
92854
45888
90147
51198
24074
97791
40431
42411
28250
11593
52445
91346
12214
29740
59540
50342
19832
46031
5197
66636
63449
34769
15179
78559
63524
90678
22257
44486
67101
81388
31427
41188
13541
28517
50294
83944
16787
75596
99315
14650
37475
71560
59578
76106
25297
96993
12063
40770
22308
87050
71579
90498
31217
59697
21072
50119
69245
40860
7515
62187
47703
89099
69318
52836
40275
61589
26998
79385
28787
30447
83782
69206
44322
53901
50912
56314
53610
30294
33563
97255
75908
14589
87668
1095
53972
56826
85310
39625
44187
29903
6976
13431
35592
50062
12614
37002
55271
57647
30267
71844
68458
17974
41006
80357
35716
22565
31924
95239
46674
19524
35192
99271
10067
78527
70435
88549
43182
627
60176
48597
70357
16040
93640
7240
9754
74079
72903
40744
441
18583
87188
432
97644
59445
26065
95832
43066
96302
60351
17408
99295
23927
90722
6991
22556
50566
88352
87272
36480
90237
29352
43067
61015
47902
55316
6519
45285
2481
76006
36010
50927
6830
67015
94297
33306
66071
5171
25188
72055
26111
27532
105
9463
2682
96015
55918
65522
7919
98986
73714
11821
86274
23634
54464
2960
54462
88460
32059
83802
51188
33948
26768
13635
41554
31277
82882
74183
88329
83885
53191
57421
97674
64757
89877
61271
70467
53500
76517
56518
42003
11598
89123
26644
72654
61657
5484
23816
59975
17031
91541
28850
78777
41929
81132
50777
19846
8869
31176
52454
90277
60348
78194
42742
58804
74613
44040
32821
78028
81643
38836
14542
92129
74743
87294
82031
43404
15618
60980
84313
23919
36335
33539
66315
79551
298
88495
28396
62909
96151
99972
10396
48870
3494
75515
85224
71881
87335
97179
29135
17741
49418
22144
21072
4193
88861
7328
11869
14486
1998
3832
95578
5939
81872
26526
9832
1603
61525
41657
89912
87258
82048
31114
2043
78276
56282
85815
85485
91298
42153
52654
40064
54182
35786
9554
6099
14371
43884
71379
97008
60605
97287
35829
61416
55786
23185
62876
71198
89884
2175
43951
54647
900
98145
57758
19851
79194
63913
28483
42338
65900
93635
99105
23200
79692
14158
7651
59163
57807
81826
7416
4421
77030
78703
3548
45596
28256
82709
87869
55777
54266
19879
41375
41368
24537
93784
39622
46354
13167
27052
40005
32580
66423
43042
51953
11787
94943
61876
91129
65389
2303
84383
96971
51367
66411
89917
49236
64138
23140
79614
53694
82917
62615
55306
79720
16817
37750
36166
23240
30823
1904
80056
37354
15773
37941
94669
19906
47626
14507
94684
72408
66524
7016
85533
47894
94549
50593
31775
86681
2594
50155
98659
98455
31354
58848
39140
86698
69251
50190
35444
27218
90932
51591
94192
6358
64034
77304
37197
96464
38993
97420
26196
96274
46964
6145
9129
92108
44273
7431
78020
2099
58338
18892
84034
50171
9628
6009
64047
79073
6971
97776
94823
52486
39412
2209
5861
15087
16814
35580
50040
76418
43541
2746
52373
59501
44802
17622
31503
8364
3612
32613
16017
80008
7848
53756
58211
55785
51485
54330
81652
94787
81863
63880
85658
17551
35715
1853
69820
52228
60689
45494
34689
97361
76217
70151
60996
55482
87850
76807
69057
69992
32562
26470
12472
54110
98994
33906
65792
35163
36298
34297
24507
50092
37930
25520
47549
18756
62673
6045
37406
90467
34143
73876
71066
6185
42166
25460
66137
43859
54685
95176
90865
17658
37204
5793
4158
83167
68319
58198
42351
60101
34466
74720
53072
21677
84827
24553
13442
15527
28158
2052
59759
74864
57351
99094
98864
50591
94648
11232
67630
45150
60675
44014
56268
57113
83866
40654
13637
51882
83327
35127
8292
58327
77833
45796
27677
53795
96398
63866
59726
40631
91740
58202
16042
36233
86968
13502
23904
95587
17942
42321
35548
60379
69023
63107
77474
81953
38279
16218
89980
96777
9769
97765
87685
42509
55093
27177
5502
90398
34210
28566
81327
35431
16353
98201
66667
29523
95909
50879
49474
64996
35260
86443
Time spent: 50
Itarations done: 12550709