58221
70257
41822
24509
33896
26472
75227
17195
31712
85259
39493
34994
98459
74480
3007
73337
94114
38408
95705
2613
6011
95533
91469
48523
37308
23
51313
83795
71574
62210
66932
74758
32215
7392
6381
8004
87969
16782
91488
94745
3857
99627
30069
13446
730
91300
85083
4934
65970
58620
87584
78422
52903
20678
90646
21753
17122
61150
17411
34642
64218
16350
77968
19837
25282
72234
17015
73826
34060
93086
7035
16092
52817
34808
20233
83932
82705
66545
96518
98412
98835
35787
74540
76331
70277
64132
68128
22890
60855
53617
51412
90257
57867
16750
62528
28347
42753
17376
47970
85861
281
24017
47519
41992
60916
32502
63124
62201
84859
10535
64186
75069
25591
53238
56411
61490
55822
15778
81731
32295
99348
6862
22735
45937
88608
85179
56667
83927
59641
99785
41204
58498
3630
55008
17107
74290
17394
60590
81278
3883
33937
48602
17819
65583
68581
100
74429
11124
86201
26527
36781
40803
80750
93542
84500
64056
59514
58270
8915
14606
41442
14889
34999
11023
11415
8004
17720
25941
20452
78463
76492
90135
85633
52043
90493
11274
22906
67875
2329
31427
40974
70533
67852
82243
35081
57366
45894
22216
45819
80977
43264
56567
89937
55658
17576
47011
27679
6164
93268
16030
4311
27359
64682
38286
92265
94082
44112
90380
64728
72021
62469
99457
51525
32390
45502
90962
63774
65930
69530
86384
25094
25032
47157
42921
13992
96688
5706
58726
4628
23573
98891
89793
91257
45688
35751
37480
95451
30825
19906
69325
84568
98540
66938
30031
74986
19346
8012
84338
54229
88546
93816
9042
32421
32402
84477
17471
25360
3280
48324
56511
79055
59945
95197
63633
68692
9370
38453
9321
43781
7214
13908
78988
45607
75553
83671
67617
93166
98510
18126
70304
19364
99074
80317
52329
40571
83745
33534
73487
59478
65522
55144
23185
33765
40331
67500
95141
91188
97167
90250
93521
35499
87988
77451
15972
66991
69888
27563
3231
36476
59054
44788
79867
62167
3757
86112
36186
65177
91871
50053
17473
21271
57374
50271
93435
84004
39829
70057
78118
7534
81009
12185
58537
86176
13640
42651
68873
32126
8656
76581
16333
32852
99425
69878
24624
65243
94051
61166
11502
94915
20193
55166
57938
55955
20748
50811
58214
88881
33286
95308
62591
12790
41334
88734
37223
21383
81370
72900
69554
21984
25840
12879
41716
81684
39550
19955
79287
5367
24454
70689
58255
46674
26189
48393
19163
44832
74591
70492
94131
87798
70010
68115
99835
25336
7413
52680
87470
94371
51046
38348
69407
73399
33872
88908
61406
52740
58042
22992
89200
93037
15345
42499
8662
45735
29857
45639
79970
26094
48965
48270
17852
61871
73473
64997
12390
88923
22688
94968
77854
28744
76161
16398
40629
62372
20214
18532
21554
10091
54410
90116
2855
37021
80811
39386
95317
30945
7172
42176
37498
40624
44131
1947
65488
20359
66020
58371
89085
99723
35098
99573
98277
86138
59787
17189
2489
12369
68947
93143
74331
61041
36263
22345
29418
33908
81479
56475
24340
84895
8543
633
95965
2797
14631
6779
96991
12089
18578
85791
5051
58384
12418
3362
95612
58893
35533
34087
72598
27623
7345
22770
44822
30047
31520
42325
21245
82664
2351
43591
73523
89093
2271
63985
80440
96279
78368
99097
25554
61883
25357
44183
66746
47073
82583
80957
34352
87730
73506
19173
43179
51433
77462
2194
22922
57650
25612
51072
81400
24175
55632
52618
15467
4143
43004
93540
75615
94830
50693
4913
71998
31979
3563
9086
81974
31534
99028
54598
82249
4428
11262
83730
82332
49469
32711
2063
80228
24396
23696
9708
96179
5803
8567
9869
65736
74919
65197
31930
89572
8102
3479
93536
44171
8465
18105
78889
54900
88137
31015
29008
20960
99499
9767
23735
60312
18067
59451
85002
11937
99766
37856
46200
92625
70937
36268
13442
55994
60739
1566
91096
42552
52443
49211
56187
41340
12696
31295
44070
6076
55925
78965
51254
81694
14863
34353
70341
792
17536
23561
46730
3738
16099
99313
87096
21050
73540
99551
55588
32154
90545
26549
65277
80727
46695
50063
9611
83589
37726
77564
81434
17455
13670
14794
95612
5854
61527
60675
65370
57134
30453
42030
82169
23706
67519
95633
14267
62555
17704
47762
70074
77521
43075
24757
69001
14968
32997
51981
24688
66210
9731
63163
73351
2414
81920
47240
73428
30683
62254
5667
61802
13659
44967
79536
76564
39198
33861
32930
46642
61547
22196
46615
4544
60935
52040
84436
69
84613
22584
43769
80051
39100
74435
90873
51995
772
50052
12199
67986
99906
19248
83502
49258
11917
63101
70024
21587
58750
29597
23078
46949
83262
10015
31020
17883
9920
36301
15924
27548
46241
66588
41165
40693
11153
8538
9711
68581
98809
28321
88055
94365
99378
6821
86544
4495
1956
34047
63295
56457
98964
77758
95913
53450
96281
22937
82919
2582
8823
55044
95104
4754
87437
51842
95924
61588
79658
56139
89636
87606
74288
24914
36012
84306
17726
89074
91311
66888
18590
12474
96585
34054
76412
8865
36444
36685
80051
61069
34112
32101
21962
87954
31865
7245
65564
21674
29907
16297
84689
90160
21258
6082
66472
47996
65427
96077
31996
62573
89428
38923
82674
41826
91145
12026
24523
84854
47060
81201
57407
47399
94095
33228
41770
40394
63558
95806
71530
21716
94153
50586
88505
98780
40544
97781
71144
32764
24141
49332
18294
24021
43585
11683
27364
62618
73824
68909
35480
47998
34732
92302
52086
17347
2888
83449
61939
73578
73452
4441
18562
70697
52969
61038
79939
96850
78526
82469
60629
93499
13814
84977
87434
62936
68495
15337
49398
45746
23656
45235
27118
94837
23227
27775
71253
33314
8871
33306
75566
59749
34191
53355
55972
56251
93006
98664
3797
62328
36004
20143
28809
612
30252
50032
45580
79330
36848
94628
85354
50781
43434
9650
34811
75100
90311
54640
13014
24237
71611
53763
98293
62352
76253
86951
7926
55711
57347
97521
15250
97698
83261
30276
61146
82699
28741
7496
79893
26377
10273
9361
12930
9270
56297
50023
28374
15634
29955
30878
98942
50133
89698
8570
16458
41212
81406
36809
37218
81915
4584
28320
59228
16401
84761
36046
29702
53591
14384
71207
69171
78097
95290
59892
77206
33039
27311
89563
53955
69329
39546
12177
31592
91658
53576
51621
60236
82712
1163
9682
34032
54004
92901
77044
74818
54258
48863
33582
13155
64404
57423
65709
19500
22026
24272
37616
41916
47496
10053
27928
926
89043
32091
83666
77021
64652
23374
49323
1782
54962
242
478
29721
93224
89161
48558
24655
5894
2525
86199
41821
80589
33581
11115
24894
76895
61395
453
65720
49926
18186
7343
93783
26528
73424
16655
72309
59690
31739
27960
78379
87980
25022
30255
35567
43725
2979
95223
49318
86169
91009
43636
67675
83984
89389
32966
52940
35304
33605
73342
3469
92796
22052
3710
9038
56356
44415
50371
58078
6637
11668
46049
40581
78869
96999
9203
6559
18366
45813
70511
46725
16598
2593
86295
59367
99867
32518
97099
55444
31400
86564
73724
32479
92053
70244
42723
17111
24844
28174
98701
36013
64193
49340
91712
25356
21987
31245
24636
30157
69511
15040
7616
76524
36783
18275
94479
22243
49001
47111
69509
4074
33550
65615
62032
3796
60428
36194
40981
49232
23980
22264
81925
51377
34449
61946
5031
54234
64129
79863
53977
40061
84831
3041
23069
89495
40832
86480
42632
43366
24690
34118
1211
51007
62016
21738
17179
18470
65734
89752
72098
89325
90353
75900
83458
536
2434
527
25420
56449
84698
446
2752
54987
8106
31282
45349
81936
38790
22766
18574
61534
94828
76625
38103
14569
31638
42503
37047
28821
14169
93771
57824
90912
29070
52160
31586
63476
669
77797
63980
17083
883
49532
67572
42428
85027
9396
68500
75064
43063
34535
67741
62299
28948
30187
55833
89884
19500
8029
63976
64711
58616
25684
84149
19002
62689
15196
6205
61320
98715
20984
868
50211
97836
1063
24125
7430
33992
19265
30740
19405
79842
70737
62425
97989
50277
38159
19658
84518
57612
71944
35248
84811
31940
24092
42422
16989
5144
42432
70561
38853
17724
49656
7658
97050
83844
89839
40163
6360
41913
24103
18079
24191
25532
96576
96009
32723
12782
72031
69309
79121
50585
67338
58581
52875
5297
60343
95466
98543
60668
61780
27986
72038
69993
78554
94705
49095
70508
79979
13491
85672
85010
2536
92926
11757
68177
93221
2208
12437
3224
96756
28854
13072
18305
37722
12615
39003
71426
35113
68683
64508
47719
13842
3635
535
23509
45429
83506
96272
77920
58377
34954
45683
74620
7687
47710
96927
93882
82508
99304
59898
68209
61085
41563
95127
63609
92985
72399
45917
52956
99990
66178
44792
47908
39116
51230
85223
91508
63865
4067
75
64832
53155
76428
29335
27989
51255
83486
91420
98245
76652
59391
94725
66235
12899
29768
39058
64964
90350
59880
60225
35704
4056
11863
65268
79926
90208
84791
90718
47016
1121
17265
91718
83841
77126
3804
35971
64079
12600
13552
33234
22778
52949
2603
78410
44748
39538
79729
24303
94137
40331
19391
28695
26977
65468
15575
39661
98463
69035
35381
92893
62408
80954
62208
95273
61558
96247
14980
60101
24366
72821
92065
41047
16336
53490
16362
84337
42188
33138
51497
81608
58877
37694
18142
59522
38870
68040
64190
86451
18142
89033
32839
11395
73955
11458
28603
75819
3786
23078
2848
55173
18642
73842
67646
93611
21538
9858
99612
92800
15044
80957
13775
3669
70586
17406
71705
48600
96571
82826
37733
70760
62439
62365
12521
67171
71375
37891
54118
12584
25696
35238
43281
22341
95815
2492
62003
34144
Time spent: 13
Itarations done: 629917