58114
86411
38184
82443
11531
33043
14039
68829
47974
93564
27906
20063
394
93694
36722
4426
93596
71486
50383
66016
81705
4539
99641
70486
84623
81047
22688
23576
28793
9059
81399
81678
37860
43182
78921
91328
24839
83467
26482
52836
8917
67306
99265
2182
17286
31929
28654
44868
35182
72435
1332
55570
35802
58292
74488
78269
55826
99846
70744
22923
82000
75629
86491
56830
79543
41095
32910
31494
24125
39939
30269
69096
95727
30225
92950
56615
54902
19324
75196
60186
49797
73998
95714
77458
95753
34977
23023
91520
28361
18969
82855
76380
55592
35303
43904
31049
24927
79239
48908
86934
77379
89507
84266
41568
81873
73706
23327
20620
30674
11971
35996
59676
29365
46653
30430
27458
33350
53754
81392
82973
66931
70489
4213
70454
10707
22539
53323
8075
58403
54487
59979
19044
25160
17357
75064
87006
35916
8328
49741
91598
34728
89417
69256
94570
33677
34293
53343
2042
63510
65367
50429
24264
97201
46928
82262
90707
92359
94317
40571
55313
38725
44008
98044
44453
2958
4950
72161
58413
34496
77627
72311
36167
33493
84051
68153
32750
84634
99247
40320
38701
29138
12784
13335
91879
81284
77533
24999
93338
95549
22037
56537
41044
55751
12793
33431
37852
88561
53172
8130
13500
322
96872
52735
24254
98317
35505
22271
58447
85484
92297
97291
81287
10995
16845
78353
98119
18231
29536
84272
1769
56374
8411
1105
96630
12176
46171
39431
59832
74417
30477
83800
8144
65158
16831
60088
88168
59080
70046
4020
96956
65058
47697
87291
70336
62556
86902
46441
47050
69519
34432
64084
28220
68150
29358
72072
3722
30278
7329
81840
9710
64996
46031
98430
14842
57815
12541
41623
6689
82807
4970
80070
64337
47012
3198
82518
58406
69875
56471
3952
15465
9537
39245
53889
20298
22514
901
39082
6468
83650
19831
33518
3364
99152
47856
4886
66172
17135
97080
18575
14145
77280
77997
47769
42126
44062
45060
41381
50404
36452
43870
40309
58840
1078
82797
86900
32575
75547
71057
42546
48717
53941
75141
13935
76068
97493
45978
89815
23245
29983
60332
6957
34498
19654
1667
96572
77038
77224
78077
10549
68923
93089
37864
90676
42288
95826
96978
23384
23170
38880
36736
17570
36229
12594
65138
53723
10316
34734
60566
78820
69168
94232
32761
63365
40421
10066
42733
94469
5678
20053
20593
52005
44572
32760
8315
3642
96520
59842
33018
58963
75334
95812
85632
42882
23880
27583
39638
84229
88662
37071
95081
66641
27495
6754
74178
55775
37385
50255
26555
99406
4247
67878
24527
95095
31307
70469
41819
33889
98801
24054
12751
57919
44029
42422
63121
14755
27872
95155
88912
52061
71549
4537
34418
72324
5690
76407
87511
59347
72740
47167
66497
95715
63247
32044
20384
13579
46764
28119
2356
59873
78905
59746
4890
11490
27510
53680
64153
45935
62935
96561
51209
58643
138
58367
68054
19401
63577
62023
57574
77224
69795
41576
18318
55538
87190
59149
87282
27682
37590
44370
16934
26495
50074
79047
26296
21174
63912
74564
50145
89567
4539
79805
45271
24764
24147
13361
38187
41066
6805
35397
14839
86334
86901
61692
59570
25253
19305
75281
47969
31145
69778
9504
86231
12784
64975
60415
68242
7028
52824
36171
90881
88117
76098
66370
27854
80130
54676
75251
12885
10346
5298
69274
24202
8188
1533
1777
93990
36898
91244
55258
88842
43275
43996
25290
20240
24564
96656
99130
47689
40970
1877
96830
31402
47304
61180
82967
76251
77912
42043
63059
84230
95285
36717
50341
98755
4686
19374
25755
80896
44601
97790
16866
4966
85997
35919
89847
98916
12137
44504
82780
83553
5079
98325
8216
83901
35020
40709
18267
95807
34299
78615
56464
91460
39111
54915
17210
38555
98912
8393
95832
89581
86001
96563
40095
70096
85903
61563
7502
57817
12956
65201
91750
97975
74895
5625
6465
44619
5259
55177
4640
52438
93051
26639
68162
69117
65418
83393
23410
94393
20938
57932
26100
78707
68678
32727
11382
31693
1305
67617
23662
98754
19298
28683
24710
42588
27724
85021
28284
35739
47041
91849
24897
30157
15044
71077
41232
20187
8339
33758
25373
56564
78624
62782
61160
702
81576
88700
92843
30947
74283
46772
84671
25429
70945
99093
49102
49790
75931
42124
52067
72280
58340
96971
44022
13586
92826
97436
71499
14251
67723
49183
95425
68636
53421
32271
79727
31151
31429
58857
16519
47795
7740
78057
22674
4083
72857
40743
76631
9013
25248
98499
64004
53992
45009
12975
65918
95481
90165
94597
54897
10622
89309
72856
59772
66220
21166
24342
23247
23191
4187
49239
3606
70939
67446
92168
65484
49140
37848
49069
63751
67990
58073
88239
49203
82251
44702
40687
15138
9248
6600
82655
59830
6496
69905
41448
61488
40741
97890
4638
49514
86910
51445
2259
8699
92870
9098
61801
71440
33852
54261
6586
37155
59028
41767
79554
7793
1953
75808
26534
43628
86463
66993
65741
24541
10093
87558
3561
48505
28203
10613
30581
11274
93735
1863
46412
89030
29881
30362
16986
89274
25944
78645
63848
44262
50274
61960
21351
96043
68406
11367
74754
62463
39394
36081
9865
79467
38801
56739
63188
86602
22965
93149
60455
59846
5833
97596
70977
98702
67094
47929
85416
42974
48256
53431
45404
28706
21986
80849
14813
92476
39231
78004
84597
98585
68519
58021
45737
94610
42326
8508
48173
97390
16503
6903
87491
73735
30499
55718
25728
7932
28472
99564
57780
41645
64390
49607
80753
30822
67806
20499
9986
88979
91250
79850
12537
76545
95044
20947
96608
51895
50827
95697
3662
21302
61188
86674
98945
12239
99555
54648
45642
47287
71844
71157
78096
14375
89354
34393
60305
13138
21023
71143
27357
6918
62383
47469
59478
25237
18426
46519
31095
42539
48070
23087
10565
5583
59048
11456
60180
94070
73745
45578
601
76923
8923
48774
59041
70096
25205
63920
16336
10862
5847
24486
4438
38252
18544
11784
82958
9637
98888
4472
41020
89406
69567
2575
29013
17274
75541
239
23753
961
72126
88895
70103
80822
50326
95707
22287
82450
21697
901
28943
7369
13677
32001
67349
11644
45534
3004
34362
87543
64943
52169
44237
94379
25723
33361
66812
81206
78326
32806
63492
6285
26465
15609
42967
86033
75590
54528
63828
99647
61921
57311
57004
34690
4373
88235
27396
83577
65934
74548
21123
91314
45911
99149
12463
10716
49977
7113
72900
42983
1028
95541
33578
28664
60633
13778
42043
6905
28197
74133
44315
79337
72953
62061
94135
99000
32521
39106
2659
54465
81003
51969
93931
34603
29440
96682
24116
40419
71953
38152
55808
56974
32013
52222
52632
10581
95000
39935
73917
14334
35590
61800
4389
48465
61497
53673
49644
31108
98705
15204
64568
9769
37571
6885
58943
44101
44022
52316
42142
56593
15597
18622
27113
99299
28153
39827
12791
22001
75828
55513
3615
29992
54193
60237
5010
88136
74530
97957
54493
61943
25779
90094
9489
86105
19931
55902
14986
16275
66517
69429
16849
50813
22327
98668
69898
5817
53598
89332
13794
88975
29667
88270
54316
45571
39431
49630
92789
43484
84948
30686
92249
23042
60132
63615
55305
62364
66738
84536
15765
99102
54672
11781
13737
5484
99176
91611
32206
35118
43544
71514
22064
47258
42749
18716
32055
67020
40751
74698
90326
58528
2205
25274
55046
72042
97959
70181
62996
75821
12901
96147
57073
98811
4636
93063
66333
91205
91935
4125
45500
56506
93004
67751
54786
20924
65384
91540
75433
83782
21637
96743
11534
36039
7966
85449
24539
43165
36534
12083
83225
63250
56477
85858
88992
11619
33486
91447
54022
89135
83300
91411
68117
62991
70577
65821
88995
25976
41350
52030
30318
63033
4635
70698
1975
22402
16744
62929
77864
22705
50473
17787
27918
27035
50566
39482
53108
80471
86741
89142
4877
38353
16015
37374
53730
9277
57218
80704
95652
98958
62293
7506
49562
68921
41369
47181
4193
17481
61550
100
18591
49521
93010
25239
66843
26287
20209
57451
44710
76779
70885
36938
23495
8222
41016
59798
44798
74749
10005
385
98730
50574
47120
13743
17696
6805
7563
99544
48044
9481
4531
97688
32685
40521
22263
90162
49200
92954
4276
3738
4
7156
10885
43761
43824
95753
90577
40524
91028
51460
50912
56652
59297
44296
46391
86395
649
92491
23056
75924
66028
34811
72624
7440
69460
41153
52504
19358
50192
72935
22365
79785
8314
45160
32711
91221
7000
47971
76454
80621
92833
57124
80578
20896
84593
99979
71715
37422
20445
46470
96829
76293
33624
62946
18191
49796
47539
891
30428
29009
42618
92196
66697
23428
49294
88028
70855
73167
64176
9270
13029
80568
69783
73098
17072
24915
62117
22476
50146
36518
54917
13160
97016
54513
34618
6296
4669
56565
85808
73725
36425
27979
93447
47877
19007
32822
55131
38416
851
60234
4354
93786
65455
45424
54070
7377
59671
6714
18705
55246
3576
97531
62411
5141
45931
45381
51436
55062
17214
38601
59374
43650
10846
26112
85405
24414
92442
15370
97755
11138
96795
89395
7220
82753
22800
15008
8957
82577
77620
81302
4617
58976
53130
89898
31491
72394
40081
16682
80479
37104
98343
78481
80524
75151
5277
67535
63554
34646
98453
61644
1045
64901
13863
78511
20971
46872
96195
19074
72241
48925
23908
36498
2614
15186
48560
75060
55652
96539
95192
46242
72452
2801
8583
48179
4679
88694
58802
88958
6875
85927
38693
44314
78035
59049
95834
65884
65151
93670
41971
57482
24709
22248
74037
53729
62043
54847
22641
67897
33022
10075
16223
23976
97695
34919
12111
51739
61354
61213
99280
2975
24852
71246
21905
42074
93124
35295
7604
74804
58484
39863
9811
5382
83592
46961
89788
53831
57918
11990
70562
23148
91069
40617
92390
78939
36521
83469
87399
92957
10112
51601
69610
6364
79048
85335
5826
88566
49279
24464
92711
3105
71701
8725
15891
43384
21024
84054
7995
67851
75001
2327
54325
46839
36311
80132
17180
31379
94541
25574
62862
68052
21523
51194
79001
13390
29697
65784
64071
46306
244
78227
55850
37712
5376
52443
41024
12735
7501
24082
54309
32844
16888
26854
32137
32709
29022
79182
33378
69785
43000
50331
77501
83343
83120
59263
79241
14102
7276
59153
78037
5611
87749
25846
70396
94190
92759
99488
53809
95495
80334
25153
81974
12679
40085
474
12806
23634
82939
66159
3079
52939
84106
68672
66544
97925
30360
83498
65970
57637
9092
12087
53791
8525
3714
55903
10922
81301
27602
26974
58768
19713
37110
75914
35593
43838
13097
5604
35134
98055
89966
91526
2713
36968
41368
48232
72096
91345
2572
65502
4945
60521
20865
87430
63967
97743
77457
23048
10719
90550
16999
58020
69497
89602
54145
83544
39895
6214
503
70791
72310
81404
69885
97050
43062
27393
74921
73210
78781
56277
23924
31275
83313
39967
63306
5335
14662
90537
87900
79729
44314
10736
59212
84119
6808
40717
29945
86737
13510
18916
72044
74322
61310
82527
45064
10046
14280
56180
21863
29230
74384
16199
9375
66704
85879
72178
63705
9379
37327
77684
780
32936
34993
67504
46505
12494
21873
20128
53661
93694
7736
61066
36699
72843
57286
55110
40159
62612
55912
83792
61582
13208
35501
68068
95631
18050
96374
75646
52505
57678
5664
47389
30851
25936
87316
87898
92978
38469
44371
91598
98545
45109
70308
17603
1775
54969
12963
84110
6823
35871
51914
26238
6096
68213
38179
49996
97105
17438
23729
19455
84891
38997
77521
34214
29094
45013
44641
89906
87396
42825
55630
65756
40410
2159
34166
50081
56980
19894
83034
97174
73418
29202
50674
7125
15377
43331
93563
33925
86872
33344
53340
56581
87370
13867
61783
92999
94924
51205
71639
97016
71021
14167
86772
55275
1083
59491
31229
92471
83513
81011
53554
1068
19712
54486
10029
34708
37686
78528
8538
43303
2629
46083
23338
82192
29351
80694
10272
97792
13395
37045
61818
77765
40448
96289
41857
55050
16868
83212
31162
71963
88140
94520
96333
43104
76598
55341
67286
3944
74907
14514
71377
95761
77648
48299
25864
16949
19728
66876
34638
65775
17410
8295
70040
10288
75433
60533
46032
47367
31995
73874
5145
54766
62281
13045
48333
97563
50789
51360
34241
23536
72876
27605
62383
70789
96735
70451
33329
15307
28466
44914
48252
6185
74924
90687
70039
71872
91725
3155
18667
32085
17085
54467
14642
16906
66087
64244
16060
77122
74536
7349
17200
67992
36716
89588
89535
2409
77187
31306
49694
98817
33175
73528
33104
94246
1155
61661
36946
53506
18901
67688
71509
81810
12601
83402
25172
40032
37527
54424
4961
69281
80327
27566
61994
54667
71165
52583
49130
96853
74748
13418
86730
14423
90701
63766
31697
70089
95790
7105
54802
99428
3196
92304
31819
22070
97309
92503
45081
32211
26466
97154
73818
97787
597
74961
24006
45823
45913
58907
11431
75239
14570
63627
65296
17767
33700
70121
63939
62684
5191
3088
49081
71682
35337
82180
90521
36491
81733
49996
89305
73735
53749
66879
14141
9059
92437
15410
63184
75672
85929
75934
31309
41245
47164
18541
41600
81489
92227
6642
69041
38758
9602
22604
44212
39665
3369
6859
75345
96973
26612
48492
68144
87916
95283
77531
54562
83618
87296
86959
64063
2432
86797
55967
83888
73788
29362
55024
58478
28526
40311
88050
72408
76728
35357
67309
46092
94676
70497
22612
48972
18866
86358
17983
1033
36891
91119
86147
90235
72509
65694
94055
80784
85375
55047
21089
25191
44694
30270
65688
21654
90414
67545
95848
77536
65624
92086
24254
49612
89471
77909
19805
32177
41145
77514
63821
55308
42420
79533
21475
37223
58725
56925
26792
7115
86877
73484
73037
77784
61382
62229
59379
1016
90587
75660
69436
82907
29013
34923
47632
71170
2813
72612
95260
51976
31588
72207
29716
9975
31689
56110
37595
11897
43640
63764
5144
71469
99474
91526
28059
41417
34531
36770
86663
56885
52681
113
22224
23881
73928
51713
65509
6199
29020
60265
49618
14767
16948
16609
85718
44484
8107
57824
92527
35330
58427
12177
48205
56924
97905
40530
76782
28675
70763
45570
90321
91281
33833
56667
82746
39592
64791
75219
11567
11677
92518
83007
9704
4480
38132
74393
41205
52495
47113
72121
51846
62692
488
26026
68429
46243
16169
74128
69068
25616
90315
66410
80828
24196
82982
12971
60773
64842
22340
20328
81839
13656
87391
22296
75888
5716
30376
95189
82876
80648
16972
71001
17296
37642
94881
26774
90863
91892
49574
33557
23886
77422
69714
94135
36852
94860
24167
85147
38425
46996
47556
46258
16449
39772
41932
26731
94451
51895
28420
8043
37736
92334
24575
70100
80403
71725
80739
58197
97391
11061
81788
37991
64170
99036
9457
96605
30731
88016
64834
59365
86284
87879
70586
43767
6351
76774
8195
64895
54945
98398
96683
39870
61082
56461
86244
12771
1085
48765
22706
36086
95971
5684
36886
99876
76682
10813
26683
95657
78972
85184
29130
38433
4512
10665
24672
47358
25064
53035
76543
3179
12559
20714
84443
58917
49498
61229
23530
79169
11272
54263
47352
22959
14871
7457
56407
65258
96878
99163
72848
73059
17730
40933
16211
13371
88958
51775
45073
72488
85414
46079
15202
8617
35482
37583
6007
43216
78837
52895
84015
20329
43513
29784
4608
27763
21908
47857
1401
79116
18769
2192
76406
1471
3302
84151
83534
60002
22274
77772
92996
77773
21270
15093
34809
76718
77265
59141
45892
74040
67211
99545
87110
17251
84592
52361
54187
30585
68689
53164
79481
75698
29788
20353
10480
397
37616
44313
55166
60524
90030
27255
4516
52196
94286
58453
77965
84298
74184
60066
88995
54364
62982
79861
94861
64982
54141
38883
77007
32355
59845
64480
96873
93846
70646
52082
85538
17145
18712
2752
55080
50100
21824
77751
64504
27314
25631
96241
33783
67312
67606
77717
75776
52320
57747
96893
7744
81696
8255
75490
11626
29558
47273
82746
35466
17334
20205
54451
67072
32784
16241
68928
65456
88436
57399
37614
5557
14465
52737
77764
77442
23686
51348
35287
82428
69651
24327
16829
85469
42776
68101
71972
15659
13938
49372
38765
54865
40199
5331
28808
18271
93099
71944
81697
9986
56366
37752
62915
31916
66975
11032
14074
34736
41147
44046
89941
26055
35176
79756
32762
92783
39900
73535
41157
52205
97204
95282
88219
19441
57070
35767
31421
67698
64552
25143
35582
62168
77430
21250
99341
68397
67364
40677
35488
71625
50060
86513
5962
94846
23237
73270
53459
70263
65119
61714
3312
1280
60740
94123
31688
50382
78501
63988
9126
1964
15234
63234
32040
78613
64459
24743
49086
34317
39556
18310
74106
8786
1256
64103
52898
3256
97164
99293
17136
30126
19938
70709
15532
96232
30311
29232
59674
2741
71308
70070
59967
83408
20826
97169
55734
57342
91157
89678
62747
42417
86082
13777
71334
61163
68863
54079
28703
72173
77728
35428
30220
77024
49405
68120
26140
85176
75768
77402
22614
67491
23893
71551
18844
92767
95555
61945
75801
21088
88682
73209
56218
22790
50292
71877
10398
2520
78143
97970
7883
34104
36601
5442
31126
53847
1183
4686
54075
17414
35757
53120
25906
98573
36582
58294
68157
96856
48149
42099
72122
25598
67227
64315
52585
71804
3555
19096
73870
54989
58319
98939
14643
63342
14808
67257
79020
12523
9641
92902
93293
54865
67427
77807
49923
64948
36955
52351
73451
41243
62797
22186
86593
92931
62604
24909
49020
26032
57475
95347
26182
3622
20410
44144
21027
31148
66190
25938
67592
9817
4932
10630
42158
8485
21134
74052
95037
27648
20179
92826
44056
67924
5105
62275
99391
69761
7828
55955
8678
61175
1089
10708
21148
35941
60062
52099
70065
85921
25856
71679
63826
28138
47075
29711
57836
99700
40150
84855
51636
41825
14336
45738
18738
57998
53051
98435
30248
10677
29692
88577
77586
15988
63080
27158
34485
6493
85381
45045
23920
58380
3644
42796
71768
21331
85036
69583
35692
46826
85372
17862
95143
83802
70761
38887
76340
99345
52945
68223
64716
86484
70357
178
26545
41205
98983
65321
21328
26392
69762
46305
37026
91735
2575
13709
21295
85484
40812
75889
13683
76498
85023
14607
6038
3128
79372
21711
71426
79300
385
61172
5441
17504
33928
55546
18016
73467
3391
36199
98756
77880
29726
2650
54238
96865
62313
7936
81886
54729
18515
24094
1751
60095
9366
44745
14875
99623
8998
50156
94929
2330
46213
94280
48428
31876
58041
72975
98023
34247
47160
97910
53305
53871
27747
31666
33976
32494
27619
36077
1393
22038
38450
48096
36223
75163
70407
25294
72303
25432
72717
96535
59791
32710
27474
12497
84314
48857
10440
15372
13041
53774
39622
37432
73491
22502
88
94111
96367
10365
41808
58804
69805
85028
96196
93842
59198
91848
46602
64874
44087
12075
18184
84395
11611
62196
23370
14216
24637
87124
10564
6374
51894
19962
15786
77336
7330
16688
9630
91282
96392
25418
65211
74852
8024
16760
46694
97937
22948
84312
32565
32941
31122
22497
42965
48376
64287
2703
36222
1757
53104
98073
76125
71460
12650
52333
48547
7525
44856
48670
23706
87380
22029
10964
18626
34002
81631
61541
13325
91261
19309
67166
13776
54030
14461
28121
34868
19076
60662
3983
97421
56861
1862
24121
94691
4064
94511
942
85897
41973
25641
49564
16933
56868
17397
18861
51777
75073
39655
55723
21992
27582
34075
56895
66286
26991
25326
10898
37276
32916
58170
96296
98388
41172
52765
82005
20271
56689
14714
70308
13124
465
71314
33916
99042
56839
30904
24690
36773
88908
78344
73504
60202
37165
26397
58281
81426
69226
40132
90354
39477
67002
39477
58088
46534
21731
63648
71087
94894
57020
50420
68334
40026
15333
43082
89250
67712
24377
88387
57933
86564
6366
29937
97733
61151
5393
33172
75830
15512
85932
507
75648
91999
98986
48128
8668
46211
21460
19592
6648
95189
49037
5611
80235
13116
63194
24248
90619
86403
98920
91260
57146
98395
11306
76426
15703
12801
76373
98440
50199
64554
64332
58311
42616
46941
91935
49191
25883
4673
94652
9198
78197
3974
59129
2986
67466
52826
21691
27732
40155
87184
69626
39656
50133
22267
78577
88334
39959
91966
81553
27781
19618
63961
92922
45652
35825
23303
4187
14901
88791
63033
27459
25851
32765
6831
87207
852
91642
15720
51228
28588
31624
98570
47733
80573
59127
54394
37007
88480
54094
23394
93335
67705
6323
13250
5699
69911
95625
97319
24220
35306
45344
52218
63382
93996
83207
13691
22815
35021
63472
81695
1711
21527
39971
98350
63925
81019
30964
55657
57390
40748
83554
63846
3686
10048
27974
25752
51411
33759
10196
17792
30514
53910
5053
73928
53757
20400
41508
5417
86248
85703
16676
66191
44283
3435
35874
91420
90691
26155
92255
95062
65476
63860
91434
11181
27754
21369
34085
3319
87785
80175
92601
46422
76412
28316
56674
6592
33243
70430
77076
5385
94662
69403
6917
57400
28068
80890
25296
12618
89694
42441
29567
18201
79957
70142
99283
38437
32481
97342
67450
36031
771
62469
82839
23139
99986
15877
10879
36324
20312
69315
50
76064
53186
55814
35725
78468
61901
2685
14032
54552
84131
45779
94595
40701
75457
29295
32901
52911
90215
42151
50565
26905
48779
39297
74891
56439
58897
84331
67930
12883
42738
28419
69593
40602
71041
9709
99422
74706
21076
17348
97263
20434
56095
14659
34340
66691
70520
57165
93145
80246
57324
72885
97058
41597
31917
94685
68774
38709
90264
47455
10361
30628
88082
96513
27202
29405
2644
57841
63049
25796
79074
55658
74104
1912
68944
88302
46283
32248
40597
29512
51723
73507
77808
48932
48115
83115
86228
83046
47591
86564
95521
25702
20646
34474
79183
36039
55000
51720
13733
80833
59289
82998
64311
38167
87159
81901
14656
89807
58565
73866
56037
20778
72001
47269
11915
26373
33901
91523
2932
99201
79582
6178
50283
31851
23882
50852
74645
24384
59044
92218
72470
30073
12398
31354
41870
7717
87068
62417
86198
74292
35155
21902
45071
67861
54799
36694
89753
37380
59991
68647
72659
73397
45175
83617
39211
81648
55459
43663
94326
80145
77620
32573
65559
69612
87126
76903
20240
86966
22057
17408
74890
2042
6033
19041
81807
58880
9196
81615
89900
94605
18791
27785
54694
91327
89035
167
15873
29451
53740
95238
69826
14405
14547
98049
39359
43055
62644
58879
83057
60899
52495
70583
92763
36651
22364
63747
99210
46945
48328
35620
43024
20578
25970
68411
71208
39151
97118
72672
87605
28876
77734
12292
19976
6997
97478
29077
65998
65457
31471
86922
45839
84352
90436
98251
19929
68169
36671
78726
27096
88929
10189
130
60490
2103
81879
75886
26501
73512
98717
18861
25382
18443
49773
56883
51325
7776
61200
77840
34482
40215
23399
3288
37728
14533
64177
57146
76936
61243
8014
4379
55120
9237
3431
83484
87976
69647
57981
46159
51240
16561
93520
47683
98672
32214
23187
2369
83629
62887
55933
29854
66816
969
54419
70051
8224
68539
7807
37264
22141
28266
32163
17258
20761
88574
78169
85021
84089
1741
8277
35480
71694
75970
3652
74636
35307
35446
74983
14363
337
66037
80632
50549
59108
78488
646
81311
58927
5874
75753
39690
74066
27516
96777
73529
22313
77714
21777
4160
23971
54371
5728
35104
3978
89957
50734
62104
6341
85229
23515
56694
24086
34761
41292
56855
47691
92571
97246
404
274
35974
82338
79437
58762
86307
61578
77421
56874
36272
79692
74485
27919
15371
3684
70998
73285
97304
57927
84683
35915
16133
71165
22360
17180
11696
34241
13779
230
68940
62359
22107
33275
50721
66327
13271
82177
49129
63524
74689
83330
96472
1210
22823
14997
83822
22312
28549
58128
32374
76988
19519
36123
50853
72015
89487
7087
90847
54447
55991
31838
81131
46032
59843
56255
81964
80481
92546
27515
50792
46992
71071
10349
51918
10293
53331
81646
74443
60013
2272
59577
45133
40318
61634
66869
35854
24526
2285
36920
68857
28815
34403
46189
17395
4133
57893
96590
84043
6103
41040
77599
14574
18946
75739
9364
71360
1368
56572
5300
46987
29860
70513
95500
46170
38012
64265
20737
2013
89213
77006
40930
21278
74491
87752
1632
72586
97290
28599
67446
41300
92595
57778
62237
75365
29118
69764
52565
37469
60124
43604
73001
60634
21013
95161
19796
76716
19914
4188
32851
50265
31317
32902
44994
3839
82160
39185
2302
65059
14805
14572
49518
606
22003
44872
30585
27807
75181
99568
75886
10600
9317
5056
35006
53389
85150
46351
66638
3660
22661
72056
15737
62250
88487
48179
92099
78717
24347
17835
14235
78566
23588
75898
97766
28878
98571
60350
48507
99444
32927
95381
66994
17569
79568
95213
83409
46472
47893
52176
19709
39576
21743
87731
19190
35951
63451
40958
92836
65806
88722
5410
6482
29146
42079
2350
73155
95598
63292
95989
20942
48865
11439
14701
78274
65414
5167
41098
55746
73715
45233
73386
6441
87734
8543
40612
15133
46346
41695
75226
886
18984
36394
7769
17220
57023
39176
50588
99394
80332
33458
80143
39267
88847
33273
10748
64821
80173
44871
76554
63613
35959
84954
3104
17254
12126
92398
54970
7486
31049
34134
91802
13505
27387
85217
51506
44868
43500
58156
6371
44672
5253
67209
5583
53655
34499
39626
25924
47430
70648
27704
1324
46280
80443
33060
91526
49791
32483
27641
80279
67021
952
44794
64284
97019
41676
18088
5536
64198
52852
65607
71761
28399
92653
53087
82321
70448
76411
20519
10268
576
17174
23763
65136
49299
5201
25204
95633
78162
44295
65659
6548
91234
75876
63484
80015
37305
25307
16250
27671
67448
99223
25352
77333
52941
47474
24585
15445
74509
78794
69969
64911
65412
85395
40011
76783
28124
88460
3107
53896
47176
63829
31939
4656
89203
45209
83473
46032
15286
30800
17590
36205
30438
38518
97369
19379
60361
64816
99697
7955
76596
2624
66164
10539
87752
65026
41085
38206
76719
43028
75992
85980
91585
98151
28121
91677
91451
53554
44163
20030
7413
1009
99944
6495
3682
85300
61727
22118
14158
62463
45471
88588
85717
53792
76643
80844
81058
33626
95093
3574
81174
95694
7000
17458
80317
40144
59047
21220
84814
11374
98770
66316
11159
95391
89392
92545
28499
54681
67504
24900
6001
38403
67558
64654
6497
56244
88465
40985
14434
45368
44416
63371
98318
91620
24627
29512
85717
88527
84816
98756
72299
30633
6995
36763
95503
41277
93564
73587
78131
29222
6713
94417
87472
53342
24764
99869
61543
50126
63393
31044
25607
44809
1505
53472
59332
23735
59139
33641
77788
92877
97829
21953
57949
85445
52703
76774
76420
10140
59938
25662
23850
50821
13232
61904
26800
38231
68600
17185
38802
14928
18062
34479
58923
5655
69691
89228
98360
87134
4006
71371
43424
23646
24843
46004
56709
97716
86597
56233
17371
18865
59142
18201
26078
37612
86730
85352
90605
26779
7832
26620
63930
17634
29161
71589
28328
94536
88975
24550
6128
58464
2323
38960
30650
67181
54021
73964
29286
47788
93893
25463
54787
56018
93253
35613
50495
25860
41585
36713
50629
12976
98034
78098
97650
85857
63605
17965
5361
59774
6835
35987
8551
328
58239
37104
17862
45745
86986
72078
42012
10086
86999
96187
48561
33118
29101
23860
9157
36852
80819
14106
15480
33612
56136
39270
58120
5992
33712
47947
32142
45151
74026
31809
70349
90672
73378
45646
8065
62535
15864
10115
51709
13760
23188
47481
57536
60903
56566
62042
26602
68793
95020
79023
87369
75797
99978
98354
68295
46356
77379
3087
59358
28678
65381
86093
23663
77186
8270
23281
48110
71703
25344
26700
15555
28331
47274
56730
39990
50601
71881
58979
30973
13703
86266
18540
43847
9478
12857
91966
28286
5335
63256
85596
9251
86368
25608
97799
21662
56691
68776
32268
72932
73372
19723
19646
25939
74334
59288
55592
79129
40201
85934
74794
70123
99307
17054
32521
44543
44962
33082
57949
12730
84527
20925
76812
63610
81003
40098
74856
17163
79541
17510
88128
74790
33661
74957
61285
70334
58966
7156
10946
33571
45721
57565
67493
52733
55935
84223
45827
62905
15433
68522
13207
93149
86885
96074
80648
76758
75904
30718
43243
66239
79014
10268
34360
97504
29701
15714
38802
16152
36726
4372
30854
12838
37476
51870
64548
14423
8411
17882
45519
42934
84472
36157
56537
85315
39867
30672
92056
13536
73700
76617
81072
56834
25704
57453
42143
55693
19653
17425
19563
20614
95061
72675
95521
77840
41353
23501
59480
8866
92950
5335
43071
80928
78578
26628
96461
21610
43573
68145
90478
12296
80099
60024
77667
62380
6923
10501
35045
79015
37733
33331
41453
65609
65015
9722
13243
66369
65072
24967
33439
23902
99055
40007
61571
32214
44687
93792
4057
48396
43896
83555
58308
72890
92655
37052
17650
20403
31086
73306
38729
81403
14226
46539
28203
17557
56865
81770
1374
43580
49465
39931
1788
22650
36407
95369
47934
42891
32689
69267
90794
48370
30663
38769
24346
69652
14541
33495
90020
36143
57115
38648
55660
55307
20509
47068
29725
12277
20774
41346
92275
77487
44738
41519
85684
9623
26763
23863
10104
6567
2952
1986
11358
87936
60782
62643
32256
89395
93316
65631
22237
11163
48824
49615
64813
90926
39067
33903
87442
64846
32431
69926
64277
39446
11744
75612
8659
21838
20847
80831
79262
46096
58836
22749
91492
89559
6384
56192
34023
94391
84694
86022
39302
96965
54323
86033
46380
20453
58519
42045
24621
4461
3694
45608
97634
29645
48252
69153
18204
44933
40250
73438
97037
20317
4217
33770
80822
29136
27967
22767
8411
10365
41317
54314
47842
73601
10405
75887
31476
87309
93629
94561
61705
34307
18239
35789
55482
27592
40218
63443
32351
54280
44318
34598
27708
55793
26008
23232
30691
58356
72546
23233
4417
39480
26521
33042
45189
53289
71945
31752
76847
40384
30332
79634
56647
16418
92203
14845
89797
67602
38051
72448
11254
81094
22052
21902
95413
3548
1671
4833
96991
52062
96789
56140
9733
98329
53106
8425
53462
9022
66293
12216
64575
53271
95752
52618
70236
81540
59827
6799
72347
39291
57885
66092
53770
3551
8999
41541
46357
20808
31743
82341
67996
80619
15171
62905
44197
80918
47108
36169
78654
28186
72667
8304
26788
68511
53221
63083
56437
63994
84100
53002
50657
13055
7850
78563
19043
62900
29149
97232
36017
77735
97356
39145
17192
7271
73109
57983
78255
46658
36566
12271
94706
91171
26551
54907
95367
66824
22295
6871
77717
61539
92408
4807
28958
90567
39336
41615
73087
4576
61828
64146
41353
89169
42750
52800
81111
10509
45116
84045
76415
33354
65292
68813
52597
74983
49087
67208
76649
61353
23783
3141
45380
20239
37172
41247
74150
80258
23269
42863
60363
44311
33592
87833
98008
71364
82801
34584
62162
31433
57937
92152
65708
95189
31642
94770
14421
81863
1471
2105
51137
16898
49755
96428
84897
44320
81500
11708
46756
97813
51378
9089
369
59251
35124
8147
62522
23728
35533
94047
56462
46113
38698
46935
29139
65718
52284
81806
12470
92890
64344
44638
98210
94159
58570
83684
26241
31039
9825
3606
56880
91653
62462
14540
9212
4069
63126
8170
99537
35560
79644
28562
6670
62956
88053
56764
24148
45850
50966
95077
33316
46605
42192
19416
45822
18969
94892
66337
19215
30543
63552
35061
45163
93423
93663
14230
46200
52074
87214
88142
94000
17788
37018
37871
79819
45068
78320
28930
26068
16842
72292
69030
26896
42617
92737
27039
45218
76537
34710
27337
73789
30736
1705
72577
88742
93488
56734
2241
85418
61330
41814
64384
88377
59709
80254
63646
70147
57616
76637
49816
96578
78284
20482
28206
40589
70222
81333
5531
70635
30682
55359
33210
25427
67140
86565
73715
32205
41411
39310
95022
12311
65764
43055
93225
44854
10726
65177
54028
26928
40191
93095
90079
77165
11088
23150
33039
78301
62009
60357
16757
44010
68075
30535
61104
25421
57758
94324
54766
43549
71449
31174
39692
45267
91285
30665
19927
32547
87087
88362
53187
7307
4176
53891
34819
7576
65477
20070
50658
84548
72481
73609
57855
84689
67475
50321
50846
56226
62939
50720
83434
95137
53037
75531
47340
82199
96892
34864
52609
39708
3622
69652
15869
54129
55100
99469
38756
69279
73971
76943
50686
53535
81662
85705
97661
84134
93968
66203
81989
71788
70239
91687
96503
69655
66280
45275
51325
72126
40789
68259
61178
10934
30483
59679
46944
98773
40013
7665
6412
53917
89379
24172
26043
63241
23716
36466
38132
5628
18206
61087
75861
62876
4287
49000
42522
91069
2437
44257
90578
11755
71500
42738
1248
9371
74880
72382
65965
88985
19840
41852
97279
56768
47784
20628
38746
34498
40556
20321
773
8981
60644
44324
22621
47418
61647
60915
49473
80582
89411
33560
17900
67066
43980
11366
63073
3923
87822
42527
96708
41705
66747
24082
55999
95200
56533
42418
90709
15077
60457
90697
38065
242
60778
71726
33307
85828
70679
7818
17451
37592
42240
82762
33269
19890
60731
35281
45467
81458
95854
8228
81732
20906
86506
33235
67539
52128
7224
96661
19543
88766
1672
89411
69887
6402
71385
90586
16883
21342
76408
72869
36338
45646
38581
46209
42132
39493
37910
75582
54731
84017
57794
18463
21925
40419
65858
28161
37365
44472
13696
60249
19362
9454
1046
1071
44945
75102
77761
9700
82299
45349
50380
27643
28480
3400
19202
64286
38714
79157
96449
10230
28582
71019
46474
65596
41057
91773
44874
95824
96621
16615
75017
43623
86574
60213
67625
32466
27197
99341
41957
94381
65532
87721
25531
42779
16362
80576
13465
89682
14314
97766
78165
75941
85074
6467
55476
42898
75328
97019
14320
24446
32303
58855
63469
79541
90694
37381
61273
16961
7276
67180
72021
86485
81644
32148
56049
23621
15285
98918
89822
38664
90606
6381
86871
35079
96528
71159
30870
27063
87922
86566
38019
1655
42435
50870
37541
36845
70134
59640
96283
43893
38922
36452
16232
49426
1827
56468
2235
70864
51039
38149
31296
67344
77944
39828
54495
67551
88456
99892
27957
85731
8554
2014
217
37627
16243
30169
79915
59234
53010
2105
69993
12963
399
34471
82342
38197
55459
Time spent: 38
Itarations done: 7793491
