45210
79278
31016
87125
36852
59508
99435
13474
46194
40292
84186
40376
81619
14385
29146
23570
56934
47487
24708
39198
22277
97286
52473
51129
84682
46859
90581
52499
12708
93557
87229
26753
93494
46711
41664
55973
25140
65329
54335
2440
82489
10399
20829
3153
90191
95521
47870
46396
73340
94267
63876
44486
33057
3019
81429
77485
12037
63992
44533
58888
73387
24724
59599
66259
15028
47522
65878
87236
81446
85192
48405
54527
14797
7829
34504
82251
8134
99541
43531
70405
84970
43661
78754
14215
31443
80359
60151
40823
50013
51515
97366
96990
86929
44286
93215
28414
9626
7020
49840
23776
74777
39000
21986
44760
32873
48943
24865
27080
61035
36293
57684
16936
2163
74010
48137
2326
15599
61941
58058
9312
12137
75758
15881
59583
54529
58085
57699
27563
53551
85609
65426
92845
79260
98805
87950
56837
37221
99382
19144
81330
30311
4612
85210
11040
38125
97434
63085
62239
98043
26543
11485
95191
64725
91636
46651
39438
58065
95573
36005
7793
83594
57398
14608
17512
23852
58043
51730
35178
54426
33927
7793
75647
34167
42811
25579
14789
55506
938
93827
20779
17849
30819
6212
69324
4716
65015
14171
84494
3558
22795
38188
38730
6161
13820
58843
53092
67048
25775
56331
61978
77491
21365
5133
45308
33554
4168
59124
85568
37986
12532
81648
77107
77858
66046
84977
746
62504
20069
43998
78036
89626
80382
40175
36348
31352
92240
73468
48569
96586
45923
52352
59252
31162
34351
34996
72898
63122
57411
48307
59384
86855
92340
55788
26635
6882
39852
79996
21221
29774
11649
10899
43868
945
46536
47533
8760
32043
29571
27099
33020
54154
41510
93010
15896
62263
84273
41368
55984
87183
12213
63993
59161
42596
48716
75335
9964
46914
82964
70488
14784
12324
22646
11992
76489
26699
25019
84238
27026
27968
40884
86020
27045
85100
83899
54152
39727
55032
81114
24038
99793
80663
69674
36714
28042
31467
79357
96118
86801
65332
80938
65187
32300
7910
86349
64895
96271
4046
58143
6448
20950
94803
23028
43581
79192
13135
87027
79280
34542
71446
18314
99236
34885
35062
97814
32943
87693
37080
37412
62606
34888
92107
30905
9866
31009
9066
33816
30866
29634
86567
64756
41269
99883
98246
83235
74591
27380
40043
26649
49569
2162
16557
82634
85285
59832
89408
32056
56363
21601
96989
22601
24797
73927
82013
23302
19855
39078
30945
66230
62950
14219
37728
3230
50526
98522
53099
92740
14712
85326
70388
84572
78884
69490
28825
89024
13240
8891
86219
719
74132
83373
24268
97327
80117
14508
1829
48615
37563
45156
64146
52267
79124
29068
49336
59454
19531
47711
7353
65390
64857
53972
61218
17895
33806
40556
95447
40476
62534
44681
52455
75506
68159
30040
54092
27786
40313
32033
42550
29118
14994
12917
52547
50458
60440
49796
84994
59815
70855
70244
51266
61260
20579
57910
96774
53249
78643
73568
92690
12900
21625
75859
5478
46989
11370
80358
15322
50084
23345
65639
56591
75605
21269
20619
96139
56551
74170
28771
48561
9192
3096
1662
51446
15265
26471
6808
88199
6030
45458
82969
51226
64975
73636
99795
84007
25100
68978
98106
27086
61347
70284
42130
19998
69137
75143
25648
78855
75878
21951
285
77608
53942
54649
36058
9935
90773
55557
81835
98243
24643
29080
66479
46459
73022
7003
70249
4077
64617
24751
389
20360
35839
87207
24898
19652
67772
2529
54074
21405
20711
12929
10733
61873
69889
92475
96874
48290
58219
13688
47087
90968
59738
7133
57153
13861
90861
51118
90045
39995
15657
32286
90937
84552
66070
12089
87849
65474
38309
19012
15197
59106
32635
61905
73789
86720
75312
25871
32705
16665
98717
68935
86014
6459
58447
85047
427
89302
34677
36976
28748
30298
99159
91273
18408
39082
28913
6695
14334
27638
13025
37374
41104
44714
29904
12476
50579
1597
68932
45240
38096
27892
32677
5986
62845
60528
83625
66081
56171
74384
92885
82815
65342
8708
7373
48769
59688
29965
76714
73484
21066
98773
71412
108
51212
76258
79804
85183
54859
13491
92902
85859
99348
16564
73411
5539
9013
69425
58086
46345
25741
26769
60989
4764
55899
60090
29352
25464
28190
51394
53410
97493
7053
81173
46914
36942
41825
49870
96024
50655
83190
5386
20796
16650
65312
23118
5756
48697
34581
99538
33841
34815
4027
75517
1446
52487
26262
1411
1438
66955
7157
92319
35636
13237
27522
99002
58671
47358
683
37616
61010
27752
70115
79718
70594
53950
43198
2916
89679
46360
64669
42108
86338
98356
56505
61412
28535
69828
89718
87694
82747
20009
7961
8033
98846
96603
92842
35501
68249
8107
46511
90334
73333
6711
68334
26837
42674
276
19367
60325
88894
93625
879
12930
33702
31739
21287
2298
18211
80452
89673
42977
55664
33839
53406
16750
8419
81745
92453
95197
61388
5736
93572
65458
20053
97289
53877
18459
82798
8103
5139
7803
24475
49176
7720
77064
80968
52663
36175
83411
42978
98494
67328
16269
51326
86371
86028
21192
35776
2975
43791
91110
54730
94100
41217
79856
74080
1910
56286
26125
70101
68626
7591
49979
53469
39679
24037
98541
89323
21771
90707
72707
31744
64203
54356
62507
112
35513
1393
55165
99492
61662
66214
56956
27566
76886
88436
87658
16539
13807
13784
64657
30079
25531
25355
92734
72508
89179
99430
15065
70343
87675
3211
61199
54690
4582
90578
48515
7133
95422
6401
55146
31413
18125
79926
84359
78568
15134
73407
83091
84131
40167
53457
60619
72576
13767
69425
77286
46426
73492
55689
37731
5234
56970
22855
28287
33130
19040
66634
83958
52715
37781
2588
56863
67762
8527
29903
85056
7533
59751
38050
28311
41498
50278
96423
45769
54777
23316
8951
39268
61868
99600
73212
75720
89065
89257
56697
32089
74375
90027
91668
77300
17896
18062
94422
16876
65258
86767
34823
78103
22114
9034
17576
6232
78588
48669
88014
75516
69190
87957
42045
92813
5906
10046
2433
86015
11
17159
21739
24774
31598
18689
85995
16763
34904
26796
22608
59163
42230
91382
60986
2084
69567
91192
55037
98361
33015
73259
52950
72383
56639
99043
91580
39637
69650
12330
252
48103
93590
91346
21972
92895
88696
85505
98780
76284
62654
65847
22385
46695
44724
37433
21243
52317
93481
71858
40878
87629
37422
18499
75513
94458
44249
44264
25990
3117
76863
33302
91453
63683
21901
50551
50431
22718
70150
35934
50715
46466
87230
49676
6832
78027
37624
33405
98923
43061
15522
86616
77487
86223
91848
83518
4722
28854
8439
71420
5070
87375
37577
98554
55137
81375
77859
16587
16247
90560
75897
91060
1694
90543
47379
31614
75163
8871
20759
23099
96753
94721
42169
98519
68748
88417
61089
45266
84513
10163
62903
77191
50781
61364
26698
36820
36145
46426
64441
14373
96691
78112
41183
83235
43489
25335
84993
55131
46034
98686
70020
52528
10791
46062
96453
80605
34588
48408
97060
56659
8912
63917
71605
20904
43045
67942
87629
9365
81480
75415
88916
16949
14235
12780
21434
16726
17423
27199
20604
30105
15836
82254
3473
61810
29347
91406
74693
23418
50530
83142
86161
69724
2211
75044
86765
63304
40552
57960
60877
64385
1741
55963
82090
15495
38594
33012
2115
53356
57049
62995
53865
34091
42004
66266
72469
2066
56912
42848
28238
67532
12244
150
21640
83745
24145
81323
11844
30326
26554
49345
37668
16397
57541
71438
42540
14354
13779
78631
33594
23153
55827
46037
89046
38593
51311
50900
77762
77309
63080
17458
70204
61064
25098
50381
953
18402
63
91842
89540
1858
79671
11174
38559
50636
70937
50664
5852
51049
10151
6167
91007
59991
59795
17052
85516
60329
73174
76409
10619
11343
56477
49488
7209
42196
18708
6031
48130
11923
76113
30456
14766
25518
69692
72767
17057
52448
61856
42625
38864
41303
1468
29189
59121
62235
85249
50137
33234
37506
97950
94698
18934
39655
83685
27582
96117
46697
86487
63375
61138
44224
99408
4243
72649
55417
78370
57761
88222
61685
9517
16175
58898
49057
66938
83639
42195
78387
61416
83715
53237
31085
60242
65905
98343
26312
53168
56982
25770
40438
50200
70602
84247
85054
23207
96962
1509
15934
45229
43194
82291
52101
38861
84745
78004
81496
18270
18160
98846
17730
98132
76494
23129
51053
47194
79990
8334
5853
84200
46732
23734
76917
49512
80645
5385
67140
37093
87508
80855
90482
38362
43588
23285
35745
31974
56045
72194
9058
51722
9433
1909
85972
78515
88423
27567
7692
31798
3309
13362
50185
80787
21889
88028
79774
56537
29013
78511
84330
22140
93372
44366
35278
50232
20033
32622
92356
64516
6780
75683
10463
25155
2504
23304
45889
76646
86648
33753
87848
31190
50201
48966
60477
30597
60728
43871
50310
15395
36624
70973
14743
31100
39096
17886
18116
18473
14262
57734
23757
67141
82349
125
42728
60081
76119
43898
2974
238
76470
91918
56202
89951
79570
12873
84056
28880
56950
25414
12
6756
37636
35870
68907
93570
49730
82407
82131
71691
7743
25679
33250
11930
21555
78854
36187
68717
33057
88367
16078
58317
57303
60813
81537
88412
16464
81122
56298
27400
6888
82482
8067
37393
32279
9422
62905
46172
69290
62061
34571
265
5751
21751
30010
23812
6312
36121
14511
6033
15458
85060
33055
53894
3630
58197
88009
75949
98659
49170
67525
8359
21715
12311
3885
54736
64689
33324
16522
87727
4214
37107
60568
52146
46458
93098
58482
16990
36354
81330
39727
46803
45159
50863
51406
1645
70959
36325
31419
29289
48242
98006
54902
83319
64651
16284
74615
86418
25736
2116
76389
59432
91821
81917
61907
53660
35010
77332
52771
56368
28939
28280
82238
87658
89025
1061
3926
70583
26781
82437
476
35808
68188
85270
19326
17132
13167
81674
97669
4830
80862
35547
64126
50037
93765
27968
20793
55307
2612
56144
16042
43977
43555
39402
15843
74135
49279
84203
69347
51736
6529
44242
43075
1831
63952
61358
67324
76865
46198
88380
98238
16666
22906
75931
49487
26016
14494
51829
88623
2564
90607
33918
24907
30402
31632
94995
37756
52727
78837
41964
7981
50821
94531
80414
17559
85936
90039
10541
77948
5724
56345
40663
31813
77483
49943
10518
48504
86749
44707
88147
99757
31685
59563
41339
58830
51203
11246
87469
13626
47937
21639
94008
22368
5922
29972
36074
68992
57251
21595
17078
94667
21982
87085
23888
91705
31240
68109
18854
46633
44692
29811
67640
10281
90498
23349
64016
54511
88345
66825
40578
47554
64324
77978
47853
42916
30164
37844
43280
30430
78758
50986
56325
42263
42904
94974
86260
41563
74861
19440
45143
46899
30557
63378
80080
61785
84211
8222
96084
85287
56624
73857
53663
77116
13558
94838
33732
38550
79389
84912
46517
49186
15591
9379
10853
68727
33671
36859
45563
72894
47775
34699
95613
43038
23487
5600
62284
70126
46213
36904
18826
65525
15090
48599
70886
93382
66470
81221
64457
52356
44832
60662
53183
38106
68339
13325
11560
12150
81309
82082
20899
87583
46475
11210
60878
17643
6228
26750
11104
39202
33868
37671
4284
80017
3474
22781
75472
85932
30101
48480
20284
62219
70798
83265
9078
51831
31348
36341
3783
92621
93611
49689
89424
5414
64064
15690
63301
65309
45312
75635
21410
99718
49324
78428
43868
38371
3616
43315
8944
12882
49753
75653
58776
66479
97337
30532
98892
88072
76015
5492
38412
29120
23069
70635
68089
96586
54807
12081
29358
40776
96225
73057
49086
72958
85309
25795
1975
54410
25886
97000
15364
95897
36041
99795
49661
94565
27917
95867
71696
13879
59097
22975
88002
81412
15791
74992
20376
39236
23683
14381
87000
32076
33588
30265
99010
59553
95932
29188
94600
50567
20615
60233
10571
40212
16946
31306
34705
42645
22105
69231
91426
16906
56009
12696
87891
16942
85434
4154
88040
1955
40933
64478
88019
58673
6331
92418
38048
53252
92486
29903
92949
87274
14518
73710
76416
79657
14859
94268
12566
34270
13239
43094
12373
81688
19121
91857
2307
2730
12126
48050
47840
51312
81613
34979
55407
94615
17869
7038
33040
79688
64246
95192
52052
17361
72118
42141
80005
46668
48639
91774
48662
6016
51104
43392
79673
90903
61064
67535
15486
22265
66395
7344
93286
84370
90147
57047
55723
16670
31277
17466
13789
60155
24274
77354
64377
65450
82176
58947
17935
67314
60659
96261
10035
18132
69609
85488
54793
51647
63028
58268
47782
17401
58092
80646
41371
86205
69872
73227
96457
77478
99468
81323
61048
368
80214
97808
38444
32349
69115
55978
85531
81312
68858
64843
25209
90182
79464
55126
66021
46701
8064
40631
96781
55248
10315
76717
64313
12430
97592
15283
48387
3688
20366
13965
19511
4240
30097
56182
2436
24446
29443
78210
71086
87047
43796
79640
69061
61691
85853
14387
83953
10801
39383
20822
3419
20070
58341
51678
46290
96709
63130
7026
92951
19111
17084
56940
35799
12648
83140
64392
32815
8104
93184
83460
75100
11594
10696
13115
72679
77788
31110
32649
21980
31908
43659
31245
43086
30179
73546
71217
65182
83282
33877
92150
94603
92858
43097
71444
21447
67203
5550
5722
7933
89057
10299
67088
54516
5736
76503
18399
58224
99853
62396
42542
61781
77475
59329
52088
41749
79827
12334
97794
99305
84479
44344
87062
98179
12487
12423
56781
40896
99021
91319
18912
86646
16800
62116
11705
91959
63982
81931
44632
98800
41158
24377
20907
3806
45722
9892
57910
17059
6105
90062
2850
59154
63245
10710
58712
51263
82147
54791
93816
24480
42490
58029
7233
11929
13990
97752
61883
89976
69589
78514
77285
3310
27516
76895
94750
42768
41900
62214
89217
44466
80832
79964
4010
44137
40653
70376
27431
51546
45723
95824
13437
6412
74042
67653
72575
39486
30836
95540
23857
90272
64581
30657
3502
26323
82921
37645
72201
68129
79562
9823
49051
48332
27454
37078
27299
24316
28431
46515
94754
19191
34980
62213
90007
87775
75920
72351
74525
91366
24494
49456
90238
17951
44768
42688
2423
2937
40195
49855
98472
89588
6836
81215
24566
18046
62938
47175
94338
47144
86476
37621
96262
94196
42709
11889
59824
24509
24952
85279
14450
34576
63463
80544
89712
50750
79763
10907
60524
8642
76633
74957
36812
87574
57689
73153
33614
49136
64663
680
34559
69204
5376
32063
79406
58758
20870
89203
64576
40398
6313
76382
44580
84692
56978
73342
61757
13283
58009
637
11941
44183
74646
10264
74464
88726
28200
8965
96323
9380
62319
91598
22409
12948
13928
47633
6345
84637
3736
5100
19803
65064
52304
93198
2092
34475
9406
37307
56342
96272
56789
48276
3811
45424
7405
31646
53625
66390
77830
21850
31686
29925
54799
41444
39557
48433
11661
96096
81772
5515
56039
42295
8346
96946
6112
6660
68185
7483
99640
93241
58637
794
37253
88346
86597
18209
49489
61208
27398
66101
55689
63174
79134
21395
52094
48165
62102
60
26349
72745
5753
14367
46114
85450
98811
91297
10588
81894
52171
36684
85493
84717
38721
7511
64434
5548
29420
98230
12527
59961
40754
56074
51808
35773
45124
15004
42187
60067
72778
78314
96538
70949
51553
85815
44044
76347
89023
73167
22010
74022
549
68071
33093
14506
26287
70913
52269
11806
60398
35885
5840
45503
36487
2691
73406
52256
74722
28676
82950
74741
98164
36501
79060
21701
68470
23499
44803
94066
74484
75394
48856
48963
31093
89273
71277
6001
10350
38558
33615
48323
31971
6143
22092
34691
86170
70993
46162
18301
48181
58150
19034
62989
70888
52486
81556
58177
9670
32436
16402
60160
41827
1590
15573
29229
91931
83170
70986
89644
63954
95303
55275
12630
11235
43411
47928
11318
46114
50161
40484
40958
2522
93099
23769
17747
16838
35432
19993
5276
85014
16385
73033
68833
87279
14130
51346
64734
45627
6505
49661
14348
93880
32551
98012
10637
95275
1392
99623
18790
38323
4013
22776
61951
78124
58240
66054
28017
67363
57538
1184
94181
38893
209
73215
42111
60112
47145
3868
28588
78265
93497
633
83931
15351
42481
21570
33684
51497
37950
83724
77800
56452
46485
31711
15977
90297
79448
2253
77785
96487
10777
30311
1903
53061
77241
42936
10022
31104
44500
78108
37900
33530
84457
47524
18533
51741
37295
34695
60591
82959
24975
82697
29004
96765
42122
79499
14009
25868
74873
93092
69954
83111
88634
43438
15833
74463
81644
23798
15770
85994
22792
85
99580
71787
79399
23635
41048
59280
93447
90154
84710
18703
83245
65567
698
14092
31570
78157
51593
64766
71046
45550
75263
98222
92847
65038
23295
68072
85774
46163
45911
43939
59335
5630
81138
54170
16653
76347
88545
76763
20890
4751
65974
29090
42288
23569
1492
2782
82056
90776
42152
26596
43999
79753
6218
17099
65140
90505
26097
94718
22549
27297
85529
974
5146
54163
6485
51657
76479
96508
48697
256
57307
4353
7951
66127
25248
30786
37988
2667
62885
7796
75287
42230
85374
20874
16018
56521
43966
93681
80076
13919
32804
94514
98412
98464
22936
67459
76735
79155
9682
72836
21207
82804
87354
93904
59891
28803
58745
29799
57454
30012
45922
48268
75
50383
93541
16021
22475
36974
46244
59368
59658
11718
37662
33320
32228
16564
50097
93417
16004
54583
91221
71306
4232
59135
86898
52448
43778
53419
7744
42327
15500
33478
31084
86133
33372
19197
89703
76136
56945
69858
74097
40855
47401
53508
35892
60561
48699
92679
86693
94832
42214
82952
98827
39548
5809
95371
92252
53145
6382
28921
35409
4876
68756
75074
96825
1481
93113
92824
59021
42888
38254
69694
46590
42431
48549
61869
26273
22562
78778
64914
8443
63161
62889
65450
16612
36243
80280
63734
94417
8295
96310
37232
87977
29378
92543
36117
75628
56829
56614
63006
16714
80568
71619
91329
56466
26909
30582
19401
54961
18276
2826
40537
4713
57295
95960
33520
63687
85516
89723
42250
58316
39354
66054
18583
4612
88841
23553
48190
54492
98387
43871
65658
99184
92980
72581
92148
51891
48144
87769
96551
87847
47426
55786
89432
41506
67330
15563
7945
47771
56327
90369
39461
67038
71954
99044
61848
52274
27992
27525
49094
417
82326
25859
2451
80123
65342
15923
19275
43185
8551
30714
4449
7925
83651
57358
62561
49445
3333
22842
82927
43806
66873
44037
44128
91072
55925
61700
19871
85580
98917
91918
63813
10897
26052
57841
87393
11626
31177
9600
21784
34565
41628
913
72739
37653
72650
67180
35415
36765
9113
41748
35175
97570
13975
54551
99940
82545
10312
80479
49803
31669
21714
43587
10462
89406
84470
37658
18409
90309
64205
93666
87905
80880
19473
10299
52411
86314
55327
64996
76475
27301
991
39840
57981
54293
27479
29174
5219
94465
93395
43930
78431
63
70129
91460
31251
45888
51259
89036
73929
48416
95243
64197
7232
69353
85302
5797
43631
22386
15934
55837
40668
23476
31570
74087
20303
12264
49644
65027
37631
24954
97708
29740
92510
17532
82206
94217
48440
22240
85138
69888
34463
69937
54095
22218
57926
26316
10974
58873
48579
70896
55218
195
87825
94287
78503
61669
50849
1451
39544
60520
3887
86487
70062
56789
54098
87956
95930
52958
45292
42808
61137
5610
29188
31719
36449
47629
18929
48949
79504
80082
49272
35793
88562
69202
26135
88298
58262
75775
47161
87110
2455
51774
14458
135
56559
62200
40885
77189
9871
28885
72039
89869
46864
47384
7527
69583
95770
98128
7165
62020
92588
58626
10405
47303
69134
24800
80605
71624
64911
66406
9690
98401
44254
74048
83275
14796
72617
3389
11526
22923
68830
85977
76828
4124
3779
55482
35732
69429
60197
33143
39748
99620
3119
26898
7177
34298
36028
24920
86518
90921
33873
6177
886
81998
50814
48167
52438
51441
97984
85113
95973
69549
74480
58663
61688
10181
13459
7560
18470
83359
74434
62750
21193
11906
72707
50035
78126
21656
87410
53659
7885
61374
30698
61113
29273
80706
92396
91944
41925
72345
96764
11528
10808
28025
21015
44500
63480
67050
28873
31965
45396
70785
66648
21607
55618
96834
54202
40470
2961
52628
78662
76455
80907
79686
64836
86456
58537
37072
53045
56608
24297
75332
62429
63232
99572
60731
55792
21849
59858
43623
50644
66032
62744
64541
40360
67871
83953
56903
99208
97482
5390
36194
45527
20260
82430
62066
28406
47462
41605
21998
84984
88230
24407
13008
87847
99320
98101
91343
64977
92549
225
19171
28326
39387
69904
62000
91342
7131
46148
80886
90606
71744
80958
19435
52253
78719
23402
7214
59961
65201
79725
88355
88007
14147
44105
37001
60294
84435
24857
39687
84186
49596
61688
8826
86668
82247
41007
41187
49514
41330
68381
50576
74
54880
49875
84891
64740
42345
67331
84317
33264
87360
6555
49598
13879
54390
11944
67200
81477
40817
96257
81606
34135
69813
30019
14072
76886
58720
71503
1889
45830
42694
75261
72518
70605
94010
34851
72925
48678
53695
73741
46029
71054
84045
97235
83376
95724
58108
57892
85994
12553
25353
67008
33825
81281
31533
5608
98232
52935
25107
49748
31771
4183
52652
27037
34754
24025
31303
63924
29089
92700
87544
66627
66464
83815
68578
2480
60149
2423
64995
13033
57508
44151
31633
95439
63811
23465
57269
34423
86958
72771
13202
53582
97488
58292
5769
81807
88552
93517
68528
98294
76481
56520
56062
27919
4184
33547
43299
7652
96795
18007
91716
34279
71843
91387
16993
33832
24639
562
81394
63966
93717
24630
38592
71913
60800
93599
78665
82722
55154
81136
56604
85159
13117
44082
38992
15931
90183
22536
70368
16850
35233
46055
43331
54074
14312
13885
54573
43754
14852
30119
42811
24229
70282
78291
33961
51299
19683
14166
63946
70197
57507
40333
10153
35539
34286
1701
38822
8821
40884
7121
67567
61987
46027
39082
49721
55101
59682
60800
10363
36390
63329
68005
2637
33653
82217
61345
7387
67528
74443
34564
69128
19112
77005
83469
47047
27114
79919
41209
60962
73052
96117
36467
29096
36873
57003
52941
27017
69993
91411
40833
45256
37873
39144
94053
86872
30082
9369
60472
25644
22204
18833
96772
40560
1024
35228
14340
52961
32057
6951
88101
18922
56841
82115
16331
71379
56299
6864
26212
64022
6033
45882
17252
42097
79620
86431
22705
54078
26724
71352
47702
22505
64326
56158
12072
12356
71374
676
85693
70925
69860
86682
54676
64484
8625
99499
97835
3862
40117
23802
84598
33637
94868
81648
27913
57736
13658
84247
38655
88052
93106
78041
31687
32040
36870
40396
27939
80313
81690
20512
81746
15872
85170
27140
38186
42881
20510
36265
91232
24814
22324
29108
70322
29291
67212
73667
30278
79
52964
31437
57496
15505
61030
5055
33976
46916
48372
42309
19939
845
16799
77296
25710
14191
50622
20451
43976
72971
96733
5778
4678
42127
85141
65791
96519
26361
52555
32537
71434
30136
36787
56493
11364
48738
55532
94245
90275
1702
69510
40556
8624
14902
57028
70729
12305
68276
94668
15194
33632
52415
47118
9752
8002
19121
18097
52188
26630
68603
3866
48743
83116
89073
20992
52422
59580
53314
50838
79189
76725
81167
54686
37803
1424
96898
65420
24385
65282
46079
54413
13767
98124
87848
5532
26245
21472
45338
2113
60575
78798
79572
47308
61884
1721
50263
93379
36607
24298
40737
51320
35672
61167
53579
88607
1843
59545
28640
99931
17452
19941
95659
53442
94753
55950
50061
73343
22644
29569
32349
18580
20788
55262
99055
56937
54923
13332
96340
14027
35671
51148
86126
97456
57181
79413
29011
57870
31703
89858
98248
50643
41473
30654
84731
4655
60281
76283
54171
87877
93656
19753
34552
83442
48826
96753
44489
54412
73416
23736
21242
80617
95338
94881
70893
96784
55387
36514
42634
47539
48762
61799
24085
1972
82079
3377
65224
38101
8388
27112
64803
15874
24293
46236
94971
6282
474
61886
97395
33703
69754
53444
57269
18771
15301
30011
50415
79861
85640
33032
63028
62732
12861
49263
3682
19869
25730
53179
62822
53804
30385
48390
26258
71946
77861
18746
16061
74398
49908
31556
14794
10800
72402
57709
27132
97377
9079
86464
46715
81219
97452
16308
25473
75201
63418
97494
87664
64034
91455
86754
91523
99603
33219
50175
17696
62034
8950
16303
55506
61889
93315
38332
65644
98412
80136
71547
21001
68928
88887
10219
66133
45322
9987
56732
90256
94912
85540
14984
78672
25118
87588
9945
93184
73976
86836
35778
33308
51865
1421
25985
47019
63737
77503
20852
92257
5683
81281
79757
98560
34849
75495
48954
42004
57523
12550
49012
25968
66632
1137
90365
55296
86933
93506
60262
2075
53878
96546
49905
87492
60409
31396
6698
46147
54887
53513
3217
96726
62895
97953
11939
16053
35831
33090
62689
2335
23
90075
38443
17808
91505
85038
34308
20993
13656
66368
64399
34431
47570
381
51803
45030
78335
55243
77944
1066
74331
55236
99388
52357
71175
55289
62514
78339
67163
29144
59434
62476
32824
73614
72178
883
73641
6098
46409
78019
62041
72854
20759
2996
72452
91467
13404
76264
11470
22566
33594
48385
34187
3022
42575
40086
77201
75695
35745
15941
19065
19275
55829
42803
99692
15821
75498
18505
91689
93317
7093
26352
18621
45903
6969
56584
57895
65379
42470
37269
49254
14196
80655
33949
53785
32298
39637
9913
72914
98077
15754
87097
42018
57108
62794
11387
59108
91447
53080
5499
95429
26951
94502
87616
61916
66449
12402
44621
73073
92511
30736
75033
58199
5175
3041
58636
18748
47178
50474
67321
20217
22084
61543
4810
37096
29143
96165
51673
40226
22823
15265
96496
27347
54624
26392
54010
49643
70163
95694
6699
79796
15432
27055
57627
345
52744
50340
49156
65072
99076
92422
84706
691
77342
27014
88900
71300
14614
12350
55157
23835
30350
29331
59240
69219
32444
27028
62234
30920
79189
67267
87128
10338
71256
35546
29389
76716
9337
51588
53860
88208
90321
69648
37802
90294
17698
5988
43054
17889
70353
68964
39059
48311
7990
95763
52884
13694
91116
19076
92412
83475
58883
96846
74486
70275
39002
38733
91091
95778
60564
54032
63531
77147
2771
27543
67104
59074
40451
2223
56879
21712
40657
10476
88999
40575
23748
49517
11295
60875
27052
40502
92019
75851
99550
45979
66169
66313
11959
45693
5120
66898
88200
86907
57193
73501
51423
32118
64298
95872
30597
24436
32946
89541
92147
78857
26675
72052
45166
86295
51351
39900
18489
86462
24807
54615
23185
25556
57942
59121
95046
65201
25655
18797
58175
50200
72906
55582
63029
74400
83685
58032
30064
6322
38852
5400
73632
49220
2539
39626
89810
13812
6245
55529
66597
76198
44731
56563
15208
78330
58489
41162
27178
3871
53837
43011
33562
28421
3570
47489
79708
99821
78606
46105
31949
51573
84258
70900
974
90469
13467
71596
756
28067
83785
59719
61598
44935
94875
45930
81204
86437
28966
39529
28630
89303
17950
62345
12563
29375
17723
53184
87562
62619
62868
3560
99761
3896
22951
70571
66952
50939
45443
58638
47081
14611
49691
48210
73875
60772
31376
76594
28662
3912
47551
43772
73398
18231
78595
24331
91500
47926
5346
15582
70284
5228
97170
41487
11652
42036
79888
62192
76119
69042
41230
9757
49348
74817
35901
82108
70086
66577
72352
79284
73712
14213
98993
58733
86564
29658
58865
19687
52803
54774
48659
624
87776
62677
530
88306
29665
99792
3249
92126
4675
8914
93046
33245
30099
77151
73871
34463
54280
46884
71827
73789
72864
12736
89166
82376
66657
3012
99521
25771
77996
10218
17926
6367
79761
91978
86710
64475
93961
11039
41487
35648
85323
21057
60239
42641
89340
33438
52871
61857
34007
19787
18655
6161
79746
14340
84616
8621
33020
81281
39171
75039
85689
2929
92253
97060
94394
26526
25639
82195
42069
79747
45380
62282
17133
27984
11968
87684
5029
137
3292
979
11432
53831
60450
10926
26842
85860
77114
55178
98169
19164
19440
48504
94560
13717
5388
62229
41880
55494
29844
70116
53114
74999
95080
26126
410
34863
94871
10272
58565
4604
4944
90213
99450
9910
52508
98290
32229
3633
73208
16371
65160
56210
15151
94189
11352
4304
16527
761
73082
28221
65872
23050
17061
51014
52167
81194
96552
65164
25748
25420
85279
96368
20355
16216
62798
8162
31733
66342
31321
36013
8770
40980
49949
14968
89498
70588
43855
31091
6109
29980
83138
83615
90716
76671
28953
92161
36696
21737
12915
21301
9231
27216
49917
23395
53075
85503
84168
19861
15564
38269
33598
50891
88551
35066
28760
24130
74221
15122
38894
83928
96618
19736
40073
4540
13245
7225
8146
82984
29249
47585
12677
70276
80464
19776
47133
33360
30975
21027
55321
84312
25902
24556
4354
48219
50728
89807
10442
66671
74786
37595
45322
49884
98386
51481
38411
97217
80621
56239
42553
3221
97987
54471
49702
54326
72776
73205
26974
99919
14548
83761
93198
50748
38033
10195
71428
17522
56458
34326
33837
53000
555
38650
2004
2016
80394
2355
77792
95614
89735
80224
57876
47817
50701
49368
28401
26568
10360
4552
45371
73973
30209
19283
81040
45221
54555
66894
56945
20424
4428
13528
90142
19100
19967
53229
50807
13139
66068
54267
66582
90842
23626
25384
11848
71952
11859
90819
88598
11638
25943
83766
39623
59942
28600
29353
34490
62500
4305
90281
34056
98166
70403
90929
70272
49676
40712
19030
74589
94596
54086
27977
50484
85549
12908
27326
13470
61058
24663
54271
15388
91343
3468
64654
28893
17032
67883
68499
92719
82962
66283
62116
8672
4122
71780
76487
37222
26295
14904
69959
60184
60024
64174
42176
66160
73316
22199
35760
67251
25833
78093
22404
74009
15300
45768
40839
39687
85509
22049
65598
34530
14489
18578
37490
26208
61323
57138
79438
23434
536
69260
54594
86396
14129
7910
97572
19835
43051
61541
64214
42442
22269
58964
464
69697
36584
67239
26717
56350
37960
14212
70459
19474
59364
12294
57039
3314
44975
20788
86124
53156
92131
60276
79637
36981
66453
84523
85968
90915
8382
22832
64734
67281
96666
28971
56598
32553
72369
11519
63412
96548
55572
74916
25401
53964
6160
70478
84150
84621
89978
42325
62826
89808
12108
54401
78374
38640
70142
1693
24348
60599
62054
41248
27596
48226
55653
26745
87181
27406
89577
94162
49733
11763
29395
25430
61840
82389
46639
12042
67164
24475
23444
51177
83599
8345
10941
33213
4128
24004
85718
21355
13954
65492
55320
81668
6011
14192
61208
94901
7154
88677
15518
70314
98134
12774
86613
86053
21869
3226
17648
690
26589
93674
22220
16158
83099
92619
51691
23595
48722
19625
69847
30497
24375
76221
2340
50104
65833
85797
50676
32089
65349
80242
73537
27391
15670
20151
41816
9412
4840
10152
68007
18846
67300
11209
95407
60017
34421
57743
8148
52913
85931
58962
89109
36962
2622
1044
9573
30123
60263
69592
81792
70044
84827
80291
43659
2750
9951
39740
73269
38765
38944
58160
50410
66577
15753
1004
91877
98989
51924
97454
87981
29189
39941
20371
58767
90246
7213
14466
30170
44274
29561
77303
2696
75640
28208
91200
48232
26371
20103
63155
24175
91300
77798
54672
38318
85521
82187
73648
32794
7347
19070
56479
80879
46275
78808
90094
6539
27304
67257
10852
43372
40513
25748
70071
46955
77935
88002
74385
62574
88526
72724
93260
28957
66437
22022
75648
67849
7810
47834
33139
69133
6951
41252
27893
31698
14035
32908
50242
61363
43347
66532
83041
58903
3632
62319
27685
53583
20230
1941
10173
50612
32462
62838
94664
64514
79128
65824
6707
4679
29999
77125
8621
64201
81801
23625
75486
38602
13515
38405
91791
67172
87643
52571
25955
46363
91681
88941
42826
12060
37112
93313
82658
25533
72069
59857
69205
26501
18158
68581
9233
35934
11990
54895
11120
1155
17587
73942
81127
76210
77121
5697
52564
21658
84319
70741
65220
89625
97393
91171
40302
32349
56509
36294
89572
35427
34564
38533
56439
30592
29447
51421
11492
87082
957
48594
15284
15522
66236
30383
17124
43740
93797
12881
80224
40045
78163
23326
10770
66229
34616
15154
21287
39922
26738
46277
77143
73927
28160
34920
59130
38755
24347
18805
24744
63832
80274
95492
66124
52720
35469
14389
43589
38156
39196
24205
20257
43860
5419
53609
35470
51774
49731
17335
32559
95771
68560
95207
99958
15859
34744
27327
93738
10514
12948
5109
84357
19024
43438
14886
10745
50574
3348
8491
30803
52306
30858
33529
28966
74696
89595
54957
78720
49316
58083
39165
60739
41435
52227
51912
5830
77884
27555
42277
65903
79227
62375
46209
15920
44527
92999
45305
55093
46838
57829
59147
6575
98074
8389
32779
11456
32990
62259
4897
75075
43761
5407
6804
51528
69015
99535
47433
45658
4142
13857
85464
70941
53351
80092
76056
26357
88133
64481
6722
45685
11717
61310
4568
28611
54520
38631
5406
84621
41786
8844
24202
7857
81260
54249
55838
53948
16195
10871
65362
8293
76900
2616
97708
19325
42709
22196
48265
20039
95450
75311
87757
76355
5379
40182
27554
81872
41026
45841
44839
65137
35506
39443
60974
87764
73601
95396
80973
89577
86261
17271
57167
80398
52191
97175
35917
87176
9767
26729
82694
39897
76797
98742
57883
19986
60483
99383
33327
940
15439
66869
97951
82445
73724
84614
99722
56489
27608
84302
10754
46790
93124
57462
82529
31314
20463
12931
79037
91755
45895
71966
37026
33538
99099
62783
4640
85253
89694
61948
52359
17381
97218
31327
33504
16742
79928
16180
95449
15330
99533
2510
7263
99993
31332
79920
74670
22923
92223
20009
59014
91944
72645
59727
3353
44355
2783
74121
95833
98357
18202
33554
68206
32106
15578
66772
35616
61971
5295
93031
32729
78804
74448
44082
90832
53869
71098
69917
30689
44509
8678
10940
16752
13741
68011
23671
29753
27642
43668
67047
66745
9766
41245
92081
70343
12740
82632
28879
22214
13805
17461
31919
9793
53261
70646
27023
89747
12607
78313
1573
26891
72625
77384
93336
83064
742
17710
62597
66878
91708
59867
77384
32342
25955
6624
2152
31990
15979
91539
56613
88491
82638
14285
3268
47610
40495
69029
29704
14956
74147
59570
14907
59122
55952
32889
7563
84635
89637
91439
98750
39534
63987
63672
41413
24481
66138
22227
54692
12948
34956
39647
52414
75361
31574
62623
51967
23966
66362
67507
52294
59775
49418
32180
17885
8099
25166
22377
69423
74978
10690
44156
61116
43262
82157
58456
19795
54114
44014
88544
31475
87432
71604
76635
87361
62922
39414
62099
43174
32551
34387
60390
3180
24597
6570
19194
13476
29739
27799
16310
37822
90387
13234
42340
93724
65918
10246
80567
46500
98502
74499
56192
94675
96900
34021
77663
31359
88908
88641
33870
33116
67038
4381
42783
10396
66598
40220
69423
51699
70499
88103
44079
7453
30900
16154
15269
88951
34262
79751
66217
2732
13412
5468
8430
1418
27887
58831
41512
8306
92147
78417
34397
64893
30164
96056
39982
58049
74443
65687
2454
6673
7701
Time spent: 37
Itarations done: 8203704