66516
70208
79082
93746
28768
87842
90270
1295
33081
99385
18449
38548
75339
49218
48290
47481
21626
55974
25245
62583
43969
31239
13315
15922
44337
19244
85289
97225
81150
97678
17952
50557
48550
13467
52342
36964
22883
14153
44878
43285
83089
75473
78994
71389
32153
18784
28930
99180
95255
58193
67390
64985
46957
16539
87028
90337
24523
1844
62051
22621
17402
41405
10711
48736
83919
29376
32057
3634
35383
55534
81032
73511
45127
47842
14853
72393
85366
79493
90591
53031
68330
62321
18950
98232
69781
72766
82477
27162
42786
34034
7789
42647
87555
8649
40862
40120
29183
39299
12024
96646
69278
12674
93039
59289
19764
10962
42491
56139
97546
58705
7653
60407
57254
68943
1145
48268
65971
41850
98889
4510
78589
71547
12205
46553
55393
72320
71405
57010
74480
44162
20792
37760
30791
59391
65738
24319
80814
67011
31317
28372
87431
79591
88989
8390
42916
28570
82890
3557
99745
48272
40524
4587
18679
76315
84008
76523
51469
38685
67465
93246
11590
21428
53795
91149
50557
17729
9745
350
49657
79106
42058
65786
57373
92479
19477
27680
51253
51108
25418
91116
79698
86665
64422
77850
43899
82191
1790
19961
13044
91221
50297
24617
27003
47066
30479
11934
29807
58060
21714
3841
94556
49518
90145
20814
45777
31204
26499
25505
58820
40334
51917
37549
17499
34412
53163
32171
41008
85673
89911
26773
49027
59457
76286
54270
19980
42527
76429
19713
11568
24177
69589
37617
54970
22900
34085
51406
4544
94452
71446
43537
23357
53366
42153
55086
11577
89241
12618
46995
39496
61625
19374
51652
29919
12825
40955
83123
45627
46715
30498
97103
76844
83393
2856
17531
90873
14507
88843
75822
1509
52113
66222
40792
39351
85136
52103
52612
55813
31825
94701
12500
73401
3998
33701
21368
2754
79507
7966
5274
82957
12960
76942
13271
65817
1639
87798
24126
57070
63421
64223
52411
47888
76622
14748
1551
18606
77867
58578
71711
73234
13378
45129
93757
68123
91559
99819
27047
31039
90281
63125
28410
27956
30991
2540
72470
24033
43562
67752
79293
2513
10769
28242
84400
50717
99314
79466
68261
95809
55537
28859
47690
74705
68254
76170
19892
52245
78605
83934
41461
59696
47373
93386
19219
11653
73909
78729
87576
73594
97623
48356
47932
94617
2953
95514
49675
90289
91766
72843
99452
59095
83361
15321
95626
42614
51543
64399
98245
94344
10693
52410
61310
5004
18299
90855
73797
43182
70157
68730
78622
9353
26192
7809
64612
68578
19865
40625
55573
22603
72146
73874
52641
5614
52256
75065
21391
39572
1673
73451
53528
64813
65358
97650
74509
69540
54717
81793
13063
77851
497
59679
96330
20098
40649
32124
85230
1687
28113
36514
18658
6800
36562
69589
92248
22100
88319
14543
57694
42099
27999
1779
91989
22671
17839
88975
52474
82120
36272
80620
3165
10208
19979
19755
70652
34753
1480
75379
63674
12648
59247
17852
69515
57606
15409
21551
22504
90433
87297
59192
25112
99315
23412
55401
90571
27386
31800
48499
67402
62740
39444
68922
891
92108
4914
80307
84302
93561
43375
44973
53480
85896
12976
69418
82530
22775
54716
57365
45358
18206
74061
48058
18128
16635
1925
45660
11068
75687
75051
52012
34562
12521
31400
99450
24082
75778
24850
42987
71290
44279
25324
11881
34494
20909
85392
39482
30676
85527
22495
87181
43392
94297
87077
53429
16165
64458
61281
11975
39294
63382
60273
54859
79580
28646
88833
25128
47039
81885
39541
11874
40458
63372
5718
45904
64533
6528
22197
78182
65298
91993
40088
45197
87729
69429
87880
25460
19619
11860
70543
69596
49232
72175
10742
42816
30718
44301
41818
53052
20932
92598
20920
50609
24019
2198
42444
75928
56043
20272
96919
904
20902
3654
38513
56163
70942
61738
95546
61806
10900
85282
82697
82355
92204
81480
51047
7970
36167
93622
42657
23502
19215
69663
76
64518
51086
58205
17985
75173
77758
52657
14140
76656
44932
74782
39814
26883
64966
87341
46165
2248
40460
52225
72244
60426
11027
5239
22816
49600
6325
1630
59723
13937
8033
97462
39218
7742
46210
71120
89514
71452
81366
56506
37716
41455
52563
54884
63408
62725
4008
15902
77315
48322
37833
29941
97806
83072
79171
53740
25440
53
81089
99177
96312
68003
41631
51080
28658
15370
52916
44142
63994
82419
53162
21273
44001
36700
6484
16141
57433
9117
92455
51197
37531
7949
47670
19121
89713
46403
64923
20430
81791
75624
22135
62884
34490
49541
82768
89376
8775
60564
82238
90131
98277
75827
90714
72355
67
72552
21680
5852
55094
18058
37788
36682
20781
65065
90769
62593
62611
36131
20545
93735
28949
52436
30205
80087
3940
21581
48122
73045
16994
36689
86252
2800
24200
54784
4519
95410
66932
16314
95220
23873
56012
39615
8489
86059
25938
74246
50119
29005
53052
25318
96436
93874
33922
67317
87392
38772
75808
50356
78707
7686
59754
64441
56614
52908
98680
67999
44666
85670
27777
5810
61044
25057
32572
38434
16951
38840
41252
80342
81927
21524
82096
97138
80289
34674
34370
43680
24426
42523
81553
34299
35275
11869
9482
23980
48092
9451
78819
45045
52495
22264
41170
87762
69744
46701
61270
35240
27392
40919
53821
63101
51656
11522
42906
92623
61255
10391
4328
42403
12958
50456
56796
58051
18733
10200
26569
12051
27106
85852
21993
56605
37256
67528
19292
81172
93349
60981
79060
73339
88759
50133
84069
6801
95064
97271
13349
83424
19099
7522
44927
37705
82845
42170
10162
71463
15549
51390
6337
24121
45255
11153
10955
99732
77770
91326
31157
65697
55116
52398
64704
10126
92645
66829
45212
94880
4231
87632
93590
69558
38365
41626
118
18027
64436
7679
17135
93598
68166
51316
51016
61504
37863
26209
3933
8100
49092
20362
30833
95032
84309
20218
45116
33587
56192
89435
27735
29560
38603
10749
68691
2168
47531
19134
97394
11912
55859
62359
38898
41742
70407
61094
66714
63490
47505
4873
9725
87258
74166
12501
10667
35286
95987
5913
26713
3804
30009
95020
8865
76480
61020
47736
96209
31274
83174
24171
13512
38880
15299
86888
66187
85398
87890
60142
85393
64474
72547
195
87796
74885
490
56082
79510
28362
95789
45602
51762
19457
31076
44867
87039
34325
98756
91374
18796
78527
79126
30370
65219
85311
78294
92187
88137
25297
3435
74246
11837
76087
40677
15609
73380
26042
1771
94236
65934
80335
9717
47492
79725
9328
654
15032
41383
29451
29551
29798
1790
34962
80637
37690
24970
5321
10
9363
86126
97402
87476
18627
95628
94320
7447
1125
27573
23427
4591
74202
46458
74832
38926
94323
93611
48808
87203
51918
16180
35521
92649
55190
95821
83754
83534
34230
61655
46643
22533
4646
52627
1906
93470
66008
28120
31660
79802
74520
12435
12632
40063
21644
98771
11413
39502
70806
31319
1397
54281
52835
30343
18124
24830
97472
24401
47972
98381
83046
6316
1505
67150
19336
35056
57242
78308
39681
64405
74212
64616
67531
91083
62390
20492
39967
79953
68943
27256
16064
41990
85211
13462
71571
11890
4415
21447
82994
96528
63330
39640
33969
42877
82508
51638
34742
4615
79084
47724
31570
70294
63832
42230
97046
52792
49834
41036
34631
29700
93979
7501
1075
67352
64483
82244
48957
57417
77733
22463
18228
44279
75945
39830
60422
23861
23508
32544
62123
50144
84352
26707
45303
94284
5255
64985
61294
63092
70752
6366
62472
98544
14143
29840
31114
48068
66070
66959
68431
16566
97241
23481
98459
85409
65085
88689
21231
11115
5489
72475
57629
96966
20214
54909
64273
64532
98223
80758
61037
38865
74836
82326
6016
1076
76505
67956
73192
55084
20954
70683
36608
1503
42543
11784
41475
10952
90931
97330
47450
41531
7449
32382
62243
50737
18093
7057
44706
10830
94615
81496
45764
48442
25939
72591
72794
94171
10959
24387
8501
45977
30748
26146
88845
21387
83324
27368
46260
97814
67324
87409
54168
17772
82275
88842
66723
66292
72668
38363
33731
11574
80576
76753
84877
36704
87330
20333
19662
80209
18604
60323
9851
46303
59199
53643
19805
41844
73972
48979
76685
46371
59520
5275
77335
23990
57621
76348
1545
41493
45881
54931
12440
65739
83644
92223
63888
75174
31944
34874
2112
35297
85119
50380
44115
55941
48693
43942
39029
69442
73209
5143
70200
43070
6950
61139
35568
66553
61789
54590
51838
36077
95936
9174
63961
89850
4882
93277
5607
37121
77640
43350
48596
62493
19149
62393
99668
80448
61756
66198
51496
61159
88719
10209
71523
48024
70963
93229
16978
39764
74609
743
97334
15504
31308
20214
66519
39959
76005
33499
16334
97653
47452
67373
59835
70028
15677
62198
38832
87398
47561
861
63195
58858
46779
25378
91334
7612
7592
56953
90978
16589
3312
26750
77303
19802
89745
19304
11506
58610
41508
28215
57052
58816
54845
24685
33140
74529
44406
43418
75311
87737
33432
97583
11686
48761
86887
44740
89966
92073
65299
39056
45104
64371
83418
21610
80497
57419
42270
20228
46544
46818
65796
53038
39616
99694
13968
55825
11725
29241
63139
82248
76639
42125
41345
58135
21673
45921
81388
6310
86095
58107
7731
96784
46831
85562
4606
18660
60090
24068
22189
14717
43557
61041
65315
67395
47945
51501
74908
75786
59027
77251
56153
17238
91618
92290
29433
44312
85563
3691
80107
28062
90432
36470
61478
22040
30386
83439
61600
87861
73623
46574
79091
92858
91830
35149
65678
63065
84217
97686
83942
50673
58022
29707
97586
54083
2760
17367
58493
10842
69039
48202
79978
68965
64416
44575
88820
30549
8569
52831
30042
53086
47940
51723
57854
88502
16082
27400
83792
37716
40054
99024
68795
99367
35537
69047
39807
95402
3729
15255
83485
63304
41621
37832
19668
15018
3903
24086
85489
76013
9566
95837
67376
34399
69134
60110
2648
49678
19530
92412
34994
93436
92719
43718
48890
20184
11571
77217
26802
95529
1782
8957
70041
41027
32237
47683
99212
90284
47859
3518
3414
89276
38769
62554
38723
15348
97486
4986
85939
33998
51952
78135
65173
60273
26303
22494
70605
42535
73611
88892
32548
40296
45208
77932
35963
25012
9786
79046
24636
92928
12051
85835
98482
42479
65588
16796
67763
35245
7407
76105
62495
29072
2759
47824
7902
44766
77922
28703
67523
3583
75945
69706
24396
51814
75776
14442
17732
70830
88706
93881
77591
56247
47739
61044
3289
38226
35270
26817
12611
6450
52378
88573
48385
97918
19059
27011
66566
3482
8903
83411
45691
49910
63984
19466
51447
18266
6167
4899
62011
66544
59540
74287
9981
34712
25364
43799
24895
23739
5716
81036
66698
56661
54897
76694
24990
49366
48723
75478
21492
41551
975
85504
93871
64170
23572
380
57931
48686
22426
36213
42145
15610
44503
6974
63588
14997
43244
35991
67576
30021
9294
28756
84649
96196
21411
12820
67999
33476
8450
84232
62077
36203
77468
86782
18791
16754
55307
90279
21588
52747
11393
27137
99671
44792
78049
92736
14705
52019
61266
14353
80580
36016
39661
45890
33162
10278
82267
51197
1419
61944
76838
97474
43917
85299
49496
92057
5406
42449
73857
60839
17044
45545
13152
84622
10816
37069
12433
80925
43763
29969
59570
43053
30878
57767
63573
25683
66888
76323
56646
96812
76576
53513
12445
59573
70937
80868
87152
84254
2145
42096
32273
80802
4193
77383
98470
85154
78007
89551
48284
28922
29962
48350
22250
11292
923
62580
57708
94431
29307
6221
42509
99242
76120
4381
96859
87039
2516
7646
15699
74501
31170
9253
71310
44203
41573
88560
71237
81112
46368
96380
90166
86608
70896
33010
46036
95905
11398
8180
70475
52211
78612
13623
31537
71502
43029
83617
2765
65497
85623
66605
36762
77235
23626
81855
93739
23587
24748
89154
95909
32110
45229
56649
27149
5843
27187
72180
73996
48953
68974
6874
8839
38595
38581
6228
49072
33890
34611
53564
87006
71656
11938
23491
74519
10295
79898
18870
63669
48237
49685
63805
49949
61344
54630
7307
38370
74931
92109
77506
54215
10327
39063
14710
50128
23380
74463
3066
19057
82841
1510
15255
8657
20285
99987
82361
46892
20021
54863
1964
30856
7393
1131
1503
1269
36944
96821
81071
23604
78099
86220
70088
23499
45341
43572
45637
78859
22305
93851
76783
53982
84764
91710
78818
72085
36185
2268
84114
61738
31350
68144
62162
80027
78476
65996
50372
10669
78316
52768
89336
58829
79964
76990
91511
16057
7331
83653
10667
48545
37779
72565
20928
69820
94901
79537
58891
95020
51160
37379
30029
38042
22918
39366
31501
5189
80311
71729
97457
59281
87496
3659
30083
76792
35010
23429
39881
97196
25254
87465
82031
68519
24600
5529
42236
25974
1167
19665
95029
1616
25992
47150
30301
52107
27152
48406
19698
8953
51348
49699
73505
1012
5492
97406
20795
72574
22061
45719
30863
22013
16283
82920
82345
15747
80676
82650
77916
90210
93002
26119
97115
40525
97411
78771
77573
8747
55371
20651
15806
26845
52889
23572
82755
39979
93636
40146
56359
34161
3747
19838
83715
19085
23408
95441
98765
71644
62755
89698
37931
28610
55214
76278
15772
27957
50071
91918
45474
37475
47884
37249
14875
76624
97304
22690
57720
32957
39926
12751
91982
98005
10987
97193
32319
99162
78031
70716
22149
83892
27138
34183
72290
20503
86833
39880
37769
15748
13520
90885
12152
13699
49086
70365
69612
32598
1259
20452
38974
16817
90383
12328
51101
29594
52452
49249
61223
88856
87564
22450
11219
53256
95410
96236
63327
98411
44952
33026
6435
84428
84172
81713
8812
4911
7555
43433
67042
24942
63936
97690
79934
60969
5388
18723
58289
29016
49043
37153
66672
89336
48028
5119
81718
45399
45157
4486
42991
12990
13580
97184
67068
61287
72283
54315
93247
41876
1155
16412
30167
64013
70258
31050
76649
44802
41037
86025
97170
61527
93363
6370
42643
60015
81650
11727
20571
27699
25693
36941
35127
22974
97486
3191
37345
63440
73921
89612
48377
14830
87125
96037
44626
89665
19109
6370
22584
60125
55486
59072
93326
13119
34190
6305
91882
27244
99459
96557
25049
31069
98779
46864
22764
10110
41051
80261
2729
65894
67940
91655
5782
94662
77184
71076
10359
45570
76558
57061
88404
38611
40298
14952
22209
71081
85945
34938
61937
18004
88887
22924
66923
36766
4347
13656
40401
19106
72108
69983
36888
94614
37952
44756
94239
79117
37625
72581
18261
78528
54081
27481
26759
4237
76795
29510
42049
29572
63173
8447
6195
18595
26363
35931
81627
88216
51223
18730
91287
22566
70799
5331
47094
44593
19298
95620
13255
63976
14415
59147
51845
62791
11785
61319
2071
50723
17397
68847
51766
20183
40009
55844
69918
58332
14914
60225
82420
27822
32851
46394
89712
10940
63416
14664
44641
22912
71024
60469
31602
39255
83288
27157
13905
49372
86630
14972
45320
43979
91979
5831
73880
67503
34651
38595
1275
18229
46760
22745
99543
58786
68012
9729
28288
7456
41251
50731
40253
16811
72852
57175
10855
10393
24851
46047
78170
40365
45650
95923
33823
49541
39213
61595
62421
69691
18837
95259
87379
64698
90914
480
44382
31927
66549
1465
70239
8067
4443
44674
64492
86756
47153
62386
53926
44446
24672
18549
65971
88264
64179
26121
96027
85014
62918
72041
35838
4033
52313
11107
15322
8235
5777
93224
98625
57489
20092
69864
66680
46393
30828
85036
13173
84501
5919
93657
78597
41275
98384
65953
47896
20272
29070
30359
41289
97515
13406
79350
34911
57520
42311
12759
58212
87114
76738
21325
28426
41967
17775
19596
98905
83658
69781
21758
17769
96159
22734
16578
16056
29740
41781
38359
70451
87626
66921
49655
14664
66113
93832
48479
5659
82403
28015
87808
86203
76080
78770
48445
23561
49916
86962
37620
45676
23635
61072
95189
40823
10264
29753
76903
34436
88890
5915
49926
7724
39908
97295
79628
76687
29271
91538
8667
7253
76769
90037
29449
2537
20034
64030
29309
61590
90773
58972
44061
75500
52588
78705
90086
96360
10844
39666
57677
87345
94155
97197
39133
38041
24361
10943
33879
8163
37287
34405
19941
44924
90098
84892
6113
4573
92734
74453
82461
97020
30670
59797
68091
63923
4209
99773
14621
95295
95480
92677
61371
87402
88540
2487
54028
45625
10209
73031
32370
39947
29734
72198
64619
27872
53841
4466
56089
69826
80476
79352
88018
75460
29251
25827
48806
35807
49564
98300
4383
15843
18377
28475
17002
4777
78809
39199
62486
47262
37972
51354
14800
7731
37905
82913
63811
52182
36973
60493
7158
67001
90793
38018
10423
72785
1489
44572
61103
32621
12032
64091
51381
98930
58428
83205
12270
90718
56685
30398
87457
43956
93780
69567
78988
31832
12251
4127
18927
8725
26572
94024
21218
92028
86145
87311
46200
59294
4502
20387
66567
4724
7247
46583
58051
68606
12282
11443
50681
26096
45036
4894
67227
97592
8693
85404
44250
21972
74825
89344
78179
16077
33377
9902
63917
29097
42607
54264
96706
88871
49370
65189
89340
28650
8040
23684
16257
77448
12411
33168
33680
94929
69070
22340
40665
32594
83015
93900
39776
7069
96721
89344
28085
78424
22356
36234
99279
36692
33564
93679
65890
13147
37951
14188
17006
49394
34379
95631
11296
76977
70174
5733
67778
82928
52521
23334
57482
62586
35612
55616
18012
90016
516
58530
9972
68473
68277
8863
9334
58632
38402
50722
83039
20654
24697
66601
26468
47695
68312
3830
50902
13066
43885
20839
96680
1025
38846
4511
13484
42054
78225
49859
93039
27470
87714
86273
61482
35363
36268
80843
38746
60097
76196
48523
50537
995
3470
51380
34826
32326
93908
74706
19251
46347
31880
26508
58418
33909
37415
18648
10823
43003
14793
52907
3948
34638
91184
53264
83074
37575
87388
56906
64443
88670
64405
776
16620
33994
19362
17935
75260
57372
62196
88553
55961
97627
90582
74056
67474
13566
94701
99751
43254
56618
65763
41229
3223
15058
52603
12861
29529
841
9189
52943
90247
60370
2564
49330
73126
3863
5504
51852
97903
64523
81110
73378
60102
18294
77567
90063
21913
17806
90470
13164
6388
19928
17408
19712
70118
15390
24896
97433
26454
1058
71290
80470
66498
70686
80973
26793
78252
38360
44892
15622
95723
50351
30430
23750
19194
85726
19632
73350
35511
93807
58977
30658
32946
67459
96146
74879
49037
5194
99681
49712
11785
72193
5934
56103
34688
30617
14387
44127
4305
72948
57195
14356
55405
58603
1719
44649
63214
23707
5862
16947
94883
6645
35155
30534
53011
7902
67854
53113
12911
81722
59705
79137
2292
39194
13561
36031
97090
27698
713
3245
10460
39956
10576
86517
33223
97481
63271
20312
43600
47832
5693
55069
41615
12827
25803
22719
79285
25766
62185
63883
51580
99697
56292
43204
85080
75905
93372
75487
11383
12046
4694
34610
40509
82742
58507
19633
55923
81929
50048
8082
37254
35917
11983
35087
79388
58833
5786
98862
17342
8044
21884
7962
85167
26106
11778
53815
34098
87970
98896
13224
10283
7386
66609
59833
45620
94847
1586
91027
46605
918
78621
57254
75546
23413
9073
14502
6110
4646
39216
7433
880
95868
77106
30650
2463
19976
46955
8621
51639
20748
18557
80983
46172
47091
35957
79270
32085
84161
74352
33536
75593
9730
87115
52923
98317
23813
65859
82915
71045
72289
25651
53822
51978
61175
44729
3
24301
37165
33514
47374
34846
92219
81236
37970
60728
35218
30150
84618
34082
62081
57105
26235
36324
47246
147
84835
32887
74063
53855
9004
56940
19358
71284
25435
66345
8361
52676
10045
91938
60147
71486
33272
67212
50898
86847
30326
79551
32539
18209
96515
11419
57669
12716
10158
46219
78228
18769
41228
98052
4974
90259
12492
87158
37562
85134
41791
23581
946
89224
9002
80432
52794
91679
59308
35090
58743
61891
75601
31796
67580
29449
27137
72296
56815
48451
29024
72568
60606
35410
27686
33095
36628
6023
61123
57800
76251
236
29622
22424
13231
77328
52515
37020
40165
83126
79619
69193
99064
40034
72226
94797
72652
87175
67795
21056
66398
2780
94956
83402
37762
73815
10984
51785
98793
38914
92632
94842
90959
19837
22969
41008
6960
73932
81870
44502
13288
45522
65829
11097
9437
67664
33984
63699
44893
67372
1535
30939
3443
57201
79204
23381
55816
53988
87936
21382
76328
51586
61722
36257
16934
88584
88280
22117
32980
94288
27215
9613
58946
66666
88403
4749
39609
34466
49487
46088
32296
82396
40731
41833
9283
73050
27873
14663
5913
82136
79241
66644
79598
74643
12031
39148
67673
88713
74507
83437
57899
61271
35787
76407
14464
24905
22987
12966
34415
28979
66646
81616
44746
89664
89688
83034
88718
53319
2637
82791
91502
65604
48333
98826
39882
74706
73108
11875
58460
61246
88204
52808
15750
79696
25131
64634
47491
16570
81765
58943
41681
19173
2141
86634
90060
25350
32235
20995
74176
29476
46468
7568
20630
52822
45229
69687
29782
47480
82386
71187
54901
52181
93627
28485
84649
35636
61327
33119
60789
8425
69798
92756
45137
58004
75899
23819
35016
63070
44326
32082
14875
73277
74358
98934
23218
98245
75373
50495
8636
35818
32153
24345
46456
83678
37828
64385
88452
20735
62207
68141
22014
15101
66377
82862
22330
13992
70564
96800
91390
97581
31637
327
90979
33584
89039
97852
93355
52294
93488
36025
92925
72793
41526
76257
44976
50258
754
80342
23422
81528
25585
96811
18504
1542
31368
32608
27530
26777
15967
69795
26993
53464
92163
40182
52761
98183
21706
2177
56574
76296
22422
73572
51685
49759
53421
61603
8241
39990
70346
97366
9885
93754
82471
25453
37063
10446
36561
21735
99642
87692
98606
12230
1705
18822
3813
44275
84764
80597
97744
17546
62146
82427
96994
16945
26919
9418
56530
1966
88489
80683
42636
97889
68887
61675
75301
2982
68747
14703
22018
72877
95116
45327
96109
68375
28509
3970
37014
56159
94958
31905
27445
33247
359
98654
32843
5481
79001
63891
32292
87960
5956
11079
46843
11026
23863
42392
61155
9281
38648
94842
77418
43068
45857
36098
36715
51971
59527
25123
92304
68073
28903
77558
21734
23103
44806
58676
20278
68039
57094
37777
26862
86358
47412
77040
95471
22826
27289
95159
39983
68583
60681
41466
48408
40248
42135
39808
83742
65857
97057
13091
62929
43689
8907
79195
32889
71350
19668
16864
43121
52012
94555
36226
48088
72224
89689
52747
59410
11523
12345
55705
7825
87847
17367
82699
67950
64761
40496
60218
45062
46602
29605
46970
22445
65868
98188
21460
20269
23518
92002
88204
22558
77325
29345
38004
87484
86037
48226
86884
68031
7797
69576
35543
35036
20141
64618
36625
12666
75866
96672
30613
7572
34130
92922
12832
37312
9418
90033
23817
41030
62304
89025
13236
85986
15444
49442
13555
67199
15826
50596
73832
34281
80019
48552
46291
69506
53016
61525
88728
84188
83235
23489
44367
96667
66354
56039
87417
4491
38843
21958
77368
65851
8458
40396
48000
60860
93376
63251
68072
11992
4294
35046
49864
4787
44514
84526
48989
64883
21886
25142
94336
15506
63461
73780
10509
60713
98800
32302
46824
14047
31098
14870
6668
19659
46657
45509
78973
93541
22674
95010
9564
46205
80949
74030
14330
34947
808
50097
28414
33801
48411
10268
6061
2315
1560
48294
34291
80520
49239
15407
205
36739
23345
37226
56544
47345
76386
65767
63012
93143
53442
5206
41918
15734
19230
22745
75854
89035
91884
31869
92393
26094
3872
14237
26241
59361
57474
28607
22753
3814
67316
40435
48452
36624
85702
94190
3907
4494
87815
41879
92296
384
53337
35980
82970
35003
18644
92665
23520
65290
89439
32110
96128
32024
97550
6701
84381
1792
57576
35029
15293
4711
29175
69888
67892
8653
19005
41799
94573
73103
62682
36135
84267
81426
11575
81541
7567
58937
11883
50077
23070
46021
4132
95414
91502
10505
90106
84412
39595
51502
11176
9519
39225
68188
57093
4723
18977
41265
77554
26120
5076
2304
167
99699
96570
46733
67935
83574
15638
79932
96963
39618
38090
72701
20843
60361
1404
42321
31961
51013
8045
68482
52021
23591
90357
99554
64106
20389
79975
3992
16871
47409
29486
74091
67775
64889
66997
94911
66758
51651
25256
49832
94349
32806
76202
46065
58925
36174
19041
8351
26671
21821
15388
7165
4801
11227
38548
58929
23639
27858
5662
60047
66453
49275
91227
94035
77210
62464
78426
81557
35958
8641
90708
26898
29083
1580
60260
51209
57457
4384
32256
92793
19312
53608
74210
97776
76653
26786
58277
20708
64134
59666
11014
3932
27525
32835
79890
7015
85261
63910
48765
13108
91023
61118
45560
47781
37914
16830
24534
7686
85500
45488
72841
11384
9852
99394
86473
52677
73665
27911
84213
58043
88679
80944
79898
24027
95797
95878
13050
37933
19673
48722
45890
65691
64016
94776
70723
24497
1426
71935
35910
44605
77350
90608
90861
64624
91535
88224
70954
97717
42378
83448
91777
52307
19638
25454
98761
90194
9213
97025
23085
57442
30033
96695
27589
28964
57583
94836
87519
66398
1170
31301
40072
729
92789
98152
53961
16001
14258
29960
15688
28579
36294
6344
2708
27573
68279
56626
15327
66369
20709
44888
68992
72668
63643
5203
6503
74970
23955
91454
75750
27144
1789
3890
32703
49568
2345
55475
71689
95208
72951
45062
55407
92128
7374
11570
15635
10082
29402
53591
22283
48165
95967
12229
73198
42931
66404
31487
40066
51981
68952
30137
16760
76678
58148
41759
55667
49485
97540
5537
44812
26370
20953
19372
73984
92754
22548
99019
61638
12720
972
22215
65971
25466
36164
75122
83385
20466
8690
59940
45451
3348
80989
67147
61506
98194
47467
63594
18210
18787
26148
98567
39628
81267
8395
83905
31873
23730
5215
61426
84817
44487
28742
31138
80083
70026
25732
77114
59299
16150
36231
94393
39502
11347
85074
89916
23623
10117
26441
3248
43142
35824
52446
68719
87286
57554
45575
19630
18549
23549
1748
17272
47855
44972
75886
72807
44350
48068
5108
18383
84572
90224
45991
75397
3687
66027
21821
62453
97486
13069
13378
83270
38036
64089
42469
35735
8103
81984
91341
87253
29952
57276
72997
68697
62590
43825
17625
49512
68233
57878
68491
69898
3535
68011
87043
22513
74029
59059
51445
95756
1285
61845
95323
13447
91415
2313
74267
31603
60878
38633
66464
82008
70929
22899
10796
84408
45577
45228
60861
84417
99615
92406
86591
12582
83033
80643
86455
1593
56057
2580
82771
43222
45084
62383
60188
14335
93944
59563
73153
52219
17210
22121
92025
13437
82672
82670
79462
7594
98657
37370
88800
57603
58493
26862
54388
1469
99246
30784
163
17066
64738
73047
27238
21054
23889
93742
53883
65794
84625
55342
71960
34045
60812
15835
52787
10179
95161
19457
82305
88828
14520
26919
30584
67096
95667
31315
63885
54866
49504
83349
88851
29226
89425
80076
77900
53676
35719
55067
62439
80526
21982
44685
96297
55774
11832
95151
85576
49753
4608
18092
53126
43986
7275
98494
55920
14907
76436
8290
1857
68513
89099
81231
18833
96513
83797
60299
13431
44141
24665
37568
19144
2608
80258
68254
74798
64982
76165
55657
92661
13341
75892
71715
72723
37150
68016
99140
94707
18061
89285
55363
72612
54742
93108
86019
87929
42800
80798
96205
27130
69540
48962
21491
36667
31028
70603
27442
74380
29797
19772
66376
80133
65580
70008
13127
10398
88522
45385
47795
81666
44642
79578
52765
45741
6639
43205
43726
76343
49680
32581
59990
80927
1414
74053
98089
64190
68218
87270
84465
60497
15553
67994
47989
21281
59340
96504
71131
90456
7335
51143
69769
25972
74818
8250
75972
28871
87201
39479
75507
22546
73748
75450
82404
84380
51164
90658
16596
69535
93592
78798
87460
82390
86452
29871
76057
44975
65511
90922
51887
83712
49760
90734
56215
5876
86882
35497
33310
65421
43500
37250
93383
24151
88889
19797
46601
98685
40458
57837
56199
46292
62083
44213
20588
83344
32226
47458
9243
49043
27793
17243
45252
23995
1817
18850
48598
88341
68286
29470
28545
57358
45842
8884
40966
63794
53559
65048
6981
65679
96646
71056
23011
45951
27670
54212
79125
35942
19793
70139
42536
38647
42474
95323
56135
49648
87287
20001
48171
73666
51675
99962
48490
12944
51925
30615
59179
60011
3077
39603
33046
61842
73167
55259
72045
35029
91923
97360
69564
2317
69921
53946
85474
89668
63220
53339
60839
70038
619
14078
50449
65117
75924
57105
75592
19496
96001
94352
76978
43120
66901
65777
78241
77300
94961
82927
54183
77200
77531
51277
34711
19409
58887
85875
65364
37079
30858
5231
88413
57057
64846
86922
4677
63556
72172
95057
25539
41139
3037
44505
27078
56097
10924
49742
73802
19834
28878
17151
88154
40420
26841
78831
3782
9215
45138
33201
55508
88330
28161
53137
26996
61622
14488
45888
98309
87070
74857
694
9852
41557
27872
39795
86673
80456
4748
96466
47609
43879
79085
79694
57502
29062
25391
49331
67503
14046
20947
17796
28423
61719
59637
14842
55167
55186
3465
414
66472
15598
57752
87304
23484
31751
19383
40074
43159
87128
13978
49659
68026
4530
7485
44060
32559
41040
50446
84716
78205
56780
89079
15444
34065
49779
56308
76215
98290
96238
38010
67586
26448
60562
94998
53275
57420
42788
9636
18137
84858
12340
17503
56710
12756
36545
79118
53557
17422
49941
44535
30747
74924
26114
64447
80159
3052
7652
5499
68651
9867
21806
34576
2703
37139
59495
47143
65791
36270
23561
28056
96545
16740
58493
49780
58632
62685
58349
32576
64367
21920
12153
13982
53199
33497
86821
776
93500
74886
66468
5624
71514
77879
63964
2745
54846
83547
95672
72173
69517
80873
63536
40581
9435
1143
20043
68123
4998
20728
1039
75410
13613
58590
98992
52445
59055
41659
15002
42257
38888
51174
71726
45966
39577
56139
91333
53141
47444
86238
42734
61551
20296
95886
40512
13822
89341
23500
34377
44986
93891
55680
62388
4546
12421
64650
53834
89450
42690
99144
58342
213
923
73855
46672
11471
55463
20635
75587
30342
83838
35823
34321
1250
43838
82392
93373
4229
79007
83061
57695
85247
36836
71063
85847
51688
63989
48970
74240
63924
57070
42779
21360
54757
89698
28418
80679
12523
7088
50884
82956
70783
77850
52424
58702
57786
19411
75488
19837
72245
68207
8610
65885
68496
48749
98972
64549
53732
6654
64045
19091
22734
9939
96584
75665
81453
90120
72127
42622
39736
90101
36271
90728
85673
9350
70152
78398
89258
88534
6889
99219
21466
55557
99197
80407
16318
62873
18923
70316
48176
81959
2968
40709
44219
85014
46868
95214
2973
36221
87244
19263
43738
35326
7407
28759
68902
4818
46576
74818
81381
88668
92525
40178
62808
35336
89853
19166
84579
70724
1703
7660
93530
27716
21402
41995
86726
88172
42328
16557
65762
10478
59252
78624
39954
61203
92466
45968
29952
42916
97198
17883
8519
11905
45134
53472
3658
9298
42314
72398
80710
87027
78215
92787
14726
96075
84554
58548
62148
18644
19146
24100
41694
68129
80073
58369
38394
51231
98540
1848
51807
85050
54922
60656
19724
88663
11866
49715
62043
23492
60749
3541
5993
39663
33326
57603
73528
96592
39148
65802
34453
65207
51086
60353
54734
86487
76298
79184
98434
56407
17986
82969
73862
30938
54532
58973
49767
96375
36876
62127
5783
30077
32474
75120
22848
84606
24717
78715
63941
64290
10394
11152
43225
27375
24595
61184
32600
39260
62404
83151
8607
22669
59769
44478
99837
99179
42160
16068
55178
93182
48922
94292
16656
74138
93683
99624
47116
45869
26728
31437
32623
52731
23964
71081
52198
61587
38895
16079
83418
95866
18980
97135
91383
43337
5815
76607
30682
32813
9762
52207
75276
76624
73968
92907
79553
5503
20165
15383
65343
80440
99206
68794
24295
52079
52966
33291
22786
52404
31085
53387
97388
45746
95947
21154
32957
36554
92356
96174
22490
29896
54589
99311
18208
67328
72773
45539
96646
15558
43029
87451
77068
68227
81353
25525
52151
32170
89911
3832
12626
8696
26238
50583
73440
47686
40781
41763
38032
47729
16277
63089
69407
99058
63658
20591
71983
17705
3496
3381
26540
99068
89426
33479
62106
26998
10577
47086
93267
10572
43693
39232
99109
84837
12498
69513
70896
4132
51741
70434
9607
76974
66466
21857
11542
40074
23229
55173
40507
45640
9290
28999
48438
40986
48274
74602
72835
52324
66332
43657
9012
45659
61554
3621
27913
26894
41176
16655
86130
60501
56081
6930
53761
31554
80159
68082
67877
49432
53273
87725
4617
93178
30901
69095
51299
28276
60974
11309
51480
82519
38973
69143
90459
54672
76063
50866
86545
43816
51851
28370
54227
29505
13284
27688
9435
3317
24291
39971
94178
50893
66948
43093
8118
10223
44265
52253
48001
86726
37142
24328
72397
88580
23600
25178
28793
56787
77086
31696
2867
3633
22466
81155
75645
40464
43277
99197
3222
71146
1840
34838
65903
51065
55071
5923
68818
63225
23106
11696
14498
42765
95325
504
9362
89133
38908
90130
10723
41184
8757
25833
68640
54638
44425
26899
67874
13621
79657
16376
29151
28394
83177
50607
86115
19965
95588
65294
14562
68873
26532
33041
53979
10281
28724
83675
27852
90370
71031
73108
38892
60106
91454
99119
88053
71588
22692
53135
42097
59460
47913
65954
53470
35327
62414
52317
18388
96583
88052
84343
44268
52785
11637
27053
86035
2433
95921
50554
2331
50990
42393
92957
77287
46937
68771
85645
51261
26886
887
68295
4848
3023
68647
14847
44431
96565
38747
63626
44723
19457
13089
94900
13962
33199
71093
27395
60812
68475
36596
11608
58538
72147
5555
82272
21647
59256
79487
94884
32920
86779
11386
11966
84675
33226
85800
23541
27078
63527
22813
83313
48454
82229
16876
17110
47813
29670
95753
13387
98172
55564
12255
36934
40769
12382
62060
16395
94878
46912
54544
43813
15721
32548
50417
90137
83799
77174
19873
84465
63032
61865
68026
26786
22158
14220
20612
4067
74167
96752
62244
57757
51860
95581
71950
7140
4163
27573
6286
67422
67458
45088
39015
14049
38925
6698
78156
35462
54774
99479
46148
85376
55272
43915
26936
92582
567
85991
54989
11440
86586
82697
45568
99394
98654
16949
42999
89223
31987
35869
94287
83208
2851
92366
39080
33971
71901
84150
43830
92507
2145
26576
97913
97732
77925
66128
32567
53870
18478
39912
19667
92104
29879
13144
56698
41105
52533
81445
46714
37451
77924
7637
37647
91365
27913
73794
93998
85856
12658
68433
35808
28008
9114
96039
94684
90076
31049
91521
4772
74960
93663
45727
67746
15766
11137
99810
5176
72367
3834
46018
39122
19235
33354
80402
22323
28275
28307
88955
73077
38001
11380
12874
56705
66121
89193
30897
95426
66413
20418
17111
81576
52804
34777
81121
15238
13599
35774
74181
86712
17082
83412
49608
76683
66017
19641
98785
52495
93084
68911
45029
97651
1859
18966
66791
23473
48680
62870
38954
76779
29587
62307
26361
75525
83497
74272
37288
75539
47865
68555
46204
95778
6328
51801
24958
7021
49141
5417
79451
19414
26714
39227
74862
88049
14160
60558
46684
92506
20448
59265
37099
36278
69663
13278
66620
55036
53786
26303
49494
18904
6547
19634
87980
63211
76117
13375
35436
84638
80736
48870
1044
95246
15864
23792
80034
35568
44046
34081
32427
9731
39373
42795
628
20576
77305
24966
51564
50739
57572
69641
52647
56919
22979
55591
42452
18806
90146
55505
36843
11643
39594
65027
19131
51927
22012
97589
98920
99449
25200
33777
88456
85711
11841
64828
37557
78667
82152
23861
88638
86832
37413
55584
61859
51971
20471
35464
57099
78914
87552
12723
64240
3473
22049
18040
6145
5001
35421
46456
99764
28846
12969
98741
9966
95738
52928
40347
87942
40111
16202
16095
31495
37423
51028
40863
78017
51724
81942
71787
42628
59045
55666
55879
43756
79613
17855
38468
16322
82475
54143
12497
98739
9800
66500
86454
94097
4934
71657
49610
48190
18251
2187
17230
57443
7879
62802
45558
18349
48589
44547
16623
56662
11458
27766
6302
29408
79322
11068
65568
75649
18666
88021
64492
3015
37212
55863
71320
36129
18348
81251
64810
20380
38441
66953
7037
69880
41175
60289
36000
71986
64201
19307
72600
12436
87763
5832
74964
64915
2355
5919
14575
96798
73045
87697
93306
78827
11816
94184
68199
50672
56051
34386
1733
86580
91267
79839
9287
25740
49241
95717
32691
80532
58884
35735
28947
12482
26521
8299
26633
70519
74683
77700
68991
19073
74086
98611
32301
44541
62148
94773
80947
17858
53239
83445
96422
8158
10768
16057
96534
87931
69310
52490
43207
43632
66132
11467
22526
7328
65834
42813
69040
54798
39220
48637
97867
73349
88116
40007
2745
88719
91525
53252
75944
54532
85324
65773
6833
50104
77661
45070
19897
2781
45263
36694
20110
49532
52077
46894
23871
79185
80952
3981
67033
51481
71541
88773
98089
72015
13160
8938
84222
13187
50013
54684
80635
10442
18039
13929
39500
30343
47562
43968
63850
2474
33981
93599
43858
30653
99962
44783
48223
50638
46862
96129
81742
81268
20610
41843
61665
23912
97791
9269
10044
1102
31401
5701
7063
89433
82529
90943
1189
94053
4210
35853
26006
32494
36691
49166
30718
44153
19614
54916
91561
18339
25892
81052
34739
38645
74496
76158
68007
74277
84975
5679
87658
10013
95172
91637
405
95638
75453
50566
75565
12981
37689
53213
21900
4069
55310
76545
65672
77494
81919
43709
91641
11698
80305
50773
97193
3699
51102
60480
1220
69687
80920
2669
44058
89936
13480
58652
12506
4668
84078
22529
24844
9759
47650
26302
14776
71606
73798
87586
60329
79009
78289
88847
14031
76575
9900
25291
4038
78937
13884
64900
92384
47993
48924
48563
96197
26413
43119
20862
413
59803
36381
22790
16464
7222
71535
96521
70371
35138
64503
49339
35835
13467
5141
98913
63144
83970
14605
75340
93124
51099
12576
86721
86840
53270
28222
64511
46393
8584
22494
92472
49914
93186
76144
88794
74733
2722
37799
54794
36703
67765
19510
25557
30785
42642
73367
58013
18275
63715
82080
70139
69387
77978
48908
1335
36476
75751
77834
98497
2743
22247
93600
44899
24070
72012
63051
39725
57500
67446
44131
4949
48850
68092
6987
43203
34130
30879
42804
95408
94634
63166
308
50148
94001
236
67336
38100
17012
16773
45413
4339
24529
67933
48989
88904
36751
69721
97788
61759
57806
70732
60680
52096
58744
37672
52533
83951
43088
75655
81712
80143
29385
30895
95201
24823
98543
78215
70758
81222
70282
78718
61092
45692
92635
3963
3744
81722
51172
62187
72139
18317
30552
29385
58276
16005
89947
83450
45526
692
46057
63155
51242
40673
92678
25378
93191
95366
24150
53763
61239
95631
71526
79953
56332
25059
4948
14521
92452
59189
3426
48914
44083
85323
44154
81995
61651
69488
17442
45200
70471
59037
30519
48831
14912
9497
23684
48691
8828
2484
85682
37040
5735
77863
21668
94770
7770
37786
96776
2720
91180
92869
51022
99221
37894
11453
57205
88251
27665
1773
72419
47970
63349
3820
15959
62968
73076
92779
91633
5197
57385
99138
60880
18343
26816
31936
64605
18332
6064
51072
86255
8664
64440
72189
46418
23440
69238
3393
20135
53259
48526
6888
72054
79521
92960
50606
11767
41258
22401
64988
81844
85242
92444
48300
4528
4917
18383
70232
29492
56611
49745
7970
44757
52518
37169
11562
35557
69102
95269
36090
1870
76858
80014
97037
74300
92770
67276
2188
151
80358
40336
88515
6768
73844
68504
45706
87611
82775
86400
39371
98026
41328
64062
56392
92306
2574
91698
82518
81403
42133
89726
88007
41496
27938
94702
40980
57669
33232
64785
90097
44050
18460
94588
58310
42016
84381
28573
67611
61478
3510
14607
71097
96730
69899
44831
3113
17982
68317
89726
70833
12472
53040
43036
1378
24913
43752
60181
27410
26020
91458
90841
41103
20040
40858
77589
71509
87395
17289
16767
43539
46999
96117
55250
58150
14243
70374
27280
92775
25334
18492
19290
58659
96375
88109
87405
67459
86501
54238
42282
53335
38341
80479
59011
68720
76245
10513
65977
22061
52949
43751
15909
54044
48727
3804
44800
55148
43601
91376
79900
11888
2791
24169
66743
31651
38344
5591
46920
36786
35777
31330
33297
37454
63535
38248
97421
89708
15251
23622
5060
20360
69987
14384
10124
53455
94057
45812
44676
4466
49520
17047
23290
17840
19070
26809
13721
11097
4776
56895
12645
54424
9055
63279
5202
58539
60207
55081
80106
65580
2010
90180
18297
37869
27123
92937
72440
17639
97388
4231
6970
87117
60689
6986
74008
92895
43588
31335
59119
11046
71760
32781
42719
20226
46109
53968
87884
18811
81447
26095
83355
69104
96756
39550
41763
76756
31308
14978
77381
16747
49283
35814
65165
98625
87047
61192
13413
23199
91871
24192
66062
20438
98617
34550
87454
74083
91829
47226
72357
32318
4616
28657
67062
75806
12910
51027
83625
64516
93868
71588
38569
12973
30626
8796
49862
49909
62074
10005
81519
2786
95964
16418
33879
10232
26437
70233
39432
6180
22885
76147
38988
38319
86133
24815
81072
80477
99993
9408
8618
73605
41535
18050
71322
83307
51786
64711
29503
93161
10071
29046
95838
62578
99844
11707
95076
65537
1607
75789
8603
92248
99384
37406
10720
39659
41256
88749
96528
38673
51539
85554
47511
66064
52490
7543
80247
67286
16775
5203
76087
72723
38450
79163
95231
24393
79825
99480
37305
42737
24352
61290
22381
53822
41533
90576
31296
66148
48870
59208
62219
33222
37997
41959
31584
63153
17387
49831
71841
39753
12409
3850
55903
968
55017
71366
8754
79944
89973
72948
50343
51623
22271
82115
50746
43488
31297
82441
68476
62941
81272
16951
85927
65727
64650
63317
52100
39978
25398
94957
92088
8605
22467
42976
45243
59178
10256
56772
49503
94849
32513
72176
98058
62521
48867
35142
56337
55145
39061
96317
42266
3916
58956
87189
40779
73069
54519
12085
44779
45117
75244
41930
89058
37552
66854
75466
71130
23423
64617
41549
33468
37630
53240
52156
15385
38422
7085
79937
69552
59252
75287
26366
78139
30054
30398
67027
96588
68912
56276
9053
99265
45254
11228
72422
503
93869
65757
11588
77040
15439
80798
26849
23375
33718
61931
75870
30300
92108
97848
84949
88647
63086
67179
76913
85254
12817
76840
77906
76205
10207
77155
38910
93606
94804
84276
9455
66454
21148
28809
30802
13624
78509
41032
73760
97536
44459
77753
32353
10789
68284
93591
98697
4828
95996
60338
86760
59682
42529
42078
43043
36865
88693
40858
80808
53722
30543
37967
1096
66820
37054
69246
18584
54429
78340
89372
93240
43697
71114
99673
79766
36825
50705
36797
45967
52356
19652
45426
78508
12630
41750
87244
89872
76535
47407
70471
63931
37879
91238
19570
29145
83986
56081
43070
28236
36625
28943
98977
61060
77884
83868
1870
13456
97337
94307
63529
48997
83640
63305
9825
32867
23659
3660
70593
77488
65265
22182
96368
48059
46162
62274
16080
42828
90410
37300
13208
67707
26723
43512
64395
57748
88253
75830
54144
59030
12182
82333
51972
73674
69336
84039
14295
87977
18913
55436
52287
49085
1527
8153
89126
29137
54948
45286
15250
17489
61220
57119
38669
11406
11301
10300
18849
33525
3934
42038
67325
90412
79123
8464
95960
721
23443
52024
94638
63722
74333
46631
24184
9400
93572
51262
17433
69839
76376
52783
91631
38279
11812
7033
88712
37022
12725
93503
76524
98254
88885
83462
63687
72918
45796
83946
3516
21892
53405
60767
88355
11047
43890
62552
64615
27153
65774
64760
30998
55137
42822
27781
17604
8853
60450
16379
81997
87336
29871
59136
99849
36375
60731
36012
72352
31317
6686
69723
20388
61162
35204
62375
86309
86276
12798
62639
18178
62491
89976
70713
68463
72864
16373
88432
99414
85053
15859
91
50751
57042
3850
25910
91785
46847
34620
24535
49707
42898
25098
33560
78580
20916
13458
27797
9381
50426
75743
43846
519
19424
41839
66504
90311
19284
23296
97649
38210
33607
89827
31452
29929
4559
8728
41115
13107
8096
92065
41825
24810
55541
80131
32177
69890
53146
26524
32089
10136
93523
40105
29019
28117
23273
82190
16338
36775
29656
13514
57740
16073
15815
34802
39850
71367
88852
67252
81497
24694
67946
74793
52624
69799
30776
38649
18376
44446
55637
56589
64658
99476
83923
54176
80272
73067
23106
63371
67745
10754
33801
45077
30033
7060
96246
6485
33530
82950
31244
91568
79136
54809
58568
3596
22627
95308
11857
52254
73169
34237
93159
4770
64526
98307
42622
60388
37372
42873
19181
60583
93085
85716
36669
93632
79505
13230
76423
51434
47349
92769
2235
48949
72325
91388
36422
22174
72485
70869
16822
79261
62908
1655
43664
91215
80575
14195
42578
73533
81109
85224
15391
28237
56051
38613
23906
86903
44416
25687
53520
19659
15529
38281
33318
52512
81452
99321
47191
65984
56809
70330
56563
31668
21413
13022
69469
80194
56805
43027
33024
83988
21686
17784
96700
81300
3174
7790
92416
64157
30930
10608
4048
2218
69413
80468
53796
76947
9875
62743
15731
56090
68176
42260
77892
47129
57102
37133
13455
30204
42588
95672
88784
85933
12087
82978
31587
1643
80326
75893
5934
60678
32751
20285
92553
93818
60217
43000
52596
99233
69802
52313
61005
18008
66128
5362
31607
85928
85121
68783
20253
69060
27922
49640
84594
30579
86464
27772
99488
69388
74224
77782
75589
17242
75747
29157
5300
80410
6781
76394
65087
64366
33172
17504
36030
25553
31182
68880
65558
52950
84469
77311
82438
93998
3684
25744
94412
4386
23512
8466
43235
19259
78933
33441
65468
14588
87582
94842
8973
51786
68332
47173
84900
76078
7531
3885
92818
69692
43830
78013
42713
44655
80130
80127
11721
96769
46883
89758
15741
32291
34849
20472
46502
21924
87372
5886
23187
32889
92342
44178
34356
39182
42228
52026
735
12563
36913
95409
72311
52384
88544
84323
84227
21051
50203
41254
35138
13738
30917
79078
18938
5924
78393
53101
36241
90347
7817
84075
35456
36229
30169
84254
85035
77868
86718
56972
58189
67197
27717
81694
19331
5435
82778
41145
37506
2663
58025
94859
16242
984
60823
54383
21538
36836
96745
69352
10125
11135
5404
90823
8643
82072
1882
38450
71081
94752
68692
61515
46562
14262
99588
50312
22517
34338
30977
23996
69273
92511
9309
93788
1297
34391
33535
76293
87566
34722
80564
10692
88993
883
68635
15707
74344
55735
38614
7463
67746
20974
36439
87807
10681
99666
61295
4074
79265
87128
3574
75991
83637
23080
34264
83103
90468
34755
23134
7031
51853
10637
56947
26845
94287
87527
879
72976
19946
29862
96437
55353
99154
29506
17398
94807
87713
56671
11609
3311
85673
48227
41001
78245
65155
28291
94729
98618
34008
17873
91104
37085
69354
5226
2810
30573
50495
16684
36877
84466
44196
48898
75989
20571
46991
97746
40911
17444
68981
46611
65183
33166
51481
57288
82686
45288
46906
40478
16301
90429
53459
69645
21587
36863
89465
41944
83264
77467
12594
83007
84249
87505
37767
38556
67107
51995
84196
95120
85982
30773
86781
24616
3432
95871
40010
53049
21064
45476
3547
12355
45465
71458
87833
46171
81635
33357
55338
5277
14995
70726
18486
86530
89992
67826
88821
40296
18454
69969
33656
95679
54025
39137
26201
30334
50408
28039
33109
42175
80574
46398
69389
63995
31718
90978
64810
98851
6463
11803
28199
43967
54643
90947
66448
14013
31990
17478
13582
70795
32147
52335
51891
15692
66621
90328
61932
3657
73684
42947
21089
93109
21667
85286
81459
54797
34705
33157
96928
24478
9706
42338
36660
99234
12181
50906
17565
45294
35514
17731
11896
6418
83389
45466
37754
76251
88271
14747
20089
25439
10228
97820
17672
54920
69810
64430
47565
80461
56341
40586
2773
40336
18671
31665
51043
57999
89294
75349
23178
84632
14726
46994
47801
92695
65092
307
66114
90862
74151
89563
65027
83222
17287
86116
99926
1148
69489
71583
39366
94962
97947
62820
53173
84305
34590
99710
82688
31104
42759
5769
77320
17061
39186
13719
55093
78789
57514
33407
46552
78046
42865
27872
11155
61956
48260
54813
73210
98654
63211
25372
10435
57521
42372
29909
42385
39947
17876
81282
8277
56539
72820
30200
94161
89731
25351
14311
67891
76971
22881
12951
7052
98937
74197
92863
59753
59724
53582
46693
61116
1465
95511
45712
39330
4578
61127
50936
84291
86616
98376
52734
19145
27660
36571
37993
10449
18259
53084
16044
76205
47092
25018
69802
2692
19878
31871
36969
60791
28464
6601
67628
20407
69625
41955
49211
97654
46764
46510
37550
33589
74544
10626
83624
95599
46418
86333
99611
12949
18077
7155
64966
6500
6058
73981
33530
49335
18
11296
66035
99742
39691
54457
78864
80962
13041
63143
69583
43128
90876
68739
52502
31979
24949
54101
13375
6234
1573
33034
71405
90887
60779
43745
18808
27266
62298
95680
93452
82321
3915
12329
28477
9402
75220
93960
14305
10715
60331
83714
3059
37651
86845
58077
83181
79363
55124
78474
52931
32247
71925
34586
25406
13390
55468
81951
4901
79582
75242
26515
84661
40156
39126
37022
29437
6700
42890
72469
22804
5596
52669
96349
78792
90372
99714
11965
40148
30028
28541
93867
11425
16759
54531
9267
4105
31930
55104
20289
3080
32683
39787
32998
99069
73209
18809
12379
69948
54525
17283
13774
35440
4476
62638
90774
54277
25755
6608
27145
80671
13844
29945
6105
47831
39125
17931
74097
244
7761
87852
78199
53595
64526
95779
56387
21436
77398
49321
38111
11094
48530
5451
68971
57808
29105
38073
7767
35749
76641
18707
56796
57262
82451
65454
76971
47631
14255
80369
8217
61593
64363
13429
62546
90022
67355
62475
82311
90408
52883
42815
59386
63167
28959
37635
92342
87306
49054
70911
18161
23603
2321
28218
92657
91209
80452
87654
9458
24469
16928
13015
41271
20745
64883
4454
59129
97177
78273
98025
35403
84551
87758
54836
64588
99831
17456
82992
42235
55413
71656
91037
26843
82799
31599
80348
72160
71115
41605
45699
58027
46817
31110
68190
66781
49892
14579
52793
49180
94018
34802
83938
98925
33386
66743
46921
8065
97279
78887
90312
6942
94983
56952
85135
1766
38275
30857
70279
10556
76429
10014
60408
63856
89631
24268
32588
80529
40617
88255
905
50871
41562
55452
34558
59399
53427
4874
74194
57888
98395
8153
53745
55578
32523
57624
40530
27948
95353
97124
65135
58046
25986
86320
24361
15096
11011
46691
5494
43932
8674
82710
98196
85815
75793
45287
31536
76238
9210
6195
97968
68604
1913
42004
3523
13962
5482
83943
14042
86474
85155
76143
50961
81908
51537
98893
27001
32125
53867
55799
2016
72428
23777
94173
82361
70573
65570
26493
83304
76368
99337
47448
23338
78986
76579
95864
21681
65490
4535
93710
25828
58506
35009
5433
4693
73628
96287
22
Time spent: 62
Itarations done: 17116593