42781
37015
77815
97304
93036
70004
59213
79869
44455
35123
97899
97488
39191
69316
94341
45383
15905
86033
70708
78373
12340
89057
45540
90826
54379
94287
1076
4627
4485
82083
139
36253
42487
63039
86150
13376
29916
3420
4643
63846
65437
23027
17524
5472
73402
47848
42407
23718
80127
72634
38461
36240
23255
64408
77533
8132
8369
16921
84710
99829
74032
48196
5990
776
51506
18546
62445
26322
8630
34863
79991
32729
48686
98430
41828
35726
94555
48187
96628
1773
26059
49090
69721
17996
54116
76123
66795
36668
9167
48499
30067
33241
93324
75714
5391
13057
95783
87397
5436
51230
99246
32254
8854
52619
11481
47913
18277
74356
40593
23107
11000
62131
95183
96407
55373
13198
31304
61544
33223
94060
86963
78423
4020
8811
41883
21021
70041
35341
15366
28628
53452
20897
68269
65267
76014
55969
6517
33644
40014
25988
92991
34578
45066
74064
62268
10659
39615
94785
98387
63714
98191
19023
79673
89703
35964
42801
16637
31778
20594
99425
9029
12483
18108
73430
26393
69482
14261
7314
72777
85669
85792
57607
30756
74176
56986
15513
92502
51521
66151
19178
76373
8040
83857
49587
96321
63740
70250
20133
98425
79827
32230
41131
3906
81452
42996
64838
1258
35549
16203
93986
11419
19194
84924
67412
9435
8492
21600
20051
23620
15804
49382
51377
48969
3956
37483
26319
5416
10112
43633
75742
43502
19111
65217
59782
50115
36304
87375
6636
35198
23349
71087
41840
86648
76866
7216
78658
65117
49543
73496
48864
73031
35995
70600
15059
72830
71579
80755
20544
48330
21362
87711
917
42
68573
20480
2669
40390
47123
34865
28437
8002
1150
26612
55978
51598
96065
77917
58506
43439
50181
75075
87720
69951
3785
99176
67672
12814
93371
84091
87569
77679
52777
56364
74655
49644
20078
20164
74528
54708
89343
27137
65552
84663
9773
75749
86468
99211
1186
17653
61873
53584
24507
9621
68940
12527
18608
38750
541
2237
90798
65967
44905
20700
27180
78202
20002
73831
71313
13206
72010
29921
4784
22601
71589
88133
51746
68554
19069
38116
20924
7373
275
47294
93274
99362
18375
49970
61179
98430
63956
28126
25992
17226
75491
67633
64709
33997
85406
45560
83702
5894
43157
54381
87686
80105
56049
97077
5468
48987
90955
93506
30558
78286
35678
22866
54305
48542
27374
89683
92023
88975
17277
41475
28411
50398
55915
85094
37607
59134
51063
45721
65318
17442
71871
87571
95744
67620
46923
68629
64371
16729
31434
33019
19240
26809
99345
54159
77899
11483
49761
29387
75013
43990
4027
92494
46497
74015
9637
54463
50004
71044
60265
4643
78789
60549
87389
4736
86145
95934
78291
86142
1074
13992
27675
17615
82277
54503
35682
44600
27240
85653
23804
14253
25908
66118
51993
90869
24337
91929
85213
35252
42705
21653
75745
68600
74207
46968
98754
66506
76600
77342
2920
31946
56547
37345
15426
77458
38415
33016
71088
6182
3809
29735
19190
19032
85883
98232
98321
91010
3327
27626
59515
53493
22972
74817
61029
91310
47047
18075
54290
13530
31384
9340
29862
85098
54273
74523
94739
12792
72128
94023
7801
63475
17797
6687
8996
55178
20067
19622
39614
2312
48824
73546
65958
15113
19312
8768
86781
50442
21066
432
26071
86104
72365
83314
87047
44139
39403
66247
70695
19821
902
44173
42747
82626
83509
51816
66665
2985
41079
67192
7034
24400
1815
65395
47716
44313
61258
43553
62149
89121
56220
86355
19399
68799
15044
18231
8887
74846
42922
93040
19122
41587
67517
5021
11387
25361
39779
65838
87972
68708
57560
81648
66392
7390
55571
81465
35953
46946
84160
93475
91117
82429
81572
39478
7271
60089
29588
19335
48870
82987
70803
87040
77320
43850
57337
77979
56563
27995
95377
32950
38006
66699
47713
78689
43251
37142
57311
66949
53039
98899
58967
44537
53850
28910
53205
25324
89855
66984
26867
61830
17160
12075
18174
68822
59786
15967
40592
34251
22349
5429
99423
63890
23132
26530
57832
45203
73025
45510
34858
83255
40774
59468
47009
56880
13042
67077
37127
66867
78962
24652
69487
99581
43192
66120
8472
9212
98932
96770
39661
29777
72897
80159
36793
64010
87974
25125
25842
60452
76069
45599
48303
82328
13613
9742
79791
92228
45264
16909
17184
25102
7518
41055
7824
98798
63270
57386
57607
16100
10809
25447
21365
45173
36283
36278
48531
26339
37381
43890
29833
42267
57787
92020
66665
5962
36887
15975
63766
66326
97310
46362
27972
4607
64037
66574
41064
96731
33168
79142
63118
46262
85834
17416
14244
50675
73356
98478
77261
49647
83400
50838
61595
18240
33720
66139
69549
10118
30026
17972
10133
26384
67547
62869
12743
84114
52095
88638
3235
85361
65722
3419
18341
42173
4506
65211
50845
96077
71589
36059
37593
81519
17251
7722
25150
21913
79652
86337
73805
14238
94782
42462
89612
53518
12262
29844
6319
72073
74801
51354
74241
20090
93434
3759
51560
93825
78134
64354
35009
25676
63920
91927
11536
86412
6301
2161
60294
13973
6700
43260
85192
75567
68449
41483
12234
90188
77010
8189
43000
87218
44269
136
15899
53435
56065
2974
90173
25541
14556
64238
34155
18209
72605
36603
68909
38728
16032
4770
91125
28439
61418
60073
75039
88464
2090
55753
32126
92647
52959
22793
89474
64135
16093
51333
32974
93717
13233
45897
49849
7795
8864
44007
96563
51799
78064
47223
12748
40879
57016
51289
99584
43855
50890
77717
81898
8718
63758
3058
77293
8372
58240
54040
2729
83829
48818
86858
59214
88753
82015
97139
48693
94024
59126
13429
93662
93894
12727
11544
49720
66353
56889
49713
23985
79484
92832
65158
38211
2872
66716
91622
4410
78516
44297
54311
12962
29285
88413
73819
68387
34546
99538
63838
46400
82450
7107
38782
87315
16208
79884
56947
85528
27777
57321
12417
82554
16497
90685
54645
21967
22528
22663
58493
78599
65342
27228
89489
31487
66042
77745
9144
10309
8983
10583
43416
8418
2892
3996
93727
22101
34664
97533
4442
45327
69991
35993
13291
21964
44163
33717
1964
33365
3675
19955
32919
78218
4666
44140
5461
83651
47755
91047
89213
71891
30515
80178
96334
95108
28581
1123
35193
42605
74334
67224
47670
19131
88107
53563
69864
90865
31043
22116
71688
96470
90995
26830
24725
24647
83301
34492
19625
66737
46762
93398
4486
63162
41861
31198
43842
75906
12984
65687
4248
35698
59380
67911
56911
32222
70580
25645
50432
38428
21182
17093
47435
85876
87189
19627
37696
37074
41496
46443
37390
32879
9651
25190
59131
28313
18689
6963
90739
68481
51612
21473
51987
97827
27999
74797
8081
40562
67273
19778
6194
37872
55297
15975
67118
78366
27285
36010
7953
12274
379
68201
93684
96972
37824
11602
15656
81727
3313
58832
73119
2893
68840
14580
90402
27296
72360
3183
36743
51205
82521
77399
28372
35003
16972
52307
83204
29571
77960
53192
67332
29402
14395
84372
19454
69578
93068
97073
64534
69019
63383
58806
31131
10760
29726
4142
68269
41556
3546
77315
17107
67704
93202
60819
30346
21751
3846
20943
47964
75632
61854
91157
31764
79774
48753
57305
33174
14843
28119
4776
18833
53063
75577
37124
6733
39409
76822
78048
72019
19483
41499
24231
66034
60519
91801
25189
54783
34698
23808
28153
23728
59856
6886
40883
14656
21651
81862
33439
57344
33399
42226
21088
33846
25037
34291
44856
66440
91045
91993
93669
51625
68672
29958
92609
72042
62436
54475
15481
5760
78623
16185
66712
18138
84383
20574
17561
65263
60028
32776
74653
59999
70282
61722
5065
51722
40452
85333
41507
49085
86906
83236
43576
71475
17713
76401
96618
49306
88966
34122
88452
5900
75029
97936
16002
44403
86839
89345
38825
32074
51416
13633
14615
21208
47836
45586
22912
71087
80189
84611
7612
38568
56423
96493
46267
86252
33483
16988
84758
16669
83766
78446
59625
78495
35682
34842
67110
6554
42002
2859
27968
51189
33630
7098
40124
24584
23628
16013
7459
41684
36532
81826
82334
61612
51384
52466
61886
41814
63431
6499
33718
1636
89038
73024
75255
54641
61146
37699
72922
9696
88458
3318
42167
59695
80569
68805
97464
73782
73354
13979
42632
83992
24206
29164
26058
10518
85089
8439
32950
1075
2856
33279
67212
69388
40950
9371
9305
5361
64316
83505
23228
95261
80263
59789
25705
34049
82008
54795
23749
34004
98751
79806
72924
33861
16413
14988
7997
90915
96514
45089
50067
94879
87201
59180
99838
76777
90038
78009
85419
98737
18955
61659
44808
1266
63604
67515
88197
53453
48378
73961
3267
98506
60509
58730
37870
12139
5863
22527
18782
94519
39472
78305
42660
97881
9333
84496
5916
51338
46620
86531
23891
82040
33231
45145
26543
47563
78455
72236
7809
88236
40553
65490
48835
80101
36178
31469
31521
19298
90811
13569
8062
96881
96767
96006
94693
29429
61830
37913
13344
95286
51207
2669
13643
88854
48248
86726
69503
46093
85245
19500
59479
13232
24635
1299
8142
27660
3079
69785
86911
55070
86095
37153
47102
80147
19362
19952
85388
79437
4264
91443
22438
14525
69909
22358
9194
71212
61584
40139
62047
36144
16508
28987
68146
46158
51741
13482
95095
67618
46216
17055
85536
63070
59167
63257
16382
80808
90533
92566
54953
59270
55491
371
49786
72649
14850
62807
52632
56719
75824
6280
79924
44599
53554
93816
86967
10995
62782
46749
46172
70479
91184
93833
91822
425
91130
41495
18193
62456
15033
88748
95301
77619
10929
68194
97092
69945
89574
80559
20592
30683
72097
4401
11365
71195
28119
4870
542
26363
18258
35868
1766
42317
62081
28422
12601
32405
62774
84803
14233
13535
33250
52691
65775
41380
84850
36560
45023
47402
59459
14565
96220
43244
8613
68297
7188
98774
49032
108
53136
18905
53034
8106
12533
41284
64414
12433
81583
52054
65608
78136
88210
70098
60369
59698
33869
81535
77661
214
72062
15709
47123
54243
66155
41503
44192
67501
55886
28538
53873
38882
1904
61661
56130
10670
70740
19109
93017
81359
68824
24814
37901
12152
33433
63560
50529
2998
40951
4029
68191
46938
98348
9263
52838
32549
42494
26652
86806
53473
83736
40303
85632
1253
95108
37451
75505
63150
66614
87605
64953
20137
15207
58155
25709
41910
65414
93451
85987
5565
92986
65651
30975
22488
54530
65169
99939
44043
9770
36100
67108
30794
79886
77751
94373
12308
75346
27252
47841
34958
69686
10173
77429
93715
91907
96209
68920
70559
59466
25170
91277
56930
76259
74909
78539
20544
75611
27249
5231
87952
96921
50603
36975
53353
46461
58689
63889
91478
7772
23576
53330
47772
35143
18306
90703
2618
84870
39390
12278
58029
13297
12741
72367
75000
98097
17915
28689
97643
19799
75041
74404
36243
74265
26396
93033
45542
73653
10294
63364
26851
33316
68850
95461
2976
35174
53089
35999
63518
4278
89033
41429
54723
34611
46564
80823
92875
52593
9257
96789
13125
12349
77808
22441
26681
75471
52317
25201
48449
39826
29378
24037
74491
46912
18796
5798
34101
15316
31710
48412
14794
19031
17014
43949
60207
53706
Time spent: 14
Itarations done: 819191