8041
92321
66320
12858
36425
52129
54884
70617
93703
26896
77606
28417
87345
12855
47681
85201
53417
22966
53953
57322
91651
9771
68792
44181
25656
3867
23289
78202
90607
57199
69701
24118
55494
32733
7460
59075
19985
87719
83511
34677
86922
56384
90340
94859
682
49741
75788
99333
58896
55134
47586
81382
50436
36202
2527
50889
46107
5148
35271
38746
70160
63500
85028
67173
10503
85001
59685
21964
83411
44831
36435
97332
54578
83064
75556
81750
32495
27046
99705
54088
92436
87376
84960
63341
59746
85185
81778
72359
79650
64629
34188
56268
27474
93830
93706
59638
67937
59913
30838
32941
55112
19399
31517
88516
75652
73854
28381
38951
77072
2547
57566
6736
90133
98802
50496
22981
49820
24788
67154
65179
42894
20687
52407
19209
61702
78504
50162
89163
23697
18205
41516
20102
24015
84464
82489
43448
24517
15959
4577
2487
46855
26001
7035
66345
29397
73206
13688
94785
28258
93987
89016
73307
91242
14844
8364
98309
10128
61741
55360
55400
61533
36283
75952
514
79503
34022
52964
23051
64002
38838
77664
43078
18642
39238
85560
70444
28270
77289
92480
32722
32463
59013
13978
60979
24468
26244
76198
7650
6855
14258
29550
59167
64858
96950
57896
97494
76362
51876
35437
59353
63466
61184
21056
39673
4765
1261
95631
86676
69743
63882
41644
40034
7085
94703
36415
70621
17279
31121
80379
90685
66499
70869
10023
16600
53568
5121
51488
82901
24715
5482
55287
25906
41854
62893
15185
77989
49296
38343
15031
39464
51069
169
66160
24015
6460
90840
94966
5759
74880
87273
15334
31279
92879
93081
73865
98324
45856
28555
87143
44417
4971
64792
99787
33187
35774
82035
79631
74044
49224
19125
32089
61671
58085
20910
59597
75805
22052
83510
14033
38929
13543
43539
90077
89736
12708
56693
85714
93603
45027
63568
12426
77831
7760
46109
72099
49016
92554
36831
30252
22693
658
54715
5935
71257
64521
6663
67486
75167
34895
11444
70293
44585
66173
74263
97842
63843
34286
64395
70507
99509
51319
25763
67932
4329
98879
80929
70287
43962
88315
72622
61311
71161
70013
23783
51757
72941
56324
87005
75706
20277
93033
97366
84197
57013
12871
38777
10705
74900
31190
83362
11242
35073
98715
65751
88166
12773
9231
9791
91314
61754
71034
33844
52607
17582
90201
22658
51048
84861
80968
68760
23857
82507
13962
54341
36472
53238
36508
65864
99220
78756
50965
7855
71724
80455
16762
9871
27420
26991
49766
1127
60051
14693
28614
60998
1603
34529
81823
40432
86866
90234
21778
89213
43644
86213
12073
17127
9631
60938
3283
63237
77041
1845
48818
46816
44327
41096
17387
25915
10654
98062
51425
95102
83277
4058
81943
12626
80555
17554
99364
59049
4086
14017
97235
94343
22250
13516
51092
98514
54471
91348
68294
52009
70556
2220
46307
36470
22740
36881
6711
13850
9373
21597
30079
72471
28684
65519
2970
12282
18639
58721
2379
78410
94652
24566
85306
42038
90722
34090
21521
70681
81582
97176
6103
26167
13515
55590
15033
77915
99727
16303
21869
21541
42507
80029
76471
48422
28882
39549
57765
20503
9085
45141
51686
66466
7836
60296
72748
30319
37343
59946
43079
71535
77845
55510
66306
37044
66656
66351
85332
99729
89878
95615
92824
85472
2288
9893
71158
91421
10404
66831
74586
31785
41299
82509
30561
34316
85485
81343
29433
50565
46016
25219
92145
36065
47942
75729
54092
2791
62339
3629
79964
45561
77363
22999
29184
96472
5134
94119
24451
67066
47706
8666
36948
96553
57998
43635
90925
36309
22279
46222
7662
65735
59640
90950
54200
52689
80857
32414
35816
42851
74168
62305
72809
86730
88686
67720
32021
90436
67521
79308
41360
6929
42173
92391
1687
68135
37334
41984
24537
95135
50987
13487
66477
13588
68491
74873
1266
44596
41378
23258
69562
37429
11628
49059
72554
59824
90441
34287
30681
64044
6868
18022
11530
2408
26124
81782
42028
74734
29
30208
59186
51930
52715
68395
20985
34910
23597
6202
94348
76103
86604
51972
60713
11968
39707
93401
31387
29297
12063
1617
44607
15490
67410
36071
24187
23571
91815
72467
15650
16402
41497
23682
79881
41365
92164
74561
16670
26733
75124
5411
10876
83994
7449
36202
42512
46622
23528
83706
78687
75068
93583
87190
70151
10202
71084
24795
8077
63006
45442
12335
57754
87009
88977
49041
75044
91754
77884
50622
28708
20558
35747
89026
97149
33871
95144
40435
81633
10724
97978
28249
79716
5115
58381
36213
92396
71561
93401
58347
96408
4668
86147
46947
99128
21220
83661
17712
7700
50141
47527
71895
86286
85582
69033
99404
45770
1503
32740
33910
8745
22263
62338
41243
19311
93076
10944
35779
21963
96632
64330
35985
16791
17726
10018
89948
9214
66467
87824
24451
11670
32405
78099
97036
21919
56913
2822
59521
98093
79173
11617
73527
74080
32354
99907
53872
10573
40846
59614
54026
56838
96876
94172
49351
6183
75413
39100
18473
64175
79919
16950
70876
12760
98358
21218
19706
45765
88799
67600
52757
71662
7023
72981
11760
27997
34715
22637
50325
28563
66173
64345
4298
69180
63882
24446
74760
50826
98870
75389
93560
39959
50455
96863
14008
74956
51835
63364
45224
44941
32851
59883
27682
12655
29407
74373
29564
26551
132
40759
28834
68989
15258
9458
34306
17142
60086
3760
90481
51192
25995
79846
5561
30370
45641
45858
39798
71612
65800
11136
92232
7840
41259
30594
27839
73320
76231
81172
94288
62059
35939
57410
87706
31897
351
1392
40287
81688
34491
88696
19028
11919
5295
76394
44547
90128
83698
81825
61668
81642
32440
1503
19351
73448
95021
98441
46531
14422
69310
83098
42582
18665
70488
88266
36361
30368
62351
91462
6164
28404
63395
69683
94439
56757
14725
80924
95725
2942
30474
54381
44046
10713
38263
37060
76848
5658
57165
88299
6604
32682
53706
35714
88310
52907
62621
6169
31366
24204
58399
23606
67707
94321
16109
21885
54565
68508
5545
55299
59845
74571
21423
1998
50896
37435
64194
46282
83287
92591
50966
94585
65235
13218
54084
26934
55459
99284
36142
10754
37470
78621
74480
7147
1695
99727
45683
81068
58355
53968
71160
86360
98608
50896
8569
34135
19260
84554
10678
68776
27197
70908
63178
69639
43715
6987
56055
68524
36050
821
39293
23082
13639
47942
63020
14542
40070
84986
4626
44491
28140
33866
40972
89926
5081
60980
32488
38360
57788
15142
47771
65537
93727
75129
72248
37103
82237
33228
12522
12609
73045
64639
29222
5266
24091
84284
5481
4136
9104
72352
85630
96775
16917
57807
99227
39799
99102
85139
19272
12487
70276
53787
90242
54200
16311
11946
1544
30300
19676
6900
75036
93172
68263
42516
81460
5098
74334
71257
99963
67919
93556
52788
87294
60787
638
44217
28862
21771
47694
48007
2506
21697
4199
32788
97667
69297
53324
59546
97575
55611
98378
91125
50132
92561
15282
36457
24391
25684
72195
82645
73796
4276
25831
97779
4844
73518
95492
45276
80352
12624
10472
36603
70241
80675
24249
63343
99533
47506
89741
91919
33214
80858
93947
74631
80687
32994
57359
29260
98726
20067
13863
66110
21144
15744
144
96152
45856
86964
189
36868
65559
84136
10059
43394
36967
60732
10866
31745
45329
37910
63804
28181
35922
48677
70024
74191
52260
93061
70332
40082
41974
10860
94917
51870
65597
31765
11675
15891
70981
94000
63251
33517
76580
32085
27487
34368
40582
21937
83779
20566
79647
37247
18676
6889
40970
14902
58077
62066
24447
49227
70533
5006
97916
34871
46365
86402
47773
56436
20735
90952
59666
79262
75288
28331
29592
30251
22615
42095
64367
70247
50536
54856
42279
50167
79102
85354
69662
11943
62187
18446
87220
42340
47700
82605
51079
12737
95679
91126
37912
41272
41920
33083
875
95026
86295
57942
33703
9421
79537
83794
83961
39634
80040
73330
93313
74483
53071
63960
32556
37162
88827
8891
42283
69128
22883
84512
86206
43546
52829
46099
73477
82951
58277
68636
8817
62087
47924
92448
84797
61396
76990
4402
39330
99213
1087
24561
63236
11428
58476
35484
57687
66256
1654
86773
9414
98711
31360
30984
72728
24475
21320
98708
21750
46072
60459
386
63662
95636
80780
50355
84385
67989
83766
44638
31741
85375
25899
88169
28023
905
74773
59404
43792
91630
1292
20716
57815
14100
30540
31470
74242
95409
34224
97357
67428
10907
10890
94347
77268
56142
66702
38516
83447
55033
79123
34072
45735
58910
98657
21018
9245
81746
19642
61223
38532
85785
30113
47039
62460
78701
32881
90174
82976
8577
15217
50164
25225
46159
32921
91588
83902
25228
66044
17077
51286
71384
98192
9186
96099
87141
69042
28401
99157
76962
50645
56782
41711
89687
2029
47198
85441
27819
63792
36626
79268
23178
64617
8646
77464
6710
24992
45052
55963
6552
59970
89413
69371
92924
2391
56447
99839
51052
90766
60234
10802
3995
91891
1575
33504
26154
57272
50224
82316
85166
44550
81246
16037
25011
70413
76417
36682
56380
99792
81366
44706
51682
17728
17073
50187
51567
74832
80371
73153
77414
45105
32250
53106
9980
85691
65071
27675
38229
42181
60169
33459
4357
207
95911
28253
71103
44304
42875
33219
15678
48421
87664
45963
10983
88944
59721
81082
89260
40734
96586
53404
95917
89441
72186
30975
31989
69220
30024
49803
52562
13989
8545
405
35424
92499
19519
67414
59339
82736
41895
27822
34557
29546
23402
90863
9487
20902
40076
93116
36990
12830
49903
46090
21297
30790
90977
70397
82294
76178
16792
40504
67790
70603
31762
7198
16309
77760
88560
61013
23090
52933
35519
49241
90167
83565
57172
61563
47775
832
33854
54904
18786
61779
57382
96821
60466
24344
78947
68533
58613
63451
32654
83651
67911
5396
73578
46740
89377
89829
92678
97017
50840
3934
22650
56827
9610
71765
28518
31962
27861
23193
84710
91471
80721
11578
76395
88288
44642
96998
26999
68821
79370
62768
46129
59600
60668
86986
12532
12138
42914
47959
55242
33336
30820
2628
72742
28127
17694
40482
34757
33427
4062
81959
44180
28093
44922
59968
97695
62236
86474
95894
72809
61068
43945
57364
86284
23412
40925
64025
14389
53050
77636
89733
38906
32295
20633
94790
84490
71484
9685
10263
42792
45516
58884
87906
36620
59148
88567
23847
63483
66439
62175
61949
72016
6554
17930
83637
67059
8074
79050
94982
9583
57035
98186
28967
76181
20109
41884
91115
69523
63636
49064
90027
25928
11702
3897
10894
49149
41963
47894
9679
10471
26672
18649
28394
94412
88123
43382
57812
36581
52722
34285
2929
95654
55902
29645
38625
25001
71354
99807
78254
61096
12311
90278
16219
25690
80093
5616
47154
46591
15663
47202
8904
37953
43680
5620
44308
45138
85286
74076
27600
51476
55866
93137
55327
64694
57051
59033
58728
49286
18440
27898
54848
47781
43826
26496
16979
38639
69154
36380
11572
11414
45015
52855
18352
869
15158
32760
23153
10868
74315
35763
48857
76193
53610
32746
68811
55785
99829
1811
29263
24510
86086
57540
92563
32155
15682
62360
1293
28187
58433
50227
54976
8676
89280
52289
85645
27869
82714
51823
16311
31008
53343
11418
87242
7314
22876
9269
38972
32443
36873
93387
48094
68269
50788
12634
22129
14498
54168
11744
73162
61415
4283
83779
6420
75961
96056
58011
79616
64386
3851
63764
11616
93883
92461
51498
44884
22873
9627
71262
95148
85056
40456
5620
53873
95845
25296
29229
44370
1479
16952
20501
70755
70891
80580
82116
40468
38323
20132
36608
85713
40695
48934
50879
56891
57928
8813
9194
12035
56673
82087
98051
80203
58331
33841
88325
33948
776
68083
146
66242
39849
80681
14225
30573
41482
44454
49659
69483
48228
67328
62745
26412
64984
23164
33926
8484
97883
66699
688
43735
97601
8966
63118
55315
3729
47622
35772
57275
60417
17821
44612
61867
75132
53579
70997
76610
22174
27004
26043
60907
50495
63350
98177
6628
41419
13551
54258
4800
75982
2670
90402
61470
13945
62685
22475
29764
56910
1074
78196
32329
66511
52852
2889
58569
35320
13047
19144
34508
62886
49023
87004
79550
72237
47632
95745
84121
13211
60887
80949
64840
38143
75622
1255
79830
2711
47593
28046
15712
40175
8503
98297
90009
80753
75661
55896
47910
39557
68256
59992
70722
76289
61723
70250
54873
37801
92186
28384
64910
30682
56717
42926
11735
35163
41901
49918
58175
63938
53193
66047
7990
89904
10591
72746
91557
15357
22347
69848
21721
31839
47747
15618
56681
24620
12455
26344
73275
8712
45451
43125
23683
44330
65315
86096
21279
68907
55394
7064
77291
16
32365
20359
88886
9003
30745
38688
61459
38624
97100
65878
33144
39698
12029
1607
57942
31501
35433
94585
95377
48614
1139
40102
49204
22899
70652
55474
95466
63499
92630
82625
41048
40002
4588
60913
57924
44338
56442
85244
45360
5506
31667
14666
82660
57898
91176
24802
48357
18752
67457
3880
98306
13209
92080
76553
14728
96440
48372
2314
61025
61515
2878
36047
3068
88934
84162
57066
86657
89183
45581
70020
92976
13174
69832
56072
29129
57125
47425
6061
49228
68211
88633
98630
42984
65203
9077
95824
73406
24385
62765
16239
92956
45173
83243
11539
18376
2152
33432
15983
98446
10659
57826
60604
65997
81582
76883
43761
25823
17679
62773
28011
93470
8546
88099
89606
66408
14241
44746
81374
78700
88606
88737
82364
63062
82528
78764
98331
20067
84610
41008
46008
73248
2174
10959
1077
71007
59037
74088
14835
81463
88163
51577
7799
14773
27078
54744
29825
98940
81854
62367
35780
29787
11484
58785
63433
13489
98656
7512
15928
20961
15195
24992
45055
77398
60865
62223
3512
17383
52764
98166
84458
46252
69178
98147
94850
61755
6589
92937
15436
6588
91397
89733
84738
41977
98977
34968
6941
55257
71853
10689
24362
40270
96042
61195
13974
18400
90043
14670
64479
217
84470
85759
65490
22911
22011
19349
93616
37130
87147
63242
11593
58295
82994
37996
6069
42117
8686
5880
77267
91797
54823
27723
59446
55248
26854
36367
94941
24707
26627
48512
6551
8215
70914
82907
13112
2714
2331
52198
11336
61865
52915
48145
3333
18220
53475
45514
83721
89003
42919
8625
12802
67485
20869
96366
93029
77862
4211
26413
34830
50507
93595
77466
44804
56616
29472
79520
94455
26525
18874
66460
30782
64338
43972
42776
71462
63029
21321
46698
86777
18792
66761
75786
8074
41179
35086
77796
18250
56446
45893
99617
73593
5511
77416
30103
78326
45096
8702
68848
83231
70829
17140
2245
8021
94502
93130
70631
93426
24173
16603
65865
73453
15409
51135
7400
20886
84754
50550
6708
59789
2360
40196
44868
57643
9735
30497
56193
6715
40682
43913
31957
79361
58771
88081
32610
95165
63043
87745
24296
69195
55179
95924
36078
20107
5959
40876
67929
4436
6633
29513
66416
9128
41655
20244
24880
78226
73286
98625
58056
71588
85661
37728
47201
53603
96191
1795
51151
88123
5541
56538
31169
72140
23931
82362
42999
75241
81138
47791
8237
64449
329
89591
88949
84794
91730
63309
54414
34807
1148
73403
46909
23082
30488
65656
24693
17183
32656
66215
84606
99359
71628
81413
44181
24913
29958
30409
93736
38504
40640
68727
12555
41307
17974
74957
80152
17625
62992
15127
3502
23444
22967
69698
24211
11361
91701
6651
65779
16421
47499
10801
30447
55644
39152
34268
57522
322
46720
15915
10689
64697
63571
28639
70461
17177
68859
52532
69777
61014
85518
39214
25672
50169
47835
28078
88014
3113
34825
98684
47510
52363
60851
95234
19483
20809
53334
38813
47359
47218
88888
51026
50397
92776
3856
48657
73848
48140
42966
33178
86588
26167
60714
91182
11165
69365
44076
42253
64308
23064
82288
19308
32115
25408
69678
43103
3455
43501
90930
57392
37564
41363
4636
24130
47388
99858
10652
39148
38900
21320
59503
17886
58452
42361
37975
18055
65161
47149
44033
11522
63371
20472
46328
91225
1475
4936
8815
601
67635
29934
49388
2790
90434
61320
92919
64793
83027
80222
73755
17788
53061
37013
40441
68971
37443
42187
16345
82587
11003
49747
73848
18207
61116
60639
86902
12848
16592
23940
37003
20211
68419
41646
61013
75057
22411
89324
45764
33706
79361
49317
94012
52623
47011
15814
9048
6260
49934
71817
71178
12578
18417
56872
8253
30099
5437
41409
94601
13875
2066
98652
47923
69404
95933
18252
32125
23322
44810
37164
15555
37621
17969
72759
78733
30141
91637
30749
13427
28288
71698
26248
5798
75188
56736
109
50351
27899
47557
34674
98554
35849
55564
73173
6229
64324
61623
25196
7216
32609
29539
97062
7311
69297
83807
20342
62097
48332
20005
64403
75045
58484
28006
9560
28158
76258
73122
26286
36404
57658
98379
52881
99344
37726
82296
89104
8587
28485
10857
26506
58115
35651
99820
17550
95981
72437
34058
45040
50564
34762
74336
91047
62274
16366
18722
20168
52503
84623
95789
85861
65616
8220
9830
40531
26912
26445
54485
80169
69709
76456
60521
82552
98146
49712
45914
4352
68722
31636
91980
87007
93287
89632
77975
83770
88924
13731
68403
61081
26026
81427
62227
46294
54920
13661
81208
90683
23472
12489
95840
91852
33386
22561
61617
72791
21289
38400
65845
46260
92187
87314
65753
2587
77521
53849
32362
46603
37777
75849
1396
75149
80531
34444
72422
30428
18761
80734
90536
86464
51422
90454
91030
26018
8526
14562
86860
43530
66337
98483
31118
66016
4811
75663
92323
18313
49029
2091
39013
71656
9124
87649
41933
5321
9093
97391
67080
79871
73883
41306
50899
67566
26249
44617
20156
10548
30187
92354
43277
80674
6061
71706
77444
96187
34094
93588
6257
9912
57501
60875
46483
21238
94300
64915
39236
79897
67719
34245
30849
43372
69113
29803
91804
21753
74442
79500
18223
93965
45613
71658
9804
7483
61367
81607
20466
80047
38886
88647
33584
6312
26955
51619
22345
34991
74217
50478
17604
22784
2003
68562
20545
90198
40147
85651
65517
1366
16403
75436
59614
65062
25271
52711
99883
7324
40456
95337
96476
97455
76676
73993
10647
18641
51153
58714
50159
62018
42904
35401
51521
88749
98794
57789
18369
48519
89336
80715
78416
64824
74357
69139
67561
97534
98881
53954
49061
71425
2987
10470
28142
15732
95871
68315
27947
94235
14009
22586
51448
18012
56035
5180
65747
23671
62849
92582
10134
68780
90468
71743
47340
43130
5260
59265
48619
19605
16458
70731
27587
71633
49233
66824
15227
65544
53087
60778
98994
95641
35000
57765
32668
67385
4471
10927
60419
49799
18499
21125
88486
12085
18556
77805
80933
31373
58711
36983
52138
8655
34342
58973
78008
58160
34245
83277
50315
41777
55431
970
54153
4619
39575
95950
57180
30395
12790
65566
61145
76001
36305
98444
81128
63573
4623
82738
85991
5235
59862
41541
54736
10854
26235
43893
77770
82344
7010
19581
59533
29418
27787
13836
59492
51147
54567
54078
42227
15279
62827
65021
94107
33022
84719
60724
4039
70799
15485
62584
98814
62494
17328
40828
69771
85786
19235
53677
26814
44401
74611
63183
68270
54435
5101
39624
60629
67425
28600
27385
80902
75376
42204
34413
86153
33736
6747
24623
39701
7111
58538
38032
41552
89523
56097
36946
81816
76081
54874
78174
60172
66175
91390
41034
91906
59651
49666
98826
51581
66880
77502
7478
89123
91262
17870
99245
89900
58399
21604
11593
40321
60030
11545
51861
3551
52802
75440
96774
6127
2041
75151
52592
85567
88900
73103
56415
51528
5628
93408
82117
68610
48168
54715
25400
77605
77875
34631
81598
33828
64906
51380
97194
56050
44628
77415
71379
47701
15416
31821
7534
73120
81272
33565
66183
46010
95944
36086
50743
14660
96545
5169
65301
9071
24179
46705
19693
48833
16646
38692
21319
97376
24042
72695
85410
88210
41909
63995
15868
41785
78560
46809
57356
37843
73312
31156
95937
7398
60572
61411
90397
60976
31075
82995
49247
75263
76042
93369
29469
19034
12625
26185
22217
11048
79737
93362
7965
67514
62185
88852
9022
14827
48045
39985
40849
14445
49257
77536
65276
71110
18693
84046
78527
73034
78264
71419
24833
43270
32124
33450
12474
65150
76614
16708
23247
81499
34319
54048
48640
57290
33458
9057
56390
38436
25801
86854
89663
35655
86396
76922
27742
11606
66618
7020
91876
51988
78413
3748
62889
56816
72043
74945
88154
96812
32294
51860
94711
41644
58770
54930
92593
81703
14795
75972
47815
33160
26379
1757
28058
37248
87833
39178
75691
39025
83814
40576
42592
58318
68952
69346
29135
46106
55661
90513
5723
53309
48351
18776
59442
25745
27979
7361
668
78977
34712
15035
84881
99826
18457
45777
53468
67522
27120
15844
73980
86783
80653
66339
65047
77551
35324
5921
24125
71680
77096
37889
37228
25567
95610
98661
38996
69519
80994
10525
8718
79621
54547
30545
33348
75896
91343
59652
42071
21770
17887
61173
18665
24168
71174
26469
27653
10980
86862
16809
48189
93255
43723
5292
95618
3113
29160
40326
24848
35227
6278
53099
51918
9646
56844
35447
597
16806
46479
21684
79351
1752
8466
18169
20686
93940
70828
37825
69677
91392
57663
13260
91369
63576
80177
81836
77806
46057
95487
58724
74579
61777
51962
39914
14082
18793
58730
6118
38072
2320
13946
30651
15667
166
1525
29618
14563
74929
19240
31125
63059
23787
32478
81723
48368
47263
57361
52939
32739
82055
64598
58483
33070
39819
61101
43614
1980
33752
50293
62148
68718
67876
93967
13714
46821
10124
98694
74124
92085
69631
27957
15105
99229
51101
97578
76130
58487
64658
46444
20735
54463
28292
87152
82444
78691
11846
31925
81319
44655
36388
57962
71133
39427
60934
23409
59330
19620
59622
70194
27147
61003
16806
53204
65680
920
44932
16643
35182
70565
60673
97867
49480
190
38446
76591
85193
94495
97285
3093
16279
17737
66959
32885
78452
98473
22319
67291
75162
62446
71016
49469
47034
28719
29077
93640
40104
58990
21257
31637
24635
32927
98637
45352
35968
33363
74665
16265
31599
64408
42602
63949
84540
92762
52344
64310
62058
97961
92577
35285
70986
40823
45488
52811
86059
10980
55526
13108
16130
94233
81160
88684
4584
8316
79148
34898
4939
91725
4537
91565
20347
94420
96397
89775
46603
11486
59262
17961
12260
21264
43316
23220
66604
37978
72528
23988
26453
65567
69294
88392
56170
44196
76551
88953
21749
13842
83912
78790
29486
80383
23068
47048
32475
58777
9499
2045
64081
85206
72496
99419
36510
35463
33556
79587
24756
60413
64398
3879
41444
50990
80175
81968
96455
75000
891
64533
26759
85922
44599
34601
76468
89876
99647
68570
4907
71174
60067
53678
1364
19068
98115
42501
89185
68793
91077
97042
9025
68471
15609
25099
81287
10174
72216
39762
61196
18153
4914
79312
16438
70217
36686
9196
76922
39240
50026
90409
28991
80942
3686
39294
52274
61394
91697
22635
26377
13080
18767
28911
66750
31899
87395
31625
84304
79157
66315
13900
1744
32364
37347
54856
1090
36579
98308
87737
21469
44074
33287
27402
74031
94244
48467
30464
91730
77989
11552
95247
85675
51185
25966
30694
36938
10416
17181
23431
12917
20775
7818
10465
60750
90365
10639
21290
96785
18990
74100
87687
80725
9610
73817
32067
35824
20265
55141
35968
52404
51463
96944
59131
90949
9446
84820
26565
83170
59280
53060
26112
14682
83358
79117
62246
61323
90723
91677
93176
42643
80502
84052
37811
50717
48776
8282
76733
10196
42402
62158
87047
26384
5545
71315
44833
82139
35117
11622
882
51515
59856
13263
85517
8327
84419
37246
26500
21194
94659
17511
70389
43117
3180
17351
82184
23282
25262
57598
60674
91534
14457
35787
47659
91834
54401
70507
28030
70037
98809
73167
14688
53437
75178
70632
87375
94784
19346
76482
7697
91874
87863
36078
64000
35284
3045
51232
9191
81489
21589
23903
42232
96325
81828
45211
49728
64652
76949
95981
67905
16074
21936
18090
47213
73708
30520
62096
1922
93228
95094
15938
5281
22814
67311
71923
47152
81125
70012
94822
5535
20041
32174
12530
95947
11689
27700
62625
53403
75131
16177
93047
70532
37102
29151
33223
62380
3316
18958
23138
53537
2107
88877
12166
86418
50567
53079
16925
30941
84814
32833
57992
35236
90689
81397
78983
94690
68914
44235
88335
32310
69623
3457
54080
77248
35186
25790
24938
311
97376
31941
47272
15362
85182
31855
96750
83757
12944
25166
46012
65294
34997
49040
45203
43640
72639
66665
904
16787
41991
28769
853
83804
37192
7864
46747
78039
52379
316
25496
93826
58041
14854
70514
28940
82560
17833
38906
18176
88180
85301
57894
64846
72085
19884
74351
86420
67967
26483
75050
78149
71151
4995
32000
64228
61279
10490
67227
49911
50518
51753
24392
9950
42410
47586
80854
48835
46729
36945
33081
46542
59088
43769
40776
59824
80534
30275
20618
83580
22024
33516
39263
89404
11399
69162
66996
49160
96364
3762
18434
20278
16001
42135
24706
16418
95441
50096
52730
12269
3594
34350
11547
34461
2225
31219
63086
71919
6132
13731
85321
98459
68851
12658
19447
38022
6047
61262
69565
18673
69618
15758
13243
55333
89576
73945
24450
73175
7857
12978
6501
33743
38511
93921
82000
54035
2048
35487
89200
15172
98282
42308
89752
41737
1584
84096
1533
95447
85254
61224
32026
67587
7574
59525
2707
73430
21124
92552
22915
48884
99062
53031
92918
24674
7322
46940
90160
6613
90075
63409
20156
21847
77292
41552
94037
433
67869
31381
28459
49222
89557
10101
50398
40719
87778
7392
29283
83465
49449
13661
52018
62427
25046
93821
2598
38017
72393
5782
7367
70548
9048
27635
59385
93314
26654
30434
40972
91919
90269
94488
22140
60123
18408
56268
24491
93144
15453
90288
5055
48250
7055
75745
32650
49410
11297
71252
496
37898
63647
22616
43176
73948
2088
58454
3430
75925
10335
86293
24880
42913
11675
87888
30439
44284
3709
26608
83007
75443
25162
22059
14957
72898
49939
17495
56025
53668
10712
64128
85377
94242
64598
73090
82961
92432
26859
40600
57670
61894
15056
34779
85453
93491
65716
43611
99142
80327
8344
22706
33637
43961
7461
48786
44992
18196
12372
80255
90026
43768
86505
49721
74291
2401
23387
65022
50505
71882
94729
75076
77040
15178
17583
64792
26602
26086
72171
79315
68929
41491
49722
42039
38160
96056
60565
23098
35458
38987
86684
35467
10555
54510
20120
84341
12043
27784
88820
72096
95604
76198
34926
65966
31757
22353
77010
68424
60305
19494
57376
91350
97350
52763
48304
24169
12537
30359
67008
3487
59172
47550
28053
37110
57876
53437
44140
8895
5666
75485
71399
92550
6662
60053
83700
32254
98041
68493
52041
5904
75453
27878
99636
72825
5791
73001
1141
21932
52013
32023
95299
78633
24689
1976
84284
99143
17969
32333
196
79461
83897
84913
29359
32869
48288
66645
98487
44640
73837
38051
43281
95533
31698
84771
99635
56675
51453
2071
80412
97634
81211
82979
26586
16710
4524
19549
50599
97948
28872
23732
21877
22849
81645
49419
79703
16472
23895
50452
97063
87354
19540
40737
60516
28629
78303
32082
75848
83729
24324
12970
56953
44236
29232
97191
6314
39710
88380
15122
49422
99766
12031
42416
42642
17171
49466
60928
34239
17413
63296
24986
21707
44977
23714
62394
15001
9471
97984
74095
84946
95773
69148
8955
48800
31550
29754
80906
20888
22753
61367
64503
35162
13144
28650
51926
28731
97404
88036
79565
60611
19061
35304
35544
28362
14251
93819
40884
36746
20233
75767
56480
67211
53618
32399
5675
94717
77430
46123
17912
99329
18412
7223
92823
23997
66375
61033
56059
37070
85960
7623
28284
68338
97800
85329
56968
794
40903
71931
66958
16797
10936
92825
70291
16946
80166
34256
38299
52735
43961
21461
79792
39937
6019
36542
87925
48665
9937
18937
15377
98189
48249
12559
12500
19847
31717
97974
16394
89752
81455
75464
10143
74525
14377
45334
80972
77881
28479
65574
93644
23686
58654
53752
61172
61951
65990
39990
38738
38241
43936
70918
88708
24123
73249
10713
64714
66509
34292
84634
41005
77130
90044
62894
69614
49910
86080
88315
82361
63587
74840
9856
67303
99740
60633
95951
39983
82208
79138
66534
98656
22930
70549
676
99652
41331
79068
47967
14144
9674
13093
96093
30790
65124
30237
24483
50079
20826
69236
4487
75695
2885
36826
90227
45777
37936
71831
81073
62710
16805
50987
26661
73917
63846
71462
88407
28083
48600
43516
67682
81355
86707
53464
60123
56293
90395
11846
97998
62653
45325
84638
98110
73612
10258
16370
41405
13600
58722
93177
72294
54646
7756
61095
20600
36985
7803
10315
17148
26653
99957
59665
95176
97885
82022
27219
44080
81372
63228
52750
9438
50740
28926
45631
13833
29155
81255
67826
6676
85472
69486
25791
38050
55148
74656
37362
91548
64924
67095
60141
4125
62297
12580
16421
47196
50877
63116
26331
42503
10945
31690
65704
38752
40911
16895
98047
80546
89777
12910
91042
59864
63385
13095
17175
52132
77889
91338
55354
3889
2780
24281
55808
57101
82739
99709
4087
66387
52703
41608
21626
89710
63754
70796
70161
10565
18783
11533
85150
80223
76346
49144
49419
52306
18752
41427
32401
18786
96112
87535
62613
46419
51960
61976
71461
55724
7990
28552
44931
80770
35599
59269
46473
97398
70110
96662
29085
9902
29895
14464
37576
41771
87144
51182
12983
84823
99537
13908
50305
22808
52888
75539
27981
60570
83609
17631
22961
57872
46856
3200
48751
88210
71292
99064
5474
17240
94651
5672
10770
22904
5594
93911
88274
59879
26878
92959
26447
4693
62385
21046
84681
4645
96363
1863
15908
93628
76992
63319
95331
31007
38443
72534
93444
65891
15626
21178
8159
28478
84096
38633
75654
2558
13907
76994
12449
38865
60677
81528
2281
27626
29749
32967
30467
60489
40016
23899
85773
76959
82868
10521
95193
8514
18657
63136
30569
4790
78192
24060
27674
50530
40000
69936
88137
59417
35422
67003
92502
61523
93102
2478
38777
84732
72017
72950
34939
67378
47913
11579
16202
29232
11874
39911
28212
71056
11712
37200
15916
69147
16962
30454
84475
80578
16504
21718
53397
77321
64168
85690
7971
82969
72145
90337
63113
94497
14646
15961
93905
33292
44961
74036
54380
84640
47902
56141
1536
52918
46631
75442
65072
80936
57909
98434
55015
56173
43092
3024
79206
54120
33494
40555
50474
49493
18235
23984
99426
59756
70288
12190
72891
72249
52159
11261
90371
46123
86477
67627
51239
73356
98750
85008
33985
29345
39643
57439
5443
42827
72343
73959
62749
67401
66946
17125
63651
42404
78242
47062
61869
89664
95917
35586
53336
4407
46856
90769
56430
63591
98135
91332
94759
92943
56225
32387
24534
5239
83038
69309
50288
46617
52689
34859
2435
65205
54147
96245
8101
46878
4482
13382
72687
46668
74963
57390
3783
81158
48003
49254
51327
37148
16807
82553
8344
94919
11531
1320
15094
60641
85860
14322
36154
51774
26162
40442
34718
81751
51677
96362
51328
45805
58719
57342
5277
18482
24435
44673
76071
35226
26404
19249
89656
45313
53191
89706
29490
91537
77970
75710
16101
93201
42396
2225
50411
83290
51154
38974
95912
78163
8949
40807
82683
38636
41167
89329
52256
15060
27056
83869
26523
55767
39977
80792
76153
98240
33137
34111
84385
55410
31174
47531
50621
55666
88083
8273
54885
94509
50170
36425
9007
8185
19093
50084
53300
85235
44501
16132
18528
90565
88385
29310
62143
88463
94000
38078
5017
15948
61021
14776
40347
75861
75608
49742
59912
90359
69138
34260
44553
79727
82577
85634
95488
8912
94829
59152
41041
74722
32852
86355
39351
90343
18953
76765
11802
60624
26371
21126
84221
31535
8127
38185
83268
40270
36073
14192
33998
88647
37185
94561
31230
11791
42365
465
12145
16506
69349
59715
40440
19321
45818
60822
23402
22900
41386
61969
22432
31283
17858
12437
84830
19409
26026
73078
20056
40419
74213
54535
67225
75413
68888
27158
52262
4694
80895
94968
12898
6921
22195
67499
77639
73211
27465
7992
20843
56868
22538
84163
80218
66292
27354
98650
15319
48505
84952
30243
6073
3844
30016
74136
38839
18533
10572
29683
4220
1173
54657
47539
35606
61629
30140
14546
50331
76371
80329
24366
16391
42983
30619
54628
56787
38424
52134
47210
20888
60507
37185
67296
97582
50179
88320
98983
18543
63345
47861
20449
1588
85310
98022
90084
13887
58337
43064
66493
92705
23427
44425
79898
47378
61054
17321
70219
80402
52468
13104
8021
7777
73075
5426
18467
29181
72505
70314
35600
97068
92124
301
24487
60455
20125
20994
22173
13936
86712
84835
64862
65383
57502
1244
88405
46825
91937
24951
11900
32153
95325
65056
40110
92587
8067
96178
49388
16251
43698
50047
53952
41738
8551
40991
84581
7208
10177
31969
50205
96336
89105
79187
94339
70364
89063
2765
2978
11502
14510
18558
68282
67147
11111
31927
63287
76592
44757
38125
36874
82394
47777
95925
95357
77038
47189
41210
97301
12221
89160
85485
51564
2881
26271
598
75064
90963
39767
25452
36393
94999
27640
43060
84156
60699
1249
67044
34803
45055
98064
45511
73711
11876
36251
37222
5398
90177
7958
40051
74039
48550
32502
54975
63784
68386
68097
50170
79917
56756
11309
49261
6517
25788
97162
5377
34026
79525
49569
38386
51013
91550
21768
6517
98440
27066
9464
55578
91832
61659
15599
39043
27049
75620
94962
30526
98706
57508
9315
56510
76798
33518
79274
61644
6723
50294
27848
81558
20648
77935
72408
38835
74034
67271
36739
96642
50145
90880
22949
1507
7499
20845
4156
21784
80474
47921
73224
41628
81638
26560
10236
1604
95915
38166
11978
86553
1296
959
60380
48908
98565
19020
93702
21427
83405
55355
84156
17082
48231
34222
18770
35899
58234
26524
26445
98570
6387
48694
93504
4928
15516
10331
62464
71701
22073
78700
14319
38441
45848
89306
93322
43120
22639
20846
45088
59611
52750
70193
3730
58106
97219
8424
81872
96524
35777
72473
88522
76023
85824
48629
24137
96989
70065
33895
79623
33187
11951
19146
96625
1270
32723
24012
30097
40402
21588
27647
91003
32499
51435
81751
36928
87439
16522
62689
21428
89536
75679
18032
9166
51719
94820
89549
13181
52037
95958
49437
13077
33468
36394
69493
68503
32514
61412
53967
50953
64605
96523
6011
78777
35123
71228
64884
55194
63637
95237
46531
77187
5977
40220
43661
4341
33819
15444
93109
51013
84721
63975
98061
92657
26848
47696
639
57682
92160
33957
36347
9940
19357
44478
66080
13733
13686
77964
73651
13174
74471
71924
37217
50823
63282
26313
31515
96675
85696
71832
94481
57928
37862
29166
96612
92378
25407
71883
84332
53864
96714
75369
29674
56883
45185
6952
7732
59284
25816
88197
40635
26934
299
39399
92209
62279
71781
98414
71003
49933
95566
91226
1050
96734
55211
20011
49489
21165
74877
26001
58109
77573
98208
79031
11889
84353
1647
43439
91778
62034
25823
70870
1256
77189
2450
74511
26605
31118
26205
46438
89361
28483
71112
90006
76101
10351
79200
52575
85462
38576
55529
60402
15238
73998
88196
77112
23412
99638
74465
29963
36153
1870
74952
73965
43091
37520
36603
92931
15579
82870
22186
68662
7212
81779
59122
84727
47516
84410
73696
69676
19493
95523
8044
26025
19661
31845
26766
35977
35213
21719
7644
82618
37107
67064
76632
76172
80186
27601
91162
28940
21825
80379
97766
79640
19139
53824
90107
28153
41459
34848
71758
5039
39543
99997
84395
66684
45934
27183
96540
76597
41877
3243
60612
6099
15393
54369
36737
63544
52375
91419
50640
40208
47996
80150
99899
43110
99247
17648
47939
70294
41074
20508
48388
72459
18399
7787
23727
36354
44168
92292
81678
19957
79670
77491
90341
67237
87466
94117
48836
31157
49599
497
84033
37582
14149
13698
75952
29908
31728
34778
64475
44438
70171
80735
18285
79961
50481
38205
53234
41453
29973
9508
71882
57467
69606
30356
58480
93537
61665
316
4446
9772
61215
82118
58202
39875
60181
93897
90212
875
66433
39715
39187
78188
1919
97975
58599
68957
13667
14809
14038
8129
99396
30077
91401
46377
85512
97311
63481
96710
59413
45749
28291
17498
50322
72545
76251
53644
73275
46322
65392
14766
99435
49400
83792
29499
92541
85372
56687
78413
56101
31126
12070
74548
68864
17996
53033
30179
47097
85387
97732
21211
61404
62069
38549
36444
53067
95247
40905
77980
40338
65604
49128
61166
78594
97693
91877
47709
39998
99364
82864
34003
8018
41371
93945
8173
40128
18862
37133
84023
38016
20140
29681
17773
78792
64901
32110
14388
2972
64119
42893
34293
25446
96773
5490
18393
34127
94842
33535
59579
67688
77285
88161
62269
18551
76175
47847
48054
90198
53726
95610
85126
48938
17627
10968
41941
49388
3936
94832
91430
80241
11707
74320
21093
72283
41607
31482
36413
34171
11956
74987
80322
33134
99958
27071
29787
17557
83304
29400
72111
86291
37930
80938
8180
45610
81378
8555
77608
58850
38029
36787
51659
86084
42427
67051
93781
31583
89978
98547
44748
65351
90479
23214
49645
61673
79296
5314
7321
2425
93382
12555
89421
25769
24963
156
45764
61928
24369
61849
85551
86871
35299
52525
99806
42026
10794
56090
69432
13570
76203
19069
85388
38347
76662
95586
92780
5153
70897
52581
58986
49899
10615
65462
57501
1080
75307
93871
53756
17998
15993
64839
76965
78372
98224
6321
62910
14231
24635
67957
56576
65404
60389
37882
70700
18461
81035
14491
6519
25619
11644
20293
56409
52890
28513
51354
24594
89702
50282
40266
21739
63206
54036
73220
12000
39698
13740
42429
16974
62814
73322
34065
9989
73614
34782
48769
66335
81179
62879
26962
70251
4008
82301
4354
17887
82295
70613
54422
96954
69081
30895
84101
68413
44283
61646
36521
23294
59801
28339
20342
38629
16156
80989
29104
10476
91550
55113
35966
99145
92744
39704
49309
81997
73839
95112
92905
72548
73812
56200
30698
31132
56577
61690
90717
62006
98373
9307
55238
64507
56438
48166
75037
81791
70226
84753
34416
69655
91816
96948
40669
90088
15716
21712
36745
19443
79904
6396
39077
49510
39756
91033
83931
51261
74400
19590
25040
65685
71096
61812
62959
83861
47360
64116
2237
79322
12890
37943
26375
59745
43715
37033
52537
12140
39543
71280
78015
25979
61962
54149
58746
92045
5877
83063
66464
91340
39556
7752
55585
7962
59619
50237
33496
22671
46505
1933
68659
69692
73236
38316
89768
68346
15689
59645
26193
73203
36126
87426
15029
21728
63425
20638
53286
96735
73176
83160
5120
62519
78785
74409
83462
78108
80717
68910
13012
38881
85185
97306
47273
48635
95883
81285
56169
78230
2762
87936
22732
24020
40384
15281
87486
39589
65055
20000
57323
77634
4720
50834
52072
45387
68505
56719
96376
46563
63846
97387
77148
55600
58283
95970
77552
45815
40300
38136
67323
72123
78982
40283
76223
91080
55822
80569
2504
86266
43654
10839
11491
55428
37461
44956
60729
7254
99751
49616
47634
10343
69202
47423
13158
34637
95442
78800
50726
26480
5124
59257
63521
62492
74858
11635
85210
34529
85098
49071
29252
28306
55753
33826
60181
71593
19049
39484
86611
44437
68119
99651
60147
63455
30795
34947
27033
75035
57255
11908
20039
18127
77474
2357
96983
46325
79806
79860
29224
31085
85587
11103
18575
3133
46304
74293
74302
27562
69652
64183
13230
49547
88707
23846
55437
92301
24508
77029
75629
36609
56458
21747
35999
62159
7270
85687
70232
84925
69590
37096
10276
81941
49949
90987
47624
55084
82376
49833
99028
48874
68768
70349
2967
3770
36052
53539
7636
96095
61170
13861
23801
88476
4121
95201
6637
90547
6545
66268
99477
8687
58759
46093
19372
45681
11697
81524
89488
96443
11839
22898
26555
74347
67048
21531
72954
94159
9078
3231
22495
32268
4617
55721
26526
82597
80840
4687
82754
27490
73767
43108
2990
46888
78096
21564
28007
96186
75758
3465
7818
93479
47062
38394
93857
70225
23106
9253
95948
55910
21034
64435
41382
86881
14763
54952
36037
52305
32929
58253
68182
16075
43152
85428
14485
82469
77051
36534
4677
5549
74048
89987
76459
77476
73600
86282
5435
69351
65336
93738
26213
39656
14435
24524
70294
70031
15662
2932
33949
35847
93608
74671
55033
69934
58980
85885
21498
31822
51189
53685
56377
51978
46028
96162
24079
80774
83888
89175
81076
35316
78735
69632
50402
3747
1004
10575
33852
36269
88579
52047
88389
24913
29199
83541
83955
49911
74914
38791
28765
49577
94627
81704
95108
52713
44281
33434
3794
97799
35931
14932
28603
51628
16711
56721
63429
31535
26614
58223
54313
30002
90052
62663
36124
38176
10312
50384
29385
65716
78314
43341
46599
58383
77479
56633
29380
21934
65069
29086
87805
71103
36996
14262
41630
35865
37905
15662
69352
73663
61229
5503
55567
55907
94962
75102
89689
19824
8044
26743
9803
2586
39554
31831
4274
3695
48294
48213
80717
53669
3906
10717
87017
2396
52302
83314
22317
78841
68004
88697
7253
15346
13845
11700
92145
74342
64596
6609
69521
63095
15162
25277
22988
72951
86340
22883
88399
33561
61501
91235
25159
29706
36121
15715
95675
88579
38716
51281
29125
8762
86559
65382
2114
68659
72432
1198
3224
21754
39718
73329
61080
58817
92301
19862
6268
93084
3023
99666
6298
3403
29847
41885
59768
52504
22426
25724
60992
82787
3437
92997
49564
80388
38804
73308
40697
89820
68876
32322
91626
56089
58629
37278
96986
68937
39151
70686
21778
84772
54920
13122
74391
5806
1840
59095
94128
3101
39483
26125
77773
80415
87694
66531
97955
89193
72466
93820
72424
21478
68917
91195
27825
27206
241
78317
64142
25059
90651
74348
66711
1966
37627
10184
31571
25304
64191
10886
66856
24025
35467
90503
8052
30160
75435
75786
38177
10525
99588
2747
35254
59994
87096
10577
78954
72281
52137
91122
35864
51980
38180
38958
8572
82451
51334
87003
77585
18158
69253
5719
87097
27206
10636
90118
25712
70051
27017
58099
31426
63767
83340
36117
6564
47729
26692
13716
62800
36222
3640
7160
29014
16222
75747
84229
45435
24498
148
67167
36408
17151
87467
48845
1037
26883
22895
28385
86122
88489
37899
96837
8966
1495
49840
80886
79025
90332
44665
83198
26819
17079
63880
41658
86122
99572
71184
66579
91193
88528
16401
4928
44628
61365
84798
23644
83399
97516
18366
340
20760
10278
22334
58994
69883
23640
24968
90653
61486
99016
41596
54791
52130
36451
4860
65580
82521
97612
62336
29229
85814
23772
9974
13419
64821
50971
25180
97982
53952
56697
86948
77116
56844
7664
22058
57789
3840
16649
96182
26394
4845
57855
76633
36293
82527
34898
29521
2596
58474
43258
78256
77296
30594
19932
42608
17882
23932
27012
97956
55555
19012
73058
42892
15413
61962
36366
39985
40266
38831
17641
99335
22171
52936
16058
7424
51383
78476
92351
64810
51056
76301
55292
85390
77898
48413
83837
27222
33887
76651
76189
70320
52233
37950
99183
30359
91974
13700
96615
98894
99887
13934
3572
30493
75868
18404
5264
55069
8464
96124
73525
79747
30962
2509
11902
58773
85244
68986
41108
52231
70557
93796
60646
64758
97416
14688
29515
53991
63054
94271
19186
25125
14134
77065
5394
82749
64903
83583
81818
94051
94514
91301
98322
28488
55942
14925
49210
78222
90736
39118
62817
30862
58788
75690
72754
61489
60374
14213
83272
34477
48898
10143
76435
57266
7105
7731
47212
8041
86957
26377
94064
67185
93934
48522
37249
18395
30223
34816
84814
49521
98067
57959
17143
75466
4475
90537
14899
25907
1597
4073
12351
89120
43206
36668
18334
79848
37112
64789
10447
3965
25694
71138
74626
25556
32391
34996
31823
3103
70601
84026
66319
50620
23316
37256
46040
96842
66734
37805
4264
61024
29144
20885
34242
37399
47613
87714
33506
82035
9275
59191
22997
25599
41484
64545
57692
93460
45672
79623
39983
581
53414
67102
44875
2818
20049
86610
66890
28547
61120
36605
2615
84908
79990
61837
89937
31543
31158
10289
35260
41314
13128
51747
73395
22310
87128
76483
21303
58349
73528
77005
6502
36204
86520
78424
73709
66965
29413
23725
99165
76215
87856
39067
71089
33127
26373
1193
26839
12090
14755
4173
72625
32189
85208
75872
49969
99578
48575
25923
54636
85767
78521
16444
58392
10817
6262
34329
31662
64642
55235
9668
16091
91875
85053
68720
49974
86188
7144
31796
6675
88458
80671
66548
66389
59871
96657
85344
5004
5809
10652
31797
50290
59297
89875
35950
25321
93803
99445
30247
71725
24361
64123
9116
21302
73263
6932
83871
63499
21983
84109
31573
38403
44509
6994
61623
70130
18969
65821
27057
43901
44150
47780
88883
21569
45497
72318
1243
85015
41145
50309
22826
94572
52752
10557
75617
50505
88143
27047
65986
49616
93224
23383
55038
36124
69118
27107
15266
56251
77182
95842
38774
39337
9309
39702
68677
44769
83845
19938
9757
33678
38499
12498
37061
47096
30756
86994
61838
98138
23621
66507
33065
14788
29890
1735
49795
1992
11735
14161
34632
27020
83992
37261
71881
70427
49369
12201
45279
26464
1681
75022
19644
81392
69254
6038
98425
45946
34818
98959
54822
69032
60460
47203
78024
13770
66666
37936
98046
34124
62957
90548
52791
50599
4352
75616
39142
86881
52606
2828
46266
95789
54145
71910
3779
72534
7604
39306
89993
26059
83072
65147
36243
55067
72402
70023
32072
54398
95383
49104
83089
59510
60091
62372
98360
22085
77379
44034
87451
98167
59302
51617
28575
21727
89121
5838
28761
31186
36611
56002
34578
14198
6542
42521
67656
36838
50476
18082
53092
27373
42464
32056
80827
91922
17719
78924
90128
49540
47
60833
95589
87669
98566
16817
79378
55392
37178
26791
58921
31540
91271
7125
1854
27485
45324
76404
753
10309
52324
84940
39018
61045
71359
69655
76269
14828
83269
17154
56686
65029
35876
92121
96976
51849
50148
15606
41965
97318
26510
58344
85323
93313
26583
47943
40488
96937
69785
75586
12620
38479
76508
27827
66214
1201
9993
62153
5034
89297
17577
91141
81059
60657
48625
39390
27423
64406
31255
89821
66620
89738
22881
41515
79768
2156
10613
59966
35267
16002
26750
12411
65984
28038
61833
45865
52855
15844
3200
83545
19857
86913
456
86570
70330
49597
60983
52115
97888
65436
8369
96674
86502
33877
94560
3610
73799
55064
42562
97920
89230
14092
10692
47884
94473
31029
11662
83288
47302
24988
90174
62911
82091
47683
61262
20200
50273
52135
38259
65352
92233
75594
34061
24479
18522
32229
2271
52074
62706
30783
95832
61718
30791
55120
59931
81763
12868
71506
43230
57671
41485
55433
6901
90769
78211
62949
34459
24341
84979
6696
97076
62336
89971
35250
8810
33376
89222
55850
14126
93333
34526
85228
86092
93434
45876
61037
77816
27657
52356
97199
61963
13147
9280
20557
13606
50418
61320
83296
40187
56325
21487
5886
39060
62077
14026
68656
67818
21047
85656
36634
45572
76647
24051
71883
64344
99275
35045
60360
78922
13128
20784
56169
60794
98630
69887
25099
47192
74289
17648
51465
89828
32976
59412
57522
9534
31959
3482
73100
92827
13445
31267
84610
24329
62953
91829
87221
34991
96553
95624
61717
60242
4783
87914
98470
44477
71043
76213
94942
98684
25290
58063
60260
16572
90088
45573
70673
81205
25340
11343
33066
48934
80514
86767
30215
80335
18718
28171
41107
98902
85660
28833
52374
97374
58376
95677
2810
78907
23532
28244
31902
15666
3156
34569
35460
30984
66894
93625
66689
62862
44143
27279
59400
46409
76914
76014
91588
60684
34782
82150
52210
21478
47036
71918
21774
65715
93904
93424
28211
65434
38698
11430
93511
29728
75795
81811
43728
1569
15537
28683
15238
33061
26461
25388
53466
27513
7738
36893
66851
69569
70207
15611
68416
25722
63149
55273
10072
86656
95701
98186
90668
40180
66811
60062
97802
8902
35637
83582
25524
60340
35547
56955
95345
98820
59150
36944
96304
78309
19242
97195
51394
33224
21128
82170
12235
10299
65459
84576
81669
98764
37545
79920
64809
98356
29040
45648
53095
35108
80979
64324
53012
33385
33313
60372
81422
79308
15428
48154
62797
65484
14561
75495
80163
89864
14593
31221
51212
92610
6399
47915
23747
53985
32746
71770
10558
43579
45672
90299
12781
6591
22337
5633
12970
96431
6551
16210
54307
14541
17474
22910
60823
98162
94439
7028
94943
4625
27420
36937
93338
76850
56340
47916
69808
38826
9248
5316
24790
62184
89332
5099
55110
65367
13789
87762
14703
55411
53783
41726
37295
99068
24022
50544
95421
14721
22943
94575
36641
9511
30037
52277
7459
47083
25570
58873
48202
20550
9728
70830
17998
22548
63213
53491
87973
49660
9328
56125
22951
52034
8805
63784
57178
40664
42963
18583
57951
94612
18192
84335
62578
68330
55335
87988
68685
85301
11262
8876
55669
18369
16689
2531
15947
99398
4292
39653
78686
71347
44202
12803
15800
94345
161
13485
30277
44025
68941
10500
40250
95172
68077
66808
88766
66637
92512
16610
28806
14497
69451
86944
55871
99633
2563
88837
86337
23134
11555
21875
8781
18398
41271
33045
67592
12298
35618
45794
73478
19454
45949
28471
73795
13442
70987
2673
57200
26675
5921
1477
11694
66726
12002
75145
2926
1023
4805
7618
90464
54142
99220
50943
53785
82315
42347
6775
56834
38316
11635
84170
40266
16555
54928
41126
93864
72982
1526
73665
28137
47319
78920
50726
33719
76172
28586
5737
89947
74740
25994
86454
59876
82114
74960
33514
88009
10580
64544
5091
99111
12864
47837
90195
81764
82926
26366
56305
28694
35691
1239
58457
97387
69014
82720
96297
49157
97220
33652
43285
22572
59699
58924
87885
98039
50357
43125
20494
14333
84087
81628
71776
4992
15010
46488
58203
32762
47848
77894
18812
13643
38619
94336
33535
38595
63719
70227
97938
20599
47515
38399
91798
17504
77720
36710
19665
6993
5118
32963
20421
18987
19593
30363
39794
62944
17993
76966
34910
22758
30976
76882
33167
30348
55785
28411
99082
70526
49845
94897
72208
14366
76033
47747
26854
26045
54719
7881
70019
39013
69895
51847
37841
51341
97152
41856
72801
47241
69794
85230
64039
11990
76032
28041
11362
70888
84997
40169
29853
49350
32201
54580
46484
20911
56146
82314
52731
82628
66897
36478
67894
73271
44755
63492
36687
28689
12560
97909
31643
50873
98693
28298
55955
52473
9499
86018
45614
26941
59661
46144
51054
85929
66931
60365
37959
238
3688
25386
84536
78356
11935
27152
68216
17493
30651
91183
28661
66033
54798
12365
65866
43456
43843
33716
82286
74030
24304
92993
6118
3948
85604
58425
39223
88101
51460
30435
57655
52306
20023
94890
55329
59535
5185
75261
62138
34622
78738
45994
86606
30867
8467
37455
30214
54146
10836
84033
95562
95334
88518
41277
63802
60267
2888
25379
48109
27966
39431
8906
39416
12442
60110
40364
48261
51210
861
41972
12301
94475
64687
80013
82893
22966
81238
95145
26136
79544
52265
26274
73833
59936
79045
60913
38082
71342
72626
97369
59548
34169
80649
9682
93921
71749
25569
64935
53694
5700
38226
54350
13083
50408
88008
64564
52795
79169
56286
33487
68291
16609
73294
6409
90306
97306
40311
32269
69612
18855
88798
17483
59343
9186
86020
85299
87684
22520
82749
72288
51336
76133
12791
30465
75857
40972
96357
93426
82867
3161
69735
7962
76046
20568
62222
28831
7970
8864
67956
23636
18044
4890
15069
37253
38146
71613
17496
20772
47056
28643
5794
38639
17364
14981
72501
29483
39238
16574
34860
11062
24325
20266
13099
87833
89990
87824
46054
40824
99228
79019
17528
53831
84776
91092
46605
57376
17332
23444
3015
52444
87234
21016
44706
9709
56561
97596
38930
26766
4346
91139
20428
65839
31425
57225
60724
87486
13428
63870
71061
42037
90521
11199
38174
79788
60708
62830
96889
93441
99883
42363
76440
11835
66260
17954
18419
22696
59437
70743
53468
13972
95053
18766
41070
88248
24842
46982
22227
22785
78891
76197
8351
18959
31962
88891
31326
9159
98999
18352
9537
66651
46262
99024
42504
94488
64028
70599
32858
53245
84364
26140
48516
24148
43238
95393
80211
94130
80048
58473
19940
92413
39635
92203
84433
4389
91962
61675
34402
37913
12815
82950
95114
19540
75296
99339
66747
53815
86286
33334
24007
87427
64699
98987
43677
81831
99046
85457
66013
12898
40693
51409
91351
84224
86153
2105
36786
61908
76858
56257
29487
12930
98087
48116
92953
56703
90051
51764
90464
19948
93643
59188
25980
18706
40918
91504
66945
78145
66134
73547
45684
40758
56982
56061
16543
6591
87669
26849
94423
95356
75548
12505
77033
19600
81265
35707
57969
10516
28715
59580
70639
43586
55567
20250
64081
69911
17744
21469
900
70897
61930
41075
84798
18934
49054
78043
70638
44749
58648
51018
83457
83300
29110
44487
74545
94423
92071
87102
72475
31855
40474
38184
44892
64841
29396
53076
72876
40216
46272
95746
53896
9677
2888
67927
91612
36889
95361
28102
1239
42148
50300
80745
57671
38509
25440
26503
40274
62605
61251
77360
83001
5825
86391
57367
21418
7084
64337
29104
39255
77103
31104
8829
56255
85955
14738
59127
66383
60549
46049
76899
30869
6797
67081
26623
54081
92424
18876
4120
21911
652
43331
54385
62108
92479
65289
8607
93928
95800
30471
50059
70500
73343
62472
66369
81457
8178
67740
96499
75681
85522
61334
34797
84412
42613
8199
11613
73502
4636
74829
30209
30273
23976
64373
3085
95205
92539
64622
97347
81592
2426
72758
68364
87353
88963
73371
33715
92331
1868
36943
15322
51709
15327
74882
56644
41559
5770
34116
3955
86118
97354
39409
25980
98000
99485
94723
34528
92368
38123
36361
60287
93979
13208
90040
32555
42079
98221
21686
9447
12250
34718
87433
5997
16616
64612
82188
71559
14243
86043
58055
75079
62044
14878
34058
67016
63242
83183
46771
108
25150
8465
97872
7662
20999
23040
39047
57684
61538
61580
97322
23910
21314
66695
84590
40699
31818
87377
53955
37717
49086
13161
62502
82515
26898
8075
75177
94309
78353
82769
97702
30701
88405
70637
57790
90533
47845
54319
63394
20734
15245
22676
54332
62750
77554
25130
29341
25044
72309
30198
74473
22136
54837
88148
40707
77801
42360
43846
18753
50294
43581
45235
37249
827
87100
45275
66904
93069
94933
786
47596
81029
8439
30297
68046
15452
63110
4821
18415
74748
25981
10449
4998
5457
54814
39677
63195
39398
11746
39606
29990
39886
65762
69460
40448
17809
48131
97297
94032
49834
82845
96382
96062
25642
151
85350
17201
48869
55433
93131
29595
17282
17941
19525
72131
11737
64348
5414
69263
30594
10568
22750
77941
16513
42008
43811
65394
35936
57143
51629
26900
88070
22267
9085
37103
39805
46269
12838
91068
5763
23470
20081
31974
18539
59825
51064
81194
63226
93220
38366
83488
82420
42105
15130
55128
93154
68399
8742
75991
95618
20342
33928
98024
94983
28938
59768
51938
2324
67604
58827
21583
28338
48858
33453
21207
34489
24113
54170
54614
60158
73105
38231
57230
1555
17968
42523
22181
78372
73677
44385
89709
87551
51314
36303
35586
10031
63581
66040
28692
5980
42958
12428
40473
6775
72117
98883
79766
87844
43452
11637
95299
85534
10015
7742
35133
3239
63665
69111
77459
37348
77935
83155
50335
41876
82842
8035
39314
42204
96853
11095
41407
2950
27186
52758
61388
52765
63836
24964
62195
69714
34965
43169
75016
34906
61736
34017
46634
69184
49169
56945
51686
77920
76310
47345
25732
42338
3721
71307
81360
12313
99283
37562
54041
75208
94270
20924
87031
98050
20870
13337
5361
66267
49572
33605
47773
71164
40273
94907
22463
30483
44483
50426
27572
61615
47671
11722
30586
65445
20574
61920
32181
20275
56212
66351
49472
29941
5378
16985
41280
17952
87528
33794
63709
10393
46303
86139
88194
4323
39291
90341
36150
75518
209
85770
84448
39685
88316
91127
74166
44631
44669
95019
11415
37395
7738
40500
83505
19957
1935
21935
26324
79910
1768
24373
69518
58361
91620
547
54901
96302
86555
98678
70524
82874
53112
25487
67893
14142
70659
53070
33073
59416
3737
55813
63761
23655
13654
94022
63873
89094
23688
44667
4790
17020
66384
16459
18153
91479
83725
76404
78893
90714
21373
58051
9224
79246
56685
17849
84364
23793
26922
55331
48998
49564
78786
15302
59861
69996
43392
45757
54242
42632
51771
93951
6871
26561
45198
84876
78318
42759
1886
41313
76921
67652
97034
72715
53195
22353
36721
81366
20820
55279
57828
8556
51475
54244
65918
70996
22174
65607
90961
18214
3216
42704
76774
75404
62453
93538
84257
22989
27314
48568
80746
4121
89872
23469
8255
44397
62199
8841
71875
14256
89360
79102
66291
63853
5631
76191
63147
12636
75858
90204
14894
81423
98339
28703
91808
13465
58248
39214
58016
42801
11286
25297
9641
33148
46146
75570
43617
28641
21314
7203
99229
28920
96841
10668
16109
25393
84946
70867
82213
12923
24647
31323
3183
21780
45100
62694
10571
98364
19922
94645
40537
49
30484
71018
56920
59404
50032
92190
63011
16156
32440
15682
44863
11414
39517
96317
15653
88006
69003
60616
85400
43236
51733
26600
63225
35895
70936
99824
10416
58099
19221
99215
1675
44304
49513
92142
19257
4816
95091
47185
76
39168
30802
45181
79419
5918
22661
24363
26561
99777
66241
73832
47352
14354
45640
31054
36762
49443
54238
83734
414
55406
6102
24174
28272
94067
32587
55081
95970
35449
2533
99815
89640
2759
26457
27177
98666
24217
5196
61123
97427
49647
61714
9113
41889
42183
51108
9380
39822
61006
78350
66965
14425
9730
65864
21169
70348
36866
3785
62910
88336
39728
84596
99526
20166
41225
70792
46632
29071
80164
69326
11958
22495
80007
89838
24422
53826
38473
44969
53226
27659
10925
10582
56372
29162
44204
1271
95781
12292
54357
32302
57024
23908
31661
32927
15741
11188
99414
48033
99895
58359
49159
15162
7305
25347
24300
32152
51252
15784
26545
37028
23484
84700
75145
6202
83533
7256
57614
Time spent: 75
Itarations done: 22535775