48044
88713
45258
94934
49565
84232
83057
83060
11256
24899
48643
52100
91327
88175
35697
30647
26766
21742
95684
8198
99884
896
67610
39988
81444
88293
62248
43257
48966
30490
13554
26086
20290
33644
90518
99437
87134
96771
96421
10577
81096
45117
69262
1853
55480
98480
37072
42568
20279
29746
74899
3734
24815
17412
56422
45551
42772
72556
92506
65665
77734
25480
1401
12667
73863
90166
60903
3682
85953
85733
51447
97578
35876
83221
10953
65989
58304
63335
87153
73217
17581
16178
91225
23059
59785
87535
27727
55679
49227
77956
158
80886
27050
30626
68898
15526
21083
1968
68864
52153
30725
94924
77898
23762
8392
49044
63712
45080
59960
23776
27184
4747
90602
81779
2834
54722
29581
77612
73519
93316
77795
83795
5699
66482
35256
41056
14064
18374
82186
2453
19882
6596
7049
52119
76116
60224
97581
18528
94182
99368
36764
69476
22141
53894
74702
71352
92225
15915
79464
18860
76731
35738
5249
92950
65692
24186
54555
84569
7134
55567
52602
29683
31309
75020
96826
37123
13995
1579
92055
54913
20747
84015
32845
13064
13949
10356
48457
1202
97570
93969
83081
87939
20709
59185
44176
65571
60369
27655
15167
8453
56279
62989
95251
66318
76223
65705
98675
74841
48951
23098
18639
54927
13633
9362
36805
89443
99707
170
38446
11579
69061
12861
75373
12517
23684
8489
4021
77767
6223
95224
14492
91303
98331
53927
57816
4557
52270
66204
73338
53346
74897
62830
15905
19984
20004
26176
83380
80102
34907
74096
49034
44118
50261
24720
10485
1835
98245
91700
77115
5300
93612
87659
31268
79833
14502
19954
15039
36082
75515
47344
14092
66940
94217
28736
32705
52368
14059
35913
80101
62436
61663
20988
17158
44282
84448
26325
44681
2276
35811
99721
49717
32276
49353
30915
64733
50698
71109
56806
35999
66999
99287
92236
42161
84224
14733
30816
51709
76430
72132
25962
58952
84061
61928
6183
92110
88803
45965
617
44245
77926
16103
50931
38042
84837
24320
63884
98781
97306
85298
15259
76399
57776
58029
50273
27123
41166
71683
38236
37939
84774
72787
29907
53032
62133
35719
34868
40326
38124
96567
83196
18402
16149
41619
60816
49302
89850
6041
11153
91131
41635
15763
77012
95854
88187
36145
16138
32321
59163
74694
61461
12303
9454
21918
12777
98213
7658
4339
40471
75170
13836
66767
53826
77219
58143
97105
36600
67736
58601
56299
80755
87476
71052
78473
55562
172
47256
61846
33807
85277
88111
79749
59379
50134
18162
2843
81300
59803
74816
38602
98031
11717
1127
62188
52944
14521
54517
34028
96872
65652
95487
73727
86927
60651
128
87390
22087
8641
48192
26001
25549
73095
74469
86167
71437
4720
35420
51408
19157
84205
35272
12052
62580
46540
76217
94906
23157
15797
45850
80049
16214
39455
31703
81403
97860
74792
57452
20196
56318
46316
68337
25980
45937
62878
54328
58568
74760
55844
88771
56078
47239
75575
77496
79187
32523
62494
58802
39799
75751
91114
68259
73494
94830
70687
83938
39455
8455
74494
97453
9013
22428
61299
14102
34507
60846
47134
71474
73853
66290
83313
79973
83038
8895
97487
31077
78683
38016
58503
89495
15896
82193
33024
83966
22828
53179
12058
38066
82651
38075
98970
37208
56126
69901
67031
10913
93504
51460
14187
20458
93171
69908
65502
81187
26291
80191
99587
16038
61615
54344
4343
32269
92724
90633
99477
36868
91130
51598
98486
57833
83001
53302
21217
18269
74705
59417
9572
18149
32938
43273
43590
14660
58896
68565
2881
56169
82755
5162
69259
17159
44682
40301
20430
1896
21656
67413
21728
33095
5561
34935
83130
18554
37355
15687
12170
93469
54532
13729
59887
69084
14674
60098
26529
79357
16595
61412
66553
6464
52358
56066
8281
83285
88425
1569
82602
16387
92256
63565
37251
46585
91839
2176
98422
65801
79998
54509
29865
38746
52716
93543
31133
35831
1316
3064
11239
69787
62006
45928
71792
42596
63141
18639
34487
51649
456
79095
51904
74441
13630
6319
47644
49645
33712
1074
42108
99096
20248
64523
33600
89956
9424
98394
20942
19280
50057
54627
73413
14217
13006
25049
76573
80256
21352
2345
8426
97185
63675
62474
29378
57876
20774
15605
1545
68520
57430
47780
88279
80601
5057
28717
23091
4690
88597
92527
78710
64040
31531
7569
11610
82011
6585
39296
5111
61500
86544
75635
85026
6843
89495
28323
35842
59078
5918
45559
2537
63958
41219
71469
23407
68811
6603
66068
2639
49090
43676
55778
97876
98385
73653
19003
67666
76694
20822
23905
96395
934
71673
26199
90248
78912
96065
3663
16680
33440
74877
51022
42062
36777
49750
83969
7382
77243
34896
4292
70282
9666
8325
59448
33213
99187
30473
89377
72104
54019
21852
90956
77723
56911
68195
46217
22750
47328
11494
54296
71624
76803
28395
79051
57329
58431
93617
74395
59544
58131
75364
77600
31964
30113
12150
67187
43109
81865
76019
66480
14548
65033
35843
36502
63237
27718
96167
42619
80547
30997
2070
98189
9540
27898
68499
85418
14225
26578
13806
28769
69720
11113
51463
49449
40687
73124
21426
60869
56855
15323
23150
74444
39125
24146
45966
72696
77459
72769
79340
72333
12670
8107
25484
43844
28215
95787
29840
76114
15224
45644
91167
74659
34261
16928
12266
60303
60675
7213
4819
91472
66929
61891
67399
67746
64884
2191
14370
84924
3825
58797
45258
2542
95829
15448
9055
53684
19139
12305
36044
73854
32299
32392
80890
50799
17072
96102
45064
379
56536
18524
24106
54958
46280
42269
55820
10216
31201
44501
29154
13928
58221
31044
50359
95936
36068
72725
52949
32430
97293
9499
81058
9584
64832
46484
71975
1723
35652
92641
12963
7404
7418
47653
49899
93151
90615
25465
80842
79038
68188
13964
76338
62939
87517
9456
30068
20969
95428
31877
58406
40480
55931
22074
35501
38978
22521
46055
71705
97392
72128
82725
17483
89371
46172
51461
2369
19617
85685
43738
99110
93755
92109
59097
36836
29808
93105
9869
73897
87110
43611
51392
80959
32286
46369
14832
78008
83947
33294
68270
15120
77825
9290
8396
86153
72289
23511
89892
16966
70541
99566
32542
75334
70272
25784
7109
8430
64129
79430
90203
25543
5099
34632
95625
8657
19735
82768
35110
51578
99142
76218
34899
99488
22726
91623
36252
85112
72941
97171
37790
35146
80608
99949
95462
51142
99862
44003
81970
52745
49370
27528
21655
7984
72197
8486
59112
65289
60529
71918
90228
44925
63459
39408
82877
43780
46113
11347
41136
56702
96633
46070
21713
20087
83878
96422
94160
38920
53167
43934
47474
67214
10007
93562
84889
73579
82446
17805
15887
38607
71560
68027
49926
98822
96538
2939
19875
73138
15946
19450
14829
82071
59953
9470
81752
97418
39671
7756
63313
40663
9204
40537
75309
82059
43644
32354
91226
79162
61918
79520
93801
33546
67293
52501
73805
37450
273
46755
4863
28355
98759
61724
99741
68767
38522
51133
58345
20939
83441
54191
50560
91826
9370
86966
38119
82258
78150
45923
28839
86145
28971
51517
73836
50452
23141
38734
63772
24745
25313
83577
53678
339
29286
39797
47603
63338
39748
48487
4096
63344
2657
74719
81434
30164
36441
19989
27576
54520
53783
57016
33938
85611
79502
34304
14421
88297
63849
1889
41478
45748
62565
16819
69591
89593
5092
97173
3158
88926
580
6783
20590
31942
37682
69372
49315
89589
18581
30392
97441
59260
30321
7651
86971
48413
97201
97665
750
72908
76867
33687
50761
12948
59701
23493
98872
90685
6201
30263
12851
7870
10264
98255
20208
9383
7649
66505
30360
19008
58344
58390
31635
27565
19190
82644
33805
273
88807
32323
19097
10188
50733
22189
85087
97637
62657
62120
11358
1717
39723
24422
58523
9300
58094
26279
12947
19377
61346
15083
23452
26179
86678
14039
37302
83174
40593
58147
31925
21876
44358
26600
56134
64337
38450
56583
39991
86249
82143
5641
6017
58805
9485
14986
16100
21733
6167
14536
18232
17419
53088
1964
15141
46553
41928
22643
62877
89445
5639
75186
21624
73975
22448
68076
23246
61075
45868
56970
90519
61715
85141
99330
41517
95545
10662
73302
39286
50675
87138
21173
1738
6512
43600
94184
69581
37125
73842
95170
41151
21331
23474
38192
22189
47479
60482
70250
5848
15867
45058
29145
93672
9805
11415
43697
91790
27489
49401
17770
68254
41219
26971
77957
37200
77889
25896
6246
43474
95281
72573
23654
57341
62353
33405
38538
53101
38558
9923
24202
37702
87144
12694
44388
15840
50480
15009
2405
26602
61618
87453
49871
63337
65635
92697
54442
93234
76733
76155
92402
26013
2641
22683
1612
42151
26568
62033
3075
80220
48738
96556
75248
231
54524
93432
44243
85251
94238
30753
35178
17115
30813
11803
15208
63721
35979
65165
47126
45151
92904
29604
63937
3822
93917
82148
69452
89843
5549
5383
67666
86977
9999
5733
24607
46839
22039
88288
70308
69409
23459
65771
55708
66457
53328
29294
89538
71132
41679
36795
93610
11776
76660
81393
31457
50894
50749
86361
84880
1302
40350
36027
75720
70570
34872
92633
56055
52224
46354
68016
19018
77536
98760
15978
14570
65284
17263
86262
89807
58535
12144
34337
11761
17260
79378
12476
72173
43539
20560
77138
18317
52100
18485
35219
1731
63149
91538
17512
87589
86698
89988
11491
21432
88013
90332
7587
7131
72353
90037
13160
10187
3816
4350
66618
63871
77903
19279
40491
22186
322
60403
56717
73301
85567
95896
50021
99808
78013
3923
5959
48085
15499
99544
69080
48015
823
34298
63616
6457
20083
52859
94191
83112
48482
15450
97302
45816
13964
72150
95634
93772
47001
5805
66769
31905
30853
43929
75432
77215
80799
76800
34149
78960
23112
8924
51032
38426
14988
14055
95387
21226
45123
60205
61934
65309
81347
20360
42639
1218
86479
87064
21544
17669
6476
64619
92394
25140
45999
21304
61517
92903
85671
45883
39098
60831
62581
67556
40846
56299
31017
66621
19033
78637
43918
24284
16972
48835
47225
34364
94223
60603
59080
27109
1179
10358
13723
35867
91132
28371
85997
71091
45537
81046
76516
52925
53915
65174
29829
93613
33656
69037
78342
13987
96999
32322
53277
24516
72525
97116
80624
712
66744
5565
84811
35103
7696
66353
55740
53594
46962
81724
95862
42677
9078
99576
53133
45817
68058
30988
62973
52242
99610
52585
67762
19461
4550
95255
55939
42004
24076
5976
64432
3211
70740
57921
17941
24322
80325
75482
36489
55709
49309
35497
28698
38747
60176
3721
2424
3687
12587
66450
66639
58779
72246
21227
68884
69016
21271
97660
11137
19003
43999
89676
13612
3829
10355
93875
50784
94222
25258
65176
66831
77836
97046
20569
88760
87248
40452
44533
94586
86992
70417
75580
61282
6978
61873
82361
12563
77640
47573
69924
10166
43396
1192
91948
83894
5292
6089
83176
75512
71157
41516
67752
79476
72164
27498
43813
99526
38367
57236
92433
4305
12622
11574
9898
57498
22227
93949
16293
18345
20681
46198
50507
56952
58168
5702
22031
5464
38678
42557
53280
70975
74109
71837
12697
68919
51287
70447
8503
96759
86501
40698
85738
56940
53996
53445
45086
55344
39780
72460
81015
46910
90196
8719
18851
73613
95874
78353
15705
41657
76018
41236
78510
14517
5405
78552
43956
56380
57061
27135
59727
46575
17234
25978
4198
99724
66157
46038
82645
68653
7971
68299
41993
77508
76299
47048
53290
31031
38115
45381
21327
72648
67892
58224
94213
18788
66443
44462
62215
79753
54445
74270
54793
88512
79303
60313
67535
97947
35870
82230
76561
74350
16439
32648
26956
10407
73508
9938
13962
4414
10
58057
10865
4143
6028
6992
35924
93567
98412
98719
92186
8538
50352
93025
58644
3592
81575
35164
58975
56154
56725
33025
84958
86768
49355
35348
5672
94328
12091
24486
50716
53864
39669
37317
15935
1072
10898
6140
3526
32572
48017
67705
74896
83790
37495
23048
64265
7389
15021
43350
73781
64332
29228
7805
46764
56967
63638
28290
94744
78892
14417
62639
36027
29945
92664
43394
88834
46277
44319
52147
50405
25282
58198
50909
84965
83056
63234
41460
38096
68096
99685
61175
92793
69104
85901
39587
83369
97047
92182
33784
87386
92058
76302
32696
22900
4248
31503
70443
88579
24208
47043
17127
97618
93749
83859
21808
72899
10317
23428
66866
90438
49594
56656
55553
80961
69917
41382
95272
25284
29468
72078
57942
8213
42567
73357
95815
27786
24955
50103
66173
91936
29610
1366
71586
73048
54417
32584
53746
32370
10931
81277
88350
70867
79510
5046
16143
10879
40238
67519
10905
63802
61362
97837
29058
93026
47379
92334
7512
38487
97411
73263
76472
29460
1219
18715
32171
75564
4938
30363
70811
92502
11574
11172
19488
88640
42295
83959
12473
11322
73742
93471
51924
27661
83854
99609
60985
93594
84119
87477
84170
47071
89685
91133
15042
46529
80447
52253
34425
64183
35988
12316
23713
35157
85181
67545
77345
58112
97281
99462
76073
40779
55505
30802
98418
84697
96375
46412
41513
7445
68517
61864
94538
7779
63140
18693
58021
89379
95081
34471
30542
72231
68083
38412
90670
37222
40885
78712
86482
69138
21751
96561
7599
85991
58195
23581
55376
68514
55980
74348
45752
32643
56847
73763
76239
19935
27996
80218
63618
16139
67969
39791
12124
46500
13395
34195
3276
37890
38963
65724
7959
82490
79006
56174
8968
85485
63264
23482
87946
30135
51664
39831
74504
47582
73374
67972
77274
35859
23901
18759
16738
32866
50712
72161
57927
11411
62572
56502
97389
30948
30775
86216
93341
50262
11431
17100
40480
78106
7136
89876
81684
14668
3679
97806
17651
15764
62787
32171
22520
93774
25494
30609
98611
54581
82358
77650
6621
58173
96549
84193
89006
82060
23706
3249
63698
61284
58559
22993
2954
76559
52404
14932
27814
62962
87850
4975
42525
15588
67650
78266
5243
75718
72970
24777
81424
91302
73092
82053
54545
58943
23368
33866
75142
71057
71104
79163
13613
11529
142
94339
44851
65936
84018
73715
33474
38272
84890
48017
7293
95134
30836
48742
3594
90453
27652
7465
47946
59083
12927
53480
78454
5987
39994
586
59709
59215
87227
94422
40183
99526
24214
25421
94406
27259
30476
99283
56979
77915
54718
96810
99334
51949
22972
48006
22115
81376
52552
91535
36160
16044
5393
89959
83281
75838
19130
23602
4397
81546
87183
91464
97024
46769
20158
6298
16756
86009
10017
82784
68066
69931
35777
82657
98616
37831
94878
98736
58248
59430
17941
30984
8890
23412
26236
32034
74885
18460
21035
77075
4549
64080
51866
43545
73276
43126
96771
69775
96071
85664
1812
98556
33154
54746
69346
1505
66079
88614
55012
23229
93831
61012
31911
80417
48432
31552
7101
359
57807
71404
30341
85797
90044
66154
17906
48589
97603
17250
25336
63376
42679
86235
42155
54220
25596
51829
48861
42172
57008
78954
71908
49750
11608
30885
95948
79520
76179
91002
44227
58299
58025
98970
17865
65914
51171
47689
92602
48038
67203
31991
7680
46315
25196
87798
45654
65782
60932
11352
94228
39565
59419
2115
1619
43877
36729
30086
85491
62532
97255
88512
32140
99526
70706
56370
27430
90650
89515
61486
93871
70694
1806
4803
69249
11474
27660
79033
51424
57730
57146
90851
51140
52905
57433
74752
40158
64849
3257
68838
55506
92717
70140
8074
22341
60617
32962
78881
87682
81030
93829
70503
15183
1571
22682
53156
77168
32368
31651
10756
94276
88130
19915
56890
15397
68950
19656
66698
940
46917
45668
64462
71046
21837
1300
16962
7001
58651
21600
96013
48900
21600
40916
90143
15507
75742
56643
64946
83309
35125
23427
94455
911
98725
52867
11713
82217
30216
12558
55748
17222
5687
15361
24282
62819
74626
64817
76763
27648
53809
75882
70665
44822
1152
21509
55539
34250
97183
65046
93905
92360
95452
26052
25827
11111
90031
92833
44912
20556
88203
38853
7444
69546
69470
22155
53540
7757
58261
47015
79417
8864
36968
45272
63284
79451
78448
91146
13839
31199
82628
97800
80010
54888
60613
56521
33311
23928
21438
70101
10082
72423
81612
875
79862
38179
35631
798
88301
34582
96835
16094
8246
16970
42304
62196
21029
38880
72937
46054
41493
51463
30410
72368
94896
85409
96400
7891
51623
68877
36302
93673
26485
77197
39574
88962
53396
80557
51935
2468
53371
54367
90830
16755
23994
43723
84881
39793
91928
28104
80485
24024
86534
15411
14311
77770
12264
5450
59105
56414
20294
2128
12051
61512
5705
20943
9868
94829
85541
33722
22892
11279
45200
16111
1592
89827
75860
15004
23259
94667
64040
32837
14091
30292
35867
33621
2409
3588
3290
11618
92491
93658
7200
27697
35274
95803
3315
10729
12146
49951
90682
41767
41111
85782
39793
87298
60796
16902
37536
24512
47085
94645
29614
6329
69614
88415
7553
46813
928
93970
57039
68669
49769
83643
57104
43638
1823
3204
95531
73941
16154
88940
44877
8278
43642
25472
25625
59467
4929
89959
68236
92453
89691
31530
74249
81183
16496
16155
68093
90796
23083
26634
25872
27566
40566
44965
65185
13231
41911
60099
80877
82601
44958
37925
15643
73770
93328
62292
61547
78779
34756
5995
98738
49231
65693
18850
91057
6169
13479
26354
74714
86405
82929
16872
95856
68558
2903
57928
75577
61180
70210
22853
6839
2683
3162
27930
16738
18137
85147
77133
59695
1580
99792
86653
42415
44144
33592
14621
19818
8044
49335
52812
42656
54449
14207
46552
82176
69232
161
96672
4900
94796
60944
63066
21534
68430
30133
33253
87953
88084
77566
41343
93406
74972
7780
22851
31273
79068
83365
69091
11145
78364
8585
1170
37454
55643
14196
18125
49545
97593
43059
86302
90803
50197
47993
27826
50360
81667
78226
34847
99890
49575
48885
83226
30121
42374
59159
44413
76982
67157
49065
97501
15641
85304
62220
24786
92225
55559
12554
33627
57613
30121
36626
85015
65489
63492
49987
24964
97666
36122
16001
8694
83751
65274
78585
79549
89300
74095
6538
14693
56915
16527
46424
77837
98063
10475
83426
25614
49951
14562
65170
98682
31377
94840
52170
91232
54258
66978
20404
33309
73405
66741
56451
39190
86122
96982
53675
72047
25332
22893
39170
50210
25181
38951
35441
73581
76475
10735
88309
80084
30769
2751
73014
51509
56593
39387
24255
75725
99039
10328
22668
37938
44795
24003
10222
57520
48759
33082
44
8922
35441
4548
92421
65272
48664
83550
7989
81471
86417
5012
1611
89981
24250
39903
25977
16923
185
24076
72670
38747
6925
6783
30248
90434
12985
73236
63836
5037
13373
40980
38803
11354
92602
3424
82249
41607
68050
95484
407
4248
70059
86117
47440
58322
6690
60414
71727
85340
55653
39963
49407
92159
23710
4346
51752
94137
14708
18936
82915
21643
51413
44546
67634
64996
3447
3038
64669
22993
83872
99644
31098
48413
90363
57559
64986
90237
83390
3239
9551
16781
13488
51916
10625
66561
32421
81968
81029
14399
48944
54082
40402
59165
18854
26556
67141
36488
91175
41625
20232
34885
67538
9344
63131
46985
70243
95365
49250
18847
55944
26833
9204
69877
56577
66679
13633
43420
76856
70747
72264
13839
28581
34453
69783
19737
35982
56132
32195
14951
3466
92704
63494
29044
97370
60009
91831
7246
56726
34894
16761
56142
14525
49095
54758
55869
80619
25940
38854
12199
10120
111
40076
12596
57075
77942
43312
19177
92177
41183
28280
78499
45388
70647
77490
53166
19636
67870
57386
83504
10110
82655
96303
68863
55168
12308
13450
17616
39529
24394
36802
52485
68154
69015
84618
73581
30109
88877
75233
75367
75700
5851
72846
85738
37306
61242
73207
45513
34588
13654
82436
74839
18129
53120
44635
79378
22055
73079
29527
33599
15851
52815
54
41122
68278
42132
41669
12736
62253
7331
50000
21629
28476
92945
41650
92272
97796
77262
74055
54539
7497
51278
34677
47864
35105
30546
87214
91559
74802
17283
43094
46922
16168
66115
60223
84331
32723
71043
57739
34281
38626
83445
75506
45110
25883
91390
108
92206
51552
39030
25340
83521
4685
41533
14455
84474
46117
55787
83919
41669
80744
3
33966
19316
91515
76420
9929
74851
37163
40427
90161
90974
91554
76742
61296
50153
81533
88663
59644
84651
62299
79985
28741
60186
54564
10786
67364
54602
56156
38111
19773
74231
32218
10471
90510
10146
82783
71126
49772
74057
84255
39257
32190
69361
2232
80439
21800
46684
77061
48236
59032
65226
90700
77252
1776
31342
33669
34662
21847
13971
4284
92017
20665
42913
88851
62010
3496
80413
91133
55974
60308
19095
2172
56986
63104
33
27383
70772
4547
63583
16906
12019
70748
42564
77267
7201
62278
82506
77695
46741
51788
26851
2800
99053
94073
36405
44842
6976
84944
21758
73409
23111
99017
55009
68137
4741
23295
92877
50918
81304
43395
87069
8100
27798
32318
79815
50274
26024
37867
82530
17528
72248
64115
13810
1394
94630
94786
29300
21250
76698
11970
10464
62540
44159
22278
91871
56961
61518
14375
97331
60598
2248
36747
24076
65050
1681
2662
61148
58663
75290
426
53238
40286
86741
11395
24471
76311
79839
15630
57969
83278
46421
95637
86466
12959
88281
32343
86908
14576
45364
24265
87638
49692
4779
50779
90635
39326
75536
43446
83261
29957
12520
25567
64044
75350
99809
29431
35262
44509
58268
3186
21443
82559
25246
74800
57346
71007
65245
49304
51634
56571
9580
77300
73101
43637
90351
47659
25246
74444
29431
25426
71875
53168
66750
77109
51590
5400
63760
99862
72173
2821
97819
98514
7290
24439
71072
34953
27346
70346
93494
8075
83974
91726
63902
9323
33336
51701
65016
38772
27265
85652
9082
59798
23250
86711
19096
16549
64370
2450
7309
37759
58508
92113
17522
2879
42497
60263
30537
52080
51363
52369
93213
80355
25398
70548
20700
67782
78525
43640
38738
62941
20279
64715
78286
54544
70676
91309
8323
37535
32362
88886
94276
4223
87640
86446
99354
68470
69345
4664
3961
61501
13962
11608
4389
21607
43047
58809
66165
36829
34669
51360
49710
89651
40483
9702
96369
95783
75989
87907
61412
25337
61652
23496
7271
43982
20766
7236
25053
14122
46290
77841
35285
51717
33372
66147
29885
43028
36863
36075
56502
87420
53848
95575
13672
47270
50064
79766
20624
54113
46065
40580
49123
41322
54070
12509
56392
47990
9658
62413
37938
66043
73842
72850
27015
83262
90495
53032
3501
8523
71719
19245
39121
52406
49466
37472
98224
76275
75575
74936
33754
15963
74332
64445
66564
32426
51812
45630
12911
41025
44418
10582
29722
23532
45443
47887
80160
32548
82908
48678
83044
56675
34543
11089
98829
26639
56513
55364
22145
7470
71316
40896
96311
39941
7268
58571
38757
65625
7073
57073
67967
94284
26234
50183
52328
49706
23348
43572
59177
60714
3866
14282
68393
47723
16453
73775
29022
92062
16812
46358
79710
65211
7715
98776
24141
38178
35906
63885
51202
87410
76676
11599
16259
62982
65131
33651
54710
87217
39500
25237
81911
7472
46309
66233
44564
35529
19882
27412
27873
67813
89279
53008
90002
95631
84703
99930
90823
82679
12341
46089
5450
8258
41697
15547
64734
48953
2728
6576
44665
98980
21412
50210
34534
9955
31862
71521
49778
64552
90711
73582
19528
85319
85172
14980
71235
19858
70094
5728
55110
36670
91232
3564
99659
12105
52100
52875
66283
88242
59988
71865
75649
33895
43046
60099
11493
46568
64842
68148
68529
91824
75391
43874
294
88392
28349
45710
40066
12242
62967
92339
13373
10943
96303
286
34172
90820
96360
46188
78429
63705
9975
78899
58598
17566
690
98076
80442
5830
11260
10538
49645
33918
3078
73422
9833
58333
40519
34065
35912
3572
82040
80513
77040
45209
11854
23730
42075
3676
96095
42781
47019
42609
75606
37695
98739
68027
13839
51167
72192
80227
2826
39946
49362
38925
92761
99439
27350
64024
51497
71002
70266
9308
79053
90370
75037
14439
99257
67784
44765
61822
25695
25669
14915
39225
52407
58065
57413
36463
51073
17534
95646
85056
65952
79872
99383
83422
85389
84748
92789
37026
34456
1230
1015
82792
77144
21184
81232
60217
38464
40659
32521
37760
56951
49621
55689
2432
56265
13780
38882
72935
80933
98758
77747
2273
75757
56464
99950
94451
999
66326
53019
71681
66186
99870
31756
93481
34232
56168
66876
47086
94512
97797
70063
99810
28681
2200
32308
28306
96183
31725
2156
17097
47807
17129
28413
49344
35071
43937
37907
96483
20849
28831
33031
50204
12343
74111
36113
30163
31389
92258
78040
43894
9024
99784
27125
71591
41363
89795
80832
97727
72034
6062
97800
13928
72800
57929
30482
73088
78437
34975
29768
83399
94544
3141
32125
92786
37703
89877
7049
29183
86226
94901
38063
30145
16715
95259
34018
16489
76761
48657
19100
38971
97312
37388
29757
54446
79622
36713
54651
68529
1116
36148
89783
15459
72164
89888
45104
32687
41419
23482
31188
27664
91268
77837
74988
27343
86894
28823
62198
47129
42555
80933
80426
15306
46892
96899
42162
41433
45458
91603
99420
22740
13092
88316
23004
41272
61397
7995
8464
16336
17274
38291
88131
41730
77334
7887
74008
55343
89970
73949
29830
59851
41970
15705
72287
37597
29778
15547
31157
80161
76855
565
56034
83692
18075
12044
43352
44776
9663
68208
71585
28429
38932
86383
74768
69729
1915
34735
54902
13695
88955
90895
32357
94179
68406
95018
60015
1896
86858
98200
81711
94111
10595
23698
98420
54102
17505
78010
16683
17201
11246
71634
92926
42026
70195
35207
54597
20457
62556
45716
74481
87994
55966
9612
98065
17297
25062
84923
75490
52045
13662
62806
29432
65698
39577
70520
98132
10283
39554
2415
28856
54052
39422
33274
61211
93648
258
19246
32042
66377
35230
45600
54030
81231
13733
37655
68651
33520
69574
11507
50830
67270
8111
4546
47387
1990
63694
92249
64293
45985
93133
67395
78795
77072
3588
30560
41623
83377
3958
16674
51767
21845
37719
61378
31742
70131
2101
93091
4786
18765
83632
21931
77084
74780
43274
85002
57917
25436
65715
99093
8532
41251
46896
66427
96562
81221
31391
76890
46999
99950
27033
51019
22994
46332
17997
72044
40170
86512
69530
62412
16686
80028
67622
70461
87920
87365
65119
46313
69453
89584
12160
2532
34931
56257
33240
74745
86417
6648
75857
20161
34014
70860
96371
17820
68817
72645
67601
63386
8659
23623
89607
83444
19674
39852
60242
29510
68320
65996
15271
50335
38333
19806
79180
82605
54962
50165
77313
44745
94888
35660
47518
66306
24379
37451
55270
36290
521
60151
60018
7765
90794
67501
2542
53258
14750
45804
83142
25666
88270
7417
78761
42801
55618
79021
3440
80192
27432
24969
51015
26398
3839
14699
71546
27830
51027
55019
23686
25974
16900
73001
14057
68903
16838
53308
81676
61077
94154
4942
10545
732
61452
56747
56785
42484
58910
58416
57990
14305
23420
94341
52005
12659
48529
1311
69876
97342
29311
17905
83490
8413
28566
83349
82233
31669
71174
46688
24985
46190
71937
43294
63882
97761
28933
45075
64454
55356
69165
93169
53153
24365
16223
77482
7701
9879
60689
36122
68337
46094
53188
9597
88723
33797
7274
99579
64142
56863
94746
50110
71583
80861
39522
90327
31414
72085
67860
52063
53550
13744
52513
3174
62396
37497
96295
17966
4288
33211
36579
39809
28784
47514
16415
77827
847
32633
60233
19523
44844
61002
12504
34217
43226
78237
46275
88420
12867
27361
25150
93535
60278
40497
7074
58759
73214
60806
11189
27591
40719
27026
30060
35070
6220
25740
58741
34665
48998
92400
29425
8688
58239
21102
85839
94173
10814
25263
5067
27337
89060
76594
76179
34083
78023
38140
74770
71413
63006
98668
30496
55223
7720
10317
70657
93603
30934
29158
37094
81620
15247
59211
15921
3476
75445
4468
90029
31009
85900
40587
22846
3700
16530
28184
8477
24659
55100
3039
78148
9509
99956
95011
35792
80648
91793
47115
6630
8073
15622
28936
21779
59738
44844
64474
29195
39408
18180
23477
16680
57975
37188
57471
56198
5460
47165
96950
30417
65175
17511
64558
82190
39020
68911
606
35573
33417
4222
41893
73035
89087
87520
42557
17661
24698
81480
76549
61443
4345
97141
15360
1167
31886
32040
31704
91917
21374
72830
40173
4909
92102
16698
49220
81136
89251
22259
65345
5202
36692
35075
59984
84794
87167
45531
82357
10364
46911
27537
77413
86901
16712
75378
46994
75074
9466
2982
74512
52568
75472
95000
18630
8088
91064
2296
69869
10294
43555
55810
55531
51845
76098
32208
72981
54759
39720
42355
29062
37459
36614
29342
64315
86155
28723
56678
44681
43636
28699
39203
10465
27059
86533
19383
82625
13008
34439
19888
39826
82861
55058
9672
96163
4417
93568
5270
29159
36781
43015
91618
30315
84655
93974
87422
76440
95466
54596
98942
48935
88182
15180
3061
60387
26200
52557
75555
83030
98332
43955
33760
12053
51737
87381
94134
38218
28522
6190
54706
48873
93775
49153
2
24222
6993
84180
91758
46567
81078
23786
52565
94270
93577
13453
71588
49273
63276
60238
61583
7313
82023
78287
74651
43312
96343
80363
40540
50939
66392
50056
25760
44979
90787
88038
24370
87877
75032
37544
82038
77730
38542
59198
23812
13979
657
43369
2995
39189
59610
19435
13660
40581
80039
45658
12510
83325
34436
40785
77173
39121
1833
49110
87483
68236
13057
14353
53898
10905
46049
74597
32912
44880
17026
80417
63200
69926
83680
81427
28171
87190
75130
22649
730
51611
90019
41431
54251
88934
58925
58090
30128
85391
50162
8995
36732
77721
9092
79532
17205
93993
60220
56187
64244
21539
68634
31926
78875
7327
52759
67125
67191
28228
63935
29488
44116
3882
99979
10714
66503
63261
99691
45108
49198
17499
73152
35899
27176
36237
58728
28730
14478
72425
61822
58577
76367
31468
22725
36332
74994
34536
81310
34306
70820
83060
54863
76149
62152
91619
22001
35951
23368
19868
10397
3776
58746
601
18968
80407
23299
30724
66194
22799
74604
64622
45416
73543
10339
25322
85226
72584
15099
27832
58488
67506
87014
91161
57056
9882
39811
820
50924
49522
79170
71919
80312
15864
33589
54543
87116
6343
79408
17669
78185
85259
37299
45668
27043
33470
33194
82313
62948
79203
10500
61199
66631
83301
52428
68632
90526
48469
23332
95292
48038
71343
66216
46337
71122
58696
99874
96147
18379
84624
43629
93515
26925
74270
60234
45856
40412
61452
48194
36867
12906
82495
33651
61118
83702
36657
8914
91113
41723
64692
39853
27693
49772
71459
17543
22967
78746
45870
60957
6496
9759
12100
86919
90075
98230
79607
51167
74213
58097
46387
30092
30288
16631
49784
56531
86347
10731
52275
45032
1689
44099
95812
42034
75560
1389
57646
14675
98736
20158
92988
48286
23220
54421
55410
57065
94935
24582
44631
25072
67045
37722
43078
85373
87413
79490
67627
14023
32709
24250
80941
62550
43803
83679
78032
77691
2344
15674
88008
60378
76811
45198
8369
97274
57782
6632
19824
57690
96872
3187
13260
86263
61462
93156
97326
37518
18279
55001
45039
92291
62876
53746
80871
67945
19166
29622
5980
84424
43453
56627
8571
76410
80759
73390
8780
48180
37759
71701
43091
52256
56261
39049
1945
35530
93921
90704
96034
37256
44777
94149
41718
42161
61154
84089
24060
88914
70668
89791
17174
9243
17277
48156
15884
26281
93711
55759
60153
71990
74131
20926
14290
93067
481
13032
96642
2264
23760
70298
42298
97812
52316
19702
21262
17499
13267
82987
27631
15872
90284
91316
1498
53200
61231
7766
44617
62999
22519
61647
43312
21294
53565
31530
17674
75277
44332
74926
74782
1584
81727
91689
55509
55170
66481
25531
29399
38587
11147
53415
10180
68459
51990
86164
35674
41017
92785
5250
80157
1832
86917
90529
44693
6166
55702
51604
1520
15888
35443
61516
52247
16470
43524
5637
96450
53317
54693
920
97204
80509
82712
11064
73128
87042
69669
81706
42737
15714
95503
46384
96205
18057
33680
8832
72065
95041
95436
90050
71976
57757
24678
39647
55339
4892
28336
50104
17391
54508
52873
79889
69324
86524
46658
86782
7061
49221
80021
96278
76503
58238
30076
81613
17377
69714
75785
11745
95258
40595
90208
31519
11907
98603
61553
74291
17757
31932
22368
71444
37191
74509
17096
15506
57199
6444
92240
54012
23085
11331
50477
39753
31044
32095
70358
39748
6798
45361
56574
10044
11880
30626
52284
76357
24746
45004
14640
21613
2567
26924
27380
70595
41391
42858
257
79205
17289
60020
84057
81235
9172
74946
12104
19104
75162
52974
64399
86654
78701
36831
38908
41902
38045
63928
6044
5543
3340
91406
16980
47036
49175
65573
34223
74272
7316
88118
53727
85103
54289
25312
91840
9413
11505
78386
17522
68973
11861
83380
20484
8941
36026
36977
19333
9707
24090
51175
30265
70630
23796
24125
36495
68310
45298
77088
21374
31156
54171
48128
54014
39314
49361
52076
45235
54428
40828
13215
23805
7234
62817
52260
18164
22659
33016
62438
67237
41881
95302
40797
25408
8689
64330
50354
71394
23577
23941
76312
78470
33085
18136
5258
54426
14270
13347
137
13589
34525
3792
65750
399
15563
77854
99633
44296
6986
62815
1383
89010
79691
17638
69859
5903
82251
49117
52160
70585
64439
85367
20849
54842
61250
52467
46665
61729
48031
65001
2770
10734
22752
59305
83565
62030
45003
69416
46222
54073
62918
70065
86267
17208
89072
88452
39943
17430
44242
17135
65496
79088
74020
44066
93194
33056
57380
52593
49547
37804
68607
34205
55080
24773
24404
99877
66991
26611
46529
72037
88075
57063
96968
88506
91591
24706
97438
52209
18021
79212
27932
16013
84199
8440
10038
737
7861
27440
19938
6214
91390
26313
43272
90192
27380
72867
79460
57971
85621
98156
26616
26819
16204
28241
29847
3572
56648
63867
55502
41219
62339
51293
61874
20881
88996
32108
72869
39250
43513
7626
25311
68396
85234
4357
52881
94774
3569
81016
90029
37346
19819
74690
27807
90898
61204
44028
30164
39987
33280
30693
24089
41350
73296
26827
9843
78218
1510
5900
98610
48628
88
47082
74001
61672
39915
59135
91185
80559
44511
88848
72790
69408
27216
81155
34274
71922
62892
43323
73113
74365
58635
53994
85956
82755
69317
49361
35780
74696
63259
13374
77153
70011
80933
96646
61817
1138
45326
89602
89150
54176
76417
79402
36432
94560
34219
27326
2391
87520
64925
13538
24166
72809
52915
9541
82605
55596
87741
55122
93733
31029
39664
36247
95245
68636
99928
83066
76065
44551
82669
33137
64270
24498
4220
33914
84095
68541
52515
90716
16295
49780
34438
1637
47763
53506
42134
59230
76105
50761
10691
40302
42796
20823
49054
49806
4555
30806
13618
32527
16744
67426
59709
17194
94887
55863
49954
11602
40814
93783
20572
24490
68457
74713
6669
50166
41005
74322
5871
15241
35899
25595
15959
53341
87054
14422
16663
43321
14744
85864
78342
19197
42729
63134
71028
35969
19506
46299
16138
54451
5960
75755
70146
90373
65243
16734
54589
58293
92344
45408
50024
29198
50629
94615
52882
12215
40524
47756
53642
65450
11530
53163
32358
38750
42972
68001
83277
52055
61109
30745
74148
16997
30679
4309
17781
16560
57486
28130
83526
67837
65275
66790
4563
6332
64951
45236
43221
46719
17092
16187
61057
94653
99750
14042
2976
6913
32686
11405
45434
23107
76475
9274
77601
21117
20336
60030
81318
80628
96050
43535
50804
74312
7030
90970
46285
44634
41346
78495
7043
65754
45461
93358
58898
34602
71435
8797
38686
82992
74540
90870
24054
53497
30496
315
731
35806
61954
45583
21395
17445
12394
89401
10363
62953
82263
10522
46567
99025
46943
74770
13595
49609
9086
75043
40078
34587
98867
58655
66286
18412
24851
72171
63524
70980
95490
18877
1769
81971
76657
42059
7951
52079
24143
18471
82390
69756
31749
70693
44121
70506
65330
84506
57187
67251
11121
47990
49440
34932
52653
12744
73012
30250
4771
14424
71319
28348
75522
79771
11323
62208
97113
90325
11734
57710
65652
69252
47950
67515
56069
6995
42747
20328
33376
43936
58069
18606
64356
83772
87759
37401
44788
20067
13665
99773
96484
20190
28253
30096
55716
25833
45755
15594
69971
97373
20799
38541
43570
50488
68616
76853
24305
7810
34088
9143
3042
15803
88309
1846
6162
57633
40749
612
96719
26478
42743
95968
64395
10567
23735
84078
76576
81146
45559
97468
83307
67663
82017
37704
17411
50632
31091
2256
7731
1979
45380
61171
28202
55087
22674
5672
38428
92337
33062
60441
32417
96648
71567
24083
1318
25292
16020
78168
33297
29262
38745
84217
19061
59472
67575
70174
5120
72319
16845
93116
38504
71409
12213
53358
76454
99719
14509
26605
92508
27015
7297
75438
96439
61042
50410
99159
99675
47839
17468
81921
88
16428
29212
3062
30484
66247
66483
80678
13634
91839
96740
29757
93355
88663
76278
29533
65943
86315
96614
11264
19157
11011
28001
97236
96998
87893
75630
44564
47680
55511
4792
73234
79481
79805
10131
86843
44573
22945
1076
26607
94454
43607
50658
34476
2280
79560
8126
39573
27171
90887
7124
23654
3477
22734
10673
65958
74025
80170
21792
15532
50535
94543
54317
90004
76655
690
2321
53804
89518
37384
68518
85920
24210
29642
12133
7577
82234
10777
54918
3561
89819
94575
40387
37452
4854
13501
75768
30631
92239
97555
98804
47694
76618
80200
2230
6789
98745
82744
17629
12376
47139
46593
7308
90062
10227
54031
37977
88403
95819
2438
13181
946
94558
74364
22845
53294
21904
76387
27704
94594
59212
3412
34041
30617
28680
21870
29837
36469
79164
55209
47310
90966
30330
98156
88781
81869
21090
82409
2910
41376
34977
65721
26563
84703
29872
18810
13910
41053
82410
40072
58859
85907
68435
36764
79475
6335
40027
73166
73815
56904
26918
1134
75406
92741
85501
56561
33613
98481
42213
26429
19191
67029
29683
65448
8582
20494
93868
68761
31847
7134
58268
87689
78584
52766
67385
9261
43807
92889
95724
7020
61464
62597
920
10596
17122
75410
20017
34549
53326
79250
56403
53232
81242
38042
81633
7689
90388
50827
81095
83079
4648
86749
5423
673
67198
83909
50593
27155
49590
32858
78773
15786
70968
41353
9310
58924
82207
56014
54640
49458
16790
98651
49430
19925
35281
60277
22939
52353
93507
84218
94360
29364
45914
61211
28814
27605
54997
54024
77706
38275
15364
66894
41315
36333
16639
75938
33769
9919
63333
40707
973
4575
41729
24192
40588
33049
73950
58814
99816
50791
27606
9350
81548
99676
55733
214
72318
78063
26260
94168
16560
3993
62781
32264
816
142
59181
70740
78835
44082
49476
79544
63898
95482
11223
99325
38266
33054
55945
88984
81278
8393
13235
34231
97431
51259
46560
29120
33683
41468
48244
87165
11238
96204
48735
86374
61260
8408
40936
3431
46222
11830
64289
46264
69018
41401
15214
51355
20513
3772
50641
72408
92827
72183
29593
50358
90492
72261
94094
21241
4478
30933
25200
88029
75145
19295
22491
55315
59339
32135
46141
1622
34133
11723
29487
43077
15102
41546
17006
24353
40603
6887
7724
58027
75144
43417
87270
21876
14736
72460
13159
15132
35030
52110
77365
69362
9067
57117
7814
7390
35648
37234
86183
44531
61581
93685
53221
30449
51521
56468
44774
37059
57605
41410
51821
8142
67784
15186
26010
99737
66511
98982
58580
56865
24366
97035
44975
91775
44245
44959
10098
51655
30871
34620
9851
89634
17701
87228
43462
81885
80692
14405
8066
65801
91944
28153
2125
9446
17861
35004
37463
60861
46317
77030
51066
67325
35155
62982
17264
99288
10434
66521
48495
61450
6977
55310
38591
24334
36067
54675
46375
63717
85522
42624
39303
52401
5972
19196
17028
9061
13745
92416
12934
72295
45633
75600
28086
34487
33649
96303
86471
39750
28972
75886
13042
22937
93410
50522
26759
42615
94011
69377
9701
39888
81845
23777
60290
37083
9533
32368
63748
75572
43751
31587
16144
80375
58725
98209
19746
30707
54626
61283
26839
10242
30850
44492
46795
8632
58280
16772
46875
46703
36939
18946
71135
1735
95865
77241
73714
16388
90528
10710
12956
85062
79832
88907
80977
24885
19464
98615
49674
55003
91327
33981
98626
27489
99774
33107
52950
75945
4552
45970
99880
73730
27644
33467
71705
22779
66598
65472
79649
26079
70486
6958
58408
32148
86266
55582
34240
78217
63144
21539
60893
341
10403
21082
77101
23272
40232
88798
26979
90710
91245
519
50384
47391
20625
38729
94151
38505
73314
25346
17065
49056
85122
93006
61574
66016
53356
65237
43412
9533
13301
68390
66704
45923
91852
3745
6556
64837
70563
66907
13756
75723
79613
13414
86925
54601
61404
34441
26302
51150
87975
24513
30324
48263
89913
94385
21265
51458
56110
6510
89404
73923
93522
87986
26562
74469
93963
6447
79302
303
41020
78021
89686
84278
4346
13337
7221
47165
10842
97459
49460
59489
52683
42741
60690
24599
90657
49734
68261
54901
37943
60651
64303
26564
64269
92277
46957
14503
43258
90833
39680
29076
76839
59949
69833
98697
69755
74756
28423
68426
94453
10010
51772
13617
82114
78265
62829
99828
99043
95272
84943
55449
19362
64121
94138
61885
84690
97068
7290
7639
49429
74563
13060
97258
46305
74688
40052
53874
70965
93022
22370
4936
76724
12907
66614
94738
90962
79133
46316
24492
13218
74269
49921
80917
31660
96188
86624
77723
99438
87742
10755
865
45284
75163
59847
18055
53816
30402
14115
85802
40110
84469
75844
63107
60430
83782
35968
19945
46385
99556
42138
10814
23350
71525
7661
68860
75606
91523
3920
64484
50487
9980
60219
63828
51687
78866
54483
17188
57953
28390
15839
5111
17519
11509
75822
70879
10948
40299
98803
72011
45439
81255
94194
90617
42198
72833
63115
52618
5138
77804
60385
19303
13950
85488
59095
31122
67500
34466
89455
3305
14544
35062
86218
95605
47909
32730
19730
4374
5577
68383
4449
54172
17524
59807
75808
98226
60676
49462
1352
72342
36052
38304
45328
85206
61891
52716
37228
69569
84522
72161
4294
63391
44732
78911
15553
37793
1579
77995
50699
39560
7854
75442
50982
69907
51824
95995
31222
78386
28421
67620
32184
11035
79696
99499
70762
15268
49146
32583
1767
70507
27431
47403
39583
83175
28038
72482
574
57431
20600
48537
17815
28910
66868
68586
48598
27734
49750
32152
42107
19166
59359
22936
59794
55585
1661
43657
44163
61774
25137
19198
13050
67074
18730
9747
15957
92543
20434
59351
26576
99048
90004
42061
61378
3062
41577
57853
7994
70983
2379
73515
19066
9870
62270
99924
77371
82800
5471
46442
66216
90380
70689
95583
85479
76494
68682
96697
38112
35949
97401
86092
74546
24489
33980
2839
23152
97479
50126
84432
53748
32592
92897
94565
18136
23952
96355
56461
86730
70444
41274
39507
53577
19271
59846
74397
13402
67360
90255
52550
23803
67820
22003
99253
53289
36446
37060
96805
81620
4108
44164
73881
62697
14883
24039
70382
82294
26919
51806
33260
42950
33272
39536
98095
86620
83324
46689
63657
21988
51923
39063
72252
57851
72973
37949
67326
56562
26995
90315
11659
12237
48045
8157
14356
27313
94355
70533
32986
7957
9249
55366
88337
23996
84064
69731
53633
82197
23265
77150
57462
43110
3374
78307
70237
71150
12021
87659
27724
45196
51131
62545
81958
72688
89187
83707
59830
44086
51463
56538
52690
36491
44292
901
56491
25351
19662
24032
31336
91387
99831
25829
51714
16219
98130
68715
74282
44663
91783
55334
58749
54232
25300
96469
39219
13135
48902
18869
58316
26903
25407
58089
44444
70713
71188
4962
33772
79645
32003
26002
12797
22251
32931
57814
84842
14230
83119
83488
44350
38435
60697
35021
76566
25046
50940
29917
87014
11479
61679
42463
5089
45422
93915
30534
99186
16393
2776
87355
86954
1282
44158
64288
23590
87588
65804
15490
3525
94393
68065
48235
16437
45588
29226
23676
57178
62479
63011
42024
1067
33605
51796
63397
20910
88457
78029
60980
40185
48759
58498
76707
88011
56071
71361
51308
45864
77689
54181
30364
53413
74178
42776
5919
71424
71333
15274
39234
83395
16966
3533
24418
54353
18645
34978
94979
55251
52354
71890
45733
4394
4004
22317
41029
73584
55854
7049
6947
55946
58086
80443
59874
94850
32150
19423
6798
28922
36968
14589
63677
16810
91662
20119
77411
67198
89224
45055
4234
14511
54367
97525
92737
48793
95784
25623
43287
29459
78136
33898
67246
86932
92313
92785
49211
43600
33851
99833
23364
66119
8886
96178
11095
94769
74577
89513
31195
82371
86720
85623
86220
15245
71044
84629
49018
81740
56727
55144
21963
37
10711
59853
18093
16290
89653
69372
18132
36563
82677
67765
90287
61629
52575
22718
20757
52347
95700
66122
92030
65185
31513
6706
63348
62384
1599
75351
53124
19318
4935
85854
96628
22808
21295
79167
53917
78453
77899
7500
72777
22505
95756
6205
69354
64339
11625
95962
75176
69315
9128
55555
13434
28595
8244
6415
9692
52456
56295
54081
12568
66680
35486
38888
98504
87820
52149
58436
61375
2423
1100
37759
42486
77776
4829
39645
39413
87257
11732
27151
43173
42119
198
13153
92378
83296
76062
57607
312
1812
69822
2233
6268
24400
36943
64448
26031
22157
39717
47633
28048
74362
42323
63190
41617
47032
82129
1367
11313
26359
89699
32426
47948
80848
17612
67530
90475
12819
3886
59548
85566
99849
39673
78032
11988
19820
32852
49715
25432
99409
59245
16144
76130
25193
71400
23447
56358
8964
91258
25733
67844
4439
47442
53235
60143
31211
30571
69102
80172
73628
30652
14569
90429
87227
89528
21298
58782
63395
48250
51759
96286
74144
94416
13802
21120
43197
17687
83956
56548
67011
63067
65468
28683
39953
30995
1747
15909
21503
10897
63627
15942
20221
50573
29730
38806
59099
57631
83231
4432
30044
1168
55447
22084
41381
31978
56923
55512
11612
67813
50075
32490
65092
96535
33943
40328
40868
34510
31258
59975
34586
40170
90740
30475
55224
23387
43480
2853
93328
10166
81197
37891
65497
19132
56358
25805
21065
81372
39343
57489
71228
88441
6256
56770
28321
84648
72465
91048
23512
29266
31603
13710
4854
41850
7485
55869
4492
9614
77312
77290
3713
79639
78511
6726
17641
80671
68687
50478
67536
19361
68448
24613
7987
74012
80203
71072
28737
65277
42557
50818
56419
17669
49567
68191
40212
38410
36851
69822
17203
30811
12432
78719
18209
28257
89226
69556
92867
81821
58160
64746
4003
59657
26215
32515
65581
19510
32034
97995
76020
97058
43246
36262
29178
12256
34296
2272
69044
33461
41309
66823
90960
54823
91411
69940
82153
36305
7916
73497
37423
27625
99943
93438
82018
47556
55244
18589
83045
18207
68440
77868
33216
60271
53348
596
46278
39704
7701
25649
12187
18886
21347
54344
21884
6038
44847
9266
86484
15525
64460
56600
43756
48638
61551
73132
65949
79560
69792
90683
57362
84421
81844
30569
57463
82716
98751
48569
45961
69825
59878
46922
79906
6966
39002
74030
79715
644
43031
24842
20967
47498
3829
75296
81860
42435
10758
32723
42449
48010
91812
60788
31054
1270
14566
42338
65709
90598
44706
76403
44064
69579
69509
66670
93862
87509
66400
47891
7909
6876
72599
13959
52413
47020
90869
56834
55628
40110
48509
98985
54933
10713
11985
3733
4784
93424
47975
77598
25436
84399
13103
36734
2869
82072
49278
95510
34090
9978
59288
49496
48734
30278
38197
67374
27906
50481
40090
76723
84195
97783
66829
27145
63046
85571
75757
40871
74951
24861
16658
15765
70383
39761
24765
28556
24953
30562
16278
97167
10966
90622
55567
161
93370
23950
89140
18621
3024
29245
70447
61177
8290
13100
31732
56443
27142
70212
94372
48779
96289
21619
47574
13072
41271
33364
66728
12161
72031
47463
87424
56538
62187
44605
98834
90141
57006
23808
71072
18331
95057
28027
85129
14551
21577
66743
91133
90702
17749
86617
80910
92940
69466
19551
24217
89380
51521
93807
84527
49080
8808
28347
99859
72761
74735
43132
86910
24822
78934
8831
2626
33550
61240
28276
76339
71788
27011
88928
7760
3891
50050
50749
11319
86441
53676
37080
75774
39994
77980
77480
99481
67026
71822
10953
56368
77281
31857
95581
45381
95913
47655
86322
77084
72049
1963
36549
55085
75854
18180
50914
17058
70695
43347
67182
10453
73660
4246
72951
91288
72485
76643
69453
50983
49831
63298
79183
95789
76914
85032
56629
26126
77638
50968
2156
89040
31649
89004
97894
5961
80186
85653
81501
10106
22080
5542
48731
63106
38962
35224
28984
58816
68500
23374
9346
63775
52393
69989
92113
88416
21917
50949
58386
30862
47923
51071
76039
86056
74530
18748
34225
66934
76128
48332
8540
41520
25859
42601
61079
50046
40387
6984
57832
29590
70581
79632
42212
40245
40617
7028
37994
56418
99052
33475
67517
59669
34594
84660
61758
45322
26550
90406
7705
34129
45377
9792
25433
62373
92259
93036
92407
9052
68341
38819
35730
7177
93984
83191
94418
77701
56349
86774
13255
19245
49650
70630
67375
84533
86562
88027
32436
75321
1566
9244
9121
91613
37419
39638
82638
78093
4486
87371
48024
20949
29291
46539
60252
61640
63491
63862
74518
10665
7329
12661
26510
64036
12686
6560
65131
47877
70021
47153
90787
42486
50740
14802
71266
66182
71978
79844
4173
31384
74294
32614
69993
20642
54452
5074
73067
68695
75229
84219
99136
78154
82121
98042
27557
41034
92834
88509
23900
86096
89632
72810
4368
22859
36867
34117
7316
7145
66448
76106
29121
10131
22549
21737
81763
33152
33482
36065
7685
73875
83486
5318
43847
15965
90062
10043
61388
83994
53542
88789
19872
78095
34721
659
65836
78752
33682
59946
74210
91109
88343
34189
78130
80309
84797
68141
57798
34650
73172
20463
62220
81688
12526
77423
19048
73961
26202
38403
47186
55589
35096
51760
24438
18821
50466
16344
78199
60410
50183
53988
61029
51764
32733
1272
44923
43896
41829
65131
18200
38493
81136
36131
97138
69780
93409
55725
70847
58357
61244
89330
82337
17829
97685
65793
11323
17801
34092
5593
65070
32668
79945
75108
2373
34671
24688
72299
12796
21782
75248
70391
48346
6261
74504
20437
58013
28090
25801
41068
6934
99003
56483
4340
71425
27463
89468
60250
88712
22675
56058
29315
5922
26610
75433
32561
16743
77042
46718
21323
96126
61681
48037
15455
43513
83790
13615
57853
23282
23013
64800
45670
47463
41671
3754
4111
80245
56395
39642
27454
56380
67732
6253
23694
96343
16234
47325
64208
69917
12529
91215
57859
6873
71036
10122
40177
78507
62205
60705
92554
76996
86563
32741
83845
932
65340
90368
57330
14798
37087
76505
69663
87820
47446
65184
25294
33288
20108
88823
39747
63330
1009
37895
8226
46084
74935
28942
52209
2289
63960
63600
66013
6576
30528
56022
87730
65058
24480
89055
74536
25303
32979
70528
71038
37374
15009
169
21149
25331
28031
24973
88931
47454
83367
56237
21897
20398
99018
45014
11470
57613
53871
64408
79602
25568
85633
26915
47999
52661
16339
72906
26973
35194
33891
2414
94623
72358
5867
86528
23867
27926
52694
86979
54791
60175
61283
32930
2848
83547
77389
52497
39619
25643
75150
33209
82187
21392
65701
90385
79595
42540
73225
55313
90435
95129
76435
56171
4311
30196
86258
53775
71721
3653
6340
11520
71859
90174
2018
24306
65903
2864
85524
4762
54527
95592
10441
26749
82726
28102
56811
55906
12446
55350
79795
54913
14115
61992
89429
37175
11822
545
26742
56808
53754
7475
2424
65066
69393
65304
68194
33789
18085
50785
98181
44957
29754
59343
67856
72126
87868
24136
31457
34274
7193
54487
15338
85526
14450
2896
64302
15238
48671
32424
741
72103
59871
96995
82273
93197
99595
65968
72588
14332
64959
21352
72314
61574
79016
31086
92009
75489
64551
55072
87713
99430
95908
71961
21060
71099
93973
24188
50508
92673
63144
66347
8070
18901
55940
67703
66746
94917
90836
63503
57907
95861
41985
71718
54980
69014
65660
91940
52
55724
27595
81381
13390
75269
47818
59275
92369
85646
85156
25452
75933
97359
42269
91447
23476
5406
83886
13238
32895
21968
25883
83553
1583
37714
70862
88650
16247
13153
37139
59583
42709
3145
52306
51178
75195
47462
60029
63310
96163
18191
19261
78516
92308
814
58788
27607
70171
99968
86794
10635
15623
3153
45112
94451
45549
6085
40876
80036
7110
1913
84480
82885
90313
63190
12072
97982
32894
272
73248
27197
13111
62706
20186
31452
45618
61252
43134
32589
18366
27282
59001
30582
34348
93648
74739
20598
51031
76463
15248
91382
42397
60821
26760
61534
43840
45109
40955
63467
78470
78365
12506
16199
4941
33058
23314
37579
71511
91657
80397
34162
8809
89575
21199
72674
44659
49316
80042
80839
78331
61074
62484
47325
8680
13583
20577
90663
70943
55653
21297
45212
283
73634
52879
68592
6723
2945
19358
9474
15710
52847
32301
87234
1319
12801
20527
25669
14979
26030
43576
51847
91610
61324
12719
18129
97185
87644
94526
30484
66990
57773
96313
69463
72234
37010
10213
71538
44158
70839
23213
97967
79423
71538
84177
55975
48321
17826
55674
52735
28224
3985
68406
56497
88678
45239
39066
11195
61702
44760
8666
911
41096
54305
7689
88878
67920
15279
56843
61969
75859
49931
67799
96153
89750
83413
16933
20953
93380
16628
26973
1711
8463
37015
6323
77248
55772
49906
63966
87558
1498
36558
38998
1194
27160
96661
58179
5288
99797
12902
62322
52466
60636
83065
22911
68388
95099
1190
4030
11257
94738
33481
11501
40357
72578
26909
11068
94520
47349
8916
90531
3400
69221
85110
86933
54546
19902
18527
99206
17449
83339
78827
59136
82134
49787
82687
39067
4300
85592
7684
33449
61629
73849
51150
63174
16612
6927
22728
16556
50073
90866
4804
58897
76545
3819
88493
13769
77769
35892
94546
43456
93792
26200
18308
33434
92484
4375
95782
16356
97788
38473
73876
54671
94591
88913
82082
37847
43842
68998
45124
40097
35389
16566
46491
27566
77968
88439
51358
161
75889
99594
24016
2477
70183
42371
29721
40744
28312
37520
93818
98283
51030
88526
1979
50644
27577
33411
64599
43412
11098
14077
35651
10619
5047
12266
71724
79758
48298
33349
40498
30595
61779
54393
39578
49278
72672
91344
66380
46699
63574
81680
87683
90619
3482
23476
93505
34759
5059
59643
84084
14894
18368
46901
31086
21894
15103
3137
74521
54758
39323
83839
65410
2858
792
98633
40909
5924
65250
42270
23352
92763
52271
80938
67633
5248
85886
4407
42331
72820
55677
27258
19178
14547
36834
98324
62743
10753
86470
56494
57608
4262
80488
53135
83867
62515
80388
46655
53411
56135
22600
63117
49278
86945
4323
8286
68227
29016
99271
11166
52765
30018
74368
76795
12971
56957
94122
26971
80790
60318
93296
11579
9865
73725
70409
80309
32479
62378
4762
14830
11906
82886
27856
34835
83183
19531
86452
7912
58273
17576
18962
12777
82613
42906
29492
28214
69188
59135
84558
45905
3567
28218
76345
34346
8762
8711
93368
13190
82263
46981
14474
32590
69325
30999
95350
90514
16298
3799
48056
62484
55766
14236
23576
62849
11244
16366
94969
4434
73387
15616
4421
74282
91899
99812
81370
97248
47805
86236
60820
16271
19209
62049
31082
78472
30399
94745
18371
79541
78875
41748
72091
85433
67832
93811
49033
19990
32659
45587
7398
79864
39147
98558
12198
14013
48416
66417
22499
84018
88975
71122
77900
3623
49845
88977
26761
41146
10353
30444
41918
56765
51998
14816
50950
38243
55668
31463
67555
93210
73555
63035
48191
53943
79260
82837
13837
51424
41866
28524
70611
19459
40172
97338
34920
96803
31802
4297
18942
5451
18593
94054
60453
96656
4410
99604
87342
72732
24486
96557
91675
12338
36392
10427
50703
49673
1922
96148
73003
83916
56435
24025
66714
24226
57652
74352
23880
7762
29388
64151
89936
63435
67404
3778
40653
32462
54319
8599
20169
98339
38448
71502
3234
23430
67461
35701
32359
37153
31926
94099
46326
71627
66060
81434
60324
94614
73472
18478
79969
46762
94142
13769
31563
50383
5633
27657
69169
20372
56220
55899
75407
74409
60615
95603
7392
9177
49949
14992
51781
82117
56850
60311
43664
14089
33749
98111
72845
7339
47930
9224
48066
55279
70414
21935
14782
5859
77390
96165
25376
28678
12711
47931
41983
27477
17884
33906
11627
34318
22003
99604
90921
19464
98254
31516
13347
51889
35893
43481
85949
49326
47008
70636
74249
63915
25919
40463
84318
59737
5729
39815
79127
51929
11308
99176
72656
93555
90931
71046
29742
16049
19802
87979
62187
51802
7865
47652
52441
93332
11586
87263
54951
72496
44811
77650
22296
75312
7314
88670
78295
43236
1350
51747
13509
50098
86261
72892
9895
85416
29151
30097
10865
19433
45620
22677
40574
72972
88773
26964
41993
66097
36941
52686
47192
73546
51009
87439
15190
72058
20756
62848
72861
24958
96281
75335
72595
12738
5374
46838
36756
84880
90600
16417
93460
77810
60891
12340
20790
16594
41620
66101
7289
93901
24404
94716
5415
98738
63281
95758
1621
49598
37473
70735
51817
71921
2575
16774
34199
48142
81816
3992
52764
60097
6938
86496
84321
38208
4278
78671
99388
29593
35793
65209
3110
98155
47073
3277
36147
73683
44753
18295
47493
74145
24331
90990
1249
35595
96002
82690
7629
97506
10942
48279
74791
7835
73369
41805
62584
31752
34739
28404
81893
70741
5615
78037
23981
24629
88013
31473
23074
58128
26441
97016
52424
65589
99396
57667
29154
62935
24735
42726
56443
74088
32107
45289
62934
20764
63581
47643
8729
69077
99593
50277
14932
34189
71535
87026
39428
95107
14574
48813
65423
25735
34691
31514
91255
5410
12506
69681
10070
32420
43047
17148
46199
27365
15483
88004
71394
79740
69690
76984
58582
60733
27586
37005
43361
98001
86322
3414
54232
84052
77703
19431
41339
68876
43625
35356
80548
69584
50832
25289
54705
15086
69999
89438
17213
32199
73875
87518
24356
71092
67180
79325
82318
62600
46958
32252
92397
97693
6252
92328
93681
20264
36268
5311
96266
28409
52574
17432
70095
86495
69448
81558
4566
60560
73134
43894
82309
2992
99539
88759
16866
28906
4845
74536
88471
46296
28508
2606
74744
24763
87306
22885
13826
13537
6368
94509
56324
48469
88529
88301
59420
19848
46898
38836
51587
8098
77165
28227
49579
32848
25996
11215
40713
2311
19730
71702
52931
94586
53664
34547
22724
50232
6355
43289
36735
6325
35650
54372
66688
56250
33576
91540
39281
76573
65758
50231
82759
22618
97671
41157
70129
57736
14852
14653
35304
47762
77072
12977
72951
21797
7546
56425
45404
73175
7356
80928
10744
50400
2629
9769
54969
66791
77339
60090
58177
39741
18208
56077
49758
55735
99784
45014
10838
45644
67608
89843
63546
46330
35243
42428
46150
19220
97032
85428
10725
94256
72540
67471
95713
8510
41001
46303
19589
12763
94421
97604
13849
26473
36593
43410
63574
31798
81883
3333
52113
10744
62484
74282
12724
45980
35690
99884
74520
25530
93827
99558
52636
14267
18606
88969
73280
81040
88962
38543
43165
99250
46848
84799
69788
70845
48993
30441
14143
58924
84283
43453
10637
52552
16231
92914
20379
28863
17875
39780
93424
22187
2528
34603
3213
57659
17910
60949
82116
57674
63522
3242
30883
83539
11508
10796
96735
31805
59790
76026
14969
65032
22931
44113
87130
20085
70947
23856
25188
3598
59221
75013
25607
53853
53692
6107
49798
21079
44660
28512
78177
94055
59823
77559
73880
79901
32590
29473
39185
26081
55230
14143
72759
58881
48091
48052
39096
1025
5896
89118
42843
22556
40048
45781
60193
73797
21899
56346
17122
46905
46102
91432
19956
13443
75453
22286
37622
89381
99031
40812
6894
86088
33995
13360
82052
16103
28043
99605
78584
35875
74323
70326
66928
24147
33518
13434
56694
14309
68821
26300
74435
21782
38718
54256
78742
33376
59769
50064
75283
54576
46956
97244
91381
42842
62765
61309
44842
90238
57765
7300
94937
57124
65271
49445
94802
107
20577
79323
74011
82110
11288
52624
67635
155
29412
1394
73872
17330
88203
78613
66123
39428
87114
35002
7430
33869
56787
74162
15213
48771
92635
31459
2545
53403
90394
74503
78472
87777
29893
28647
24439
78758
14356
89622
76399
52807
61704
97227
32980
51383
61587
8950
78869
34003
57327
30462
59598
36115
85438
31100
68967
34165
7114
96793
13604
58646
95781
50311
478
87395
2797
99299
52672
46062
9368
56220
96309
40390
86919
11194
77260
45867
30468
28610
60092
84280
99925
81494
33717
23855
2798
33785
98248
49898
78441
29997
35866
66252
98763
54189
74767
4378
83232
75714
39805
36493
37027
7937
45982
11966
60383
67900
31711
62036
44420
39877
47587
46934
64194
13813
13395
51605
3209
90836
31178
71496
95324
22355
95393
68245
49738
76684
72576
16606
32684
7719
32338
8590
15459
33858
99199
28536
62609
22204
60398
63724
26364
12996
8749
69123
33809
12319
21526
62032
1846
27300
76479
82572
91631
17330
84314
19431
18981
87297
73306
66709
70132
54378
96182
47373
33279
78610
42034
11581
45494
59324
26700
94001
71886
64403
3958
93271
79285
77452
86789
18862
40281
19125
93110
35856
5082
23168
33576
26563
8464
25206
40406
79353
36982
52841
95660
9754
67658
89330
54982
16590
3505
19932
78569
76838
73548
59945
74952
86855
35410
6535
35152
64793
17053
52630
84886
39233
60941
50490
10696
62495
88671
14982
22251
3522
87016
12192
97514
94944
27392
87640
20091
31605
69873
50249
58781
43767
70209
43103
58208
97189
3690
123
6380
4403
43228
8983
20116
66781
80705
74894
42521
5348
60415
7322
78015
79805
1328
32295
99904
39866
20964
66618
53085
745
37784
77148
40189
85539
21340
88215
23323
31210
79793
93351
95534
12063
22974
73669
76225
94800
15798
24551
62977
2669
41653
44761
28560
32683
28266
47643
86420
39563
49613
12775
60500
72751
6573
8248
85981
28782
6341
78698
36389
60261
5986
12283
19478
Time spent: 95
Itarations done: 25810888