81412
76346
99485
94849
81743
48766
40536
29440
10142
38769
82919
72307
22230
6168
77951
97944
72235
49593
8336
31554
66824
28778
82750
57837
68028
81978
37298
50474
77354
37641
42227
3742
63390
37937
256
36414
66015
75820
1520
42545
21703
96994
69323
83718
6525
33515
90807
53011
86079
16683
77088
92170
94911
63488
38558
10422
41881
43076
92770
35815
52529
7506
44685
28192
14617
14570
92069
96602
88866
79503
12412
93405
83307
67105
82011
2308
66727
76173
62693
98235
14375
74043
67154
33193
37365
10677
80019
94199
46171
78891
68437
86840
38148
90189
63414
21198
79174
4093
31047
15630
70335
82972
81480
88292
51979
44061
82589
76315
99533
45685
55299
8179
8129
75689
27927
56127
46424
6634
18025
12304
83875
44520
91988
64890
60334
25665
24994
98580
71950
9781
46887
7581
93222
76398
13186
88656
41419
56497
84676
76793
16669
21514
33856
96690
18696
7876
22068
29555
49444
76784
7174
36577
59810
96166
48449
37966
88224
84569
72687
19600
68977
75205
53504
28086
59053
42458
34454
19430
43579
82843
95803
46545
32109
57780
24658
6453
50616
86457
98658
19323
67355
23677
34534
78368
64713
69761
84579
92154
83674
37440
86448
39007
22758
44096
84676
66996
69030
6817
45941
2327
75250
92430
84308
74044
74270
14998
97577
23543
39439
79252
91333
43709
58122
39970
33417
84333
84322
84567
38266
68046
75968
48954
27949
84089
2601
45201
54688
66061
29989
13625
98305
14147
49644
11609
71227
92361
23229
16818
73589
16975
54564
53406
41438
53600
85194
46423
22146
57237
33465
71801
92919
22172
61527
97166
10597
56722
59951
2154
43978
61601
85361
25996
93476
70071
72970
14862
47189
3089
72925
31760
57289
3252
27066
47757
46164
37670
10971
54881
67826
1752
15132
28238
56862
13421
28609
17748
94554
60427
18723
68338
9777
52186
71126
51506
10925
31965
66022
40916
14313
25272
18366
79954
94410
35921
2532
70195
31696
52555
15253
56267
75110
95264
4567
94833
67733
14470
7024
73226
6757
52413
90632
86742
21762
91311
96770
92671
58933
41682
10761
33853
53103
69325
67839
64880
54345
20117
18888
20028
51359
78028
38700
33567
99975
83668
58341
60328
21873
48208
42837
47216
85936
20632
15527
74833
22690
5071
51242
22444
50862
79358
21894
9229
14338
35967
80112
30105
37668
52123
9238
35346
8759
97172
51291
99820
88486
2169
48441
89868
28724
49163
98073
63667
52634
85830
26720
34414
14052
34835
33914
84699
6424
46720
43456
45184
35970
40141
26647
41019
8648
83910
29688
65380
5929
1564
45778
61107
40566
21086
21348
78616
90222
49925
75431
31099
4228
28597
41322
86488
66712
4927
10532
19718
77947
75379
70395
98553
85019
59942
78803
91577
52772
12697
12184
67872
16476
21443
56143
4537
98770
16652
82123
30361
5193
92575
67983
11835
34947
41415
75573
31123
56552
15296
94180
14683
1650
60138
95151
45985
24465
10544
20044
36034
59267
95496
42343
31431
83720
80886
1058
11235
62048
66812
3481
61136
98746
65111
33886
16248
80892
5714
85172
32311
25119
59195
51232
79163
73912
17286
79241
50051
5144
43123
83148
45688
28614
88666
62283
22901
43845
77991
52341
94334
24521
72027
59884
27832
76669
62870
96088
21993
90056
93919
30615
27839
65267
65857
32311
45601
52535
67906
49839
50362
82645
68785
12409
90611
5072
12462
98455
59723
74037
90045
28409
61961
39245
1074
86615
81805
4822
74959
67035
18247
17344
96503
67519
64144
31804
68168
28246
94803
83023
46168
21358
79676
59197
7492
50849
46395
34194
40586
14480
7299
65635
3704
12741
5223
6984
61843
63862
47495
13532
95674
98377
74948
44588
74036
61961
56182
77134
95346
51029
6426
49843
32635
42031
5018
50574
61985
52425
25884
45350
14738
88973
1353
22270
70165
97331
11200
89979
97146
25800
26040
26988
60933
55676
37032
25574
34236
30807
72288
11903
90615
39771
34469
52700
12565
65498
93788
77981
16713
19231
35917
59245
84168
18381
95298
83014
85349
51148
929
50716
5509
94677
23883
17636
9698
18112
43676
56056
34022
7043
44040
90643
53881
91660
7756
7805
59204
47382
4880
84951
61756
63711
59063
20437
70225
44815
32594
70521
95067
13588
92395
15697
86979
39888
6392
85572
70400
3194
72526
68778
6560
30109
1125
22416
9410
17919
55429
74145
42098
66874
4788
79241
41754
95862
60361
54860
55909
8877
44118
64173
25204
12938
88519
64210
13920
62065
76469
62938
72366
16461
8948
53491
13321
61231
31197
6461
98498
24761
57433
4749
60383
73315
8725
99727
29830
35443
19059
52339
419
27499
70520
98225
36890
9829
90144
42097
26819
2154
78166
43314
82248
26191
40255
1976
21124
23751
64747
92836
97153
19347
20008
22964
1094
57778
46735
8296
26516
49182
85349
74115
78710
96767
9594
84949
6681
65690
34026
524
55081
75499
25296
36118
65442
63113
74954
78061
4192
68462
84960
68063
58769
40743
76174
23717
22459
49648
54804
6740
83681
12980
62109
85359
46037
19762
88634
62779
31725
36213
55821
59749
62836
30924
55048
45994
72518
45107
86978
12643
71202
63938
62580
65772
81800
15878
11219
99793
62206
38208
90976
78655
53455
99125
11638
12695
27508
59385
61801
69454
59950
89802
78074
97897
19734
34815
6598
77211
50647
26914
84929
23703
17333
11865
15778
2348
2435
40497
13192
93097
70860
19216
76465
56332
62153
88489
87398
26720
32638
16192
32488
40164
45231
51036
23206
64724
96748
80200
24726
63054
80023
74844
6311
61330
1320
87377
95007
37574
12280
85125
48383
70926
70045
66494
61768
12651
9206
7745
90749
49519
94895
31225
679
30695
27568
69123
51504
20386
86979
20835
88427
20223
35293
66482
36775
77740
47504
4383
92873
60274
1026
26019
61822
27242
35783
28501
17781
77978
91082
91569
52689
87191
36253
13844
35314
65572
38264
11357
24106
99214
51448
30282
64522
28224
71978
15396
54351
22292
72880
5903
78994
98960
24129
1123
2756
8936
6798
49922
51906
82058
50214
69845
40591
87363
56745
94563
71656
11205
30097
81575
90996
98480
89904
85995
86277
33764
37904
20841
98690
61511
39154
79399
59863
57474
95486
91033
75147
67100
17814
18249
49173
20910
48924
79877
89944
21713
49009
2875
33646
74030
32501
63617
3983
92165
36623
78397
57011
80148
9622
42470
65302
24108
29787
97106
63716
75637
5109
24945
13154
33300
57858
35360
38346
48721
68351
3593
61087
93488
37843
70088
81274
23661
31737
89778
54698
69732
81207
44968
78712
61669
53839
39
24791
70996
52048
81365
50387
14887
61801
11620
81623
20838
53559
14105
83039
94742
32376
29753
20951
70024
44751
57159
82941
41025
76068
34270
37576
99894
14387
29321
5649
3009
13841
98113
67099
90313
64068
94953
46181
68930
60834
95333
1578
51029
77448
99883
97830
5180
56547
41156
49796
40264
77502
7521
12818
91515
5942
31676
37848
19382
98821
65288
22986
63625
20921
75775
70739
17440
26887
56419
3728
99380
76622
36839
703
4464
81263
17229
89372
10095
22006
26847
72949
97281
44670
24920
73214
23130
9160
20407
44528
46718
64900
86004
50396
67152
30800
81333
97035
80019
81506
80413
86855
96406
80398
19322
88837
97286
54244
41394
22510
15294
74413
19322
17541
45793
95195
76244
41934
89618
1056
11161
88401
20981
31541
57981
70673
55792
85059
72026
9363
67975
50938
43018
80441
64375
82890
79356
58460
82455
6439
94926
11391
19224
47874
56738
94250
34688
82926
19354
44651
98626
29670
80378
5012
65578
51995
40198
83344
69712
97560
38731
17385
28537
67257
72085
25288
32497
1995
62863
10178
76018
77002
69255
35578
54867
13864
70120
4034
14538
56178
55921
52259
84839
5928
88699
22652
77016
84645
68180
83286
51434
65875
55671
46288
86252
23654
62560
77977
90471
55460
6065
3217
8380
67493
71271
81163
56637
55158
95566
69871
20121
72276
9252
3245
8131
58812
24420
75352
38666
88806
63080
64338
75235
7710
55120
31028
88009
51480
16820
95737
49128
78550
41448
30906
573
182
94909
6883
52272
64749
11454
93498
77943
37112
27128
51045
76701
15541
71954
40863
59537
45525
65760
47910
1538
22329
27114
35558
73058
22304
10006
46306
26074
66730
28714
21169
65527
1346
17731
35230
79728
69781
652
37149
38752
69694
9629
36412
95224
6745
5282
3652
38046
3386
95876
36604
56308
76985
44153
97077
68029
74959
80349
42794
56339
43337
10740
62011
34335
9573
22506
68565
29077
80470
37721
30294
35062
91693
61974
84781
37994
96640
6414
42886
50782
49306
35956
92820
35444
18340
10913
95260
6948
67596
44509
3546
28017
52261
94533
52008
7527
9061
43793
30231
9397
64032
1126
1376
63672
42001
72346
28624
47067
38203
8846
45421
66282
4338
40486
42373
34178
8897
38947
46501
76266
54730
37904
37007
42912
75612
57190
75793
31339
87920
39525
30670
40669
43611
10439
34548
93183
16274
14728
54823
55408
53351
66015
43791
83797
44473
69991
3108
1467
88418
46399
23151
84866
89299
80039
51585
2186
76405
76855
4547
98979
21470
87587
58531
70674
22197
88551
51416
96520
31488
76735
77026
35034
38113
44758
79194
97062
46439
50114
38508
19385
60357
82706
97752
59093
49705
64845
90510
16996
66230
88670
21486
76902
80546
7402
96786
16881
31562
48872
17772
8452
15489
12443
33016
70158
92810
43767
89486
83068
58500
55701
36312
7522
3282
78308
12281
62769
91873
76005
91705
44147
97930
65742
72348
56075
64794
6512
63842
33348
6177
7546
75336
8108
21541
20226
7068
55334
77227
37049
22161
15826
96262
19884
12124
52377
7302
19352
72386
42212
26297
27288
72643
46731
83276
25092
40884
28248
60978
52157
79657
2614
82144
20652
98492
26499
67880
45582
77319
18602
90789
42379
72348
5141
63469
68160
38033
61752
35491
47401
66622
96257
20092
27882
40212
79772
35643
58614
49344
87224
26273
67861
56851
52591
21118
46414
76027
79040
2264
8971
88126
69634
77739
14760
45790
60383
97806
77474
96218
44145
10316
84142
10693
71274
24046
72725
25580
873
37687
89035
83967
55129
96573
55013
16819
98464
59234
32408
17871
23063
91523
58642
47431
72875
57315
64881
46843
79251
41698
60303
57569
13148
25063
81092
16687
81192
24667
57836
44056
5858
34018
50868
45468
33680
19787
39447
30844
9580
81034
27768
86831
40343
36109
48469
49126
45690
78920
2569
91453
61547
38115
73736
85292
16840
80260
94301
87318
52510
21241
20650
79953
89420
48878
96372
24525
80455
14143
43026
86214
1347
18390
20391
55335
44615
9649
40780
20415
81508
2303
5254
45154
47943
51366
53555
63532
92180
45105
84069
35160
94327
27874
5348
96456
30760
28817
26507
2271
10163
51485
80223
77331
52125
74433
99150
87165
14092
23496
34190
94175
97965
2733
11416
86051
83752
12907
73320
50978
44404
43893
39641
26890
93353
550
53189
70479
4236
10367
46891
75780
20913
65578
79706
21825
45123
72475
41095
44199
48986
16274
16435
6323
10053
1174
39052
92807
7698
92137
28450
59480
51416
67438
28923
52520
33932
89177
17841
52530
15008
12719
48762
8556
45487
85405
30916
1669
35293
29940
23662
18147
54030
68439
42202
18179
28259
19464
29125
57636
65683
92200
45304
57663
93189
9500
73187
19641
43062
14641
5717
51579
59678
55399
14925
6018
27601
93473
55649
29292
41223
57284
61884
87291
45991
41820
35959
63824
81712
60486
14026
24289
49560
70786
15263
99536
6152
28216
46774
72662
60413
70855
41302
44915
11939
943
50720
15994
23184
9106
4642
38691
62033
81925
70590
98221
86198
44176
19793
22472
66330
13347
11031
51042
60899
85932
53815
78113
62589
32516
1805
37040
33349
51809
57490
13013
33218
22572
39971
54205
26642
96752
79152
1545
19270
97167
51619
72575
38054
18742
66237
15824
17960
83553
40753
98683
99760
66823
84630
4017
75032
93558
17889
88528
36944
3623
10910
99394
8318
96872
25948
54756
22129
99284
77539
68328
23802
36125
6025
38779
49558
58785
76102
30439
10525
48185
70606
43505
78459
9592
48653
9101
25658
81148
76826
47407
19005
1598
22266
95494
6068
21464
17321
45621
59817
96295
66848
34423
67710
70655
71281
88780
60829
47151
81312
65093
79168
36075
83257
15287
60340
98121
38175
75057
20680
25169
62316
97728
70087
52263
41660
50521
64963
57682
19118
49135
57165
87405
79388
31235
41187
35273
83492
59790
36618
20817
72735
3144
68398
32980
70084
60289
23545
49841
55921
87030
69742
2005
84667
31547
18520
20430
38931
6322
3810
98252
88683
7479
25188
559
34321
42303
74430
76086
64597
41022
23833
60443
53014
9894
5231
11760
49635
29237
49780
86535
99133
12232
90316
45968
30501
18167
50421
81243
18985
57245
57373
59962
16631
33170
19727
25327
84238
44416
4535
24716
34576
5425
34057
4918
14398
54952
97338
87554
11082
90312
38089
30137
68647
3556
37096
85721
37461
98372
54716
97229
62125
35003
37016
1343
32807
84551
17721
71206
86742
73723
67389
97228
48661
66430
51066
90919
41579
59600
56190
97952
82683
67139
43620
23533
2979
28188
56390
5708
93919
3669
93162
20348
89387
18537
16349
65342
37243
66275
18471
50922
1033
16848
14572
18049
59541
59679
63350
17453
39519
69154
45197
8175
25231
1772
41397
76362
37406
21219
65517
32577
63681
523
95364
19044
52867
68877
41872
46997
56111
54796
69915
88729
9485
27006
55240
68904
4567
49770
21634
35415
86282
50327
52860
41251
50521
42687
15088
35818
88048
64261
57201
46607
35695
59601
78794
30297
51057
89012
68621
86117
22688
48858
19893
53708
64233
65109
23032
62733
17962
61995
21393
62132
10870
13594
90910
33185
64797
57768
70775
82447
60951
89059
28964
18132
98761
50001
93812
36674
69176
8743
20809
84951
83305
44981
92421
18072
58755
65888
67956
42621
68027
39074
10378
20921
96053
60554
17455
13143
37217
72294
75724
50953
86166
6106
37524
68969
41233
58500
93687
68377
44501
94557
77475
50872
28308
37951
88958
40465
24447
28999
73284
5722
19346
22896
21129
5635
6199
56294
85123
8620
93305
31929
22152
75994
76834
58251
78184
58843
75729
33787
29613
30297
56702
84482
83123
64045
48015
46308
14674
74262
52214
35141
97452
52188
19998
61259
28499
70214
40109
26750
14209
75622
33412
90712
16003
62988
13267
99320
89234
96810
88836
55699
70731
54062
43168
47955
83373
70109
13673
62834
29723
870
39048
87167
40949
59090
13757
39603
32172
43238
8847
81075
90817
53839
76169
24039
90708
83906
52031
97722
81338
77690
15822
29467
49146
75090
39347
70684
85601
97847
83412
30040
25511
88029
59607
76198
38216
79347
77308
37755
64181
67475
38575
58998
90005
46818
26947
66659
45963
98082
60027
65068
91933
43484
40335
4947
29951
34639
44071
64510
44585
1868
33207
40658
25966
73113
62804
72736
74535
65653
82443
11662
21430
64435
98381
3189
23933
27146
71313
75657
11495
98006
73571
9781
64624
69806
19119
20862
6242
6858
9892
2272
73147
30277
12831
63124
13804
71431
93383
42779
27929
19397
83280
132
23215
23918
53112
56621
15000
66619
93485
18445
35830
80130
82481
15708
53574
77306
31712
74039
19140
50836
58413
77669
77805
17355
26815
92072
81804
9527
38504
88929
36053
64596
28459
56570
93736
18567
41211
84936
93997
91419
19795
85748
66
40667
39155
45740
52904
68096
55162
13648
2810
87655
20620
90127
19407
1234
40402
23817
9076
83482
99323
16514
88091
46815
98358
5721
69627
43416
77540
23806
23246
62294
87139
29596
56639
96389
92654
70416
51085
87179
63727
60439
54480
2442
2214
54654
98785
66569
10507
56846
62326
42213
87577
24692
41649
57098
67293
25401
32466
80443
81221
51296
44746
79730
36437
26306
93097
30434
47785
21543
10330
8867
53584
50982
29461
71414
73943
36713
67392
12218
41670
17309
22133
95774
47165
22571
64649
80887
90731
53242
66302
88122
28462
85230
53319
14127
31092
64478
20865
63100
49183
70808
70995
48217
92538
6905
61167
13936
86934
12079
62953
43919
67020
9501
34211
48661
725
70319
2225
71955
17492
18426
40168
15970
30393
5550
94752
60974
445
57978
89016
47651
90389
33389
80966
97448
94729
29130
6134
69566
13026
51705
70106
91959
54225
91354
85686
58106
21226
45279
68617
51327
26959
98427
15607
44099
35892
1684
88944
21030
8231
83925
23041
91115
47941
96570
50059
87373
20335
17114
14039
111
10099
31582
6044
53859
36450
74925
6358
17381
28541
33080
64064
31208
91284
745
79187
47771
59427
44905
78047
5493
46037
45687
88621
86
40445
73356
29412
73820
283
13086
22720
16671
12412
67607
31167
62039
68320
51886
94977
64102
11033
43753
16703
63908
62595
69647
21
86942
33878
85698
99616
66179
51761
60861
80391
51523
12665
81081
15882
49061
85955
71287
78196
31698
45927
75443
84720
76505
6870
44008
70507
13524
72137
52841
49459
15766
85206
17906
12288
20817
88375
76121
84748
50698
53067
74264
35713
88552
44603
45028
81436
78237
23894
52205
79687
36039
68648
55383
45439
2517
17505
78653
48402
16844
1942
67518
71939
66080
32816
83536
22752
47401
51127
17169
81230
82630
35840
95924
73446
41270
85580
27036
27547
60782
55514
41816
49631
993
35948
2215
17197
33267
4957
89260
41868
44506
73770
17696
97331
31030
70727
11533
43282
68048
77256
31136
1683
66699
37648
64066
57715
72538
13318
79119
64590
16853
41801
95821
28706
5357
90907
40083
39647
17555
69243
40835
88139
94493
65764
72139
84296
12603
43042
60614
48371
77012
1630
58981
96704
18951
66196
33097
86679
48791
18022
22074
16236
98751
13028
8885
95849
87479
79637
82348
23869
52466
86620
80438
99743
25636
7465
79582
3862
72521
84876
34952
57654
75999
16691
82688
53014
21928
42782
86603
6301
35830
11465
49098
48843
27348
43456
8875
13276
22311
91619
16460
13012
1043
15543
12673
40772
15912
51395
34839
31319
31165
59563
40917
43429
13716
75289
72633
16600
4843
70757
75327
49120
19630
61066
54400
25857
53516
51042
76098
96498
23455
25032
13811
67937
34966
27622
173
28152
45742
69640
69917
63114
91502
20862
68813
63180
50424
18517
59943
40863
48760
28980
80165
98017
52137
48974
86814
87200
44550
22149
87539
9346
70216
77088
64605
77868
2224
63579
89092
57913
6296
75433
70129
58745
88011
166
99616
17089
47487
28540
33864
59758
16766
90276
151
74989
22069
56149
28413
53669
95592
61250
86102
83987
59655
59361
37718
96029
19795
14205
59591
56458
32790
69734
15211
7656
60607
18704
36715
30562
81924
6424
64119
85940
9146
64890
65445
54911
50717
71446
98121
56329
66062
65637
74845
65945
83637
38123
65564
293
91319
26317
1328
56832
62792
12812
45431
21131
53568
24757
62647
61745
85958
74976
48277
33912
43563
68951
75323
4316
12746
25695
80329
90907
41078
25125
36217
84119
30881
99671
53956
78826
49774
33716
13943
99993
19516
20828
52703
49189
39460
55854
20836
34045
11568
6570
84111
68163
60230
17920
61165
45154
81999
50784
78505
97188
17888
46763
76302
45803
14014
40663
16969
40731
25151
13141
32551
61079
20129
87417
96703
22480
68066
25988
22333
93650
20042
75979
66965
76319
52088
45056
74440
43569
2290
63741
93808
63407
17287
4539
94053
56708
21621
83447
36806
51690
37135
65232
78225
680
9046
30272
45978
19174
40307
37819
77552
92048
96522
38210
12115
67284
19979
44865
99700
23665
83212
75816
28703
55647
20054
14087
75530
65978
95292
16396
48658
94615
12772
20478
33491
41108
16238
62720
44064
56862
7169
19881
53010
93543
89561
31336
2135
94385
52827
41563
92563
6277
20935
26562
15575
72231
28368
32393
13140
36212
31677
59239
50569
55286
29153
70184
42808
67663
40524
90310
596
9449
93633
88791
53064
7782
75669
4323
59257
3517
32807
82530
42704
72739
44008
42920
70337
23116
52239
82505
49877
38481
9537
53392
38302
32998
81085
22421
38062
54906
57880
32394
7422
49045
47595
36455
26652
47269
48869
69870
42735
6288
65527
56768
61843
53655
84156
23295
71049
34290
20932
3238
48555
72350
41791
77291
65196
76207
73768
82985
89056
17926
54734
68706
79716
12864
13796
42272
99026
9884
35241
82234
71210
78162
35199
38357
96734
42669
72086
46647
61530
77166
19393
23881
86050
10898
52570
86723
27033
43173
40472
61355
78991
88613
86271
10947
22093
95114
32744
10346
28496
86407
32478
40065
70074
81605
84818
54914
67150
35232
58284
6565
79969
22974
49677
63903
72540
70734
79268
80159
71903
87602
85210
1650
4959
16923
59729
99366
19721
63897
64644
31692
88165
93033
74436
14239
43830
14227
21336
81048
28876
92374
58819
70352
12538
22158
17370
57664
95738
7019
99588
89087
35064
69298
50417
38584
3435
97151
42706
24341
54432
3099
38321
71439
72667
28896
20682
688
73455
81932
45839
56818
61693
29473
26139
63108
72011
8771
43015
4117
90134
33488
83600
93343
98807
89798
9624
78426
755
19199
96453
72965
45841
79286
25146
81042
29908
58582
71049
98233
38770
97057
8722
31191
82369
30021
44878
76811
1371
29866
98544
41520
31235
67463
70787
61440
77317
53024
85134
4953
88614
44847
34184
622
17453
33599
37962
35487
17803
19657
5183
11415
65793
1518
89864
30497
82647
84402
52650
4399
2425
99896
68694
47137
54796
99878
72096
15905
26541
50925
90696
10412
24550
9020
4367
27573
87782
98650
55012
95496
86011
55179
47095
78330
99112
14956
3805
51887
92232
53652
85857
98853
89419
80102
37442
61952
1067
90298
96991
23610
79047
74119
99186
51473
57432
46060
99033
60539
86458
40410
68860
94739
82680
71221
54714
23457
99242
7881
29923
81790
66780
58234
50482
57277
67649
82915
99424
40371
84026
86935
5502
11102
3888
47543
35277
30189
77951
40993
87073
39278
95348
25114
60322
52035
86177
19392
34434
35493
64990
99814
67607
39370
886
91806
17898
29981
37077
1342
96364
24930
85618
71672
85276
4934
91466
91091
93118
99950
94103
5802
72538
8174
14661
11146
97388
8564
61836
4353
80667
70184
80821
82437
16434
44984
66074
59992
45660
54565
20941
63369
78501
46004
74995
30079
53627
97002
63398
5265
79008
96442
31686
80693
77941
12812
54067
65938
59149
90073
43686
16338
40395
78156
89216
67731
81346
13637
73782
44150
23315
14998
19371
11350
91011
46510
52752
46435
84591
34873
7373
81816
79074
93605
59777
60367
52559
21566
48810
7865
84724
94078
41198
88674
2716
57751
88039
61126
2823
73441
63352
90139
43196
25702
88000
6402
85436
31621
20169
23745
60970
37118
37020
39386
51945
84586
41230
45288
5732
72176
817
73136
47184
2081
71017
80302
13402
32852
52901
59641
12060
9070
15022
22097
96223
40632
41581
57802
56107
43465
73442
28762
51389
33644
76771
84159
46428
87702
8160
17954
65164
43333
44816
7694
52479
16766
13706
83292
14443
55723
84520
75034
11147
30220
87906
81199
92710
87361
82594
77380
1574
60836
22931
62007
12343
31026
71722
95501
44185
77391
62432
44165
60225
51263
39448
84106
63362
24214
95477
55367
8601
34833
81087
81941
78236
65063
82989
89436
8158
26160
54868
58914
11028
23903
37390
52784
15249
2840
22499
36604
27407
40173
1148
99293
30249
71303
83377
43458
48318
81107
94937
77421
48961
87697
35627
91023
97726
78705
31115
38380
54060
34081
22184
82524
75726
83914
13211
79206
98497
4994
45118
90135
71490
55606
67136
19553
57839
84488
56409
62252
55487
26935
74821
36038
53481
18700
58365
47110
15431
16645
5970
2954
73703
14037
71897
44066
25421
77901
68657
13207
44501
16059
55852
18876
62714
2241
24442
78270
27163
49131
85601
44298
11589
21204
38732
31011
44542
21933
24086
52348
18762
73228
62076
80205
62965
28887
43546
9528
89785
28395
63105
90571
81747
2603
81093
51369
40913
88584
58810
87150
7261
97407
36375
37611
45854
5640
12880
7863
13501
9024
44503
14340
41898
85107
97778
53065
16117
60515
82465
94424
84836
68122
41283
5941
11849
9525
92212
92564
67156
9047
3180
22550
60338
56932
28632
76302
38944
91401
52819
15367
10240
61972
65615
19291
95966
49694
43229
79132
96626
93915
18401
68187
24362
89722
2506
32847
61596
75379
65427
59461
16420
24910
88169
76747
75070
97347
77867
47476
96879
71281
75186
88064
57716
10975
90073
30156
24213
68624
73382
4429
32955
26272
69123
83568
56347
20444
94917
68721
60002
72717
66664
41753
95267
70274
17562
34205
24906
1899
61277
83125
49966
56916
14440
53782
91516
37266
24545
9779
82184
16206
45976
2182
39359
1043
69038
31024
24400
21864
34725
4919
40361
73411
61422
87473
84520
83022
68799
72850
51362
64026
8882
77023
76720
40995
4597
66158
24401
944
52073
69044
42897
32884
64527
36582
61695
67038
22802
18118
54177
14584
50440
21737
67293
38992
49632
13640
6936
60772
18468
90336
72331
8935
19629
26619
52795
84461
85974
62155
35863
93803
29446
40014
27020
43692
66313
51562
48214
62506
83936
73911
64807
27943
52116
8436
88798
35978
25524
41898
19886
41838
92786
55313
15374
40185
2515
99934
24905
28726
36920
44584
86674
17168
9553
74076
58045
1711
35365
84559
45365
24215
58438
78357
5322
74723
25588
8255
13306
76210
62493
59165
33027
11184
43092
83701
76030
11270
42692
27454
9752
32868
30563
89620
58434
84727
88754
65092
42463
56528
40452
5291
18599
21531
33395
16696
16078
50857
51705
88437
11727
82177
22953
3279
50981
31382
46335
39955
1111
22204
92586
19025
17952
35850
16539
79325
18125
50358
79239
97534
74945
47689
98073
79519
98165
15506
30598
58853
15182
60132
50578
35243
44502
77358
93210
73636
41009
98569
30561
63338
97002
41095
88006
5747
2962
43715
27737
59167
7661
60968
6394
19635
68510
23162
60444
57824
49912
42955
85154
63828
9919
63903
50810
73976
13655
1544
43320
66842
25685
23406
25401
19188
62967
50735
89261
6868
35001
41803
12036
20538
58438
34320
31161
41533
9709
82788
28485
89371
71092
25540
49102
9091
33178
55794
83738
13998
39843
51178
11955
37351
576
37030
37561
75190
49447
20178
47272
21681
99983
31950
89040
8274
30886
61867
97405
58413
38794
46742
89809
60680
11158
3853
20023
44981
4875
61408
2669
18749
64405
44681
16262
83115
76915
22017
51310
2642
41358
1323
94684
46416
23434
94701
31821
53174
79019
36583
4274
98652
54896
48989
81710
59396
17567
96496
94654
74094
18382
63033
27122
768
76417
12789
86731
56224
49278
68335
53965
2731
66396
50495
61980
16135
19428
76515
73653
29523
39984
5797
3566
96965
46203
55739
79155
63061
6579
84164
47503
55683
51950
49350
12063
41713
64738
13880
27056
98555
88257
54303
86385
57792
28336
75031
18594
71630
64502
1971
39753
37606
48615
49023
22087
92551
45134
8909
7764
52878
59060
18727
34460
35047
5140
90138
42145
37379
95064
74313
99000
2412
58140
52546
18454
7590
65334
4855
39028
51310
96591
10976
4020
11233
76984
80792
9020
52232
8514
94574
81808
52485
41279
57313
21412
97933
60239
35982
50944
67718
11978
53751
32256
96174
59585
60955
49573
50579
33225
89067
93957
8104
38947
20971
70768
50254
98947
78486
8284
18604
22751
36428
67189
91722
50713
21387
37856
49924
68698
42983
65201
91859
66000
35502
59309
54937
97293
58641
34146
70178
13826
17521
66352
51348
49071
14141
81472
78080
79700
35170
55900
83176
34010
14239
69434
95404
86845
80837
55512
20835
62547
22460
74057
68127
65638
41843
75306
36161
72688
86895
32067
86037
48236
67408
92585
13687
92633
49617
46500
24206
90328
37419
2353
84518
3392
7308
46681
97085
46966
63054
91935
94111
90828
15661
23293
99063
54440
74358
22912
40312
1591
55142
84215
30310
95140
74838
28549
42963
42401
689
1854
31725
47354
68157
59954
31405
87108
62925
47667
77832
46976
87013
39131
61216
81016
93467
34567
1444
13045
79269
2175
96510
56897
71900
12933
48920
14102
31423
40767
19113
2165
17008
90910
89850
77293
34486
75206
50961
41653
89826
74716
29995
67183
22357
17169
1034
25449
81101
49654
1300
86229
37765
5394
73170
36247
737
47523
27832
73874
5857
22504
96063
55666
11796
71150
91436
6200
20516
26167
61802
53985
76649
71730
45971
23106
73478
52793
84257
92750
7836
99683
53938
34964
81337
76976
13646
54707
41226
74733
44322
85693
90501
34887
68621
40518
74051
45909
15493
74221
65201
44811
72185
96699
35392
37173
31981
61275
88600
83035
2783
64256
81698
99374
88956
13461
32107
98302
96880
62446
34905
14242
43246
61582
72962
73012
64374
47135
5756
21105
34715
75147
65168
64392
3148
8203
69873
62063
46834
80031
93859
83834
24111
95442
89177
66281
80267
71225
68166
97592
23044
87405
96233
19152
38308
97650
32676
57057
60581
42658
84085
86984
47989
20961
2550
91810
36655
97893
69180
92958
65698
75327
52387
23642
70734
2346
19933
65026
41117
80106
13898
84764
24183
2979
68545
1476
38333
82394
62490
48403
26069
19880
48611
24853
37924
31391
97819
4970
88744
76330
26134
19946
68870
11531
48393
42039
24534
72995
16503
76536
44104
86347
55319
11303
99861
20690
5012
82623
98533
30002
15247
90736
88123
71171
13509
38822
53363
48458
87615
75148
7667
10417
80746
89632
55547
17222
96246
53350
56177
3836
49006
92286
66199
87636
80404
55118
77807
7863
74596
68891
96781
38648
75363
76170
24388
87406
4770
12541
16907
76031
27582
14355
97040
3571
88668
43127
82592
5997
74556
75255
79508
61151
14852
33537
58764
35160
44423
30409
99557
30304
93009
51952
34874
73798
55412
36355
79757
81887
22403
90936
57434
44374
20199
47697
63982
903
14660
79035
28306
22266
85256
82403
30942
67495
63451
95567
42570
60649
60270
22532
31099
19971
78666
34339
64808
76508
17707
58593
8269
39274
27641
86953
67618
99701
67609
10742
92262
19389
51035
41443
81197
12056
37686
85026
73865
13113
45915
16920
27823
28435
13796
47858
98520
67654
33648
79939
40047
96726
20883
26947
40001
89504
55154
13289
86446
18720
49454
71881
40442
3051
61127
32909
53750
18811
57672
32550
28021
92369
89770
73635
59175
12494
4143
38636
48647
40650
49654
89478
91788
51594
91479
88362
72967
6724
50251
39136
6743
48192
25707
79692
65027
3130
47741
52449
21196
4195
21610
42211
23913
65171
98659
98490
85750
98506
9073
52864
34693
25436
38959
1010
30238
8745
20519
43768
90005
33212
31086
71918
7687
69475
64503
35301
68603
83261
46614
58526
85281
93887
15547
52667
82194
43399
77052
25238
56161
10897
75301
9142
26904
95351
90375
15404
70875
94606
85095
64204
681
28305
75870
64027
12329
88078
94970
89752
72982
49650
44868
57039
63036
48388
19265
2612
18062
2328
79952
57846
38528
64897
33827
46541
48199
3263
50203
46836
85726
27701
94947
31922
8176
42322
35075
44563
70115
48212
85065
66360
17352
6251
24472
14311
547
58817
15360
34388
70655
17055
87601
64733
65502
43585
40271
9468
34817
99254
28190
98272
79629
76948
Time spent: 47
Itarations done: 6382894