98607
68220
53520
77485
64993
21656
99852
95859
52022
55813
1231
57021
27472
90975
32057
81299
85900
91019
12566
50784
99426
20302
86483
66667
94103
85296
42383
5020
74679
38385
3187
42631
37051
4159
63776
8966
27374
99561
65391
82952
29483
58432
57313
93975
88236
38237
11259
5337
5325
82225
21993
55411
76270
33742
48838
6802
72560
51153
27095
7057
11267
51540
5829
95825
95980
19311
49025
2821
57527
51847
70819
68550
70714
78519
62337
85499
74171
81637
7604
1295
74430
68358
79037
47360
72449
91077
49272
56652
11092
90502
55334
12317
5419
40396
3654
25428
84166
5876
9962
74454
40406
88205
26805
51696
62167
18148
23231
52669
89611
77287
46151
13224
24441
72062
10925
46210
99279
58862
39936
54551
59
20146
92211
851
22804
21358
4617
94968
37730
36301
95683
20494
28167
14694
66847
58668
69619
79775
72689
83945
15101
86091
21685
99348
56946
38067
12081
51641
42361
68428
3664
16505
30286
2245
75528
72093
90507
87159
22385
85708
62427
53212
97527
22802
10580
76810
19238
50108
36704
62434
19268
45425
34056
23063
26935
45443
98686
35637
50475
59943
44485
71450
38452
55822
4104
53005
78373
67616
36192
68671
17057
22531
927
84367
67929
77471
10438
27548
4041
53148
8455
82925
22488
16096
84427
31638
5802
3215
81333
86005
98966
5513
13548
20513
66924
27742
71379
76368
96721
18887
52258
21724
60890
24813
25105
82587
64264
48830
3967
20473
55060
18545
79831
22010
92929
48091
35353
82996
31576
53680
46282
14819
91656
27367
55461
74678
70809
99067
90549
22711
62029
20018
85003
38924
29016
82303
53321
90706
17696
48453
66239
27785
66817
2801
69261
95598
17325
51944
88831
370
10163
95542
74434
29579
5235
60636
32056
30047
50413
42786
14664
72528
78837
25524
48782
86464
15169
56005
92710
31504
27025
39158
41576
83382
66520
75300
17170
50944
8667
6838
6365
8370
8307
58572
40979
22084
65326
53075
44002
75335
9088
57708
2412
45127
87361
73075
65168
65946
72408
4053
6464
22656
77537
64012
38969
50933
11037
50433
9521
87832
81298
95864
60636
7294
6811
41988
95183
95870
77837
6565
38710
72429
62713
13088
54163
32320
51094
31246
27113
1197
78836
32592
6121
16668
84847
336
52479
16937
8870
44728
26347
4774
51012
66275
12156
72449
78760
77834
65172
18650
85304
43617
43246
61958
74157
18258
72998
57114
69403
72278
88105
50079
28325
71658
68843
65823
63752
38707
6654
8795
67127
58976
15289
70197
60148
14737
10930
78461
92745
19354
87720
99758
48245
98877
22242
93861
12758
17255
50749
57405
15126
69827
76332
41315
46240
76054
79709
12118
22075
86966
26935
37875
63494
85367
90126
18634
27692
97584
23119
48600
41083
54380
63032
92591
51501
35628
60802
82950
38794
8449
79029
94664
97172
21720
33840
36297
30159
51230
98996
2208
79513
99215
35069
67575
43206
39609
54316
71921
24373
66073
82694
29087
93044
43702
34526
22049
35589
87297
72416
89480
12953
89173
85271
87635
48114
97707
80693
15908
15598
4163
54463
27346
11487
29828
69517
6396
41026
18067
49527
85381
72761
26638
68101
88418
73070
84452
93626
36973
53043
23953
31869
24711
30810
25352
93764
71019
36790
12217
4134
92336
66730
19234
58641
88326
17987
12451
30865
26003
28210
79885
29173
19018
72361
26141
3922
41678
63999
98483
9540
87595
49771
43820
33151
81478
82299
46132
11682
79174
5903
22111
72745
45888
92112
59112
51114
85425
17421
64006
52235
4292
84483
54116
56951
33714
49719
62129
87529
99854
35286
45744
84047
27970
71395
89771
72368
89758
36181
63508
40128
54798
34611
49436
75607
86814
85406
90623
65804
33339
65464
13697
94693
93458
95015
71854
30375
12409
33511
18088
40750
44157
96229
62663
31287
43425
94602
90839
55650
97231
49523
16952
10160
82628
26134
29179
86460
42114
91100
35640
23260
1133
98900
57011
67661
13062
72385
23360
29310
6305
54645
23695
86529
25335
74188
25525
82537
2994
83489
28718
32064
74854
2165
43047
43834
48124
20344
82019
52864
67362
95233
46954
47938
77174
4478
34725
74327
68096
3564
40191
89510
6048
71359
40071
50581
87990
17811
38848
16006
36865
70915
29268
51521
47421
56198
70108
40235
21167
31366
12085
10358
83518
41117
9157
10492
59078
12753
36907
82056
92049
21880
2330
1149
37924
19315
70038
88058
19894
25255
48765
11611
38818
64844
79018
47689
49131
40431
37818
86512
64745
10176
29707
21620
38746
70058
64518
95053
68651
16937
31923
17796
14974
3994
70317
32360
85048
86701
93373
35207
26307
97408
81404
30769
93666
79698
66669
45903
4159
59870
41854
93915
68649
32199
99169
40630
95229
87082
63866
91518
91825
16745
20437
88493
56555
91871
42372
77768
33558
14328
27059
86028
29291
16111
6263
21180
29701
92698
49601
96072
32216
30185
3513
58828
8162
9904
11466
1825
40990
51654
42464
12836
43608
87243
14419
26500
44173
39756
36529
32028
43805
20724
10539
93938
92030
47385
24590
46612
96128
25217
45373
30592
79118
37185
64347
48807
27750
30405
82055
34264
26700
93403
20891
37289
58018
72698
41145
59984
55972
86141
97764
88354
46543
52236
15973
98427
68141
69648
82766
41684
65515
49125
48232
47257
72354
21291
5788
13613
49755
18054
73612
787
27504
52844
30922
75782
3028
5422
72206
8341
88927
50743
30121
62062
64124
58125
83489
76722
75997
26943
10678
91654
61226
18140
70612
17167
1649
87008
93777
21248
8084
22045
43782
62172
29829
47100
66403
64124
20506
49620
77506
2602
51906
56475
53846
39099
56685
90663
81441
20446
98038
7154
85100
37206
9868
24168
9638
17637
24534
37400
48394
18990
6903
29007
17936
66300
43208
60627
59132
80315
91159
70243
4269
30846
83742
76416
87510
49582
93343
30235
91655
37276
5089
45238
18076
4229
18731
78662
38635
90110
96911
33556
38486
19426
4328
602
86925
62311
37090
60934
79739
86832
24470
26827
81044
8608
96298
5789
55144
66330
48385
35433
19692
77606
5678
51437
70292
58608
78229
18958
23626
23068
28618
79072
1297
11492
21115
36125
29830
39767
2658
39306
63564
97913
73643
92348
46707
74292
42529
58927
18362
28402
22459
18153
30095
86206
20350
64510
89460
86005
89341
39632
64840
59939
63996
29516
87097
96504
74351
60099
61721
92811
39650
76527
61535
71842
75544
97067
4465
9578
9555
91252
33494
89630
88766
43695
6648
78881
80987
29949
73695
96646
16054
48841
63215
32006
87458
26905
28807
49195
36150
34876
6407
9326
68169
33606
16048
28234
15640
97377
861
84832
36722
46243
33715
92157
64251
55859
37627
44134
55119
3206
59893
55109
62803
49675
11899
16324
54052
59175
36635
3749
17337
98230
94195
85099
65503
67492
61846
90324
17944
69651
29775
29522
58671
27413
36170
64968
5797
27046
26052
69823
95245
77912
37113
35104
76912
46503
12757
18622
45028
44655
17698
64837
76146
25959
84635
62975
27940
71805
51897
52244
59952
29089
61435
27619
73405
95276
74107
47429
31410
33349
24947
94823
13148
39103
84952
99260
76036
76320
17875
81219
48408
41540
20657
43653
51907
19480
14284
97024
57587
42553
8272
71316
12590
73568
96410
38016
35354
89325
54003
37819
66417
54659
97588
85686
79211
41442
36926
3911
605
65096
96064
15932
64546
82364
5340
18947
23742
18428
69453
41695
74182
68857
98028
85333
5150
52489
44625
39931
73440
75002
37697
66868
14656
99755
2760
38302
46732
12439
68852
28882
91261
9122
24359
61986
36701
33470
37375
23062
94250
38253
83964
65982
51915
48673
34083
54848
15234
60622
29357
3322
34148
15671
49514
96290
54663
56407
5010
4556
1246
80677
12218
32271
91301
81361
4531
68922
6598
79485
7817
52968
98204
32818
61902
92579
81240
29517
1095
30452
83696
56956
16244
84295
49588
69590
8396
42321
60869
66470
9900
43992
34833
29032
92573
30238
74120
62791
4585
4514
94999
32793
77778
6297
36242
81997
25370
62042
55696
74181
6344
45068
54583
8547
67283
45516
30563
11885
85032
24249
49790
25985
24264
469
45441
72898
92897
1788
95651
98756
25264
87671
7266
68005
48055
42380
33553
4271
87246
21952
83719
51465
55608
31229
40073
59363
19842
1616
84636
81523
83985
37956
51215
10274
41458
3827
61201
63407
41984
18554
71806
80312
91558
46352
63929
81437
53761
68281
23575
94327
48929
41069
25462
51892
54041
63367
10422
24136
90657
89609
59196
53284
50822
54446
4401
24039
51616
96541
89742
15656
27822
99588
80918
50576
69203
476
56251
75574
83950
49831
56682
85657
23100
48500
54609
28435
32058
25096
8903
7205
4838
64297
9522
34731
4244
43385
79264
76460
76905
85384
92507
61923
35968
91139
91185
36074
6184
69831
26797
68552
26249
47664
33880
38153
81475
97852
45193
62236
96205
1501
91745
46368
49875
18679
91855
88187
93212
21637
22570
81290
31777
18090
84071
29896
12931
71446
13105
3085
99245
6981
74998
28624
36487
78255
65492
50705
27555
56394
83411
53333
5046
96418
93079
81724
54640
29367
81459
77705
79077
26793
29124
81957
8221
85007
56458
45894
54547
80515
76923
38993
85386
55185
87718
33637
33321
99949
54855
98800
94383
19223
4441
36379
70036
74721
14874
49528
93389
26989
15690
41042
42712
15713
37966
1658
86022
45764
28456
63086
19361
74911
35072
58633
58373
31296
94821
55501
17869
24002
7007
97121
67299
48415
54259
21368
81404
29611
41884
1032
14770
91605
62062
86630
16636
88058
53558
18457
68013
80928
19932
14718
67005
7539
89610
35639
10237
33682
49738
69663
18335
50614
62384
87140
31690
37191
76454
59354
59030
74895
81586
46338
95825
73114
11311
15552
42146
34824
91979
65386
40325
68664
51152
92334
21577
32431
44668
58789
97780
75127
35030
89583
59641
29962
55505
49719
45748
99076
24048
33176
28324
62275
29121
23239
20992
36666
95468
68509
51446
11880
52114
55539
57647
86396
67096
48999
60018
34530
83885
13357
34079
40747
92960
26200
58054
48239
98668
42710
38220
82060
96307
73180
21104
23632
57239
91075
86114
33069
30918
97799
74773
38501
11846
32169
53475
37468
86770
27522
25494
84476
72854
87458
4991
70897
81053
72410
40816
38687
90640
63545
31165
7753
560
97942
1478
38311
31236
49575
27437
94204
86470
64285
72531
20904
49247
43791
75369
2802
77532
13676
65774
18393
86560
3396
10654
69085
52668
12538
90772
17632
50348
36842
87708
35554
39017
79991
16719
25409
48897
82704
75616
53431
76423
59370
92413
784
88773
44275
45206
17560
54398
14424
96605
42668
61826
74013
31993
34876
62562
56809
15998
45521
75570
26997
84790
51804
20583
36529
73147
61054
5440
27516
34723
91000
78632
51968
51537
28846
72449
17943
44432
72802
4366
61141
90099
63744
74748
84035
22223
21808
97456
819
44434
12953
26628
75786
10928
83949
97677
45158
37006
20696
83454
67996
86243
4463
77576
60479
43570
63345
56065
29671
24320
42149
35728
37836
88103
42900
43142
96418
23355
20299
31600
10014
43508
51720
35078
64958
88962
39699
28044
84599
60345
46391
67841
53911
18086
4083
32422
49759
70859
93617
30366
99983
41219
33442
52389
34372
40585
76036
53984
83700
7695
65559
7345
29155
64769
70837
37403
3835
23815
71189
61577
417
31893
39081
85759
44657
78584
33244
70092
53096
1560
88616
67244
5150
16813
65400
53181
24696
69008
98463
15848
84348
44355
70498
40703
16797
13510
17580
33702
41913
75244
64139
52128
95742
52942
75889
71561
78104
55501
13860
3331
19177
51766
70450
90930
2287
23370
69285
56182
70053
54712
14682
36353
84101
90750
83639
51918
4756
43406
63521
71383
6451
55593
52015
94328
46993
38225
52393
56740
64450
80033
16787
73772
84068
92636
12911
74182
79452
94000
15556
48032
47215
52292
53174
24600
22322
9107
72024
21028
82589
76134
15563
53855
65079
52550
55189
85404
44598
41793
49921
84867
5062
55811
57235
20002
68182
82525
65020
59481
30744
57906
65534
58245
1699
27975
46182
18615
23345
7965
29129
68436
7057
46007
51972
74217
13387
76898
45094
11990
58721
7895
27830
51533
36326
12910
15171
70630
98250
24111
99552
5219
56395
639
48062
58534
25996
23002
34498
37791
52821
8683
7771
60473
36608
69602
83417
73952
87529
35270
33395
Time spent: 16
Itarations done: 1000248