62371
45159
60935
39318
40164
38850
66357
26957
93089
5090
39771
42334
11267
50918
24872
90852
73105
32521
72714
93387
48409
96781
29753
61443
21031
31155
45336
56965
88491
89455
37385
65787
46947
53359
95000
57461
23867
9918
89766
26250
77873
73826
13722
8117
45519
59928
61296
46788
78109
16169
24921
38323
78173
60151
79641
18070
14862
23465
90684
66515
70264
97130
89815
1225
44518
88776
31202
90960
26627
47596
55624
74978
19971
86637
63007
95678
96809
33656
17614
55928
44397
71560
87658
93779
56897
87351
51649
26753
21851
34534
87510
55464
47745
28113
97283
32084
80101
33568
10213
92976
57494
81642
50046
26839
66059
39274
48574
99751
61277
93701
36792
86764
39229
61511
47432
66037
56000
17362
18260
15948
13545
48104
94176
18260
53087
77205
87968
11097
22992
71661
74560
54381
17076
38998
61595
67300
11409
45487
442
72525
62972
38363
75993
35083
71853
34633
41092
15149
50224
46950
41959
63504
85921
53077
14720
75995
36242
79631
19915
89045
38427
63059
21844
42128
77321
71237
12637
55089
7806
17593
27162
68281
89885
76338
94172
71723
57656
12153
21549
5818
9919
70602
19076
50660
79797
36576
20829
33542
13500
57231
81135
75010
64238
43165
82964
62640
86304
6999
15682
88708
96452
72041
50300
13014
54988
85408
64669
15325
7332
99728
48497
83280
18330
45473
48637
41054
26239
2017
98811
61678
41022
89651
14702
21629
12519
47094
25341
50183
98011
29436
54732
97935
65881
59979
63899
99066
82267
96133
12817
30085
41037
24262
4137
74177
13882
81323
26210
84728
16975
12172
21568
4214
13378
10536
68853
35349
96279
58992
81138
80246
27126
78652
91633
60324
34867
22821
18964
4751
17756
541
78529
48512
27552
95720
33901
12440
57463
55461
62756
47127
99803
57238
45570
10128
87077
28722
72080
11677
81109
86350
485
7923
28813
79145
97421
42712
60334
72812
32921
38991
65575
85821
3903
19178
48442
93949
12172
90168
24711
52683
28471
63107
99000
47900
32825
90689
29106
74423
33233
95439
61840
59324
29700
31287
3504
92248
8667
67725
70267
98595
24103
10935
48962
93012
45817
79476
87216
80492
33010
33504
23299
30219
21637
15936
60736
33400
97852
1588
90464
70427
66617
66033
64199
55046
14514
79770
26686
93571
8827
5276
21621
95777
71212
24597
96311
699
13525
53370
43488
35402
25871
3517
35220
7669
62472
41301
23481
44603
79657
50066
4699
28287
42088
47679
71476
46946
28289
27548
3678
75440
34589
89076
83232
22498
97797
98479
52206
33700
31257
74151
72137
19063
96332
22078
84070
81947
11973
56310
13414
62062
38701
27046
11440
69510
60149
44676
76179
79065
25248
31909
49426
74343
7221
58130
43728
79992
81727
10204
13455
96757
25818
32190
47464
59003
91813
22743
27339
67223
15765
13495
64838
9088
78877
64255
4933
71748
52052
1656
56695
65373
18689
96643
93282
23366
88919
23248
44437
18160
89661
66142
90128
33234
39181
47693
52360
61712
92299
26628
73688
59862
72950
79818
65585
69812
94480
16363
7579
39993
4894
88838
78954
14085
84215
60414
8791
29639
64154
58547
37300
66130
36522
96038
91589
8798
66088
68455
92457
49459
26065
43289
25241
28369
29956
40674
27429
32252
42179
68102
68466
2768
11712
12281
23084
76975
87952
10139
68477
76775
46020
17950
67777
87830
69970
72646
37533
20121
16647
92612
35294
22104
10395
96601
44868
28325
99380
28895
81497
56385
37992
66401
86904
33313
46585
49135
35073
23696
39775
19371
23625
52313
7580
76698
82761
62549
79875
56353
94021
28564
3932
16395
74474
43922
17308
75639
48469
42335
3838
78754
98677
67204
79258
77512
60962
95782
64728
7903
3431
41097
71527
11675
9071
156
38217
97847
63488
90504
32786
64810
34514
18871
56575
6888
18828
55412
64279
10553
22258
44963
44817
4968
35028
72793
91608
69143
61005
16434
27590
13687
60848
57534
40244
49008
72982
98016
24979
23776
83444
23410
31409
67559
25911
82863
56368
99776
6572
10118
29962
73449
65053
92680
96513
6702
2191
7389
940
17579
28222
79822
52957
18445
10855
92192
56380
45096
31645
59855
58928
92689
91278
20044
99078
5665
39579
28122
860
22104
44465
36444
94913
4270
55558
38798
24689
96576
62800
99449
30390
39821
98170
49984
90041
36245
79484
29398
37023
3816
49252
63325
66485
80120
18712
26810
89224
36343
87395
11691
90955
40028
71977
24471
7311
61671
44647
73418
30514
54664
50891
64718
22305
50705
49302
16638
19585
3519
91927
17939
84125
82571
42682
2209
65782
65436
13449
83308
19853
2587
82776
98761
43506
31568
50439
37771
73684
98899
72650
88367
19419
7501
17314
24293
85216
45040
76507
66370
78955
64317
74200
95378
87719
80673
11288
63865
48008
23342
97085
52899
33015
27799
26714
46362
28920
84365
77214
50227
74627
64675
11641
67143
94936
32088
139
47689
65811
4729
89642
78829
12244
80560
79798
37371
54144
52720
91685
31664
83753
40382
48019
78273
79279
35418
18816
12056
33747
18435
24846
7847
5529
29068
32720
99853
77552
84891
20071
20911
45907
30904
37069
47912
45362
67293
41358
31982
59269
46974
37529
12435
54362
56449
9363
62012
27203
93549
93332
87626
48285
33918
5230
15579
42294
34378
98298
23156
48555
55850
857
39514
64422
1051
54190
27962
86142
52942
47319
79001
26713
68741
24307
88903
8277
31280
21852
72161
97808
84593
80199
57773
79173
83838
58765
49134
32063
71013
79384
85205
18880
47382
14696
26671
64349
51140
36980
4958
49429
64566
43583
14258
31070
68750
79123
97133
42388
35970
81755
72790
24052
99872
91067
83801
86989
71852
68519
91794
8937
78368
97870
35586
22959
78381
52654
76241
64729
82756
40527
92703
7186
38111
60173
58944
26130
56533
35476
28970
8380
69467
23782
79563
35302
59263
30341
12310
48853
75008
99386
96233
34700
70703
93813
40264
37566
13228
20066
20836
57622
95223
2560
54019
63585
53664
62894
93922
98102
38799
13055
59481
44080
83
29000
40304
66804
55823
31213
8891
46015
91496
62248
71333
64542
88024
17727
21519
25667
15788
56953
24884
30079
42740
91992
46937
55108
95706
29995
59047
43836
82820
22517
99397
29804
31990
57735
40564
94159
25421
16697
16813
76463
13402
3133
94002
37782
71962
47859
22890
5267
28421
83430
2698
11120
16502
82449
95888
75644
38368
53824
77480
74049
4804
95274
72551
69708
96734
7493
34184
92796
41364
85666
40717
92513
24465
17378
45984
93587
66650
32482
99119
43258
75981
70116
61542
43698
51835
50808
87896
26588
55683
67497
5006
41543
83279
38279
18326
98132
69729
95858
98868
22439
34028
23885
55307
63411
22827
88788
75685
11700
44602
57176
31087
74265
94821
33542
69697
81680
60323
732
93766
91935
56842
96547
4353
94430
97466
13811
19089
10948
11769
68412
16742
36588
35486
40049
39041
62928
68788
53796
84980
78160
57592
37116
65759
44495
86798
56565
49530
11815
86934
11205
14281
38383
46444
35596
44501
54356
90663
44260
52637
21910
35525
31639
79926
16985
49136
26814
32821
81958
57562
90622
41036
76023
12537
34352
81125
80585
98277
33776
95553
706
92155
10066
51387
40423
9755
50004
25005
19720
58621
41911
69638
44000
97054
10840
21096
33090
44334
46836
23687
66120
17029
33434
13126
1089
72368
100
76140
83449
24132
41912
17499
66788
59116
72546
4390
30446
22957
2537
25311
93901
62926
63731
96071
95776
12301
33039
69055
26551
76016
43805
53507
78348
30489
11510
34445
2619
81917
42026
85667
47126
36753
35261
8382
77294
25719
44802
91145
73834
88407
5024
79067
38477
69373
91153
60668
32719
98602
34894
29295
20682
29333
78479
52669
86496
84417
13396
88927
49065
18791
16526
20418
2627
40050
66080
37565
70231
41770
92453
94245
69059
94886
95019
73446
51449
11349
34863
47356
3581
41191
95609
89568
54927
89277
89720
98772
75930
41215
76066
23061
18785
69250
46019
31895
86782
48455
29998
68827
1354
51105
74113
32216
72781
2856
37456
73459
70465
78211
64581
72696
31735
84699
94843
50447
44343
35312
80530
318
87130
36967
99084
82708
15770
29091
61226
2330
36092
90927
36431
3431
16136
98721
39930
55708
49948
54712
51317
71271
1040
28664
63850
88330
21518
49663
95621
80897
64064
61000
29086
5401
78283
4194
83762
74917
10365
29524
68458
59632
5569
39954
3990
48184
46741
62903
55116
68685
48890
10038
61287
60518
69782
29141
9820
8414
89584
74025
52243
98840
58777
18632
24771
35402
12887
19606
97321
54742
4995
88049
41899
17319
12592
65562
80890
8512
33999
12354
48489
74617
1419
5860
74413
35627
2611
17180
78034
62069
21245
79643
43192
76720
77196
88855
29217
43679
72342
76858
62054
37058
24883
84337
40897
39470
5749
14311
90364
6521
74375
88326
86001
47671
47924
41898
81770
16124
27983
89806
72211
70813
51826
63785
29051
72071
31533
75304
62333
99256
93553
84300
69480
33376
33775
61110
52239
30658
58685
13308
1069
24065
91945
11743
69276
28904
87473
90824
85115
95961
5114
16907
79032
51010
73008
15642
35406
83082
81970
24229
13344
95519
31524
87736
19509
13662
74661
50019
57447
50894
88954
99202
22498
70810
35367
15336
59150
47451
52906
33511
48550
17822
77203
79614
47927
41308
64177
57828
60760
29166
46133
69122
76824
83902
46957
18175
84601
93153
35503
22520
25055
55573
1862
72197
25392
77305
99854
768
24196
66721
10938
19291
75184
72447
49652
33681
95859
55078
48771
12882
9443
56523
33566
352
13735
32586
18849
64585
98927
44170
39949
65757
27898
60407
59315
75045
87146
13046
74146
20767
14268
55585
87249
51207
8788
22946
93288
97861
37106
57862
75629
94776
49518
68710
5200
59785
37455
10180
82093
71646
72527
32939
63064
83439
85399
31374
73671
97062
62222
29539
12484
86250
59033
84568
16590
96268
60460
54114
72592
67289
38053
69807
25336
25416
95698
82204
57828
60421
24823
94423
90071
62508
30470
81404
72046
21721
30847
99654
26582
3123
77560
28375
31582
98453
91506
47041
17876
20700
60284
46750
98913
51858
96969
93114
41575
76147
17253
6970
33576
31018
52164
5867
2253
86540
77018
54047
91955
20078
3691
1574
12846
87668
52984
54287
32598
6066
96584
5414
94282
50203
33987
76971
8699
39597
48801
64470
87470
34258
70916
52028
54381
85725
56331
66575
96797
92087
84782
69700
96430
87190
66818
43547
9253
53708
46619
13221
48111
87351
84584
62323
58346
55206
4605
40528
66712
85054
94951
32500
26938
94483
58800
56019
81454
18705
20739
83806
8144
24221
8884
38364
23414
1815
48843
92016
68431
16827
25292
15403
14089
57281
89776
56826
82063
61115
19138
2127
94257
22670
58065
60200
31033
75506
11306
42769
99763
23769
86396
58713
89617
47500
26118
23026
15877
38673
11391
88393
37696
34189
59952
43405
66863
99664
93918
85591
71982
83575
211
69739
22401
5162
61820
52383
9294
61469
95029
1861
27498
39005
87945
20029
1017
93717
99107
26473
87539
19323
41384
89001
2900
58535
46072
45210
65102
24271
74794
49090
69308
88716
22736
93922
70196
66899
35705
8117
66095
68468
45673
94196
50548
16403
14694
82762
21225
34654
65467
3112
13591
88040
68326
30016
57277
17195
49063
52278
36782
48970
79746
22789
74994
78413
15574
92135
47903
12284
44808
98172
81993
36065
25961
82560
81971
16485
96652
31884
85792
79840
51965
95781
46419
12696
6588
17408
95290
16086
74686
22615
51163
6849
24209
53339
99843
536
88187
98052
85213
29129
44603
67453
20072
43785
8541
87194
46468
27939
15565
31023
49545
99301
13679
97571
56326
10640
22690
41883
31481
68720
64457
8837
15755
78347
15249
79769
39603
84206
82308
35882
84472
27037
60732
62451
57292
52626
83902
66358
89857
12241
40953
56156
74180
71317
98159
38640
97255
99574
27592
18822
44318
50206
16061
51239
98300
48385
96
79677
75066
49
48596
19687
98902
780
93793
83677
40839
71558
93278
21897
13543
73287
91140
54299
40859
55172
34588
98028
97513
73433
93976
53226
45041
76251
28762
95858
73736
88493
39680
40419
97166
45448
48296
77691
35823
18676
49121
63105
69472
49030
86563
29808
33991
52021
19294
27198
87812
88912
47937
40477
75489
3265
98530
29657
71513
7170
73811
37542
96173
63938
7165
55303
57076
54798
79900
1604
84877
35971
91578
66617
99867
89471
5220
95805
67201
46068
24461
40022
72929
12096
98135
78242
80382
63109
89234
27175
7062
76887
89859
88016
95868
65856
11487
44781
41304
34761
30808
20935
71250
33218
25338
21440
77969
94799
90189
35890
38178
54357
87599
55051
61363
13551
44219
57915
57922
80875
77649
59285
24335
46935
3364
68947
1195
68377
45886
2638
71795
24518
53987
2308
33895
79652
98665
68590
95337
30919
14799
81914
15407
46751
32614
90373
38123
4127
33500
72233
41092
14219
56196
38874
54143
85469
74003
30012
85615
10757
61441
67185
31024
81025
69631
73781
28755
21573
33709
40313
70495
19231
42678
12145
70323
58680
12393
3570
45674
14448
15721
96900
65849
51427
40443
68156
79307
71259
65083
91965
39656
4506
65608
17449
12097
89265
91823
74158
56984
95722
81281
62525
55274
53131
10663
6838
61786
10767
19844
413
46537
17668
82219
52403
11850
37292
36394
53610
53506
22704
38949
14699
67879
65517
45754
94366
93845
97502
80194
27311
18172
67662
646
82255
66166
39517
36712
28795
45553
53456
23927
68551
10881
77227
30083
90827
68174
23991
32770
45926
45130
51827
77396
90319
10854
71192
17691
46972
40927
77536
16581
41492
88566
95155
64303
20085
40666
65292
52808
28936
8748
36642
30690
36205
29126
19600
51315
7669
24042
46968
18295
4940
6120
43288
27077
61203
92130
42576
99213
3595
28923
9958
6691
33650
24294
16545
87773
47595
18624
88871
62877
76867
29341
4301
69304
55855
49537
32053
46991
78660
84543
25808
23982
89582
65819
58379
69917
63071
90212
51484
8628
68043
94434
94400
6758
78750
89585
64130
84382
89798
48591
56677
25695
16439
60615
14118
3102
12937
40824
85399
66420
21578
11353
90119
90417
72813
49823
64035
18519
93052
35530
52627
88298
40799
10176
84792
75206
84087
9994
2547
45048
52587
19166
44654
62795
46322
40638
82114
65606
59530
79739
81750
71304
83064
88462
30412
60047
81566
23821
86832
36576
2747
32412
40746
53168
65214
85086
49616
49306
88602
50626
92149
43066
75175
15343
24765
91381
25567
26741
52279
21571
73051
63673
27271
24900
50440
12894
73975
94461
61693
62451
91996
84280
16300
6057
32734
64309
98691
89410
57158
46840
87203
19354
77382
63891
7534
99863
56499
82239
4176
54987
91197
53014
39943
48252
29932
6177
88525
10429
85759
16678
67900
43141
87405
88736
73461
74510
74774
27446
8886
4805
85763
92757
80073
95046
167
59928
12841
19556
3372
42643
78665
24644
7677
70253
64367
9941
22268
48981
1450
76327
94248
78430
78692
64961
52591
39367
97652
45631
74459
16495
94891
99439
59091
70835
46996
80787
38277
30310
94913
36692
74435
24267
72630
7657
97382
47937
1897
33635
9124
6188
19477
41053
42348
52452
36312
92469
92747
8327
89037
39070
57928
22102
33431
28085
6365
344
46665
82098
68715
25690
50656
85328
90773
56099
42318
83125
12455
86090
18206
25257
40418
38873
10812
60993
63258
49761
11685
24557
17729
95911
42587
33239
51989
25172
50052
57220
47633
37699
41005
10164
56098
78022
47500
52656
77013
2344
7188
96766
56154
96136
72761
49362
8888
30461
18425
34183
81352
61942
94358
88303
46059
965
91142
37284
91252
95410
15315
15121
4013
3129
44484
10053
66027
55348
25844
85348
77826
45339
5483
45397
2474
11942
27515
91728
72850
25896
21864
41029
38057
28440
7442
57813
33933
16294
73486
88059
50256
14853
65987
66967
32956
32330
98434
13939
3475
41581
26495
20910
99431
93462
74789
86403
40779
25849
80594
46955
3949
95794
24073
10030
42734
28837
47553
98075
29220
49077
27403
72097
601
26404
51228
14932
88492
53129
70365
19326
76161
41294
43112
44021
76099
14045
57610
72208
45434
49707
24994
31066
59916
25606
63206
8502
48555
139
49752
33801
50468
66273
7754
72585
93070
7371
3790
23284
6489
87142
78281
92271
82928
9502
99647
67888
61658
91276
31927
9754
70429
914
32269
19101
82319
29780
49447
58296
53382
79066
77489
43277
90911
65032
29536
41334
64765
67999
36203
68484
14905
76437
39998
95605
27127
6447
52783
40590
45995
9118
66770
44966
69007
13447
61223
7716
19319
90917
26823
76528
25646
69332
37544
77211
47466
68105
35950
95754
71235
75006
61966
14284
69041
35191
47458
42154
54990
77386
19379
76426
96561
59217
2779
72230
38301
73898
91601
2781
73423
23936
60022
41295
55226
33930
19966
2583
74742
44257
91470
40825
43598
119
41744
11822
11799
26351
66049
72968
19013
57373
28912
12265
24875
73806
57776
68863
88954
82513
82780
31977
74238
65228
46208
82400
29329
12422
63016
71485
64045
53673
99905
16070
70680
93607
54553
24720
58930
63296
58918
60538
66333
1046
914
88888
78027
83624
57327
54589
39752
39219
57465
82394
76223
86824
51842
97078
33367
63219
43112
14977
47378
18370
47471
67528
6136
82820
93955
79186
9291
36496
36289
37018
52107
37412
47418
57344
55184
822
90312
76005
37253
54670
10373
63129
81448
35548
74492
90712
76838
30869
89761
61930
26444
17609
70853
44726
583
95720
89246
39106
80101
65171
29781
47453
77892
49631
398
10290
49091
26870
89488
16062
415
86272
41930
92882
87343
97181
29653
42562
44203
38341
25512
82876
26657
8301
50271
22655
58728
9417
51655
6144
67190
73952
91720
27999
55023
79802
64207
38342
12578
85475
37057
28531
90224
99225
16961
12558
59454
85620
62563
96484
70765
4311
30887
58854
76138
70422
27551
48736
21495
23709
45525
44842
30258
94543
19460
9141
92992
58750
93026
11424
50060
80482
95234
97479
4327
52553
48379
22857
29195
57038
85019
76652
43549
85447
34330
75258
9725
77418
49187
14798
73157
59608
84513
32712
3124
92377
4695
43926
12828
60806
93296
85114
34045
78792
61808
21740
96656
10146
5879
46881
16606
49046
37195
28286
27181
43694
27145
40685
97970
91619
34410
54051
73464
82886
52777
35340
28984
18280
7781
61174
85473
83599
51167
31989
46636
18269
50717
24390
22058
76786
49632
17722
78102
44851
74456
83366
14767
38557
3438
30782
1152
84649
68252
63054
14769
52599
51168
6480
20664
85130
57046
43709
95164
52835
84937
97978
46034
40646
97607
87217
5928
59191
88968
91070
79232
62415
79174
51364
3770
44390
25056
57096
48273
82834
19615
48691
4162
94632
68424
13151
45871
69517
73113
31579
27811
52085
22491
83707
58044
49445
90401
10196
38830
52046
66077
82800
92427
68620
97548
34960
96889
92679
11534
60917
41064
37614
84335
146
70595
229
77355
85738
37451
38402
18211
50277
84375
77573
3747
50846
92578
92878
24865
95958
96136
49035
64693
31578
19759
18424
1418
70768
27943
39328
55031
32132
82994
20951
53250
85869
97010
49526
56044
93085
28639
780
70492
63968
19248
17953
8091
53456
85157
71759
85176
59269
82645
78884
43790
86455
40693
19020
75080
95055
12743
56944
60275
53067
33264
45742
5268
75554
77475
60094
34030
42600
13318
84335
23353
53706
3632
59103
6825
94340
63418
72421
49488
61494
2220
66389
96271
19464
84839
19003
27106
34470
24974
52119
9501
67337
85822
11229
25428
87111
99303
60465
63502
5342
31267
37109
9744
20661
13916
13906
40606
6388
38617
24615
20494
70079
52410
18455
32662
63220
29710
22522
27158
21760
97075
7720
52397
73693
73358
73404
47973
58637
50187
88675
15494
66130
78418
54151
51492
14339
45056
77033
21886
58926
22131
84429
81000
43016
44084
35130
89799
73517
23473
28446
67804
36496
46116
50174
21039
44871
96312
40426
24411
45388
50331
15792
1070
98632
42112
29186
33612
85807
48957
4735
62355
89062
66964
42196
74485
38321
46060
45639
64523
16924
32703
94519
51336
70796
24677
41747
69841
71440
76878
93029
16584
41756
9570
94459
17520
65467
61348
31272
3626
65915
97846
19619
25380
58034
34251
55400
10671
48502
54728
69423
72372
83384
15137
26527
1585
20046
96730
97838
40486
30646
38008
29928
14735
28237
9510
32422
19551
43301
12040
6460
95879
68516
72656
40442
3450
32560
84760
6594
96089
60035
88686
2169
31270
23811
17431
92451
739
98624
38513
29255
51878
80264
7412
38236
80573
43404
10647
91069
15476
72948
17270
4454
80855
18692
76401
36890
20617
91184
95399
86302
89641
37837
8366
26849
70217
12689
97909
61633
51159
80622
64413
9509
15075
77442
46569
88869
15339
80884
84504
8964
88409
34461
82545
30270
39495
5977
72559
9365
59932
55621
714
933
83174
34736
60660
49754
62987
35668
74319
68931
62192
65569
77840
67092
73236
22552
4725
56958
52875
11325
70753
50383
42452
47235
56045
20900
62511
62575
48448
93773
15895
47110
59402
5693
7041
25945
48554
61528
86810
2164
96589
3883
61995
69153
47115
2767
66559
28035
97898
67259
77687
29375
59350
78848
73892
95106
13881
46969
74703
66588
3604
91304
71889
67758
45806
62492
60670
68535
25754
23205
6073
82953
44577
24867
34341
38944
6337
31848
22222
12251
12884
64564
68014
25646
97658
55663
67384
76441
70348
39396
84277
70236
63163
23221
2624
6889
66424
22855
68126
85908
16317
77243
81005
72771
50828
98258
80447
95117
81271
51493
69330
18325
36259
9108
63893
83696
22582
63449
17154
79245
13180
41054
57160
53079
16239
10644
1581
72389
1412
35833
58684
77268
59275
83560
1369
77914
48327
62591
5780
96174
40225
32981
78849
57993
8385
96985
60227
1994
17694
54680
73179
81251
63801
83431
16315
243
79301
79334
33450
47059
71087
80911
72391
52095
78270
80567
45158
28830
43252
17721
31881
29669
69925
39002
28552
80455
2410
5552
24848
40900
95360
25215
12385
75023
62581
88287
66064
5639
84554
89481
11571
69958
27432
25921
90633
89618
76180
71208
62279
17720
12729
38982
33175
27926
76398
65941
92959
66218
28276
63842
41588
94629
3877
12837
34837
18051
79092
94319
41393
185
93317
90486
380
42751
70598
9952
91702
23285
54747
33988
83252
61137
27587
16348
98795
8765
10851
11163
58279
45943
61722
47976
78341
88231
59591
20786
84931
7849
47355
8818
82281
5035
34401
748
42844
61062
90411
51258
31364
50240
59208
59015
52896
87582
107
18592
19390
41226
20545
65296
62351
44298
98285
1568
80135
99562
4035
66296
97583
82051
26103
84331
33005
9794
67492
12450
12908
70812
32872
80167
48422
65792
47923
9032
89024
50099
56783
82447
98949
36288
24682
29522
59585
48800
32307
81141
87190
6252
86054
54126
69424
43515
84028
20317
66467
75745
71524
21340
92934
49576
91665
96997
95284
22888
87002
5451
66130
63878
36070
26767
91611
62593
15275
57856
10903
3666
60940
26532
77994
57684
68933
75101
54987
Time spent: 30
Itarations done: 3519211