61477
63506
93246
76237
65381
84978
67833
76459
53164
10954
73443
86299
1950
50991
59608
5423
3606
3028
7939
7299
94905
74395
18119
57960
64419
86402
29811
52553
37049
10519
35952
69477
56376
54182
44920
7276
94821
99896
91786
390
22150
2591
82113
6454
53924
67068
75745
20048
83277
59892
82512
95619
71719
58248
47023
55775
37697
2019
45474
20210
35225
94777
3830
15235
59159
94352
73809
14239
48530
44337
70759
15320
84857
24109
85813
83957
98470
36880
33646
75765
2599
12791
86713
7218
72377
77205
76992
60695
73850
23142
17099
94257
26746
31163
4039
76308
53969
75
20911
80581
30633
87419
44572
57894
95983
10019
566
47663
32619
21742
80520
4389
49202
68135
51812
92163
25176
15766
44442
43682
89029
67858
95866
89367
5241
7178
70976
36861
39271
52220
51438
21542
54853
73285
6322
54611
73297
91405
14196
66929
90662
74915
5842
83965
5360
55984
36268
70054
56144
12610
74859
48614
8411
292
23356
39079
55352
72046
32719
50968
19746
95395
92027
40887
52030
60660
5217
69188
20791
76103
54779
89602
82915
62410
75442
67376
2382
91476
25442
49255
59062
62644
48132
2140
51838
73285
62505
96295
54012
20015
7615
33726
23183
61872
92940
12645
2638
87401
74411
74924
76820
53875
84106
5009
59491
8788
90580
35958
12
61248
56303
71142
90480
44061
88886
48549
44465
96063
53569
58763
96709
98658
25859
77365
42376
20512
15277
87842
94309
60045
83830
52064
87250
26583
16133
31942
99071
67960
72031
78116
90819
34866
67132
79331
89737
70382
81811
9629
52403
26922
95072
19567
48757
42174
76077
92365
2020
50689
43179
26248
4347
68362
18012
10158
3598
63370
60443
31648
22670
18989
69167
92933
29594
1247
72233
13925
23984
67513
11996
69536
43363
90893
49771
42614
21566
29691
76908
73568
50600
41223
21038
53106
7251
24907
78931
35428
6182
80832
90703
45818
32409
86890
94040
18786
87744
30089
61637
30745
58200
75794
30260
84652
72305
22429
75606
63124
73911
68563
73587
91288
77292
14296
15702
40878
7234
29566
13834
63134
52262
48192
38118
59573
75285
88431
80462
86958
32684
58294
25812
45576
50211
77047
43486
18448
92076
33073
81661
13120
38201
2670
59524
7431
53852
74385
3684
15978
95744
59112
68072
74928
49185
17482
9892
89456
31939
2935
68088
252
32236
1395
5365
3397
70714
46632
29952
1354
89059
4134
9122
71909
71751
45726
22889
16602
1514
82184
83365
90512
33979
81753
62932
21227
52529
78713
32679
96416
30425
68077
11498
36607
84021
89979
65755
72627
48291
30494
79660
15614
43815
4370
37230
41580
33049
39571
18192
12222
82885
53533
12207
19018
60411
96683
98468
68572
89251
40052
21048
23800
84981
689
14279
77703
69853
31118
96997
64355
39432
47214
59674
5154
16729
32654
14242
47484
83025
37479
62869
77640
18835
83340
68955
80201
23304
98634
81333
71991
5827
33000
70933
60337
59799
42559
88108
62584
35134
94790
38370
76588
23556
15062
4447
10446
58655
85656
13386
63728
11323
12451
58857
2244
30397
94510
40847
83676
38233
67427
77615
72362
41398
42566
78094
28132
57793
31233
36831
66265
93251
25306
28121
63482
23025
4045
31155
28367
46560
50519
13817
63660
87570
90526
39184
22581
5658
11869
35819
1699
70604
82518
90662
18778
25917
62443
81573
95650
34368
95812
65550
3349
54965
77739
78177
29581
48167
12960
80030
97066
44167
22531
6579
95357
37645
9071
39543
88461
91656
61089
19713
25913
43175
62556
63921
15911
3289
75185
32152
15704
36193
77757
14700
56636
82813
79344
73848
49059
67298
71444
79691
5826
87601
47803
25555
82118
44946
91
94883
54080
11272
92618
78485
49082
68571
29929
8765
96371
79521
57380
85806
88447
64967
76690
19134
30741
70494
15989
98536
9954
1737
67023
37473
29928
96035
90945
3428
47947
76664
98522
60982
94125
5126
30599
5410
71831
6810
316
57328
18073
95862
9827
22166
49356
66189
21189
92203
30703
47272
43578
83442
83412
45827
97168
54765
90512
7330
27743
52640
68041
35051
75538
61035
44891
98470
46803
13289
34380
47817
97239
40334
86601
26948
12716
87971
82223
42929
64597
34842
65604
7365
24478
82271
17916
11956
46339
67339
39444
38685
62829
71343
44284
33687
96847
57235
70396
93087
59549
71661
73291
18945
91611
89935
2568
3951
5796
65529
57144
94597
5815
69646
77175
64339
88943
70942
58536
575
88039
10680
69176
72279
72366
74363
5729
98754
5997
47352
53491
84179
57634
69002
3196
17499
66289
67535
33981
62716
93557
66171
93504
80711
35110
99957
93414
30508
21542
72293
91156
95216
11868
10321
47611
65912
71715
49151
34092
95301
32672
86321
11975
2266
49256
99938
23545
68247
5625
16629
13603
16913
75403
48709
47968
9671
4909
93946
7198
21324
72585
5790
11721
82518
75568
97176
77965
88657
8117
36744
14233
78517
25993
32816
39706
80081
35940
77450
50335
5948
10016
40629
61320
56177
829
62893
27467
52523
25604
93689
79899
84770
94544
62231
20469
97238
82077
47867
83632
81499
78364
37721
9653
69999
12823
20840
72720
44460
11466
70082
72856
82864
35454
5703
31501
69254
49595
17870
27190
81730
86353
49258
69992
55762
3486
3456
41175
92275
81579
50061
18046
42981
71478
43159
62975
59020
81065
56301
80336
33242
85791
64144
35426
1288
58076
68600
85360
92145
36904
75637
93568
34944
877
77796
86671
35534
65494
87051
65383
33692
98554
92800
99545
39848
36387
90591
21435
28802
87960
38598
81278
37159
33981
50927
44127
71055
63721
29488
88323
81251
43576
69502
12266
3774
78266
47602
68463
96041
8093
16058
21651
20730
83833
81832
71232
42693
74599
44962
87373
7783
93394
7202
84781
66734
70128
38902
98549
92067
62471
9779
32390
11517
71226
47537
21168
47556
18776
87212
86843
9347
56678
13681
69782
30830
91642
79947
85844
86600
57876
4588
93716
45889
18194
13234
56707
44173
46285
90931
48522
61811
28210
54971
83497
99579
22436
41041
48368
32120
34629
19482
74841
2024
95937
22993
20070
89654
81658
72304
15608
56791
70917
32112
4470
15799
27430
16055
10662
20262
76384
86474
75860
7878
63171
62469
53880
51904
5936
57990
75156
93563
95818
20670
80661
34544
56281
31643
77532
66103
46057
56765
87110
99265
79025
10460
40208
39219
38716
4840
24101
16258
85167
8795
1094
45483
87487
34425
99438
37938
66773
1498
24007
27018
906
4516
46293
5674
25265
21561
11149
92336
61568
59229
41154
56451
20788
23800
28555
38149
55513
45167
79451
90788
82110
57169
15214
59984
53743
55568
42098
88249
41495
13276
71572
421
72823
31328
11126
81873
84015
43668
48105
8791
66519
73963
17629
27844
25755
63495
79682
11156
25423
50593
30216
31738
60349
84091
36408
14404
86525
96034
17176
17672
38319
42083
86662
93283
79673
42060
40558
51681
68657
17584
93023
34203
62892
28929
65369
55654
57107
59068
86788
34637
23499
79239
92095
73154
20603
57480
91794
81946
46972
39199
45743
73455
42312
37188
93239
60458
80529
17397
79617
5121
56738
56330
72206
60625
43372
76127
77021
35452
79339
34149
51595
89095
60539
55372
59093
37131
20105
47887
24168
3517
22328
34513
31983
8401
45565
66827
58403
20913
96241
61833
31566
38086
78657
16040
2872
73446
43399
6914
48901
51810
50932
87440
34829
10405
16389
15989
44637
712
46524
40705
23732
70245
40491
75330
85563
79013
2367
61657
5381
71501
5227
12759
61521
81739
54086
70666
87395
96414
18214
92348
65865
38948
42030
98669
31714
66086
98244
82392
47685
87778
16893
73371
84840
30998
9561
1739
68991
68640
9386
83213
51515
25722
64282
74540
25063
56904
53398
11683
32543
61650
44918
48510
11166
66381
77114
59546
72458
56567
23949
56780
43845
85945
1532
97577
87733
24907
82399
28401
69984
35621
10837
17370
71250
77503
54376
77598
21852
53464
84093
72800
93716
4671
49516
26844
1323
49558
2682
29721
47741
41461
30297
43821
1483
88459
72976
66475
5279
38883
46169
97373
98827
86429
28667
92795
84124
89958
51454
62498
74240
34753
2222
79665
44181
84410
58971
29484
45977
85510
79919
17742
59204
90829
6335
97243
22837
61092
79901
46886
34708
90133
36894
55949
10736
73815
17721
24405
67753
9165
22238
89024
30882
66949
48817
24573
69316
28234
78252
49587
32764
13496
2378
87012
94937
61455
51660
91410
10136
34030
46048
56504
54352
33689
79004
59484
53226
19954
45925
81825
95823
2931
45025
70265
95354
73475
11310
66170
85846
1964
92390
36668
37168
643
38652
86743
29967
98113
59723
17905
56705
18775
94150
26105
5387
94917
49891
99233
38472
64589
99461
82847
1075
24563
55494
31696
79762
14384
9967
54164
86078
4895
93523
86927
57393
52596
53
7916
51747
59836
26127
7114
63083
50036
94859
86755
98565
27044
69453
55178
40669
38174
12939
11882
63296
1638
17499
95258
83357
90764
9305
79029
7145
89814
32949
58586
74218
49156
33285
64240
10644
71186
81930
74808
78137
52624
40667
82015
45956
93674
14651
73861
18401
60023
24576
63420
22304
49772
18875
88446
96148
74123
54526
46715
25239
8022
98178
12217
35870
4932
38120
98102
95428
98525
51944
93723
65172
33345
44839
5149
17685
76308
59057
71217
61998
61448
56370
10488
15942
11388
92239
78384
27515
60789
32936
78352
74854
79352
14983
76076
67877
54978
10077
11531
33757
51283
38038
90142
93048
97899
65332
61330
23673
6866
37405
60409
65905
33908
19277
98107
43058
19490
60787
30910
59825
51306
60376
34960
93019
87187
74446
36437
7940
65444
8095
22152
17670
8227
27437
65480
52288
92769
53725
54850
20370
25202
35143
4651
26043
2153
43387
61745
51502
86428
9097
94660
27040
54822
92646
67151
88541
98484
85017
52919
65791
69216
47207
44143
54072
68731
26023
42863
96199
72119
29144
1322
42497
61627
2980
95052
62172
22369
33099
70778
51108
17668
78930
10147
18335
18489
61927
89843
36242
8788
49556
98823
8058
26564
16221
94193
40224
29049
16636
38711
6978
89688
77186
64892
59787
44428
96442
53437
65253
5319
47296
96947
51684
50564
90031
43843
6710
81857
38213
81962
96196
12257
67390
26460
68127
10783
20391
22459
64230
83577
42377
59321
86829
15684
73845
20444
58715
32386
40420
60188
69815
64492
4523
7814
26002
18126
85930
47265
2600
56266
15734
11151
57968
96677
61362
57486
81008
18841
49095
68520
30526
51130
14903
22447
74075
78679
34443
40807
49244
72298
18721
7068
51313
89246
13160
85217
97785
37791
4740
41052
32495
29243
24379
83476
9852
63483
29880
98234
43196
7020
68511
42339
10367
26208
47733
3886
84272
32501
87547
8960
96560
81493
88618
75060
48498
42949
26601
68730
54694
25188
74960
24049
42546
93894
66129
18134
33110
72781
23970
80042
97535
51564
39291
30216
17319
55265
14550
9053
76323
48135
73902
55244
77811
55357
20402
37194
10773
86130
23426
24122
86318
32914
36278
7391
27185
3301
76473
47158
21211
13363
49326
24593
43082
34322
59239
25749
7743
37980
32494
69570
43588
30610
70353
19565
63845
99846
61933
86383
70564
24619
12582
36806
47164
14299
85367
73583
82730
49917
10844
40129
24065
97731
93362
34236
69968
53391
30986
85787
6285
53528
70471
64846
30002
60899
38772
38600
25947
89009
28191
88253
40675
82693
63551
30306
44640
12177
46689
60581
86009
69956
56036
53876
17269
82114
77260
7329
19264
58763
54663
11387
56365
11845
82450
68657
71184
62808
99986
58011
67580
47510
15822
58972
36657
1220
61536
9705
52048
72656
68295
70877
97964
72794
66635
7189
96336
11486
33022
78564
67842
12968
45584
53776
95663
29901
65765
20729
60554
94878
32696
69642
81121
58143
42699
68088
24171
60803
87626
30109
46571
83885
42625
5578
92268
95357
26444
80523
95941
89591
5524
84301
38241
76720
76912
45303
56611
32969
44413
23321
40443
67272
97411
73735
29601
94352
12461
66359
91348
29927
23980
90101
72260
39827
52311
23490
8939
81521
34908
40707
34156
73956
79560
52901
33527
19560
47343
55397
91878
80895
77358
62807
18208
83676
85370
66131
53443
77753
4073
38582
46156
38102
84000
50196
28024
29028
40975
25199
32952
86504
18538
90647
81688
95916
31900
20057
97158
55502
73778
71527
24858
19364
91832
56257
7346
8189
92465
50480
2197
60654
86370
81427
38761
74004
67503
76304
80617
48383
9032
62155
97852
6260
67343
44037
56118
5629
8337
69126
97850
3673
8998
5154
25163
56175
41632
23020
93604
57218
18171
75449
91284
33571
57614
6271
8890
8627
40906
8181
2626
41909
34488
70752
14370
31874
96246
25068
41138
42100
25735
96462
39433
73967
84344
22694
9105
62507
90426
81304
26097
16376
89473
96924
83730
57750
10040
67029
58195
43421
42391
52888
35463
64515
18745
31409
24032
28957
31520
93127
30793
28196
99089
1745
95722
77679
77388
1470
65189
99189
20049
69762
33418
82372
9785
65223
96905
22685
19408
12982
47619
83440
12087
3249
77347
70769
57399
52655
77774
42043
22206
92511
98715
90669
93564
3319
70376
63157
4611
10670
4598
67970
63805
94069
64751
29909
32883
37300
34262
28640
59557
66615
19754
35486
47248
81308
96299
28668
36039
80210
39559
23976
76544
27133
92362
5173
1555
78518
81762
76442
39078
17308
36684
87790
64772
98508
55986
3575
61826
13952
42077
94167
41948
26445
46207
31251
82421
6785
68123
58409
51052
31065
14984
90314
23395
60227
52260
66288
44734
29001
72820
46915
53116
17175
69455
96044
59097
62552
20834
34743
72884
2027
91183
88624
80226
94857
99965
75466
94629
90534
39402
96158
55422
52567
4897
98716
98669
39055
56236
82532
1100
71083
45923
97941
85987
90800
35062
74860
84298
22442
66934
83460
64464
1629
83711
89697
79759
30930
52755
19042
33543
52998
15480
82818
29529
6500
84010
53341
56751
44617
88660
96388
57032
51068
22743
82513
36565
84407
40291
2361
12568
17773
36973
5344
31035
18329
84830
65920
52198
28275
97410
57215
76658
67670
73453
77800
76953
78166
4513
34241
6925
66355
34682
29319
84339
85581
29114
43898
81011
15870
42047
28939
9074
63076
74796
43478
62052
367
79482
84191
55023
17863
95230
52691
9471
29545
160
97795
45272
10468
24683
51754
74801
1862
99471
51790
42310
26898
4895
1279
15451
5671
47845
78522
15256
44397
16519
45306
65886
864
54120
42295
56094
95860
48347
83793
30656
48582
55164
80537
71863
62991
62504
25902
88740
81585
52451
78285
4765
53281
38831
60402
23649
32858
41297
74845
57130
40881
6644
4526
18746
65026
3450
26422
23205
76456
97088
17602
82237
68157
58747
73578
54706
96086
74275
90782
91282
18540
96543
87330
12107
84308
28420
49218
69685
16001
32602
92720
78588
71355
39171
27984
38607
42349
62165
93686
38629
69699
42337
8101
4766
8522
4896
48056
48182
79952
58225
23964
75568
83010
62399
66507
48371
21205
64775
78530
15629
19149
34031
34304
99698
65907
23711
27571
84135
23834
61689
79646
38677
84329
92900
19323
17501
35261
99290
37465
83871
28713
83126
882
46769
2259
27644
82482
43276
12181
42485
27639
64217
82786
60419
30368
7
62473
76601
37113
78613
4183
11908
30825
78240
55604
37867
73495
23577
52751
22292
1422
16360
59508
41907
74231
8511
85235
61113
76015
99276
42755
94481
54981
26530
79792
54651
66569
26840
28412
37017
54272
58864
69016
7912
62229
20345
98137
43975
24178
40186
22612
16931
14441
94039
76566
30267
78360
74300
72279
92088
81987
43609
51091
51900
33781
14663
96394
38151
34720
28600
7096
8083
7434
49184
7072
61737
39866
50706
83729
77975
54419
53750
7169
1897
79699
54900
80294
50288
58669
3948
9829
4538
74415
5351
68333
28943
12690
59409
38130
86371
9053
13071
89485
22991
47610
60258
47417
59095
88269
17271
44197
53989
99888
99
37908
9526
67805
47344
1353
39049
26001
64999
50133
56357
36475
17462
83929
32747
1436
52929
60798
29276
47498
30719
10714
36111
65323
13095
21655
41120
23011
94777
99205
5879
97027
69643
8934
48787
80573
75974
59745
22237
36035
19155
75949
23601
55517
43842
35972
98238
81462
16428
26422
76838
17946
82989
71671
39102
32510
87948
51128
11100
8225
74299
9105
84605
56195
37553
95426
93273
39790
72405
48893
92764
93686
33703
50259
69728
43091
31379
26525
48004
41576
92834
84202
69518
49520
55610
85583
2030
69411
98241
59130
66222
39129
77801
52758
80596
59808
18933
97093
94188
982
91055
44722
14378
82495
17935
90969
39835
79959
86999
61957
77151
38592
64473
76472
53760
8845
76893
49596
39477
36466
89496
8109
54304
49539
97683
30372
71103
85489
48997
6637
18335
92191
29953
39743
50274
19026
84584
70620
79897
86120
79719
18274
63170
82976
95742
69662
82474
1318
1034
41355
1659
51211
63258
61878
55537
44390
61341
91333
92571
54210
88246
3202
11106
77737
76536
2133
16713
32257
36240
41098
81005
15828
67695
31451
800
49492
787
10249
40528
97377
16412
40592
90532
30168
26020
72817
89221
57259
20707
87039
37999
3436
52641
70838
84468
46992
78453
59821
61630
67980
76780
83332
48604
77612
50277
12763
61890
12841
36178
5716
95237
83770
78894
75701
915
55743
63151
94086
45506
32881
66808
48727
79302
85268
68780
41953
29953
28148
39361
9565
68251
18191
47795
82012
96732
79293
45056
89120
80262
8314
18587
30513
71847
39825
70131
95324
86593
68123
37819
16828
42128
34670
69313
90310
14676
89594
54075
65774
56644
26986
39731
51036
83703
75486
90013
25287
67257
98006
89916
68396
61578
17429
67460
57007
54025
38721
80861
64933
51440
82162
14919
32376
6147
77238
41084
36206
40962
92227
21927
1801
54166
90649
82645
45901
72631
12455
29727
29476
74118
75221
70084
29760
18197
78579
72695
11444
9351
73753
19211
88411
65523
29285
9998
19463
80689
83914
27726
74172
51008
28050
11901
38264
80673
96405
64599
1905
95807
86079
90218
88776
72561
36758
70183
39014
29045
22676
87319
54906
39801
9607
43997
54635
6223
24376
63179
56427
56679
69266
22142
33133
56029
89165
44903
35583
75836
65424
71303
81952
13747
67122
28186
49968
53375
37810
51282
88918
24473
33797
45161
89264
57239
58628
23022
9056
24345
57677
38092
58416
29583
46617
4079
86019
32979
48034
3355
94823
98834
1542
98481
38187
15322
94524
95168
12121
62137
32962
52943
64526
96123
34825
3529
88139
83901
82087
16381
50283
35230
11677
45793
39599
81145
60567
4679
77593
96905
5623
36369
51151
91336
55032
97672
71079
71372
54800
23972
51306
43443
71208
20278
33519
31791
98097
10886
52859
77891
16451
84759
51666
34870
3015
93694
372
86125
44513
96035
77284
98317
64550
89929
92292
65496
11376
47032
13501
13321
86432
40098
70294
10152
15976
55996
61533
75289
81045
99526
93414
83659
24657
22733
7873
41023
49365
59488
39564
44039
3166
5735
57019
45546
27226
62058
1991
16938
5030
47136
39816
36786
9263
98162
73271
37621
90142
97454
52494
11310
86846
3250
34412
7499
72376
17073
6480
59320
61338
90075
91642
35895
20071
56417
94056
52112
19001
83002
28461
62745
58198
41774
99954
30196
78894
43328
65541
82943
46051
18709
13949
75291
50061
40
46040
18030
29286
30041
24544
74388
59370
25487
88922
5932
90130
30320
98815
9083
36309
20400
77850
4446
44599
63755
78499
28398
66074
97728
78234
29189
60539
57566
47399
88275
47282
79736
19
71690
95339
7695
50193
65953
15625
47814
48776
68359
77118
58830
67710
82443
19811
9462
32691
16007
78237
5708
78766
91280
61100
71893
18013
54640
54951
67634
63630
16774
32775
36713
50560
63218
52033
13186
29204
49962
20881
55131
85836
39093
96202
37039
60982
35451
52542
8145
95362
56816
27170
15883
31887
7373
3207
1171
41781
27032
40157
95372
23045
57635
99129
87554
40321
1149
38680
85060
36583
44689
76429
60421
49201
92496
21464
63287
5530
76006
83053
77329
56543
9674
52282
18951
30893
22474
34966
7163
56387
22791
86579
82142
998
47901
62895
13729
31367
8297
53677
20562
73154
61853
10967
15504
84647
43117
18417
3718
22743
29011
73557
85992
88671
43783
71049
61802
89792
93254
81676
84140
43335
71271
19203
91257
78121
99675
75233
29268
61125
47247
80772
83933
87133
22732
22495
59960
21833
52425
1528
81830
81333
33735
73072
41384
64401
2730
46311
84352
27656
65873
55759
10473
8490
23991
37605
60036
55664
59983
57556
73437
23339
70841
40337
39709
20715
99272
45206
95059
86507
60551
16733
93026
75168
66177
15569
44209
58
17484
40
15339
77699
79592
86156
85058
56784
48878
60964
76854
95818
95638
62177
28417
74030
97666
65639
11030
81655
80202
41388
82679
37713
43026
48963
44163
26099
86428
43111
68792
24098
44375
52111
93124
21362
95388
72721
88741
91926
49502
98087
83190
87056
3102
57949
61976
62454
12544
4105
62932
39851
62149
18308
69241
30000
92516
54655
18105
11798
11038
54003
68262
70564
28088
84071
11494
47393
49566
65614
70747
41106
9312
42426
677
34457
43350
40913
95147
87054
92020
43592
10651
48922
65750
70117
34628
625
25567
19280
63270
18588
10374
75934
4725
97541
89648
27908
90461
35930
32373
69697
60102
4703
60880
92099
83160
75043
1734
69941
94901
76422
54848
63660
52927
92796
76766
44738
66115
81767
14334
39857
8188
19274
30987
64122
4439
30616
39413
79821
72065
67584
91610
73928
2058
30993
80135
94907
93738
18110
72845
27383
91828
95255
37484
11841
30298
57285
12193
35763
57292
37725
43329
32475
1043
75974
42974
24457
37991
31333
15057
38989
41172
57518
61249
5756
19523
15853
5603
18356
6821
10559
70376
4707
22807
75309
94569
4904
8408
26676
11379
99346
31990
27133
91152
64811
74232
67954
12343
61647
25472
90652
44561
71342
71276
14533
15041
10514
99485
27473
82643
44674
35176
27228
61989
13148
98685
71359
24420
55131
86302
5303
52132
96099
93208
90163
37233
13652
33907
44460
98372
52363
66656
47404
34200
98328
95299
25146
45133
55817
4438
56060
32689
90835
81983
86228
29173
19348
96952
42157
19518
21580
29730
64137
91840
57987
97040
60731
93568
47410
74536
2548
75977
43384
96168
31748
81533
10685
1395
62676
65678
60953
8803
88544
47487
53572
17880
89268
52110
6007
79419
56385
41996
86360
29448
12364
33579
80219
51597
3709
61460
33647
18443
89915
83072
74738
63670
33629
13389
7210
53746
21322
41454
51278
60364
8286
8329
79405
83021
86992
19538
57520
34889
23616
24129
55899
84517
93969
17229
38148
40936
77126
13255
71591
80370
32734
92937
27850
39029
96237
48860
58527
38366
75248
41471
37612
66683
19787
30300
59650
14119
69310
63615
70627
46836
50269
93819
87209
10603
9315
35585
29160
73985
19380
99081
49656
57016
88486
11573
98687
42494
34459
87281
95857
33901
62665
17588
20634
6533
98392
31507
50448
96501
80731
19781
90056
86082
20565
25084
39164
73282
61729
75471
39574
58466
61442
78587
27964
41599
23789
74
95898
99876
78342
21227
24791
7430
94911
8126
20274
66321
65001
27323
17781
41158
60692
11622
69168
28469
2488
13551
48762
46336
29082
83858
36531
99827
64063
77679
45860
63398
17234
21984
63965
22720
41543
74496
64054
35265
90533
66478
30109
1514
85769
49625
7490
86798
8893
60733
55597
97538
78737
76937
32398
95057
60371
58968
84893
25161
79983
70262
54436
52309
87212
15665
31340
13481
14794
65098
9278
48752
34374
14728
96758
23064
96822
91028
40295
26893
75627
21581
1903
32202
2688
80543
12134
84545
97300
66397
89134
32137
41139
84975
74047
28393
44752
91656
83598
95702
84353
93245
21771
5072
61647
22258
24276
8837
53957
74129
31817
61731
77114
41370
1210
79426
79346
87739
66967
13014
20864
80219
60238
62921
70865
36930
76833
16429
71347
55039
61573
69186
75462
54339
42286
83043
67023
9367
3548
40033
7353
45743
37595
75467
35832
44901
47850
11899
71306
35453
9098
70085
22932
49109
7590
3108
21110
84453
94238
85463
21793
52802
84510
90175
20808
76958
29791
3918
38713
75881
66684
62618
1274
96137
23107
38178
45848
44440
23015
70710
29708
34663
85203
20093
2825
87447
55874
5640
34634
10816
49529
13359
52013
46202
98205
76526
53976
85847
25238
77189
17545
54765
66415
73747
98782
3277
58789
32904
63153
74574
5392
33026
50196
95877
2703
10387
88900
91439
86966
39739
32224
30984
15315
76352
71895
8127
48150
37885
27905
89903
40334
71384
81052
90742
80485
33189
31439
2059
40054
7708
20989
52084
6814
4766
53872
79630
81032
4627
85135
80224
6826
64828
24895
23346
96067
63594
23123
45463
77679
30863
58349
95169
71306
9873
52550
43898
41045
99753
74015
78549
32312
52724
70188
60800
32903
38277
93256
71967
27908
41088
42706
61993
37398
29461
51099
86455
35640
16712
82005
46451
51112
39213
92334
42815
37679
91663
35222
18303
89053
92716
44197
89224
40990
2205
44497
61468
68712
75011
83241
84933
40600
15963
56573
25097
33499
95242
38935
20769
49789
94350
87313
53056
1898
79003
1609
72133
46037
37203
71199
15621
53661
78245
27295
5207
6551
61577
50914
26612
89373
13198
57050
82062
32200
91656
87059
54165
24717
85759
93349
35388
83688
61727
93105
58330
5763
28796
1112
8521
78796
59182
25643
13721
56616
80827
25946
81506
24513
59489
85021
399
95741
526
47195
28864
82892
30091
6435
71211
82304
60504
8349
79788
94455
5185
46566
28770
78850
84822
92418
76472
7975
58333
95828
70295
41649
19692
34828
51255
90470
24864
71311
83502
75035
51814
91433
68311
16222
51010
70499
1756
11072
13801
4207
568
58665
71739
90835
51688
869
41157
32203
37563
33964
44229
45223
51468
28876
70240
40360
44948
70111
88946
28527
42959
86488
91686
63723
21333
365
15270
15160
65934
66286
98732
89667
23179
4873
33629
92838
7568
63234
94895
25699
53444
49292
81090
62574
85412
94185
50464
45413
34681
94237
12359
59987
47044
71988
22251
30181
12298
74397
33150
78021
94608
95558
76060
49152
58669
71135
77872
96121
67436
42217
76328
45147
73824
27399
58578
45983
40960
73637
32382
19015
3388
78785
37149
68922
25124
91722
15777
30040
19502
99566
97648
44957
70484
5746
88160
54973
35419
87523
20809
98680
15217
97084
4118
73260
49462
36406
87601
11996
31218
92856
78455
71059
39079
69845
63840
98804
52523
84822
32365
81607
50664
35556
42782
21703
94223
54841
57940
4533
55879
83648
47658
55797
95101
93244
65475
71678
70154
77880
21113
29680
42180
21428
3019
52011
54080
13679
53485
98679
60389
55010
62627
13218
43404
41762
26891
30429
75554
68868
12768
82537
78311
21179
77067
7866
83909
50393
21332
74423
27720
50610
99914
79707
86340
52290
58707
77616
29273
51741
54712
13500
70554
81243
95363
19196
90738
3557
40938
31329
49388
83778
33400
48196
23522
51361
50661
33232
88450
15658
36522
6358
3993
39371
23454
38435
81304
6130
47879
78604
83327
40699
55781
99460
55397
53354
10231
40808
91566
83562
41807
69198
16932
12342
27902
47436
6607
97538
47594
26017
67890
61741
34952
26643
83811
28697
45628
86992
53408
60777
59040
75399
66945
97450
61629
64319
22712
32700
95431
72223
26158
97916
10606
45015
11802
36048
30581
50105
93685
62666
24102
98956
81113
10065
79779
97194
92998
41649
95582
45356
66326
5598
28276
77824
82098
69143
95926
32743
25562
37805
90372
91466
56642
17544
35970
12527
91134
21991
25904
12180
83636
61841
78050
11226
59082
78917
78587
76138
61360
3585
23511
31438
74686
20894
25671
9810
26260
28197
28122
36631
97154
55007
53357
16380
52496
94428
22355
99830
51701
64774
97430
62972
14843
79811
38485
21280
2209
56593
13563
36269
10667
30929
71462
45163
2683
82290
66738
59102
61656
92323
25499
30449
10693
74097
54249
85577
41031
12877
23346
55951
71023
53395
1732
17335
96927
53502
80189
64681
2710
99545
96669
8510
67645
44940
69133
77556
47690
90134
48842
51967
9488
69538
30223
31560
64248
48970
92157
64402
82885
65795
99955
22429
73483
63149
67324
12876
67486
79531
63223
56928
91975
55520
49825
50364
1962
10484
54672
44816
8876
23888
12628
52898
69185
28190
61393
85561
90618
83265
38101
75882
72505
55951
3920
29899
21437
72516
18588
72153
73835
46731
97486
21295
12925
11711
10078
39374
89221
99801
20484
47407
40816
21526
28445
89325
62631
91977
42092
56609
92193
41012
2699
56691
63641
22249
86008
19670
31330
5060
24697
89894
79740
93667
32259
41657
17383
67895
59778
91581
98940
81277
84024
54134
32105
83926
7773
1321
3411
59962
51438
42756
814
82275
28834
38100
19832
90996
29316
90315
14810
96322
73543
45192
97163
91158
70760
40326
88430
34584
81761
4979
7549
33210
83604
11227
8968
4264
39648
16306
91047
51598
1637
16282
62645
23797
9332
51941
89893
52176
7569
69244
44838
85714
70663
38722
42994
49794
9694
80882
87773
56164
39516
27974
36371
82582
99191
76425
63881
22412
52087
48758
30233
76745
40029
89024
48027
24645
29640
61557
8404
60713
68425
9291
46803
33414
63162
54943
20792
52460
3802
96004
28105
59044
82366
52837
14616
68829
98206
78054
9177
4329
98516
24919
75077
30688
76145
2713
86346
96854
35503
17764
21200
62745
41773
10296
14637
62262
88642
49304
27525
11848
55412
40304
70472
24797
75643
34168
67366
32609
6330
99111
55662
46457
69195
32499
98339
14161
33750
44299
25898
41073
25632
39806
35859
46892
73033
65686
51926
24651
49126
60454
85303
52985
28995
68156
46632
88307
55861
32345
28564
29573
3301
86348
16230
5116
27641
95387
85669
78360
27902
86289
18746
7206
69390
21313
97186
20528
81459
34056
38021
94425
9985
47450
98124
20746
90706
36533
6423
60912
10896
81988
79004
69131
43713
84350
34473
50898
72059
73356
54841
94971
66998
52076
30590
80061
49459
61257
87708
11046
43439
35753
19159
83772
23863
51958
33602
12378
72944
32833
90122
78549
85160
85411
9315
78228
2821
94621
38296
48060
21764
86773
0
51180
79823
6274
75626
89991
29523
19909
53157
92130
796
74456
24568
85119
79600
85468
29718
35015
63898
27714
25809
74898
9774
31082
7953
90107
47342
59663
18530
58920
28606
66299
60892
69702
67608
70046
76412
48541
46937
99799
52960
35027
94087
83762
7586
38025
76165
41495
26546
88203
22099
52929
51734
79529
57749
37079
74191
58082
31250
72060
32546
73255
13399
27604
17107
53791
81072
61437
48728
9089
30409
51666
35728
84810
20906
98763
11769
21078
21575
32787
22999
71415
15970
4152
63676
41044
24157
19547
56100
94308
16583
8558
32868
62688
27346
71069
7315
57269
22481
60711
11443
52497
42672
5425
39744
61656
19185
52631
62010
68789
56822
53536
58565
16572
88379
68813
87308
75220
31310
86154
13545
33547
19241
89150
20784
60088
38462
6496
73506
79539
72690
674
21375
97747
48160
26114
18451
87108
75492
98198
80650
13483
4802
66580
20046
45564
46186
78933
75560
38159
58935
54551
6169
21941
79788
61156
24964
63963
43004
2812
30227
85605
43204
82016
33157
37592
5686
94859
90939
35349
58334
54542
28588
52200
44239
15613
73293
52768
74798
88950
30983
24428
99348
95826
6383
30781
59249
8305
5068
67856
1893
62778
58822
51096
53219
13634
84099
99200
86114
14826
17436
9469
76459
78565
71399
38583
8608
62391
19950
12566
77717
78556
53111
90203
37632
2964
37354
95275
59917
84816
80363
14736
2142
22698
26667
32281
31680
77971
4051
29795
15039
42179
99795
42737
62153
61575
70446
99777
10066
48939
79188
11869
41092
80527
10827
1418
56813
84299
35991
78320
71149
74485
83335
76396
43281
77121
31410
61089
44327
21345
50266
7305
40461
42041
6980
24869
79544
50872
98991
78322
88373
84758
94442
7632
23268
33554
39721
6905
68032
81977
40937
59268
40168
74759
38302
57846
48783
28552
70213
65131
45750
69279
67265
76003
25459
69444
25559
53297
57902
96326
83312
99046
84821
59034
65157
9375
69339
60078
64459
36542
65727
15409
5555
47698
67865
5827
65029
26708
2490
62158
33983
12719
56434
66837
71699
7155
65870
75291
35188
9440
49938
21961
68812
60962
41158
77842
3515
86705
50698
69118
46143
24395
7802
49731
35917
22186
29599
44694
7337
67610
10038
45473
26616
82883
64817
43954
62213
84665
32963
37314
9102
59971
15107
22536
11137
54163
23515
26354
16184
1832
29588
84107
54676
56863
20808
89256
53793
94073
20996
84268
86722
61581
85284
53110
9234
60392
54335
5769
54306
15715
41114
16027
39600
83092
27908
85128
92284
1713
71330
56047
11049
67090
48652
95723
66122
45823
30117
95939
84636
96235
28752
17441
80965
90444
61730
16462
69421
55776
55476
47955
40201
66412
40483
35684
88539
19797
11186
35714
61720
26544
71278
96909
28954
27457
45485
39719
85075
26776
15098
32825
70575
96853
26435
46170
27744
66215
28950
98415
15464
50341
22828
97054
73701
22435
34691
90239
62817
50145
94430
10752
2490
43351
56189
94648
438
68074
92182
99756
92016
81989
89289
32514
8400
38181
95282
15560
53252
85492
94018
93048
95590
66192
37133
75805
80059
74677
23493
74299
14861
94529
97076
53763
22335
75485
28983
72896
27476
46764
59892
35237
15682
88640
5582
90611
12551
319
70003
72945
25803
8852
67928
50347
42205
61250
32335
93481
90834
29888
70454
39086
68122
39945
36807
36917
69801
96849
11589
20416
90214
51552
8370
34137
30424
91965
86387
84191
3106
89977
9578
51972
34455
65246
77025
25909
41131
49275
47634
61217
3761
46323
95629
73388
67555
91264
62854
7607
75355
98791
18873
3315
78710
83186
521
90834
78574
3397
78818
15248
18771
54252
93064
81680
92613
81393
99429
55648
25847
44882
4532
32344
67610
94384
93233
9520
55112
47497
14296
60038
17497
81999
57565
2242
49671
62654
41958
8944
17808
23719
34864
79155
54868
19389
40390
20585
66650
36176
26461
55502
96722
33562
8888
67720
92052
42266
74320
54281
70229
3068
3363
31809
13876
73397
50182
74603
8192
63705
45549
29152
93506
91200
16563
58126
26319
54557
58160
15762
29516
40032
49067
46144
65260
66702
77968
26064
82520
66600
34460
44908
75314
74084
23734
25490
37397
68037
83957
41762
14493
70368
20969
82042
36120
54744
26182
39664
55640
60617
10454
86922
39355
39352
69247
2685
23332
81603
92494
79286
73
88101
46411
30039
6239
49600
83840
55206
57343
95996
84763
1253
15657
59472
89251
65931
83533
72035
61390
60026
85927
83890
14628
35502
43113
45872
36477
29381
37421
46502
73695
52817
46261
32207
77796
75662
47820
67895
65163
18224
5480
14269
16039
63982
2373
8166
22335
49703
28427
32680
95437
72674
18843
54926
62116
78740
5157
91069
9141
59342
67853
30588
85362
90948
72986
14729
33784
96079
34315
17737
5537
91526
67176
23663
2714
16441
90667
26435
7621
635
90640
6352
82325
41737
77609
52278
64229
8763
60883
5557
40947
79239
13040
99025
60893
47155
17366
52490
24755
9859
74903
64652
7452
53400
97511
10695
80137
7906
28646
14627
37519
37236
14535
15939
86986
60465
94990
91266
22958
76662
95333
23476
92364
79009
78718
32971
55345
99434
61599
98976
58988
20797
4182
2197
71350
30016
62392
14481
68000
62651
28234
45963
23998
7073
91361
35684
40460
94685
26283
37750
26772
1582
46808
11893
67038
26564
72183
74595
22489
90634
17824
4976
60328
23869
57647
28228
53927
67010
4667
18635
69262
17154
21908
74066
38141
89607
6615
14332
20068
51264
87308
46899
71422
4797
35480
25194
73225
67498
21531
97099
16856
93786
37988
4227
10864
36192
72188
46169
51438
26067
35234
68163
94079
82301
44444
65471
74692
24025
12408
23274
54588
71558
17393
26959
5739
68796
17005
84476
10211
49793
19896
99736
20789
2439
48708
24059
18608
52979
11571
91281
7993
6501
49161
11355
8727
30595
39644
57155
41607
62068
24827
29691
54431
49874
67365
28024
2436
21366
61137
81947
79743
73525
94689
27831
96497
45987
11130
21041
10166
28496
16930
81934
48857
91838
66792
66681
9528
8364
92085
39046
74606
45869
46297
94700
66819
76927
12537
55805
53910
44668
55342
10314
22452
65574
1834
17799
63101
30006
5798
41624
48417
82019
82254
95872
38757
21401
99867
14687
21778
72967
83851
61550
76725
10780
12945
96497
55958
8294
90697
10401
93040
9328
33409
17184
79277
79329
45010
67166
98687
1585
42517
7785
75188
28793
54875
71489
65176
86885
42631
14889
23669
54999
76271
68069
82865
13206
66967
78502
8213
57876
65094
50065
38989
33510
29068
84453
77895
19396
19884
29588
67356
39653
95211
27672
78930
35986
60958
34093
46658
53946
87948
47663
95217
45503
16663
52517
49341
83438
53985
22503
62290
16350
12430
79978
68006
67004
54596
32705
44144
91304
83354
34870
71279
70318
61791
31251
87392
3648
55988
47178
66107
8779
68415
81146
92189
8171
70065
41844
68437
3482
45413
46803
64402
94626
35845
66014
9227
308
4439
50603
38451
76212
47786
33985
27740
7196
49017
30947
85299
70668
258
88692
29088
29701
22475
63128
45027
16557
75979
3554
7954
9896
85823
29361
48453
92311
2906
73514
65471
98706
83815
49287
17253
30617
252
69097
71194
16742
82362
7290
57027
45730
59357
52309
47129
83736
85530
37946
82772
16279
30106
78222
75762
21617
65305
55938
41210
91158
8598
31052
59048
61351
62338
41763
19429
11063
46767
68574
80313
8584
40874
19558
54279
63271
29661
73696
46020
48190
6056
88377
81995
12229
91086
37017
9349
92795
16830
93244
92482
Time spent: 49
Itarations done: 9499796