52914
74859
33369
21235
45695
85439
44645
52323
30216
74978
52408
56294
48661
86598
78811
48522
70204
64646
1377
85720
89910
76669
95283
78898
44925
5659
68215
52684
13916
89694
98955
95573
16193
37360
24085
92222
68086
14226
91191
41125
85872
78174
11446
38840
46901
39532
99659
55394
33590
35713
85668
34571
88530
39475
17374
27488
3216
64921
52775
8223
47756
96020
56032
26180
24424
38685
70888
21488
94010
89331
43709
66917
80676
20397
7946
2641
8382
6396
22002
98628
59947
52892
73291
13515
78400
45149
22695
18546
49532
3235
65685
20466
14431
16029
29030
48239
61239
27795
5348
65022
36520
67942
51647
29056
98333
47071
42579
54931
5500
90560
74291
20194
518
44720
60561
21293
97192
69935
49347
7587
28313
30232
14901
12503
43537
99358
48296
56815
73150
29720
77512
20686
89481
72436
97151
68242
4497
94262
77388
61338
39436
10316
51976
17593
90369
40261
55873
51880
92155
43
94542
90153
52523
61270
78979
59813
87845
45967
53216
41809
42692
75732
74362
16195
16340
61180
79146
45136
51162
104
85496
15130
60175
50930
32840
3717
84041
61789
60659
44983
71379
64952
61191
42922
70538
91363
19285
22008
5812
20688
70052
10321
86571
58522
63270
22113
63896
24336
22423
43965
6059
41224
25810
31446
11530
41689
17330
91714
16193
42456
75346
61519
80062
95704
29480
89826
58042
94108
17198
99566
69108
92778
14770
34011
78807
12375
60458
89837
1067
4658
11714
1143
7051
94169
42735
66537
1156
57956
93889
4849
87241
68974
30315
84111
1788
8212
53461
93165
34926
45609
36321
15571
95131
468
20873
21467
98879
18345
24452
14585
82665
43291
50779
58880
41528
21830
90875
62005
95573
48219
29288
11369
74010
49285
41853
42570
84786
11559
82623
69712
7176
73403
9688
22453
4528
40515
92235
15562
4867
34434
74542
23386
38160
50578
46486
43797
50797
84873
84741
14042
40185
86141
83961
84368
65374
5242
93114
64389
93209
41296
8484
31838
33772
30387
51965
33723
3714
82754
80929
15824
31599
50763
34235
88069
85452
1856
17896
70539
59484
78156
73460
67664
4301
47614
52331
86647
22903
90281
40076
50229
83398
17744
36165
53616
18580
93739
96665
80715
92394
9642
90063
25793
13797
69754
99717
63247
69640
58256
30340
70387
29922
92162
40482
35956
51149
12803
28147
80578
66504
32100
42495
74406
5153
29297
80979
61939
27251
88853
58351
94322
96079
80819
1610
25390
34218
11300
33306
49312
26792
12508
54504
44874
41548
99422
28283
44304
32903
93207
94814
62969
85071
332
19865
10381
28001
40721
90008
52631
29107
38256
19842
11732
23607
22651
29240
68275
96800
42941
81911
80415
72713
59740
50512
44394
95298
65943
88079
99635
10697
83698
40725
24925
72122
99223
32374
81246
92468
26454
88686
31563
64045
35536
44423
8174
49664
42784
96153
4215
24807
35047
20488
37463
16719
93276
77006
71820
43001
87629
54526
84660
99646
39583
99596
36714
86453
85304
86862
35217
86350
28909
52383
80762
34426
44272
13051
53647
22300
69693
37912
26443
83973
40983
20499
86101
399
25441
25228
11114
41773
51711
45430
77103
38868
78645
15793
57627
37774
10073
67776
46116
45977
41771
2985
49528
21970
21955
86560
94663
95453
17237
30270
44026
30647
2295
43366
39703
61393
33359
78105
80944
33413
23172
86457
93951
86499
8202
34667
70845
97358
87664
93127
38864
82485
18304
30479
70547
29653
68915
92870
60988
86465
74203
42009
79223
84937
78877
58931
47358
22153
29754
94326
13290
48796
56172
60835
60679
39716
77153
17886
43298
33683
87529
95452
39969
33090
4644
39529
1002
48598
2249
39194
97373
58603
18863
12767
89852
28856
4155
88910
6862
3722
58754
17429
57067
37269
30474
84063
5502
79756
53027
83767
10532
73082
52108
27763
53010
37349
98107
21066
88689
49973
54742
49246
20300
28578
58522
55871
16652
29462
65255
75354
2703
64493
16687
9880
6730
21042
12871
3618
78601
41935
24042
72606
86571
85379
39510
94511
59132
38439
30486
48863
63128
1883
98799
25445
99713
99064
94067
86171
55648
87009
8186
74102
69052
63988
97884
12157
55892
74590
43608
23665
96370
10668
26146
37015
98780
94540
91184
7538
42527
9416
76351
1120
51677
11265
95366
36124
65763
16222
9522
72871
55511
8088
68008
73239
77747
51623
65481
26830
75935
29037
47812
54758
10650
39485
95075
57247
47728
14317
24600
67039
40928
4496
86352
7049
20646
90785
67857
27737
40541
52211
86597
17360
39924
3770
24016
36557
51287
80475
47217
27643
19625
1562
71918
88552
2968
96058
43399
81534
92051
8890
50920
67514
21095
35315
45519
18449
41409
50728
1081
62066
94821
12715
44237
56044
54943
12754
79910
72007
815
46058
56238
93599
49723
49783
45091
97508
3777
32214
62575
91416
58318
78511
17674
28729
79304
72204
56563
6296
81520
15898
65167
78428
29794
69461
3173
88180
41363
49511
68972
25156
89110
50088
36895
68040
92603
51159
65652
59601
36692
78957
50000
92075
75890
70152
76443
51670
66833
70456
48176
82317
20822
67506
64487
80882
83808
17734
75478
28707
32079
77423
84244
97649
18573
89252
35547
42727
16857
7381
12510
8024
87729
66486
61056
27664
36788
13149
75523
99502
40452
21598
8333
45579
92564
10072
11589
50436
64106
58904
79110
86077
74452
6938
33702
90661
44217
68982
96359
66927
36917
73768
81581
5901
99543
69219
86167
21641
80552
79842
77610
3526
37915
29655
42591
54068
49513
63312
26115
82252
3566
7940
77467
65087
77669
18704
20430
73358
11654
42220
82107
81489
41664
13660
47214
45989
90669
75805
52845
42104
4107
71225
2474
94134
78439
12429
57392
21269
55066
79039
58731
47858
42437
25929
43940
94715
85106
11721
47799
76349
20084
73188
19973
77932
48041
77814
48624
75384
99755
84152
52743
92115
96624
27589
94632
56770
88202
27758
68362
37754
99366
83053
40052
82350
35080
77600
51458
80947
71697
76480
49642
10149
10282
26161
72351
82523
79668
8798
1307
45235
54806
21439
93706
25042
99386
64164
16026
12882
50827
24793
33613
17755
40411
42039
54566
96602
81700
13841
87044
84610
66291
93112
45429
8630
77588
79234
32647
65360
70452
70387
33476
85443
67418
89142
76822
84882
90650
31766
63696
25883
82867
20265
12042
70757
70175
55457
39564
14472
85094
79217
91362
24206
99017
54529
20443
97485
9896
63090
46076
74454
93206
1952
47480
4374
52018
33047
98470
71599
95510
2442
12462
32107
34301
99755
46634
98070
5710
72443
9062
35008
32381
44494
23271
3745
73649
14573
30955
87677
50639
24774
55467
94813
13257
97863
6233
13562
70103
38276
77375
31454
20760
80111
82592
96763
14015
43960
72762
14417
5271
33696
2727
19658
1743
64153
49373
65571
64968
61156
34401
93903
86778
16457
72061
32521
67061
11876
44638
77417
99478
49303
6655
72337
14759
36214
32484
94898
40294
79970
51487
94514
9422
38380
59804
4473
94166
58913
58564
68203
41125
14404
44559
78048
61795
9210
71315
23821
65818
86533
6014
87936
28491
14971
30874
4099
52291
70354
76338
17349
16310
57530
27859
44653
7149
36011
18043
37319
90174
23251
1590
89158
11006
49809
11722
17640
13674
31772
13698
69199
24083
7552
3521
64404
75276
58518
48092
3884
44432
95942
26833
1702
30611
50314
14219
99283
26979
43360
37623
40078
31569
57920
55589
52788
96592
46364
27873
99312
37896
34319
90497
92463
13379
83225
6588
78104
31990
72592
36916
6462
73411
50841
62804
88248
82604
82193
98498
42593
53087
86339
50075
95861
28170
27466
13648
83114
30326
59713
56866
37254
75423
77235
94613
24828
40813
48812
52334
2025
34048
39272
8551
19558
52476
33013
21916
943
33053
78504
77519
55092
66413
66901
32214
61211
89552
42755
99353
81652
77473
20295
89598
16673
25686
44878
16367
13993
52687
95933
81998
85565
54367
75086
83851
64190
10751
61160
18340
53360
79557
42322
15299
85194
10774
54934
5062
3311
81780
68484
6338
30249
83487
56487
24183
62252
84578
84355
64295
58231
63112
26965
2365
54245
22599
1033
95367
39993
3107
60371
85430
79652
57046
55726
26345
45797
83979
5153
57771
62193
9154
55707
62836
18916
46370
42752
71132
31600
7436
69286
10952
65465
7620
34436
72189
34410
69372
37600
14404
15558
45021
72765
43397
90502
63264
6071
83961
35870
53940
98997
96552
37941
20939
99351
21233
98657
14038
72777
83527
33715
97034
88579
63715
37349
21781
5419
13619
2935
95528
24783
3063
43763
72439
93137
91986
54087
9261
37258
53544
87027
99783
11523
18601
2903
43113
20737
72613
59302
6684
57624
12195
72442
16570
60194
60578
78357
44812
50928
48627
61940
66360
67108
91302
2098
26642
29601
28153
2031
94879
26001
50888
35117
77970
3299
11024
38894
35096
75096
86313
32340
64142
48872
85888
14924
27653
69916
90957
29857
48191
60309
60434
38489
30852
3646
78976
58008
64105
89237
88737
60363
9241
83098
25481
16801
13403
37300
74759
99404
71494
84097
74476
18750
18247
86760
16454
85064
53292
35125
41492
29199
89275
80641
79931
9301
65917
3038
62897
59215
91366
88732
18141
5474
56242
79701
68812
91136
15541
20802
73510
96807
48836
93358
81593
41835
90202
73336
29015
81981
65886
93562
66841
93793
89905
21122
97112
50454
45635
83509
88880
49059
24883
90026
61001
45075
5030
98585
47664
86158
19515
72279
7666
14565
17311
54967
99065
25050
12940
70596
17146
23465
210
17102
85490
30195
40027
82471
97494
12098
35488
57893
28795
6821
75904
60960
79870
24150
65502
10417
62421
70461
52239
13292
13227
44438
37509
35006
4743
94838
78486
23632
23043
14437
91403
50523
547
68184
26302
11318
23543
18153
11606
3650
82616
13063
60324
60913
97886
55920
88790
75027
30366
49782
23522
85389
85735
48689
62155
46068
27489
8461
10322
8776
42706
40404
37959
75274
45543
19849
85719
79601
61106
91027
4998
57882
5474
39955
33553
51455
66453
77793
92745
67675
93982
88581
42185
91997
29195
47291
42852
4773
36717
6831
60750
6743
56111
85918
89713
98244
55239
63668
84206
88960
50828
1312
70793
37361
59710
66607
50374
31985
57914
32327
12432
30325
54253
56625
57172
65315
30001
30136
61816
14294
56951
92343
33254
779
82389
78029
60828
65535
61418
53590
20251
129
24585
42498
82478
83538
91918
19407
49813
379
83230
73182
75613
47908
28966
567
23663
58214
55865
94240
88616
71871
7374
31704
29866
99801
59998
54746
67790
1230
13693
53121
53508
87335
66905
30681
51139
32574
35004
37345
64998
38634
34650
96080
3239
49597
36008
40532
94189
61125
79740
5950
61910
1335
66376
83773
23524
86546
51899
58495
92386
71159
25305
94398
58410
17690
1397
29262
69694
10349
35233
62349
58022
23510
53394
94762
34936
35076
1672
91695
34744
43937
28746
88153
96188
10623
61108
52382
55444
90712
75737
54570
69701
71674
43922
62281
2789
55584
2175
98664
82134
52487
4279
54618
79809
62180
22322
41942
79493
25806
93954
10867
65897
22892
58097
32481
13504
74302
82032
64178
57473
87104
59009
74596
1103
43414
47443
3427
51483
92083
30283
71031
77764
49377
96278
32953
54974
52867
83616
95269
90353
41298
80855
68074
28909
52477
50026
36520
220
41086
22471
71449
99460
18777
19248
84984
92230
10079
64797
60376
94952
99321
95125
49940
10436
16188
9878
40088
91689
70497
81450
28279
66097
381
13683
43139
76843
42323
37710
66015
88739
66354
43159
79958
61616
45186
69190
80386
15980
42196
21743
30632
2890
9895
40884
35107
42792
87890
15289
33022
16546
77337
29670
86358
75936
47472
35350
47268
90677
99092
54199
42077
64250
69673
61795
1774
31878
15322
46959
2156
499
45888
11675
50744
2839
21261
57955
72092
15498
39277
6334
98353
34418
58640
4467
67691
10200
3845
13678
69626
20420
93381
6336
53393
96459
17317
67590
33106
28273
65864
71234
81805
42170
76648
91417
5391
83804
25126
19365
27008
41486
29982
77501
92609
13325
83296
62056
29226
55820
43902
99695
48923
51225
51609
73690
93429
96331
29784
60820
57134
46279
44320
21433
9456
43598
78103
2026
61461
24862
61845
42202
86227
25190
74498
25994
7579
94295
89466
81349
17628
96825
96439
10939
69997
94500
72913
32476
22639
97830
14317
17378
71841
31190
57170
42880
27304
76605
45788
14596
27134
48780
99815
74041
81089
6787
37199
78779
60647
26229
95237
31630
25236
39822
70922
39757
85392
4021
71047
4482
55675
64652
22425
78320
42843
75480
43015
76990
48073
70209
15913
1054
35966
624
39867
4366
37605
31430
52357
44642
10123
25764
34261
65234
71022
64492
8748
86607
61943
17050
41271
30997
73587
21970
32400
64422
81225
41165
70719
16437
98470
23621
79134
29962
55966
51377
44665
1001
51169
43491
69164
91235
95573
62136
16398
35222
6546
99071
59521
18358
52357
20441
52248
71736
61037
13167
56837
15726
46372
7166
62552
85336
87646
44227
19320
87322
23685
26547
93095
71532
86262
5800
21751
47128
3156
67042
13365
38055
46911
20843
82322
51591
91796
41762
62939
28763
68502
81575
75157
56092
73796
41673
42337
44413
651
10581
77327
22369
3292
59785
59665
49735
1159
43879
24204
28859
55951
69506
69378
81269
26727
81628
71972
60900
19459
65399
64497
95420
99482
77215
91120
82750
27977
99509
8596
21186
16889
60391
39762
18380
70658
71494
18896
7000
97636
15182
90591
92988
29291
55740
36797
76155
81061
58269
10307
12192
25161
73677
47160
30252
22708
88537
15351
80850
80186
44491
32687
65136
53581
3505
52758
88469
22440
72448
74719
88757
95680
3335
79972
13144
91098
54009
36771
55431
51397
28118
42448
20989
20918
12969
92148
55933
9347
99151
72856
63013
11325
96796
81960
27887
34214
59904
60739
96391
10161
92398
14867
75904
33191
37373
66429
82076
67207
44491
44882
15921
16592
69530
78066
35727
37531
84810
88557
83190
95210
69576
35542
33881
39751
5323
67891
68380
82004
22688
70192
2338
99291
33691
90270
71230
90695
35977
34074
38706
31709
94146
1787
86226
48837
87346
17656
46059
46162
62012
75251
59731
67962
43967
79737
79668
74115
45055
19232
83048
38354
46063
38437
33749
53333
49881
19453
10843
41044
76715
97081
20179
22272
16574
48870
19404
94607
63386
3805
16154
4923
29775
7761
44169
79323
81862
68710
82713
91191
39425
80155
60992
6303
58330
87393
81099
42900
49344
17924
593
24130
90279
44694
38914
80483
56879
88877
10645
80623
31931
97459
43000
30450
51801
50175
4948
82281
14916
60188
61026
38707
7676
33395
64159
18993
99876
42354
18711
79800
23887
52574
77501
46587
79721
11254
84653
17171
1535
71568
39945
44809
80218
79198
39701
94494
61410
92036
44273
93295
28640
38881
32844
63180
37229
48396
32514
33118
86160
95751
50549
76120
2367
21072
96183
6500
64696
71216
51513
2747
13249
4358
39784
92247
73924
75499
43781
45496
77646
90234
47028
79502
69141
73994
6179
62746
81041
54456
14221
47387
95698
95927
81021
28303
29299
56255
40276
43114
50696
59169
90039
82529
90822
87962
87801
76135
7656
10011
50484
55173
46400
35901
54707
70928
74857
1753
93368
64990
79972
38868
20811
45978
83059
60904
10782
26233
68475
55524
58864
11536
23291
14854
84250
17081
54011
77039
24468
3744
80437
79823
71074
90097
6516
46309
64341
97692
33299
32921
50627
29784
10145
70069
7368
66993
16846
17152
57532
87317
31570
35241
27902
82446
67366
53187
53693
47538
53398
65840
95769
67374
96200
56731
16138
8280
80907
81759
52419
52213
62784
85319
42599
77113
55314
45782
77695
95921
42688
63362
1816
15567
31763
10123
36646
66805
11358
59274
80496
85943
5248
98846
20872
315
89267
13510
3883
80755
92668
87480
23818
76416
19181
41346
31905
39910
4223
66162
14495
84089
71229
59212
57831
85682
62344
97634
99075
65556
96499
8434
61412
30578
51375
6420
84810
57797
74848
75184
93440
38157
6189
60520
85725
73943
27642
30495
93695
41887
72970
31938
34546
92123
91112
39138
69218
52128
332
47380
90318
44340
71048
11217
84875
6295
44004
65445
56152
22954
24521
95294
43164
42304
93270
41643
46567
47357
39345
36879
55201
370
52373
67559
68878
58402
6973
51104
29868
83224
35084
95506
8079
33194
9534
83425
33052
29848
55635
84974
29679
37778
66723
57168
93933
82785
24230
32223
39933
60348
13229
31742
60284
54126
80331
69342
67945
92519
2423
20368
29725
20221
21912
44090
59066
51263
56992
41130
8888
226
13905
16870
94063
59074
12239
190
77453
98535
84026
36140
73503
24944
22735
30988
58989
16197
39186
78609
31804
93733
28043
38258
25579
61384
60694
65535
70410
56509
98204
20693
88162
13984
61455
91453
24541
39421
4690
71071
49553
24419
13362
26669
2971
13713
87542
77692
22090
51736
78090
79838
65291
94431
14367
75937
36875
71075
99489
31965
26100
20411
51931
23785
96535
5578
40788
78145
591
33127
96022
117
48490
62818
74803
38382
30974
96976
30308
49625
80648
80832
60364
23806
58194
28582
9873
23171
66508
13837
63147
69621
28400
27679
90160
87407
11603
12692
4134
71112
48606
27185
46992
2500
78250
80205
43891
84037
31011
5009
58404
91772
90557
6349
35866
75730
90432
25193
43970
52103
46628
13472
6928
38253
84282
957
82335
78907
89944
66573
48319
99912
9573
97233
52658
4526
16846
28731
25253
96476
96380
15250
70658
73851
22093
66751
38351
88418
62228
26770
14986
6021
9437
37124
95109
35516
16845
50533
64599
16003
19174
7365
74617
65135
31746
88509
92866
94905
49620
92807
93720
95515
14093
64511
89089
72833
74472
13940
7833
406
49287
32772
3159
13126
82992
4365
4601
26366
1747
49042
34032
11799
94993
24435
73625
99053
88324
21807
7740
1023
27545
60684
60439
79846
63806
86180
15646
80461
15393
16087
37953
59111
82969
68069
8622
25302
12007
21271
53562
97450
28627
31177
67886
44806
23238
21713
35117
51260
20125
24437
98171
90205
50523
21035
63980
43923
41748
72431
13946
35770
45594
85461
48338
68966
55470
76398
14392
81887
3650
39510
55008
36505
87531
18393
67830
53964
46936
8016
82916
99318
3263
86178
51300
95994
75689
84541
86460
19864
9640
61428
16015
82607
88400
31262
81968
64573
49990
38823
74361
98443
98346
40418
95431
36750
80340
68618
29181
58658
98349
12387
34747
84403
41823
40241
91015
69411
50711
30467
94648
44338
68628
49535
54023
52150
4276
37456
27534
8843
95918
17188
26280
80521
65579
44087
38406
26282
57193
50953
35146
3736
76030
24422
87109
71947
85536
69219
53429
55232
72088
78250
6079
50468
58202
28523
17025
70427
30375
65603
66806
16141
48998
22577
29750
62435
24691
43443
53210
22471
77915
45389
76061
29537
46872
59604
25136
37284
72458
36049
87377
93252
68454
84075
80174
84719
80128
47774
32697
90836
45092
82693
46997
432
96514
8769
29210
71031
90683
63327
68431
11352
98443
67504
93627
66899
73157
49635
57457
76297
96642
39969
79901
44558
8878
62463
34344
48794
47368
1492
74074
51665
57611
13974
78120
48423
87458
90696
41926
14456
45016
44584
50584
52020
82247
18176
50150
57189
64611
57769
76063
41055
815
97470
6736
42799
36163
32848
85109
66530
58011
40907
91291
58611
22459
20787
55358
17712
87713
87902
70977
95925
31412
53135
7724
6027
36764
58290
22777
97315
55451
19143
41168
466
94056
48260
7801
70452
25150
91164
14212
75794
94195
11483
68320
92300
79057
3398
6423
59926
60221
92996
43244
52496
76655
14068
18057
91777
74816
8442
22739
9750
6436
6107
91074
25917
94468
86216
87689
60094
66016
6422
59728
45372
46034
15125
4707
40806
16267
28826
63923
68872
70166
65112
72401
18833
36390
70716
83556
63914
1041
73647
39583
37548
31920
18561
77035
1920
96858
15342
41150
20672
72577
42294
32180
16868
60545
97387
22313
57171
61946
83681
62722
53679
15145
48365
46899
15980
65927
68737
8574
17724
23316
93049
10415
64368
51902
99281
23115
61755
65408
30728
3583
88770
15584
3698
55653
71597
15572
59677
97047
41923
97498
51993
62303
36939
80346
15309
42957
65132
16039
65200
3456
18527
89183
14623
14137
59490
69076
74256
11058
48115
51355
24506
26526
4881
81032
8376
33905
22483
18712
96466
15611
50597
97419
18041
94135
77859
18723
35391
62551
26398
53764
62667
13150
56070
47276
94888
90684
47835
70881
18019
90149
98753
35665
16805
78138
14677
53452
83475
41482
30945
31242
57495
57235
26258
93855
94192
34033
20397
56173
68412
96399
62577
8204
68269
70828
23924
33746
23607
85263
4985
56556
43976
12073
57124
96707
11710
68694
95275
24220
87136
39829
48802
17045
34980
415
57011
66147
73728
99522
66415
21708
82984
11952
27924
41330
77797
76490
23874
83689
73500
17594
77204
89183
19741
90786
8028
2934
78221
1069
6510
24850
55068
18409
85159
16532
75820
54650
58530
55386
8678
72200
73817
2636
99980
66383
81920
43777
84777
585
95322
67565
74950
76143
26455
72748
7469
87372
38260
30552
56206
46229
67204
85301
72135
60808
98307
45574
18805
17185
81573
3961
12653
45105
79696
24734
61002
44571
28044
55652
14555
12619
69671
52633
15705
37365
421
54181
29183
19908
22250
6201
87359
43716
56432
17273
68935
35855
12615
19422
56824
54744
44504
20110
88675
95071
48478
57424
21830
22095
77539
12326
83380
34770
49728
89371
65593
9939
27524
50416
57113
98329
32706
74630
71161
27139
39798
22513
43387
13732
60425
1637
24066
10272
90808
67473
82011
80098
45070
43947
70880
53217
38183
15242
82482
20502
14095
22902
26223
4009
36944
436
29021
84290
76265
91368
45830
74663
20697
26109
7306
7088
48947
78011
8237
34670
71616
79640
58003
61712
32997
56544
72664
83874
28059
27713
87159
58179
46564
29422
5693
25420
3642
42327
88539
76030
54133
40409
94286
84493
16593
34798
57991
37154
52153
55499
87757
43537
53221
99703
4905
52328
97556
76627
36247
89665
14325
95723
90855
99674
90509
77624
18299
94959
18374
15325
50497
18232
47728
76877
75100
75369
60280
20261
74803
24851
27671
86140
93973
98906
49598
44808
61707
87616
93950
99954
8699
38838
76981
93726
64244
13989
28286
15124
9242
92588
82714
86872
91256
36891
29329
94710
78458
12046
26157
27428
40749
6911
58681
15984
98366
15982
79926
95704
70975
23862
20444
66810
93558
80281
97642
95452
39313
65862
85624
79889
4333
26690
29074
4661
64042
99175
97718
19332
7114
55790
81495
7775
89065
76985
20808
59020
24754
94881
51103
11293
56676
60331
16498
17179
94285
56507
73305
69701
18441
19384
61019
36659
84700
28301
65721
73694
39276
98287
38825
25332
82348
39860
62711
77630
74797
51756
74019
96097
86503
77369
65271
68185
27018
86631
85922
70920
82717
41647
55119
1150
8484
66610
80129
38376
86499
70349
46799
58324
69906
63333
11372
79133
74922
70003
76629
1465
71379
62055
79514
98854
48733
28599
52330
25243
2273
55078
45012
32944
92533
4433
12155
36147
79856
81174
75171
12607
25615
11897
67346
9313
81739
94178
57518
6676
61041
49934
26758
209
92224
68973
41623
78646
15524
43850
27463
13138
67617
78057
95701
23388
37700
96188
20175
53519
50609
96904
89313
72974
47374
67375
83317
15879
88776
21317
38504
86091
3305
31833
64557
84536
37297
4975
74701
60466
42123
80264
73650
48900
50957
50384
23699
32793
55940
63817
75404
60369
95519
11429
6068
55575
1247
823
56600
82749
33540
90731
95296
65372
56669
91826
65706
13175
64703
40011
95018
81873
72154
13588
49193
75465
25765
96674
21640
2278
77182
87792
33294
12876
80165
14800
3690
80413
40560
45127
25038
32208
52408
73756
34231
5058
99398
30478
31376
76207
87266
72633
37661
16920
99819
19908
20230
26228
38909
43700
37226
28717
17017
45142
72299
62097
20012
43097
34569
37818
47198
46257
97447
31150
65948
1945
37662
45902
89026
98279
14495
3368
94113
46104
98423
25075
57113
82388
18259
14595
63486
17758
46370
94915
95161
97440
82643
24770
64493
57045
29625
99880
81314
32508
73636
43129
94246
26928
99601
1553
43314
46133
71024
97344
97254
89515
697
25151
26024
23010
22656
48534
76656
67030
51344
24780
78906
3793
80088
79110
6090
45628
27702
56866
56033
8734
89426
5412
97240
5279
86363
76226
46203
845
36219
92081
3164
83898
87376
94229
75743
59312
68194
70121
62468
8948
3920
63506
51584
58829
44704
85613
14420
54703
29961
78653
37165
75590
86673
31027
40052
8378
22214
7383
78773
65614
25907
36077
9368
53334
37741
91585
24873
86126
77564
20096
39699
2555
53516
82742
6015
55685
84641
32858
95310
40608
79279
1149
67906
73769
8282
35812
83319
57274
12
33406
75204
45513
62751
688
26021
81074
9361
7618
28630
82315
18890
27413
14681
45873
20342
10770
62972
73996
24895
8302
74886
48782
64640
37721
18547
53239
18230
90471
98527
82550
16852
86272
3725
97986
27524
13427
22489
50647
4984
37770
91059
42512
88257
23788
59135
98259
93540
87683
14634
92885
21079
94089
8652
17374
50528
15621
61184
67485
46585
97623
8340
9182
34712
9233
72578
8329
35374
16265
98932
11976
64431
81457
2232
33862
17222
83252
13003
27776
54334
45558
93044
28946
98194
87844
15570
5858
31328
37409
69420
92742
59524
93849
51937
66406
66097
99485
60972
90185
37094
48933
82888
72489
81496
65994
459
77752
5338
86701
12282
83551
24172
13632
63565
99238
14396
48477
37146
48645
10714
67385
43076
72238
54356
76747
75338
22584
84683
75850
75041
11026
45396
57220
50851
13234
45834
95517
59499
56557
77673
11449
41850
93140
37870
48480
43342
9272
49768
66982
21511
33697
6046
43007
57895
85429
79539
56983
46741
45057
60962
71449
28799
42646
86177
26276
74857
29991
9858
24914
758
45376
67328
45774
13305
84893
41756
89187
44749
65996
20087
62241
32501
6143
77766
11322
40252
42238
79698
35339
96851
85022
22888
51378
50100
36646
74786
38913
94062
99388
80636
58748
30505
68768
22960
28474
67794
35313
16818
37529
43857
15786
15596
1820
83739
96886
83789
90389
66859
2297
65648
4763
84212
87383
41516
55384
11593
24925
17300
58904
11330
70010
36781
75183
2073
82492
41296
13414
3844
41424
26845
63145
73883
7435
64770
47774
97720
76222
58900
55708
89473
19179
9412
77426
85544
25621
41654
65541
86680
45166
36789
39286
14808
78517
70350
74908
3068
80248
24659
59080
30194
18132
91572
33711
43653
80140
23090
27447
89893
32452
19150
51643
84603
9641
64239
36765
11065
61658
37503
98924
30473
91325
24587
55657
24513
90752
53734
55068
67577
25410
63482
43125
43631
20586
84826
70122
81054
76489
86811
29269
77737
75492
91247
27847
28214
47860
9628
14539
44835
30714
93301
25290
85749
89122
16559
64482
63910
67859
31556
8185
13376
7766
43830
1925
31817
91547
57671
26662
1494
80451
31729
23562
14851
65491
66953
693
95441
84672
21341
92878
10079
51179
8972
9746
13911
96523
94375
86390
56501
57394
37566
46084
4131
25261
79920
95128
1123
33747
86549
96182
1358
80366
76953
8338
50031
66440
82476
39693
85288
91812
66429
31335
59523
59468
30766
80430
50941
29236
11777
14476
47398
9439
36531
48822
36612
90728
71641
95203
29464
7251
46429
40278
76466
56930
73675
80101
11354
24791
22868
78927
70342
31148
23247
18933
90725
69889
86904
21187
88359
11191
45849
47602
49912
17715
91135
38612
52898
63631
87069
1992
44125
51826
8947
44462
65528
96183
18937
29645
15260
73062
51418
53471
71473
48923
26475
51221
86408
59506
48226
89243
79182
50038
73283
48696
17132
85695
53870
78746
77581
6802
69993
82262
24597
34298
65555
98340
18603
27500
94403
62860
631
58458
64045
60818
57549
94994
37138
32321
79789
78000
13831
57880
68875
37626
71657
28057
38506
17716
83932
97526
79977
68179
72431
34254
30410
20920
75664
792
90557
86579
30128
46526
87879
96480
68695
47309
70137
67064
37627
1982
44917
82536
21725
84114
51316
75496
45696
51651
61427
35098
89114
37185
61332
87544
12148
77235
53961
74733
39785
90138
59515
3428
93325
79120
63022
49540
89732
19553
73210
79930
51714
87625
11998
97621
84463
1370
49746
25369
78545
74413
37812
17249
92702
27819
67026
28264
55180
66047
98351
77929
97678
99326
70324
15353
2140
86614
86770
30574
97338
80858
27859
59711
89576
81402
7733
99974
49798
37156
22730
84635
8039
98552
95683
67784
25371
86303
23784
34025
23350
30660
80212
79216
51497
36096
3007
4947
64414
43274
28605
31654
61903
92655
91996
63095
17812
42240
20644
28382
86318
55742
95113
86837
27973
56844
35753
5636
42075
40228
1883
10572
26787
40722
57543
66179
13930
88164
66220
63079
41462
17466
25864
77603
33421
60921
45061
21571
54463
22894
91414
18570
94098
25834
13977
27165
14369
20941
53003
81173
63946
76817
2354
32451
21450
95110
82539
62645
81347
53395
15711
76880
36831
42450
67821
4608
45885
47609
37731
10673
89034
21999
28211
63058
40339
13249
29597
12941
76746
34665
83270
17303
45186
16858
69195
74740
91643
36479
79426
51047
31943
94978
97772
42734
10082
12186
4768
63833
46679
7072
66626
44210
27509
61119
47025
96031
20017
98591
1402
39108
34394
72313
74823
75597
64962
13625
26575
69793
57536
90815
47291
19785
48885
21602
17704
4265
15548
2135
82099
50030
50978
47488
74016
93515
62373
86800
36998
3195
41525
19930
28925
88717
17637
21957
84948
47395
44303
76807
41043
88977
7685
31984
87914
35589
68453
92635
33267
15326
66112
15054
99389
55156
21136
17288
72528
31674
67633
97617
50756
56647
37316
40474
7768
58419
94107
93744
1533
69925
87989
21431
8730
49409
56552
71285
58600
40887
53186
48294
73140
27985
21973
51803
94479
46987
71085
16578
94853
2770
18836
96230
19743
74734
99553
41245
10553
8947
20012
53197
89643
67409
51452
41792
67564
45696
27023
72000
50015
76163
90028
64825
80378
5515
4415
7144
52557
72724
95728
33568
68455
16117
38087
66429
94551
6918
40747
38756
92881
40612
16404
79514
63108
17186
32664
10372
34469
6671
57928
88941
89011
27320
13472
34679
80869
60384
34577
90540
40240
87616
25333
5999
15272
65502
64070
75189
10253
43639
79405
27688
24290
93785
70454
48874
81102
40816
89039
1773
67579
77134
36561
33009
66463
98051
53700
71685
76790
17240
97225
71957
64655
8566
4930
7563
76432
73423
47071
99719
76733
51176
50676
48564
44212
74388
61713
42731
69726
20198
79320
41638
53439
24588
56200
60735
90099
7191
9736
41227
65065
901
29518
52665
57523
92747
98702
59336
61953
60322
68988
79515
94023
31516
41991
80424
42928
4382
13389
81121
68592
38683
30478
80578
19216
70978
98625
88838
62335
11090
47583
15421
80823
49343
34779
61039
84239
41216
19382
66197
25451
38833
88364
93406
92628
7211
53713
58502
67527
97256
68614
80959
2399
47187
29608
93101
69906
49432
41639
33775
83102
50970
23372
53290
65851
51689
21264
73359
77956
27526
82646
78260
63852
33010
10392
61611
98865
31246
84776
16904
52862
58513
91713
39339
77523
55303
40817
1531
50538
85992
91588
76286
77683
25293
31503
5939
62058
11196
65935
59612
98666
51340
86510
77295
42092
22571
81947
72784
25189
21898
43334
56278
77507
11162
94473
41839
3592
47417
47126
24939
33383
6362
40876
50953
49541
87119
77794
46731
29924
33243
3222
54289
17281
17044
15721
88155
42829
12137
11598
36069
85531
22602
82403
36496
44715
46200
87413
95819
40075
23819
17358
53070
30162
67639
50492
60744
58154
66475
77621
26463
91963
38322
38801
52192
24718
37359
71155
15205
41148
25468
14630
58148
35624
86817
60506
94327
88375
98109
56056
88720
67855
66815
98039
45263
29253
15053
57523
16568
21845
17713
79065
53544
1178
24
88359
29231
65977
61957
24208
3742
4269
24699
83064
45293
38339
87881
27319
86110
3968
45336
62195
71369
85821
31844
30287
54380
57893
63707
7677
1825
45617
91878
11057
99166
34517
8026
41362
88223
99226
31072
96194
26425
16253
54583
80674
30419
54016
53884
34312
55435
4524
35787
70164
66277
32441
63591
91709
75735
69393
5315
12802
61953
73981
34068
56521
27485
11331
56084
49829
29697
79884
54115
62739
94702
27709
11730
63010
25128
55798
27524
70400
25817
1580
37311
98108
940
32353
37095
63296
21013
55339
39937
33404
18986
68789
5797
50518
50792
36833
55015
42098
47693
69698
13285
83171
95230
30503
38837
22416
96768
69956
50973
22578
18370
11137
13194
94252
66141
67937
23869
21316
17202
82802
32721
86169
11097
12071
32362
3394
9693
70550
70690
61598
50561
70831
92185
54922
51306
57463
43937
58049
70480
41231
75742
61576
94483
84615
22640
38169
99249
75907
83009
54209
30515
56543
95642
76480
57154
33859
75202
48920
78281
19786
87022
30617
6766
84940
29433
92915
9292
7085
44629
70899
56246
23159
97541
52495
23499
64814
46266
67053
92522
68885
77309
4484
15316
6223
94235
55938
46270
65025
29264
17440
94315
58075
93952
39071
15682
97260
97277
33966
50037
93245
37321
83807
946
93405
16144
90457
75386
66866
36583
26986
26405
81987
14373
35610
88049
98607
79338
4881
52352
15111
45366
34014
14394
68639
438
58274
3402
85684
5207
66170
25308
19900
91465
86489
65402
94095
20252
61246
38418
84198
93494
49209
27833
44407
12730
23910
26160
74771
43830
39906
73652
75161
77559
41563
94134
12846
72444
79711
43529
54849
28570
83305
19212
80798
68800
5551
26435
97148
97357
26956
61846
19483
64773
51389
53533
75993
92948
75460
92024
12313
4366
46384
97321
45553
55490
49012
93341
23664
95929
78800
2985
95213
62179
64218
34625
84186
67585
99509
3912
94611
68605
36631
23576
40600
71559
63892
98320
8834
93742
67981
81871
12555
8119
35981
88955
88832
81768
4438
6191
24123
64833
3669
12806
67140
98932
77226
4615
2515
91839
78811
12797
13984
48657
61914
22847
61593
58840
81048
28402
33840
13094
17732
99714
12754
64516
29181
7150
7539
54326
93211
16401
70768
94067
88922
63947
9983
33423
9504
28866
47148
45582
50856
40203
58559
30556
57689
97900
48623
70947
37427
39680
72326
74361
71406
56270
23305
1978
62802
43048
47048
13780
61141
77410
22118
57500
94410
28080
76162
90553
21488
35112
68066
52070
90010
47443
72749
95587
47728
68664
50929
52037
9102
41046
72591
17394
23027
92889
89953
49656
22515
84894
23395
15802
62619
17550
32121
50951
68996
3395
90251
79147
26262
65552
78577
98035
32630
97079
32418
48145
35330
4420
56784
71583
39922
62689
31502
14644
55840
30481
80996
44171
368
7582
76108
28472
33766
70226
68615
80170
39332
85401
33057
70563
93956
88285
5023
2921
97082
4974
60220
75590
38972
16487
74454
74864
92782
89392
41075
12282
9207
43437
99493
61351
77299
87207
46044
54650
90577
29087
56779
73834
23623
62730
50700
2311
81139
33730
61482
13126
28759
17345
65921
33119
52951
75892
38148
58449
25891
18831
60058
96307
70504
58561
20473
72973
30661
40617
78216
79334
52060
28206
47596
21531
70399
37931
88702
6660
85216
56052
49483
21237
70104
12807
11740
53625
33026
56047
38985
70692
94039
44882
10515
83663
92012
78989
53139
28496
66740
89961
49630
42027
88388
47255
11307
36749
22281
73279
51062
64256
23819
19594
82708
10270
55625
29431
2677
82561
7067
427
80942
37213
74875
65916
99402
38351
32816
33122
28078
61800
78273
52243
22113
34098
94038
41679
55868
44864
4758
61567
84341
82734
39207
10293
36698
22908
31917
16792
1845
37802
10697
15241
61819
11392
20166
18102
65154
12543
25693
48545
9464
22931
26969
53871
20147
21145
85939
97872
70408
96130
39946
21916
86744
330
27652
72115
23564
55739
2683
13020
70801
94509
47936
87112
79189
49853
32074
33708
49267
12693
69013
50957
32271
34830
51028
70210
33699
90359
26615
13355
93685
3665
85369
20568
42202
14495
93843
68475
91692
78495
98752
46849
34883
94996
76847
25753
61359
12955
64423
24403
92878
90652
43631
88096
64474
75076
97661
90127
46056
22890
72329
1949
7544
6441
97719
16690
79454
35508
30274
68664
50450
78288
73096
64671
73535
83587
20180
31638
23326
90280
48967
89554
58348
59782
54778
78665
94259
82626
80609
5548
86657
91203
46229
23954
55375
57271
21631
33176
56127
65092
21641
59277
19895
28851
20853
82583
35645
66483
1017
88685
47735
51121
46664
49530
75843
36067
98963
86255
42231
89550
62664
26008
8920
81450
36491
41321
85566
35799
3449
52446
67823
23
74236
80635
5480
84776
24349
63443
79873
96625
3414
81924
90835
19968
23939
4002
14917
4229
55860
18275
98619
77768
63184
18198
93081
40828
19465
97830
19965
86486
30001
37246
82195
60745
70342
88216
97762
749
23108
18914
39986
83557
58051
40179
13435
77000
53961
15243
81096
8840
5210
49876
85484
60795
90620
70518
74021
49943
7819
24267
47334
81601
92361
76452
98034
44986
47627
39073
97106
75794
8882
36521
15189
28288
52870
3740
36864
83572
42906
16430
37456
70434
68707
72874
43924
90472
28
82630
94099
20174
23681
68597
41805
9206
74625
55867
29348
6366
3538
3270
63397
22506
45665
31699
85454
83158
68724
17041
23924
32702
81230
44944
51206
26623
76900
69682
46285
88708
75593
80004
80987
16037
96790
51142
6342
86146
67678
54025
14445
58014
24697
297
90743
61292
14714
24844
51858
36698
40019
46336
84853
24560
19938
671
65274
98206
61083
12229
33366
4217
38150
53473
50499
2545
87632
44753
41193
96039
7961
62990
50016
1182
41296
60505
7185
39609
84566
43362
1911
23497
40362
22370
8274
66958
71853
29303
94884
80289
70192
85890
Time spent: 53
Itarations done: 9448851