98936
59342
87897
40313
29734
78423
39976
89156
46092
36479
66594
60767
24993
14838
89158
28656
95787
23062
47318
66080
58386
41390
17309
52054
9226
58714
98501
90390
73773
28494
37119
56619
44812
66333
39352
84238
16907
29778
50026
63921
89141
53480
37545
57186
80598
60953
30991
19454
66058
37966
1081
86508
92983
31985
63090
3091
85093
37097
6900
62695
72721
34518
27035
83556
15614
85015
33812
67454
99936
11510
75676
75125
98024
67615
92347
4911
76741
61028
48574
79759
28324
89458
69078
31725
76180
51158
6729
22876
77379
12165
28009
56811
3397
47982
92523
15949
31207
28716
36603
6374
17878
83574
44977
4153
63626
63135
9032
74966
90583
15978
25379
82254
77579
9990
84212
8256
94801
58100
33388
86941
76478
53177
81227
88229
54557
77494
18658
98814
51876
28433
99694
16506
99393
93969
18094
12214
98820
19037
57664
16499
99357
26990
73791
56126
95185
99146
84628
92
79033
69817
11755
74321
6341
64222
12215
69563
34419
92336
86469
97975
1471
13005
30149
50445
1510
99534
21387
68948
92862
70485
54
76021
50393
97576
442
96931
34515
66316
44677
69175
3691
44433
90632
58665
41376
8146
55109
92282
3177
87012
772
72435
15548
14294
83591
60855
73400
11753
6492
6042
90782
95239
14465
41643
56134
60623
96541
1457
31595
98376
30866
80889
14493
89491
20509
24352
48334
55482
19723
33447
30528
70805
43005
71733
14517
97356
82652
88460
45143
67555
34403
95845
97780
25082
45314
12314
14156
30445
53210
27585
40756
52357
82818
54549
79325
95255
155
7604
53213
58366
3758
87455
78184
82322
49055
58311
1787
15620
60437
75037
41501
25113
84555
54979
8622
82240
77886
92061
52189
79832
1811
79159
95269
73128
19232
38886
64514
93009
48193
62597
33146
49474
30008
22773
7399
29047
12092
54876
86906
91060
28974
1395
20682
84648
88907
72953
62033
40816
38037
9226
98138
42099
79281
15839
92998
36066
68833
12536
36095
38359
99685
52577
33299
65939
8567
63677
11480
51892
10404
16761
33712
19377
72678
50370
38115
34224
91020
65777
20092
13208
16902
60704
75096
38143
18464
87974
7039
14736
26335
9533
86081
19531
27715
65969
8762
98283
24039
96991
73314
14750
60224
29293
33471
167
66800
94813
35216
20556
30145
54573
72627
61541
20603
81182
21372
28488
63443
96459
21366
73562
33396
69791
83735
90676
89969
57497
91448
64338
47739
3825
47884
19039
93566
30154
3027
92104
20894
10574
53159
44807
50298
69192
66607
34087
44953
37378
35503
90338
9869
77602
91478
85509
84576
14595
51834
30169
316
14292
81984
8175
74907
16313
69789
43260
61055
56742
7943
93110
47263
14497
71646
83387
34350
76824
60541
26696
75167
47278
46279
19627
70299
12984
30038
74754
58290
47091
67947
23908
25396
47005
66608
24028
86908
99352
85764
7546
59758
18538
10648
45536
54427
27399
72676
33757
63101
35612
3870
69219
10566
24373
7761
58072
64522
64326
17524
84362
72771
77769
90694
73616
6193
5926
59061
5221
38446
57341
12199
63208
86021
94467
43577
66333
65571
62069
29312
85230
99367
73266
41360
36934
14286
46902
19298
45220
34894
33348
37870
68964
67023
74959
11026
30144
4625
22090
67484
18093
69766
65914
17659
7292
13295
55262
7322
2230
62007
36247
19456
14768
97063
90677
42498
86972
87983
52084
70550
95502
86670
46636
39110
12434
6780
40312
28488
51768
75122
73394
86311
924
43864
28687
30402
22129
94972
10828
93773
9911
51629
10618
64614
7787
35281
90529
55889
19743
71543
55362
11505
284
53337
65505
19024
70559
15462
9293
52487
87493
61210
75712
13163
87860
8690
58988
70903
39879
92214
82603
34261
61190
62371
51799
93666
3956
77373
30911
88646
65362
67786
94637
47500
54913
86943
20858
35783
38720
30131
76667
28571
85352
17089
99004
90745
57842
84360
86602
9366
32092
26788
923
72706
73182
60665
20324
31638
67997
55036
3933
10787
95075
92175
99510
59241
10775
73430
73056
43590
44567
82452
46987
89686
25706
54221
8433
73738
8526
75362
89505
48251
24250
58898
27387
63759
63489
94895
83639
13470
85486
77391
39339
84632
57683
47520
85517
47821
52339
72969
96774
53331
65692
4643
10085
32456
79548
12907
30476
20696
55215
7758
50603
29790
35324
90012
2217
95948
30366
63858
54083
22784
83656
65066
33118
19190
40968
23691
73369
4739
99212
85288
90871
18212
72308
60441
41557
18446
91799
58873
44038
10936
54780
91398
39470
68507
42320
90701
16622
39821
57900
10215
51881
55657
77195
9278
1120
49562
58124
22320
33189
6923
33190
40007
13250
44410
94923
1052
28253
435
89615
4849
96566
86440
54588
7123
19089
8735
69834
53468
10163
21093
46190
38957
93131
9387
39048
55916
57666
41331
59173
6507
53753
36745
50305
11968
40719
26713
17017
46110
18765
73685
15682
57152
45161
18740
66428
18973
77588
7142
4599
70577
93114
18788
66516
60854
2792
96265
96219
14621
19166
19958
67402
75534
36725
27044
37880
61569
53859
9167
92716
89637
98917
52209
86519
87268
22691
822
65436
11393
84978
40243
35038
36891
93828
88384
41518
60914
52672
82344
50568
92870
32726
25173
40778
64563
15897
31145
76575
93
46886
70720
89470
30994
92250
70039
75779
28435
28909
64014
14022
51443
74891
36925
15815
77700
31097
9960
50375
91843
24417
51207
24616
55057
29769
90376
58382
69350
1429
17876
67445
80045
62510
35865
55726
30843
85510
7504
22551
97223
46557
19884
10793
76000
51321
35965
57385
1552
11519
61337
58973
92500
97500
92739
32345
6574
4641
47027
31832
95948
49082
91591
83984
10477
51805
10288
13607
92105
79142
42487
64659
40118
82489
27131
64481
3972
20360
68548
40545
78090
51858
16223
75088
31352
62205
16895
74994
2897
18227
54039
41706
35419
54461
37187
49177
97327
59068
41509
76586
65910
62772
26705
96961
5104
33777
83485
92870
73499
46936
65788
55982
40880
26408
67362
28560
74937
57624
92469
61869
83662
26568
52180
98973
63533
72253
90125
37556
8748
31682
4528
92161
82562
15699
86974
54655
38243
78831
42596
46719
4160
36552
91246
68831
15242
39359
74673
76464
81312
34634
10865
56133
31752
34468
43457
31414
65483
60464
31448
2241
65438
54982
12470
9531
7492
32380
51477
21575
5258
93504
55931
58688
84186
42025
98454
8217
71086
22157
38397
33294
18519
43896
74866
45616
57378
74111
95521
95050
85587
49656
7802
27003
55975
12116
52229
72275
22214
72922
1040
63494
38118
92214
39669
17266
82661
95224
13428
81813
744
55867
97241
26131
8038
48834
12402
38610
7160
8675
71053
10569
1998
37187
76456
3305
77151
68909
45111
36025
30286
38569
45391
86424
6613
94051
66594
65695
86731
63807
42191
15387
21796
18540
51524
74825
93241
63632
15324
84673
98208
60940
82164
24749
26407
6450
75318
32355
99295
83728
32482
11139
88264
72188
24442
19919
14946
13893
82993
25897
63813
32959
3296
17352
4909
57573
11319
97165
32856
16216
3167
20427
77207
66910
69788
96886
28756
71109
17961
52160
56618
42340
86411
30382
61659
83760
34548
25371
23304
78517
50546
47398
48798
12135
85336
68320
26665
87073
69599
39060
19419
36243
11924
40362
4496
54417
8075
10219
86940
44341
13635
89575
62534
17783
45311
41602
5896
867
79782
29315
94449
67718
13221
81255
56262
66791
29475
35650
47395
10221
383
29713
22731
68092
7817
92633
63154
46742
33788
8355
61516
33069
12292
37352
49996
55223
74590
25399
72267
44183
48203
81729
65296
80414
89173
78982
17671
75128
36959
13002
14010
66636
81876
61793
58318
8851
26060
99865
93077
91222
695
56696
95411
57205
74603
56194
36832
81820
52290
37808
38895
27956
13127
39333
43494
25765
87633
16476
43588
9828
1637
84883
87833
4734
44619
96618
80886
71304
34636
4950
50064
12869
58965
28864
38626
93886
66979
1802
16069
41591
79735
77970
66684
85504
59394
73893
29011
39287
50808
42941
10880
44791
67486
16203
97433
79097
44631
94324
2777
71921
23061
41851
89897
92978
59565
18127
97947
46711
81589
76930
71272
55271
17174
80813
80281
19697
34639
5517
60714
23960
20771
54815
74927
86879
11124
66820
16452
72834
61551
69045
37430
43847
16157
31399
77424
72745
83647
73826
11647
39984
81379
8432
16873
5182
44425
34721
74028
78448
25563
60962
87953
16347
31356
94698
6826
32644
49332
31098
66443
44941
21788
69088
67834
74887
12819
2099
20640
81875
96953
62798
49200
37947
70097
49315
63502
45090
46522
24216
42924
55203
59199
56928
67138
77701
25055
75271
55600
50078
71574
2450
44700
2671
46660
82107
39986
70496
49787
35924
29770
92202
29199
55805
35981
89022
87303
5789
8323
35072
24355
97629
38581
14425
29183
8365
83330
10087
94911
28232
35404
85343
97516
62896
77086
98891
25544
65280
81349
41769
90412
39122
1351
96297
78477
38956
2976
95046
28398
89319
50362
1376
30321
59779
50177
42086
47027
61768
96813
97486
51414
78210
37733
94512
59546
97608
95873
54448
14014
486
44309
18428
38430
38015
27314
11081
40648
50138
61490
5513
89637
93673
30839
21291
28961
89648
10420
21154
18383
53484
14684
71915
14392
41703
68630
308
10293
34464
42567
5533
56992
74478
74632
86808
76730
99797
29065
6443
63732
40435
2854
36810
38152
96977
98504
33000
82612
83056
26497
32081
44316
93006
87430
4536
29910
50993
10888
73840
55146
8597
95742
76044
36890
84062
4919
52849
31119
78338
16568
58849
27311
60562
23130
16453
6971
88761
99966
70454
62046
20337
36038
78290
47572
71280
30513
21772
12160
3078
11264
41345
9775
51949
23873
74946
46751
66270
73065
30081
59099
84984
72428
29957
46913
72282
72819
52333
15036
22012
95025
23227
82117
59016
88069
36668
23848
94002
70949
46421
10360
33597
92682
15923
82651
7817
63170
18640
88401
53537
65717
52618
63631
84356
60970
70230
3418
84839
31568
26945
12223
90228
97005
21385
62405
51481
48971
33048
18063
39921
18893
63764
645
15753
91440
54276
82560
70408
20404
78321
95585
53877
86729
13136
31908
15153
62324
47550
97442
16380
7879
16632
49364
29461
38085
45345
12860
87666
33435
42702
25626
44136
64222
12685
2964
84244
19417
38447
51133
49387
745
52345
82120
56058
50620
25873
99122
35954
31506
829
28737
80381
63812
35823
73262
45377
59633
60740
44447
62719
60421
15827
18703
6401
98111
1780
22973
84182
51283
82559
20353
59430
60591
63589
15032
59779
1030
14609
37233
96013
82500
18625
588
97075
64696
6267
46716
65300
27536
78284
4793
69682
34115
28033
97493
24425
59623
50472
18930
45025
36702
64550
95086
34772
85401
81818
12705
30845
54179
25657
68743
31066
97339
42754
49201
29875
53832
51276
93535
15264
72532
38634
38826
17166
49884
55835
66491
52171
7283
55122
93589
79499
37541
82916
60593
68760
92527
71046
68026
81342
67321
65852
5461
84130
60189
96904
98101
46800
52206
14964
68563
22067
55544
22250
74424
72027
25235
77135
35763
83158
15667
80148
11097
7524
90079
38444
15051
78404
59045
61898
96526
74813
32204
65539
12273
51300
16430
40246
37528
6905
83190
6479
52692
40318
58010
84264
33060
27041
55771
96717
47209
58760
96980
74130
38883
5143
92208
40955
27076
93927
74588
48977
9526
56437
93527
66560
95915
52557
56738
46050
28829
71701
22250
69248
72888
4491
97217
14340
65440
93581
96150
96728
25841
1511
47639
10929
14561
78443
15647
41040
18239
73314
19179
13224
12284
8200
92395
35244
18738
27561
26167
5297
33853
41584
71658
75210
47208
5972
66630
21537
12158
19292
66038
12175
56044
73402
19856
55801
37815
62484
43145
86799
70585
41866
66061
69282
27137
29074
34776
393
37481
56458
58232
55294
69346
17260
60193
44059
54818
95113
1228
44175
89331
30765
81071
31406
82851
59181
18218
56505
87300
45226
30689
5578
59157
56750
9529
37861
41645
40190
84959
16274
67039
5677
33988
33284
86346
86170
67851
87479
31013
8282
67833
84693
99248
1217
8806
21600
38212
74659
21271
59422
62537
16450
94712
10708
9510
96547
17765
43099
81738
15018
84014
50602
69231
98732
66116
55061
74577
33920
75552
78384
87241
19914
80442
69519
66015
43163
49686
79258
92260
5
28102
50665
50801
41689
24296
33245
80234
75807
10666
34928
9858
34538
93242
97534
66575
12024
8004
18585
91843
80700
39847
45155
56114
19559
40562
33929
96198
26094
42989
5688
29586
38049
29918
22192
19023
61148
18386
78705
70473
84595
62680
36433
48105
67420
62640
15653
81051
95640
87826
32592
18424
42715
92623
90879
61437
13938
2539
31910
64467
19151
97791
7497
50502
97585
6631
62920
30680
13637
47991
8806
52444
53048
30634
16220
26381
75197
24350
90960
97872
19153
67628
70210
36467
18607
65812
37587
13220
53988
63890
71025
24242
58803
48918
22074
97319
1669
48442
74842
87691
85492
43394
48202
28957
40919
6570
85776
55536
42440
11123
24856
54259
42426
27408
47571
34387
887
41099
95493
27701
86918
80639
72278
43337
41520
37909
68082
5606
20919
2416
14133
97312
84498
6356
16225
15934
52132
95574
21835
25509
31939
99774
47139
53203
11410
74198
27425
36254
12351
24627
57230
72366
33255
7642
54972
64606
41452
18967
20949
80469
31819
44073
57269
64030
38825
47328
83622
49928
74333
18610
13737
28478
64872
79634
53984
2240
78946
76146
47751
56194
67517
46704
17093
35967
88900
63927
46577
91583
53101
89919
13347
97817
18
73961
92138
6455
20941
47653
54292
20645
43439
40349
35797
6997
25986
46016
70938
77217
50566
21600
75374
77780
59041
86511
15273
23542
52174
23020
17592
99132
59001
48175
60691
30627
88630
39246
34154
99220
96547
46779
72027
28460
33188
22006
44663
27150
93768
18665
40902
11062
55293
3188
84575
58425
69149
21811
7094
76434
75870
28281
41406
69088
22391
71681
11620
223
91537
80288
67369
39871
98502
54457
52248
66940
69692
99168
1682
76685
95627
85216
37127
7559
41440
26898
60708
58782
6060
3650
57259
17313
44307
33232
79164
50904
4889
24877
23489
52537
91687
2228
10589
40764
25741
87956
38742
30362
70987
84627
20264
88169
88065
69656
1193
80108
97417
46167
28807
97133
65413
56071
59078
20192
75377
66893
89632
47293
9175
89657
62854
59382
44398
71564
8485
45957
67212
34270
85407
46230
11585
96213
38243
87123
61853
25774
6005
15502
97525
20954
7206
28787
16692
816
78714
5448
47597
24112
64055
24873
46657
21322
30964
44723
85654
37741
47705
73107
50793
37317
62981
32799
12021
9624
15243
65174
72209
55623
43778
62694
72758
1831
86149
50474
14651
7036
24419
59844
52159
80897
86022
49814
30156
29541
14247
35943
65412
79724
97992
80365
17222
10156
90786
81593
53407
36261
55037
78195
93972
52975
39025
46567
6609
39056
31405
29736
35744
65996
40772
81543
69983
34748
16334
48481
91575
84303
59799
40117
5899
77589
78292
58267
19021
72186
93468
64922
16983
26059
52915
69453
1779
71779
86546
6701
55864
16663
12876
59327
39544
90785
27915
50134
73766
69991
2861
93075
24577
46880
75871
45275
84912
9097
47870
46631
44424
11360
82728
68407
48667
95315
68044
17749
75240
19616
14417
61148
96406
11541
58219
36605
55174
41018
85796
21646
55034
48106
15409
12284
52262
25779
57360
46680
44120
71283
22426
76453
66299
71385
64067
48491
48603
79526
20835
10566
29115
76159
71977
95195
94018
77513
31452
67926
92731
72548
83404
48571
76190
23064
5581
26925
19844
57703
36294
98088
22367
27032
15200
36797
16079
63936
68523
14969
85718
11220
15300
42213
68486
36629
42816
75139
178
54422
36570
98038
79714
12170
53008
24883
47569
81655
91642
10584
12320
13503
57324
88028
13969
76664
3096
66695
82682
5856
9405
38498
37266
22783
86423
36970
68939
80250
82765
87054
72865
2213
46159
64477
22444
57332
9395
56055
29484
8822
68383
75269
97155
29140
78208
41061
52017
54519
17785
72037
36441
81370
64039
83123
53385
74296
72516
97230
81734
63709
82884
560
22357
60012
55009
76963
92496
834
94110
54081
59282
77992
41981
82046
91951
61642
95303
44059
16677
50531
61827
67468
78030
29286
80497
63794
46641
6367
12588
76646
63983
39610
57449
57594
82035
30211
58724
21789
38122
80545
44691
57497
3391
66410
89866
76691
57125
70056
94052
97467
68492
56819
49777
43282
12385
55206
9344
28885
6585
17959
68705
78275
33829
99934
56940
86178
4178
87548
57340
91224
20676
54103
88912
76397
34371
95468
45581
50328
13584
21409
24469
91576
6681
39262
74304
57316
47634
68732
60370
67714
39302
69228
73354
77722
50614
44495
6030
39191
80769
13192
83938
37897
76043
98624
64015
62453
32967
96040
8648
25079
85405
21665
1634
7793
52440
34086
97302
51846
19025
45671
84332
43065
31959
9348
1807
71285
20063
74396
66576
58136
89295
53819
58251
54202
1061
35409
60955
3937
15158
98812
79430
64704
67503
71682
31177
44911
57245
69443
66002
95479
37844
15246
79690
48702
42358
29349
69484
49099
24456
10487
25603
61909
63544
5702
65287
76685
64949
79653
93632
45740
84208
49615
18994
10249
18314
48166
59765
70375
36150
11994
54086
50049
65347
72300
24347
91895
13488
39947
54315
93281
77801
36822
8294
60574
89411
23788
58933
15443
45732
15150
93136
34388
7716
49756
33975
40689
77468
9632
50594
96555
26089
38492
27802
62513
11685
14503
32385
935
13074
74373
44105
1074
6018
69114
15977
94124
25696
55778
90574
8514
91667
93998
26979
88066
19671
21351
86439
58573
8462
27358
83874
82013
69177
32360
37077
81843
59829
4561
35807
57654
98128
16212
8898
32994
52104
48198
89119
96258
49905
1217
62706
1279
7668
61311
43336
91636
47496
97659
28746
666
66342
41346
82320
57775
21011
5280
31627
923
14494
57420
91271
54948
4499
52228
98336
85971
6318
58480
95304
83147
29049
95566
7546
50847
66735
4923
40285
16656
64105
38408
63414
73598
90373
41274
61638
78600
83970
43768
2073
23439
76068
52479
11832
79292
61427
50199
64027
91493
61352
71399
42232
67203
15449
19294
90648
55457
46376
30093
60040
66398
64949
70134
27982
14507
21718
72456
6016
99248
65516
80762
46056
55780
39535
70787
23678
18262
31088
61750
6906
38756
92508
13883
15700
95852
67534
31951
39516
8870
90032
59219
8198
45871
70071
51510
4872
76680
46112
66799
68608
75750
61494
92199
59346
23928
18404
57262
47868
93054
73152
50183
49600
22804
62875
61808
42593
15298
95642
31258
97215
79762
93509
56536
97967
56839
51153
63675
56253
40203
61538
98759
97028
91678
64435
18600
51959
15352
93630
7888
7072
16004
34329
43310
33789
17673
53500
58450
78873
59300
32821
37181
989
16122
16397
77830
19412
17840
83569
25571
83908
47600
70907
66298
83831
9416
96854
11651
89267
45908
87545
81927
57309
73107
62919
11286
42569
74538
18572
57948
22566
62932
30630
1021
85868
74642
18498
45142
33691
9205
23436
34273
14090
64484
99725
96844
42010
46426
69555
5785
58114
51726
62780
39127
44684
31537
48367
69439
47819
44859
65589
93754
51748
1363
79940
39491
13289
75117
21254
46475
92290
43080
9662
30322
7392
65195
38779
78242
5477
76522
64925
14766
57929
6111
46193
1923
87128
72164
85810
6103
82560
28520
60540
72098
87541
53618
56733
93798
24700
79834
94171
60504
81267
58443
91002
88054
93605
43449
11804
14718
54553
56134
45243
53266
16838
61433
77793
42654
81133
47080
65630
35451
38322
46978
58078
90440
82090
91351
92905
13728
20182
97970
66244
6277
90487
41125
78104
30935
31587
47980
68164
7831
66461
75583
85972
83454
32777
16024
84668
95758
33495
62109
88004
75325
87503
41406
56697
80927
31563
92616
72066
66725
62057
14987
62383
17928
7860
68828
20559
71892
94120
43187
526
62431
90808
35348
34068
86572
39608
6073
79909
94989
18049
84337
2454
50071
30737
95839
78906
78854
14130
80635
50341
71977
3503
47023
64840
44382
38580
81147
8959
78645
77778
94775
87536
17619
50075
47335
91276
59521
98228
22518
86535
35620
57407
74623
72399
18367
69254
85315
76408
16114
52957
87564
2171
59492
42167
20290
99636
74061
49364
74587
1939
64041
37789
80403
61496
2699
65108
61147
22432
36439
12686
52942
86421
61649
29700
45122
64705
26058
2243
49024
60271
39663
4191
43271
91111
54186
98778
75467
47982
84592
37688
22584
78233
1382
47897
25328
1038
18140
5603
15354
88762
35289
71296
48469
94224
78008
312
41806
64238
83988
49220
88450
56109
54973
69950
89098
65635
84961
20762
97094
82709
17513
26030
20523
13724
64759
85225
63045
48799
41531
65598
13762
6187
29435
12749
15655
56306
87769
78620
51981
13411
70830
97385
90514
84253
94486
36310
16631
79935
18790
10851
67969
29693
77981
81101
55762
83495
94387
40143
20940
54100
58535
63956
26684
28621
44227
17224
33387
74663
54352
99732
36807
76736
60920
73989
75724
64932
11078
36297
31475
39720
19796
80703
48539
54279
59481
58091
2644
88876
86931
51124
30926
40619
18852
69857
17208
56269
78582
22507
94772
55846
88730
31227
88819
30378
77089
43696
71312
48443
96512
37868
42020
73021
33337
29509
81297
72710
93529
69901
42525
9501
10845
64614
65094
99068
17172
53288
92466
68934
51569
65099
74038
84893
61640
4891
14444
76701
68494
30946
9385
70332
24893
56907
73207
25986
95086
47609
20178
88549
24380
81386
8784
80355
46697
19890
96352
4869
99131
60526
79904
84314
73987
46332
18422
24252
40785
73455
41524
83822
13449
67322
50067
31565
21130
95210
5305
83687
65113
45106
84947
54108
8738
28591
56854
93824
52505
58928
84074
60830
92274
14629
28553
41302
44947
23483
65070
37704
53045
92337
51831
50160
47259
63907
29643
3709
54389
3470
37676
15915
86968
5477
40603
56872
40461
62988
59230
26748
54071
61261
84743
64817
62004
40927
35298
8290
73459
25885
82928
39293
71681
26375
38593
93989
15054
8652
33704
59103
56553
69272
77543
47986
71764
64189
1763
30923
267
20718
25496
92471
60309
3847
87594
2437
92545
17504
96146
16467
25008
96040
39638
67250
28544
81569
89006
67987
49615
88737
95291
26036
65675
30076
53764
56538
7257
12310
62068
93372
30441
16825
47344
17893
3576
45932
75262
64707
92897
50694
82496
18119
93141
55735
93434
82918
51284
61819
91758
98787
74212
37937
18043
68924
94441
11207
55599
90333
91928
25124
48567
5779
34547
64497
68590
45518
5010
38908
9423
90732
27793
75562
42412
69935
96046
97154
10031
94680
25551
50662
69549
51526
30431
8981
24335
93482
23620
88845
96479
16059
94066
15741
1117
60579
2126
19305
80194
60506
64858
61182
41440
35384
73656
81397
26885
41301
98133
98989
4528
6883
82208
18010
36608
19402
31011
70918
28428
76904
20529
78010
2777
89128
35850
13716
76778
92510
58412
48439
40285
42726
77807
78039
48007
61973
99556
62198
41110
47607
56620
67559
8293
93763
9535
51891
81215
38215
37674
31482
34612
23036
82480
45551
27577
49479
2433
68658
79206
15041
39034
24946
19174
43803
73319
26499
91796
59924
73167
92163
20753
8543
93113
2916
60866
98374
90437
15183
73217
25928
63954
84452
60350
42554
5249
48139
89442
42380
76018
78842
13046
81790
89724
46972
69375
89171
80962
25191
7098
87456
91726
26179
33220
31401
90187
89964
26850
56509
64649
27356
96552
47212
3033
82015
84422
58136
76522
95247
36187
64224
94947
44828
63330
72960
91024
81996
20628
5125
20739
9204
10469
39254
37986
25306
3924
19378
12969
14570
37803
45632
15948
71209
6766
2995
80572
32132
20073
34643
94358
37145
33646
33335
37779
48068
99869
6754
7995
36070
99916
70868
18426
89960
36375
39146
61177
7271
67562
4874
55721
4676
59136
58797
84353
24607
13531
45020
32543
20902
13151
34290
10647
77887
79440
85766
32372
54525
6647
75811
64919
48059
76482
95565
45900
40074
97837
57780
82959
21949
44375
7795
13418
96416
82008
3581
3340
17224
88170
15387
8060
59920
65259
96825
99561
13296
41752
96100
89969
43281
36220
8623
45014
8876
31854
20394
86470
3215
72073
55297
28384
51860
41425
18852
78338
25226
40217
26001
62042
12272
96170
11112
97213
58645
81894
44704
51018
93957
23090
23252
64272
60153
89104
55969
15132
5723
54860
45594
25213
28972
11145
49009
81849
37650
78862
7863
61634
41957
52098
59449
92458
13251
54704
73671
83897
21764
45593
13263
89136
13200
49061
81268
35535
96307
18175
2333
75472
91327
61651
82518
64302
32717
77603
6075
68055
28583
41192
57053
39925
53993
87416
98611
81665
95677
15154
3556
23647
71549
14080
5903
15687
20094
82139
35126
19636
91869
58060
2334
34287
78180
40716
30682
63342
80468
5129
61177
57962
58027
53549
19355
26872
91358
59259
98396
9017
63827
70626
99823
46468
95227
43407
74254
78559
57430
60435
21540
2164
64541
79534
42153
7587
57777
22908
79820
4698
98751
84183
59192
99751
43944
82964
1711
69763
97832
40937
97862
8358
32474
88470
24642
84671
17342
36101
23360
65212
24714
61465
94756
97501
63213
68914
25955
43850
44855
76456
36927
83829
9466
72644
22872
74773
14381
64631
73373
71094
47066
7872
69139
55226
33627
67802
92850
25698
97114
14306
41852
21131
66152
90923
97356
32904
46574
32450
87318
73728
46628
26992
78318
24622
89747
31459
45520
78513
57950
53182
99203
35151
83695
4494
91357
79063
48266
22021
86501
89959
50808
17931
57121
93290
83639
96445
56057
57583
86728
25727
25657
84751
57030
2563
26676
19720
56827
85283
8662
26546
99325
98955
97973
39592
89446
36136
49572
416
63086
86332
94416
33665
99092
27792
15497
98601
74747
6385
2513
76790
97808
8050
67649
21039
75949
3658
53098
95856
77903
8130
24725
85489
99726
49260
25670
32031
74258
85929
58692
93154
52231
50260
76736
76657
39405
13756
87425
17379
95715
93580
19117
10895
89588
21848
53662
8006
53468
98222
4153
4188
4997
34008
4715
28964
82408
74652
83791
51616
92393
56695
12400
71663
84031
15174
54470
55237
43318
7890
97639
11791
49437
64120
9797
79471
46094
97062
49178
2069
59103
41678
53930
35623
34818
92574
50887
18552
83147
20200
52647
75615
83547
37844
57082
3064
52746
76807
24047
6
78896
2599
80337
69321
98446
71120
95823
10376
29222
80542
81220
65350
76040
21946
81086
61159
93628
69771
74427
9752
25734
81757
49666
90996
38967
97265
90755
44412
35299
32772
96866
38689
58064
73774
59359
71222
2910
53486
36603
73833
7348
90441
99775
65391
20373
29462
70900
97210
47106
93475
38125
82934
22458
7226
12688
91009
92562
98223
86986
4909
73017
15083
63850
23971
8968
28939
53364
85972
83612
99689
75485
41515
8940
95609
64227
99853
85346
52200
42324
95939
35208
44141
24050
99302
99597
22835
8269
96769
37015
41253
43826
33106
78367
47676
84992
86330
73341
80390
6001
87737
9946
36530
10560
70625
1176
19990
54773
46230
10586
95687
33
60595
32032
90444
26225
81846
47904
84402
64984
3837
64899
31056
57729
29112
66697
28927
3909
11864
28862
43343
41088
99822
12898
42911
90461
12977
93555
72014
8857
36551
76346
28027
11472
85836
30681
49928
68309
21300
98097
53608
31723
53802
34792
68389
22484
81805
12973
39171
87392
45128
36525
59080
42789
63130
23040
88608
35161
49081
66507
98992
82591
57089
22738
49917
8916
23072
53127
74647
46263
7101
21349
99263
60996
30866
62382
66964
53133
31031
33517
73223
89957
16966
12996
43088
60786
29621
33516
98035
81781
47225
25011
66511
37182
73069
93978
89671
16510
70786
85074
61810
96036
83345
54772
23578
17231
83421
36592
95343
34905
54817
92744
97899
43394
97338
27981
58211
40458
80766
88029
39017
55383
47552
77208
62828
50360
78372
7619
23235
2327
89875
35821
89428
86230
29745
51908
13434
10077
70634
60682
43829
97135
81578
34905
34531
71321
73159
26587
12787
78056
71007
93833
36558
64775
71148
38009
28265
52799
70246
48791
19207
55416
43978
23125
76955
35788
67584
58217
16652
52701
34030
18369
16361
12195
27320
40821
66489
28732
51123
76688
83797
878
96211
59716
11611
23312
54122
57716
9605
89549
49008
89439
8859
87855
64807
83065
70935
56657
90677
11565
43260
45095
94072
64941
47411
19417
57852
9619
71702
66550
85543
41284
65009
72444
87128
58993
44850
94695
6686
75628
39482
6455
42759
32562
81157
61799
42480
4903
55646
21476
21326
67713
91767
82370
71742
43366
43877
74018
75987
65480
80175
21174
31179
75867
40124
22676
27852
17493
65435
63773
97241
98660
40781
61589
57080
81451
2776
41531
40856
90952
88746
56241
91276
50804
429
88062
35128
25406
51979
21030
33756
89365
56510
29036
21069
50784
80915
3067
99270
26546
64784
32341
61454
4952
56030
61671
49750
33927
63124
70516
37863
41435
61912
57989
47675
28852
23518
72428
71000
77734
49150
94218
69610
75762
7427
66145
69363
98601
70376
66863
47526
80971
35343
39947
36345
72487
1792
23497
30446
1579
44361
73448
90830
64350
86491
37469
84026
14230
32595
15754
81396
53042
60934
40016
70630
14423
14277
12642
99156
86463
50869
74237
77476
42068
34354
9687
19365
32697
48064
60367
85452
54002
16414
83302
26825
10333
4143
86818
96151
89159
42777
76647
5203
6161
2879
66444
59729
97097
90572
42351
95317
13462
97262
22463
71143
25601
72626
19006
52482
49086
22671
93504
27366
88039
57003
93386
57977
32521
22483
72242
63142
56195
64007
25342
64738
35167
47433
17039
7868
49275
64494
37326
82323
32998
15076
1091
31178
14790
28305
95503
31259
20833
40656
88489
69808
22012
96657
34391
21818
71416
75725
51683
53319
13719
77324
2000
37332
47499
15836
69778
71252
86925
86422
27407
27091
140
63634
72128
49312
98299
85639
37728
38939
11414
58680
16678
27127
14967
88734
76442
46609
64748
10333
17503
55190
56423
36132
12
51910
51071
95017
61004
53549
98230
61448
54766
66809
43993
4198
75208
99818
33222
98754
60985
5525
2209
54413
41633
39105
10910
4439
56146
41674
82336
95659
64155
33407
802
92470
74293
10574
70384
79486
34354
93084
50327
6898
63461
61770
65060
73120
57773
57965
33073
80420
68129
91864
71120
30930
30547
20667
8044
52847
28649
12731
85958
59587
80860
9720
35638
48280
74592
35186
87642
38233
14684
75059
21045
34849
13984
73201
57605
79983
30243
43475
80775
15821
45374
98728
96181
46106
90668
36589
53009
25920
44680
2225
14205
49185
69283
68938
97490
31679
3784
38948
8864
6615
6992
68750
55645
59652
22816
66098
57015
30747
46197
88983
66647
1323
83086
895
84173
67009
30728
1201
60119
68528
52605
54661
92352
16341
86211
89883
71183
98227
1177
22985
54994
3259
20347
89719
48554
30450
26974
37056
12167
75890
7545
33488
51392
8247
21587
6232
24235
49295
47364
3099
55602
73466
25481
6933
67216
28412
11222
1351
15296
57197
50810
97928
78022
71951
16813
87019
50108
88698
73561
67104
82787
83560
94706
40818
54086
71636
21959
39779
66481
41605
36549
54846
46837
1477
13098
3659
67023
3870
39368
63064
12650
22845
14754
30494
2089
48532
85378
55404
98289
50680
34322
99531
61815
37712
21784
43082
65167
4024
61838
52827
25610
14954
30015
67686
16591
26268
19040
37512
86271
72942
98850
71629
45795
90677
91414
15071
89605
52793
40874
72532
75461
15031
45189
42726
22770
61257
16741
9125
84422
34208
56221
57004
9522
17132
56678
51245
42260
4532
2727
14552
95589
63256
93687
91498
97502
38721
98828
70295
32362
5370
47907
61175
90111
95258
70837
98003
92111
64203
26578
37992
83974
71017
3263
83353
72928
52093
29065
38242
40106
70969
6473
44556
76606
10489
71401
10921
76248
53799
82968
60638
67646
69636
69783
76425
83585
77256
94228
12437
46600
16804
47504
77379
96276
92078
55080
66418
95967
84355
54742
34193
34495
58300
7531
56356
81811
94007
15685
22904
66703
82788
51043
42986
19349
18599
42431
17900
61829
1830
31171
56696
35669
47701
80116
67092
27090
57592
13547
53324
87814
68388
72733
92121
52136
42291
95148
38162
19416
97512
64085
31168
5222
8901
29797
38223
64086
26793
73332
66953
52124
72212
69862
27870
28778
67068
9577
7505
93486
49095
51104
37858
15302
3015
14955
12261
41319
11773
72614
2902
63221
94686
50672
81103
80334
52945
48812
27812
22307
87175
65441
48879
84827
86584
35446
77306
87781
14756
10784
53014
86821
33237
56549
19555
56525
10802
92637
66767
16153
63658
84310
78552
87476
59835
73718
15727
58224
99601
48807
75377
74407
53021
66118
20119
109
95595
79558
63440
64291
33438
78554
30500
60733
50544
5847
87774
79458
42454
7746
49422
25803
22962
67766
23464
26746
3535
88372
56645
33227
48685
14940
73285
1844
4814
41047
80471
79692
84882
94881
29626
22040
66752
82790
82778
44125
29192
57925
30786
45570
6210
89418
50339
48732
87821
30703
66704
60772
33274
24338
10002
3315
91423
35107
14230
53249
42147
73168
10295
3587
82586
54691
6973
84244
82449
48663
37061
79160
23773
75474
69851
38434
22238
55379
55676
11935
99515
53092
73380
24336
39100
28549
97439
70585
11718
83247
87811
35541
612
86601
32718
31835
91879
77412
42172
5967
20534
61786
98413
84241
79068
70753
18306
17342
2028
98371
72334
35182
37484
14199
34975
42124
4261
32842
12058
66746
12420
27636
2120
30040
93695
95568
846
11241
48475
16166
50331
71481
66411
98389
68208
42006
18815
76385
65640
95920
52787
97581
77673
251
39347
44638
84680
88586
40855
46635
99370
3609
66598
64196
30316
33579
79672
78324
9968
7116
3155
73323
92805
16633
49031
80497
87586
12310
59479
41162
86580
45737
6834
55062
94213
45169
45926
3421
37724
72806
50470
74601
63256
48575
93803
74788
82215
24619
53505
76080
34762
60015
29284
40050
80032
76208
64031
56104
5910
70221
49018
50841
75176
24923
75994
57165
89343
83452
71262
80009
56707
48360
9830
59348
96927
25122
61346
10518
867
54361
63731
16930
91505
67473
55332
60865
99359
56289
21883
4347
74223
69001
30660
73951
3874
31780
30994
60958
27
48340
97633
21366
41936
48181
81441
49090
38875
38295
10561
36
84141
62861
54363
64776
25275
90745
22394
23188
67881
31623
21037
65686
63708
28100
31664
32589
7609
83395
5855
5658
82514
62037
95578
84004
46748
44420
49232
90325
53833
25194
8078
82835
31304
20141
31780
93254
22167
86543
66707
71887
10265
67985
46065
97077
9139
46139
77097
98220
92878
19254
27288
49051
87040
29949
68913
11036
17852
33315
79205
45511
38733
30460
22090
67555
14604
92303
56625
84658
46489
63776
27172
48834
61591
69539
90807
52148
77343
38902
28597
12484
71826
29855
69090
28922
57542
59922
24754
34231
60654
45048
5074
35741
53662
6767
23626
15284
75856
32645
60696
53871
2978
65288
77871
57455
95176
51201
6514
86377
60656
2325
48150
32990
21330
10321
31534
49481
56357
6481
68531
1057
29591
78611
38911
8420
77818
40307
12816
47853
48017
97768
88842
97283
24001
74594
85590
52277
75411
36005
74992
87265
95379
479
86850
4120
67077
39013
45770
92784
13935
40067
24014
26739
43466
61670
6795
29938
90469
1281
70165
81146
1775
88698
65859
66725
81768
47622
92336
53482
35591
77466
6748
29510
5235
78564
98677
52831
92648
81146
3214
55164
3544
41278
78327
71306
25774
35428
9448
3349
76908
19385
32820
83391
17124
16991
88383
68389
25532
69447
22857
86459
80748
6939
64137
55191
69828
896
79264
9451
73598
17398
9944
8655
40977
20103
51971
41642
70041
64486
7890
11046
59414
84299
95840
58468
79954
95851
41785
86756
43802
36033
17161
46351
15482
5988
9500
78933
18097
13891
29663
53485
36544
97527
66096
87417
9259
60165
93843
18537
30151
71709
34072
82435
53201
71176
38465
54208
3625
56242
42063
33521
51545
60970
88038
87608
96794
3745
78314
18092
46776
34061
45120
84414
43240
18982
70259
99161
8355
87954
1255
8740
35679
98089
26532
86613
47385
91130
75387
95690
75556
88002
2743
21519
2400
7211
3576
38538
11917
99276
77335
47925
63849
60994
28840
17494
99661
30516
48865
61578
29874
67071
64951
22006
32225
87606
91031
50042
10935
66723
33018
43548
28802
5954
26766
63653
25876
43812
94684
40857
81150
8943
7741
81768
57008
15349
30760
4559
90088
60803
10589
63762
56780
17462
39132
73148
46743
97095
86201
99225
23629
32455
50761
77267
38638
41023
23388
96815
89567
27669
87607
14241
85687
38767
13279
76212
87109
1839
11315
79821
36187
72045
25741
52637
88098
59658
36472
9092
77876
31104
34188
28385
32015
60253
7277
3486
44142
56345
50071
30817
86354
10259
61452
45874
20452
81793
53407
61277
6631
97224
30212
30671
81093
38593
30660
44383
88618
84015
48137
60920
11287
1763
56301
92136
30367
9954
71759
89297
94775
88385
79379
22312
46615
69373
30701
5002
71929
40450
1443
95592
3131
63295
60195
93480
98489
50552
57110
60860
63605
44947
88807
20929
59990
13644
33649
23160
66640
4802
80197
20549
21965
13045
90875
73725
75430
65861
52734
82482
20995
73917
67702
46563
67701
84867
25816
74397
26691
42401
86673
91036
58507
80170
66693
44674
29682
73625
92793
74886
73429
31929
36648
85145
35687
36783
88010
57172
14789
25363
60350
55334
70752
70488
47649
95558
88429
32762
67208
95154
27731
46604
30144
77410
83659
54937
78558
78025
9077
25754
16385
89163
23926
67844
39510
81346
46046
12721
40022
63394
30799
45055
19283
76289
99359
44931
95037
68076
68850
51801
28850
63865
71433
72220
31927
27443
63992
31278
29737
9215
85238
11109
78816
88935
12874
28927
32787
51067
9860
81762
48829
75676
25892
25380
10721
88343
37863
60851
20055
88927
71406
73790
73336
70828
44504
8522
99429
49976
13738
62236
79155
45890
83905
52666
6860
95919
62529
46910
82358
38187
2242
38700
40923
68774
76029
26792
38830
64307
73032
78060
12470
62403
85904
55513
20151
9320
84606
53608
57453
16664
36141
11109
9348
17163
34832
65161
65315
73279
53614
69370
77251
71837
13179
23338
84268
32846
92910
51490
63272
71357
75189
24932
89776
77460
22972
41712
9433
21407
39448
68011
27591
48396
48158
95683
21481
660
62116
89950
67653
93305
81275
85216
55910
74713
69116
36597
30187
22369
11180
50159
56721
60584
51039
95773
70333
37888
32516
53082
90746
68738
50860
53318
32626
26723
30174
57476
55368
74577
99531
54876
11661
30083
36042
75177
57462
96370
79542
81630
80265
30075
636
53709
87386
81548
21506
73178
71515
17490
47176
99259
36851
28347
63879
55778
25918
30284
700
55973
34494
94723
30858
59131
40086
77177
9781
87289
97992
71521
8563
29936
78238
85865
3434
30009
26531
21824
24562
75401
32854
40259
50786
16805
82472
13456
60831
94919
45802
96229
16088
87864
36030
96579
55219
83118
26280
90301
26656
37387
71807
3347
71494
12476
26891
80748
96297
65630
80991
71558
43060
28712
64185
85549
71827
32196
88068
19274
20412
17160
94985
6651
95234
31283
85857
22342
77406
23318
84845
54994
99081
34590
77710
71786
56433
35780
29950
15754
77720
72581
50695
13014
57568
64766
18787
18255
1887
49816
28602
93799
1770
74424
44936
5
69283
15049
78582
72980
23217
52147
7278
79300
8683
31789
70266
66842
70848
23067
58975
75869
80177
20046
11185
35125
24196
42960
91532
43988
39119
64939
7311
33616
53588
27752
65283
7536
56343
12899
22559
85282
79787
2828
22612
11441
12252
1140
36075
46885
13158
80353
45261
28957
7333
91125
21133
73046
77434
97803
42030
89248
56693
1719
94473
4701
48165
75913
78207
14708
61184
62729
9910
33905
60917
79244
83064
82491
72705
34544
95039
21947
69312
87566
96725
49686
96244
64573
54864
72704
57980
11274
42766
6604
96259
76182
91181
88220
40498
9025
37839
47626
99951
10834
11542
58433
97409
90811
74679
74056
15037
69144
26632
62028
34376
14662
39807
68453
4568
21534
59872
80348
65572
10188
52255
4867
86399
84208
18108
51330
52365
87159
34649
84461
49868
81145
97168
15418
52397
12335
52975
10948
7284
37809
21168
30394
59111
62735
86360
45313
22773
77281
39344
57099
36823
88558
13178
4268
86087
14523
29278
42983
81407
43959
24845
91881
23946
69463
80326
55438
61681
68878
3586
78857
66473
44620
56076
41878
21558
30131
25544
68902
11338
37959
59674
18503
48051
54960
75533
16629
53148
86690
50839
14719
35208
15251
84767
86472
70688
62706
88398
25145
99054
45618
27905
67035
89586
65363
97162
46181
23615
3561
40727
80361
62970
82314
82987
99081
43110
4894
44773
50546
37709
14091
44828
66475
90380
92661
90280
21164
98802
83139
57631
94315
66640
22719
53734
35963
9513
73016
24886
Time spent: 50
Itarations done: 10922470