51329
34227
86647
53817
56036
9425
46096
92088
65201
86433
77708
15891
10967
12070
823
72487
38532
92918
19114
52379
65772
4425
54015
3738
83353
14145
33895
97157
3787
39190
94347
12847
18
81555
66157
97459
9352
36579
1837
90955
16965
49632
19041
55300
74688
4016
19762
46196
55427
59094
77882
56710
91301
21838
74479
27357
94497
27251
225
61020
13798
23551
37290
3120
36924
6525
79332
47486
9018
24124
47503
6635
1049
77160
12821
41511
28359
74866
40814
80197
89247
65133
33081
67722
66199
48375
52160
79796
8296
1279
81103
2176
92292
82093
87183
24299
42027
62651
30358
20965
71040
33978
81444
99033
1687
62131
92379
67469
5524
28803
91526
48537
4368
77298
60674
85542
69193
98601
87170
18241
54914
34582
74619
90885
13086
45778
38583
29848
31698
89712
9968
77869
61499
82401
18059
175
1641
70468
27619
84090
33969
24176
60052
38223
14885
72772
37278
59899
56477
42641
48844
80246
54499
26108
57668
15191
49755
4081
27950
47573
41612
69312
79912
40711
7588
48683
50392
36960
21356
2720
65737
26143
3006
88447
13996
78234
80028
7723
37144
22245
85252
27375
50838
18993
68838
49712
39177
19304
55421
32434
64998
21123
34656
5450
82429
39167
33647
8836
37736
78914
83127
80878
96942
63123
55759
58128
44266
93520
24570
10373
54122
42888
62258
22622
51228
63542
78020
53474
38320
66977
67532
44665
89037
76499
33839
30087
74723
79710
22199
94288
18224
10946
254
60192
45182
75137
6452
43726
33916
84004
84236
99063
48635
13123
17307
92339
77603
4086
82098
84017
87748
29886
37655
70443
50328
13553
80207
33709
88433
40235
99984
75572
46428
31097
91205
65985
83866
53775
82687
19681
51996
28594
76116
25316
19656
52353
1824
90809
77171
2207
27743
35820
61808
1010
86253
57717
16424
22494
15746
20896
14108
89691
48993
71018
55962
73300
18774
55473
76584
27997
92736
39310
72401
14177
94071
41910
1677
40229
12379
83831
91847
26125
59913
25539
29765
33007
82477
157
3521
25393
91295
90888
10675
32708
42506
80444
47070
55130
54244
4579
42832
15005
17824
74747
17716
89632
29149
95939
86682
73769
39219
94916
58359
10957
98506
91320
34027
1595
48946
89597
32805
42682
99460
43152
39917
79226
6126
43849
99235
50558
66543
19751
48735
96127
29413
81886
28064
44825
14988
46884
71119
49491
39811
76472
33339
43968
40022
17114
93366
93930
91537
93475
11801
84667
32519
7946
25944
39125
3813
25101
8767
87707
36410
74776
22768
17694
31488
90321
54957
14621
98233
9673
27877
70544
37369
6002
43425
74828
84225
81999
31142
21986
54165
57276
40717
68022
65333
1888
39663
41853
48921
20634
51404
71604
95548
72598
96481
16916
27842
18286
80139
7884
33941
22754
3252
78833
44393
7291
60359
50859
85801
34491
28523
60932
98571
31971
43795
57300
63258
8521
8255
81056
40231
93132
69914
31934
90791
32136
70218
72766
14361
12601
59436
61480
5994
41158
38924
12150
11206
96599
1079
77298
31019
91863
2711
12513
9109
26461
25659
31432
15056
83881
49642
84204
22988
30228
86684
95797
73259
96
3843
81856
96311
13608
91604
19282
72509
54566
18930
86304
99484
53851
52825
2544
39393
64462
10164
93428
22527
85017
52658
75235
90800
87061
31968
7223
74936
28189
41327
85455
12522
87794
32462
59317
30620
45117
12176
36177
36247
30376
41635
2245
80796
18832
23228
28416
90338
5023
74815
48710
82754
89722
59221
95914
24791
35778
58063
54124
17353
613
53272
41095
35758
32963
7144
64677
93165
29345
12311
7062
40023
81766
16704
78199
60138
12373
15416
45403
74833
82986
41299
90100
20687
87911
79197
64565
23463
86942
74919
21630
51085
12116
9365
68576
91912
86580
60645
52738
71057
26855
82638
20859
87118
60768
87076
6794
24465
82549
28105
92921
72082
83814
53175
59434
58973
44614
2208
82680
98295
42220
8167
68805
17582
37024
76468
12184
40861
24675
98132
49462
79927
1504
82108
39508
86688
76326
75938
37189
16231
75863
80700
44569
51171
33310
56147
17016
41797
19997
54996
73652
23722
78601
21541
11685
84933
43069
39054
52390
67566
85150
12901
52840
6209
10379
31838
1977
24173
37367
58693
82202
31921
33443
63392
18375
97731
46930
26287
54997
89664
71804
7767
99275
20043
3967
1358
42903
58902
74
61807
28597
21242
29595
27105
58779
74427
18739
33962
53267
56709
20867
59938
50441
45585
12232
12256
12058
65597
4102
23258
35758
79187
82796
5543
1255
61333
37654
65987
76324
18963
13647
77215
86902
79509
30105
57475
11978
39478
39959
15477
98411
33538
64917
75434
3432
57377
31178
9346
63279
53468
47541
68538
55285
47871
13196
24507
67705
8353
16023
324
16667
79333
83875
98175
52843
37561
81096
6040
81804
3922
468
97090
81480
41417
86788
19078
37747
67090
42428
7797
34893
6568
7567
48640
31549
23898
78127
53353
24657
66459
23025
15262
54140
75011
89011
55585
29156
22317
36119
75853
63177
60260
29696
87066
89590
75029
26000
94878
92135
72685
27515
81921
25207
43305
51421
43337
17886
80914
50055
99630
52559
68513
45764
32166
84063
72808
94169
60943
18530
31588
69683
11712
2445
58227
75006
77
81901
32394
12386
93923
79647
93833
18556
2303
3227
6932
57579
78883
41374
17810
86232
21093
27785
82794
55070
92342
51503
7387
85014
93946
71357
98235
64064
65884
48261
97069
41646
1048
43625
35275
59162
16358
44771
20449
44435
35900
68922
42207
15073
6236
66215
63512
81134
82050
89135
45906
11058
91516
20898
42297
26451
15085
58492
79327
21125
88824
27467
42835
57683
74006
65026
74594
80988
18354
45554
86223
2004
71138
38469
97053
47802
4283
82109
6762
43905
34709
29340
20689
93701
39301
70689
56007
46321
3247
68998
70306
99133
44904
45969
70658
63947
15927
45428
80840
37037
84085
60736
67160
52265
68011
54510
49217
63854
8058
17637
50906
796
25524
11566
79131
58392
43671
12947
52939
44089
18307
32911
44141
74573
53130
14619
32044
28972
55582
22215
19476
99066
22695
21878
5113
41569
33178
21409
57934
29817
61970
78640
93678
22610
26547
10918
10277
16513
20435
38004
99509
24538
88731
68984
15495
28968
52866
89
47152
88938
97389
24839
11353
44473
90276
70488
56316
47803
20059
65499
40582
70099
98021
11595
31986
77141
91773
80943
53135
40999
27709
84078
85157
56457
24170
57446
29880
60691
94558
756
22083
12614
90255
53819
78120
74371
36836
40154
64925
51582
53936
20342
74346
91245
39031
91997
91696
6614
38485
45137
54595
96907
25389
31907
8386
56337
53059
37756
77817
21784
55457
47577
91165
91294
21429
84751
12631
56653
78275
63670
61548
32443
82048
36983
22877
31248
26861
37733
82418
30130
53607
13444
52331
96980
59623
24375
87793
97056
85215
31356
34000
79775
80339
29968
84236
53743
35346
97306
74358
94055
93357
5165
86781
90032
48688
19198
87950
33874
75635
47469
77289
71105
25048
23763
82715
82216
72282
11139
98108
41577
99435
89421
21453
4492
47231
46684
18930
6140
77476
29237
9802
17227
45682
17235
39744
90299
95305
83754
86129
47969
49961
64021
17763
9712
98052
8453
13727
27432
35437
18262
31226
1637
56091
65622
694
79882
58130
81700
17965
97012
63173
55383
97898
2795
30658
23067
51618
36690
85597
45659
50423
51783
68158
62739
43390
60323
56543
85833
2864
71831
10829
42842
82245
21435
34731
13870
83888
40826
54730
5084
51423
7184
71520
91671
20433
16430
47475
23573
84177
66334
55609
28419
56947
2283
30473
64881
46608
73947
29475
76690
80050
74570
34339
72634
60498
86329
96675
11077
74014
34956
59138
98882
4039
64715
64177
24121
57447
80917
96077
29515
53324
71238
88836
99290
76583
9469
72308
75999
52520
65679
22178
45780
55549
95324
25468
30690
25594
56525
72613
4907
29023
9468
39607
7993
67485
84841
29231
62853
7653
69213
99137
18635
77627
44478
16313
29532
51640
35692
42442
49310
23688
67131
72707
68334
52871
99854
21801
44976
48444
25765
75203
86529
50997
22947
1247
16050
57656
34915
50042
21085
33838
22524
49023
17785
51854
51389
41717
79662
97513
19969
6251
74082
89911
3884
33189
21559
66685
90573
38485
43011
97305
5026
36666
88374
311
82173
1757
46299
56953
24352
99091
19141
33280
93363
79778
10056
45507
25759
91466
9712
29346
27299
73935
89008
3013
97922
76169
1147
45729
62112
52703
71490
48810
31203
71388
6886
34790
3944
92141
87474
81569
19566
56826
13453
33154
13621
64091
66905
26359
91017
89813
14477
13688
22984
53736
20587
16629
95076
25963
62773
719
81889
13141
40913
24005
808
63515
50276
73874
1891
82436
44683
73777
83916
55514
50567
10943
87630
35267
5284
8987
6426
58946
83773
45157
71938
30164
46502
90989
17465
14998
88603
37260
95670
74465
95219
49382
28654
79551
11279
87773
98294
32430
15281
19211
42643
48083
46145
39852
10236
34199
69773
28311
38277
44085
87692
48099
63010
67218
83998
22704
40938
65166
78795
13754
58140
56792
6409
42920
31554
5956
64904
11633
60897
67390
89750
89154
72813
1973
88968
59211
9855
81346
39702
38124
56075
63579
86850
3245
58295
36609
3267
99549
97515
94169
68007
24314
88469
30164
94176
25113
37007
11744
91191
84688
64728
18777
77580
7820
18261
17986
69943
69892
16549
73701
61286
34629
53734
84004
67647
99376
67456
70984
65816
80250
2828
46867
66896
6673
50876
24019
70538
55007
16889
36078
22962
14429
78913
89977
58146
44644
29527
74127
36107
54713
55088
6765
4752
4978
95770
20263
2517
9981
47037
42146
87858
99271
8565
51625
28625
75090
60198
61664
9463
91240
46151
873
18578
65758
78491
47019
56588
31564
28804
94458
69625
23856
63016
21521
46466
800
88486
60680
35186
94917
24776
64279
28680
96594
79906
1662
40367
78267
12453
19749
41499
78072
86501
48387
59691
75152
81233
34296
44689
5304
99872
42941
91802
85269
33719
76403
76065
36744
76172
17100
90921
27069
48931
22170
4030
72510
97970
61398
39808
82253
40412
12738
73401
56420
95104
3826
73998
89820
9458
15294
66756
74666
3048
42290
92080
40079
84492
44274
28582
14009
62290
99984
11787
44010
62587
24430
24491
67398
87252
97800
56649
78359
94159
2383
32765
99897
58268
62933
82995
31865
76848
38307
90494
12806
15119
17815
82048
3007
49603
34392
41580
68878
55666
18512
16900
24663
2978
81721
58864
66518
68070
36733
79114
16064
46663
32196
37652
75845
50137
4596
74731
87443
267
27167
82891
74527
94289
66272
74440
47771
98361
39391
37276
46259
41684
5674
87681
90959
25799
9973
22543
29786
33998
44306
45452
60927
24340
86921
91219
31369
16382
28435
1564
20924
36574
96960
11093
38563
70117
49709
87143
77499
78181
7244
29673
98214
78478
68373
78111
34498
54528
58610
90894
46570
54317
33218
60438
77500
62621
77008
1346
4374
82895
17407
2910
14055
44441
94754
68284
74857
58463
14313
72200
20140
82654
38245
56689
7500
18119
62519
49983
68209
54737
63773
37639
15467
1449
94109
36882
37232
86522
48084
25269
59600
89477
25402
53002
30112
71171
65317
24565
36857
1423
34263
69813
48873
44607
6974
37282
36098
52809
93130
33155
3010
33412
26541
98229
49092
3402
51905
62130
51385
16203
15427
39204
49655
48529
89840
33641
3070
64512
41846
2832
78793
32276
80571
87348
27520
54178
9275
53584
98753
86074
39427
10810
49470
63268
16154
58225
3862
21209
47166
89570
28940
97540
23441
32979
1053
28748
69266
31950
51756
9474
61682
79658
97965
65422
14932
3338
80951
1874
34227
58028
61507
28954
4933
29703
44465
32065
98238
66679
34782
51373
42435
55130
59511
57690
30121
29664
25248
63815
5954
63130
19012
90147
7037
11167
2027
11325
8572
96487
90498
46644
61114
5474
65234
21191
92568
35416
2843
16925
88023
74509
75228
53305
53585
18790
21250
85659
16535
30195
54669
86084
13499
18211
35856
76515
70717
83917
1276
16455
86098
99674
14364
8939
81402
10345
74177
77428
4751
32616
94082
83649
28571
97882
41736
1768
6166
31082
13763
37864
21290
83007
3755
85280
89416
36808
10639
36274
46844
90776
25931
28227
94342
78959
33033
88784
45709
28746
49480
58394
68495
70305
43947
11033
93994
6588
63784
64316
16754
24591
16016
68702
7
78663
54990
92185
52741
4874
43209
71647
46578
31804
68425
84944
96208
37582
19680
8844
35778
65601
47726
67095
85507
52076
61157
40182
17679
37426
38576
3737
99295
30467
69247
86120
9795
69481
69940
87332
6623
77455
64068
81204
38839
40131
50684
30739
89524
44973
35585
82485
61450
6781
44472
70013
7279
71366
89039
48832
45512
32574
10833
5493
96460
19918
84875
32175
18720
14163
25286
34694
25926
26443
98534
46674
16031
32831
16415
55516
50888
90749
50534
6847
82637
76228
82782
43288
35195
71710
82192
50660
14096
2976
77571
30164
35985
70724
77411
88603
40282
47425
73860
40378
69827
13329
55901
44762
84766
86809
48392
59889
4512
63727
88240
80906
56293
18088
46763
43915
45623
31994
8144
19605
53980
16717
17891
90886
12022
58735
22368
7387
92885
74626
30678
36315
19408
86958
43599
83968
81583
39675
10739
45127
16076
55917
96744
48543
8389
3840
60103
5935
40012
76710
74015
39181
17875
12400
47764
55795
91487
74377
39173
66323
84309
91396
83981
88953
40262
6284
6351
66403
13673
15624
16218
28095
11569
91536
43834
66609
30886
64423
9602
61625
19994
11212
78176
76799
33883
37529
99811
75469
45407
64156
99071
49584
21186
28264
31264
32945
70082
88121
90340
74603
24601
76312
18509
81192
21142
81005
37445
97992
3702
47364
93708
87688
87477
81965
86909
83075
83715
11888
28096
35365
5269
97160
58044
53288
43468
20292
40313
29844
31266
79900
32363
83346
85031
96742
29503
97295
47953
99956
71077
29681
41693
98913
96057
76448
69746
61803
36067
16154
5915
15916
37905
33266
44364
56566
14714
16065
83905
1695
35243
51793
68511
57422
73995
96471
8445
66136
61579
79702
62016
93234
94205
15838
66619
71163
83999
32041
69559
60180
57734
91023
24084
4087
40533
81718
84138
56140
93257
74622
52513
25480
7529
90217
11410
47609
744
8693
91867
13817
94895
57068
19047
3905
7683
45859
4121
54185
32142
91602
40245
58428
31887
53826
100
43293
33072
35475
25541
81745
51310
44311
46048
8065
52042
89511
62053
76263
6220
92416
81585
60087
69671
23355
4311
27255
84159
37443
5690
33158
70883
71462
85802
70006
63055
81185
12345
76216
3190
43936
5368
57842
12885
24696
82481
98916
28089
5737
7620
40815
81285
9556
63878
92107
3472
2763
1476
89796
13486
54657
95643
70491
59943
38335
85993
25757
81976
4512
58921
9715
58922
28592
77615
38997
26276
30114
60467
75173
45440
90312
57982
8083
28220
48351
80731
64775
33498
39680
86450
53270
73128
51003
43093
12960
86903
5514
46448
84160
72263
59327
85880
28198
83454
85462
19820
26379
46972
45248
43820
61277
75370
98699
8300
37024
99885
85182
70566
26605
83864
13619
46239
43654
23573
37487
58923
23829
90740
54056
73756
66588
22060
59575
40441
32004
14903
12538
64416
9271
45564
5692
70987
73600
86691
24101
26618
26485
63873
71388
33957
70606
57891
79161
22789
5161
28745
75680
17760
39987
10359
78980
75565
17555
705
96941
49217
781
51111
62226
55074
31569
40656
3514
89516
90078
6787
56149
66463
87964
91679
45080
24358
10160
55385
30896
81832
79246
1408
95790
4943
54071
58133
60455
85684
89977
60385
65169
21433
81867
79421
18784
28052
83288
56779
17825
15533
44832
7652
64597
4446
43358
72853
67962
63824
79904
14925
93362
6741
8611
73582
39723
88502
21596
18434
59991
14171
55421
62804
9375
77154
3665
31471
768
18545
17067
7295
70345
18213
47804
16920
8011
2852
47717
54163
87142
83732
61604
81150
35993
17371
66205
91952
29156
16125
93086
71171
41632
22441
39361
30836
366
501
14027
62971
88472
92032
89668
2310
5971
29251
29381
53907
67460
97247
37002
3755
21954
90507
35040
97040
13053
13907
9232
38274
58595
37134
71201
40320
18147
23356
81432
25189
33954
17882
43627
58494
76367
619
28486
81587
98340
77339
10030
90639
5209
9066
836
315
75770
56342
53878
21206
28581
45717
58152
74792
13449
49458
92868
67468
22221
6328
20683
46063
55276
1206
94345
61258
50546
64393
23049
72452
80398
47635
94918
37892
48412
83218
80257
47224
72819
34921
46554
70171
26332
5194
689
14643
13094
71603
36406
10341
2646
87412
5831
59814
8108
96113
52644
27912
91162
77766
41524
72705
99965
66237
93550
56226
97797
50682
90476
11723
20002
2143
42153
85656
4721
46606
20828
17267
78937
39625
53660
66339
45513
84407
30517
50610
9180
75191
27947
8322
99872
40825
72219
58531
304
9653
64390
92019
61366
16102
68625
89074
93709
21843
21284
26868
56756
29943
52825
8822
27486
29105
27124
21078
20404
16954
93555
97091
47495
16203
16020
50356
52279
15677
90088
17410
25682
39280
84498
38504
13080
70386
46516
91712
51635
36516
91961
87781
34992
89766
60209
27590
88412
2122
52075
21917
51583
31629
84192
74032
8646
5308
87347
29667
75368
7797
48235
6029
51944
60870
44151
21802
76552
28306
48393
63417
69597
83039
90484
39425
41460
29054
39785
94386
47621
79221
43702
76498
14186
52046
92358
79005
24128
65280
511
4481
49955
72379
94418
33187
42071
9006
66477
11959
33739
91094
13686
18465
3352
33394
7314
97167
42617
38050
50640
7973
15315
36389
69228
76280
55414
53953
43920
84030
45659
8739
40573
95380
38123
45678
12553
67710
26755
56574
52082
58982
58636
34036
44764
5790
75407
60389
37956
13002
9284
38111
68144
65469
19064
27030
5050
45073
40725
65328
60939
12248
44496
16364
82449
90090
35665
1364
89216
71361
9958
49236
48680
53869
75960
19076
79689
98148
86845
28383
58833
92831
81587
50556
62956
7756
21866
28933
18856
12577
25024
91479
46919
39568
35748
40125
79292
73262
49527
31866
5149
56746
99482
64901
45721
14652
44850
32410
89974
6273
54132
9009
28171
38753
58900
90508
5028
89893
65218
16246
76763
12912
48853
65139
97065
21339
27695
31496
75868
81261
245
54718
51765
70229
62537
98201
94020
97424
67553
47084
3330
18039
70942
21894
11871
16345
14785
85752
92607
76527
37182
56450
75442
8154
59587
21567
33536
44001
96105
94688
46935
81949
49392
43911
72648
99838
6301
69960
50385
32381
23117
10593
51425
62621
94965
383
34395
46949
36934
20571
6242
62296
65450
32333
99247
36876
57621
98642
65697
1751
83548
64862
60626
79470
52016
86237
30060
8180
83496
61670
47248
84853
26082
57476
42636
99651
59730
82262
54640
24959
92111
4604
87784
17250
35410
88956
2345
87676
67563
61964
75375
98200
23715
11359
66823
44037
34081
62641
96444
90346
22945
74959
87294
41341
10173
46918
59804
33384
11419
25480
66817
60104
16092
66686
44394
57251
33213
5635
15845
97716
34426
54950
27114
73036
90733
65918
10537
66716
94912
54562
70928
56823
85144
16069
63086
20551
36989
25341
82987
51854
70682
48872
26332
44731
28609
73700
77543
39390
13842
92907
79923
76255
44819
73930
3424
53679
73479
75900
70288
39210
34632
75287
20829
41408
42828
5325
1699
9430
29695
14010
37213
91036
19457
97883
666
46096
73287
74422
37019
82393
94175
14503
957
53186
73137
68249
65039
31947
74904
82512
21486
58648
6604
26295
48157
34111
86534
11611
34345
24201
31716
21622
65236
24004
12781
35287
45250
23646
82591
68372
99929
12035
71051
34324
33654
52570
52755
65360
36172
65713
36339
24030
24804
57363
94878
78606
81118
39072
55172
11838
91005
96399
90424
81912
25288
75096
15613
56915
4346
71301
67761
99657
74706
31547
64341
88413
88174
91174
72218
20926
14765
5567
86821
64017
39564
57687
16624
79130
90618
57465
91588
75421
20055
83902
65834
16245
13836
59068
64644
32371
36926
84745
33760
75825
30106
17027
85008
81923
62266
2001
96432
93914
7744
46473
17403
44551
62108
51726
49580
82010
31770
95415
23131
73748
32897
6973
64291
21213
13331
45258
55119
70761
67553
53708
19212
11704
49221
37850
28179
11097
98393
82829
12854
46693
91275
4433
80473
64446
89185
6154
84490
4976
10392
96902
67221
14657
73587
9289
97165
81238
64966
46746
52649
11412
62254
79250
61341
98259
8476
2079
91209
10234
65862
69744
2690
70136
96017
18144
14071
82472
6324
91991
2547
10687
74517
1673
61915
1903
13464
43981
64541
6167
66428
34511
30030
39596
29405
16050
85917
96434
81635
26876
16747
23667
67951
35678
37077
33710
17374
75660
91203
45583
1217
39394
77833
13082
30894
28155
21470
19638
70780
84665
63909
93865
94652
76597
29058
27251
45607
39686
22196
55998
68807
33907
60803
2731
74040
13943
98282
60583
50752
66051
94159
42135
2093
17437
4762
8727
86489
81362
16916
41875
55325
61479
23859
17822
53578
2266
47348
98707
6564
38927
42861
59400
50445
69762
85814
27738
76742
46762
25889
27712
51810
56064
13830
80109
41103
38899
50519
33162
14997
85805
81615
66969
38063
22120
62768
39741
46899
91166
50145
21404
2966
33010
28960
90609
66357
51352
78712
54952
74024
58811
87992
90949
21715
91785
74024
90337
42693
90051
32505
42249
48337
43404
41834
77083
45754
17874
72495
47145
75820
87483
7146
21620
21363
13933
59856
28967
19702
36333
93989
88555
76347
55750
77387
35134
17397
25293
80780
54722
36988
85437
20776
18520
93161
16397
72306
22664
80585
14659
27071
15965
61809
39107
54315
25188
70048
13733
28158
68033
6000
18505
21761
77628
38786
47758
32762
49191
86803
66328
96689
59461
98167
47660
65484
2524
72356
35252
76799
31918
64802
29051
16389
98146
94353
61791
80698
23225
29931
96777
79671
59433
67133
48227
80841
38116
18160
98071
84891
26233
29147
58946
40206
73267
7843
12172
49319
49176
91552
31575
93685
45276
10335
89326
4899
34239
3710
28310
40238
62847
30423
77045
78333
81706
70351
77830
36799
99807
55168
96514
27820
88652
80169
83180
9969
50593
43444
57051
64952
9101
30618
96019
26501
74872
13428
21494
15296
91003
58663
82620
88597
62900
50313
60413
96157
34154
12271
32020
45031
78299
81509
58037
15065
38219
22387
81702
34115
59856
91590
57794
17475
34988
60173
61198
99518
89013
74269
60331
37211
23998
89278
79022
44966
54676
43647
11942
28172
55685
47889
3295
18826
71978
52015
46254
80800
31186
20348
11479
44595
36655
86472
67096
51840
12931
83087
9595
38308
21656
41619
85417
60908
65187
34650
46319
78886
47638
90605
48160
32367
68669
44575
72350
22432
83986
1782
21970
86047
78375
80888
20441
76493
61999
73229
19640
5306
18781
985
6472
75311
6874
82437
82171
35968
35531
15666
76977
22061
20144
73383
54349
94629
47775
61085
53491
89119
69197
28293
16724
89870
70285
38380
49131
92339
65524
96333
61878
84876
99492
5751
57780
80397
38332
76515
27884
54985
82587
32751
41285
5179
35168
77070
26830
18687
13828
51558
65043
64252
6188
98553
31321
45567
27183
64992
57373
31430
53723
12960
6821
69738
79469
96032
93070
16441
53763
36103
2757
62257
43108
88626
26517
19722
81023
15526
40248
41051
52650
94525
24760
73353
94212
81215
59366
21857
74204
5937
75930
84140
63161
31375
13819
38710
91916
18744
73403
19878
44434
50539
25936
87476
30637
36063
1088
4788
37084
82265
39855
70956
58913
46910
70236
15167
75171
3709
35802
49078
41449
39732
83162
91244
38702
74310
93349
22680
35183
35570
24260
6280
89624
55876
16543
4419
48107
50635
3719
58905
64510
26329
58799
55303
4982
23036
4318
79730
80587
34370
10442
90372
89083
63446
6689
68227
36731
67337
36800
82046
54113
14472
93451
915
16093
29515
79716
14643
25438
28474
57594
76848
21969
53170
60406
68596
34766
98625
65508
91437
3578
89570
46508
37880
57430
2961
50049
54607
53378
52256
71256
9157
46391
46188
34028
94318
82558
9829
17643
56171
82133
9021
9521
11454
6355
50527
5467
27891
82565
39808
23383
77104
95827
65844
44160
33932
42074
48217
44360
88247
77736
25468
39287
55757
93892
85738
12192
22856
89164
40798
65595
37188
14882
22782
94092
60441
18518
39308
44523
32732
16914
57124
98997
59038
89558
97019
89040
17241
93956
13475
24979
4671
70089
1354
3726
85427
19028
18932
40205
74292
11955
41631
52963
94732
10150
64083
22844
78221
53981
49464
35148
30093
9437
84525
10297
73103
44506
36346
25798
94091
44469
22564
33162
61386
65132
658
77460
51020
66095
53867
34301
18355
62349
1399
89294
78381
81783
88823
98418
12721
18666
20874
84238
4320
28689
83381
42530
11783
19890
63624
56634
34529
55558
19139
42725
87190
192
63861
78213
97110
7620
37436
97592
62305
71611
98664
75322
58949
33601
37225
53719
67194
69614
29216
15292
92075
59008
71484
43654
92255
71387
17333
64830
93558
94819
1933
11704
56498
68457
89561
8333
87431
75712
96830
27983
31499
323
46107
39011
62177
46997
81595
16079
87041
80711
36856
60701
22273
44360
77049
44747
49448
73104
51762
63284
57328
35591
85011
59015
88648
97190
97857
59574
57315
18406
6041
51081
74957
72860
60155
96580
27421
93534
99072
96412
71621
33406
68717
79029
81025
57187
17723
5420
54116
64551
19137
68050
14327
82061
83026
66112
72227
50958
18720
42883
91139
81013
77368
78102
95930
36860
55614
38546
91348
72546
69384
3380
11074
32439
13164
97304
1581
92255
4583
84225
55898
22612
76749
96866
51572
19358
21469
3652
14382
59854
5377
43186
24761
12466
77922
88785
7466
47698
65296
40758
96624
73730
97601
82548
48134
46559
47882
78296
79270
85501
71146
34065
51390
58520
19086
92697
75802
88648
71927
83151
15135
72715
72690
99172
72965
96669
71124
39300
12974
77956
84645
428
25607
64748
61889
80548
64944
74250
90752
12807
11442
57884
27367
22604
77209
39829
34959
72265
59665
87237
12333
33645
66707
35350
60533
8078
81902
8845
83214
95160
11794
51902
41372
97169
59037
3824
86263
34237
94876
34452
75735
36955
62408
84226
38648
77681
28058
37385
89633
99584
12917
93666
12225
3353
77825
93762
22168
55473
6530
96881
94756
89129
29762
4955
90078
79034
59729
77339
38343
84858
59345
82283
53746
74461
53384
87066
29837
57713
99797
97299
31954
84498
78606
17808
42993
86332
23044
22366
37634
70048
13057
87678
57137
4134
74775
68163
31886
73541
81264
62431
52108
17200
29625
49765
18534
3929
77429
55506
14237
47112
57503
37924
26479
6215
54267
75966
13139
74141
17063
77218
52113
3396
6379
18499
34074
81171
17358
77674
59069
23720
1680
14595
75646
23756
13669
11540
57565
51136
39389
89055
47607
76691
28542
71821
10606
61841
38114
90972
28530
32501
14041
74232
39320
34798
82528
93316
68119
52224
96233
9207
24681
49139
82164
80275
43913
93889
67919
75602
27893
6317
20839
66484
7165
69077
20631
52737
76698
39917
230
17283
77648
2954
31912
92408
89873
1011
6106
64155
72158
98165
48883
37528
37181
31944
50741
34465
76482
27985
34130
99012
57048
66445
70021
39664
95594
9118
64909
47573
79221
18953
78758
91081
41847
29522
1701
2050
24679
51050
12731
37449
45922
31670
67116
20919
80068
27893
10971
43307
302
76619
1180
28622
68908
2523
16789
52424
70047
39296
84000
33361
66862
90962
1092
5367
30608
10371
41845
17991
33310
25976
36478
5380
17484
5129
77639
10654
56505
2391
75633
51688
97449
4711
91890
66801
34582
51865
12547
84389
96145
80135
85080
19235
39668
10000
30073
10062
41789
74467
57504
77815
37379
63677
62319
2232
9768
43554
47614
85469
58950
91523
25422
95836
77878
80689
74841
62156
48285
35383
95196
19836
26988
75612
77943
93403
31167
65694
35173
37103
46883
83238
64881
45080
78925
28658
3563
85734
32050
2491
15235
11038
63787
88095
92640
40921
77181
90647
1185
25252
28221
99869
79068
41535
7156
63570
18071
95120
15502
81783
88693
50541
1270
57236
40536
37542
33786
66824
4303
43411
96463
50929
45286
24440
50949
52663
69883
43651
79339
77506
66470
69339
42460
85286
69872
49601
1711
71121
74695
11660
39557
39650
86951
21638
79468
27791
95703
80374
49983
85263
66851
23929
59501
79209
9713
43639
48552
49571
43737
39867
64475
5176
97447
76070
59816
17047
4636
5340
50205
35065
23865
291
80087
26859
96473
28967
35395
13681
75609
84392
11094
57034
4185
93446
88523
31938
93187
1949
2524
7987
53468
57146
81611
47713
63894
86229
25728
23303
16646
97
45678
47292
66515
35246
25849
10689
25187
83507
87615
22783
83787
49277
24638
50954
17384
16956
53255
65897
23671
7513
71231
7933
74713
52394
46417
3482
15430
15450
63138
77228
25387
49102
38670
25199
71530
79694
84725
36669
18612
78742
29593
78736
31392
91796
35449
86377
98075
64639
42296
32948
27989
27772
45107
91330
28172
74447
63969
34313
43327
94939
98368
64307
51488
10322
66217
7095
43814
82716
15858
52115
81051
65756
64954
72605
11522
99026
64059
12985
55874
43207
4623
87951
12389
98939
91283
98023
13299
51666
76502
29668
67336
37199
12002
74614
56660
28304
5859
72615
17350
1276
86776
54663
21782
53338
67731
39536
98530
6577
70072
15569
70823
52254
16092
21667
68111
60472
23218
26821
66992
4535
36164
95793
47492
26754
14763
20104
8639
3023
54644
88126
73277
47193
55523
65804
26247
33069
67624
60417
72342
1815
40550
43818
70835
65602
70943
18674
1953
14545
95323
21534
47287
83262
2766
69885
20940
35866
48394
76894
71126
83734
33131
77142
82945
59115
77788
29422
52249
29429
60248
88543
67773
52081
3386
67100
34137
37649
98304
40272
91840
10523
22595
82001
42048
30372
66544
59248
63745
65263
11534
52552
18729
87816
14394
15731
75991
99491
39032
35326
51137
74891
42394
1270
48845
57920
65685
54251
16705
34715
3695
32399
67384
54431
25243
135
2661
68308
95904
5457
77714
9859
10597
78378
76908
44618
78026
52924
33398
76543
11619
67787
14002
10015
72276
76676
8100
31297
77141
78359
4714
91393
35533
58535
15457
43432
98319
20950
2718
12026
10184
73511
2206
49479
35654
26692
86910
64313
89141
56129
5568
91241
36944
79072
42866
8553
54790
95227
90921
98825
18421
46546
91971
91895
76634
57617
10756
25295
6343
28600
21719
6595
77401
66003
50953
64578
61310
53118
95715
31739
2383
81540
55383
9271
32562
87980
46875
27542
51765
66430
44843
29984
14538
54759
82362
76398
60717
26947
71364
82869
2937
57413
53754
89794
37010
62272
73876
76968
72582
63868
70974
25250
90925
69543
26272
58014
24318
3378
63488
82401
17219
80497
93876
90346
73232
67549
17292
72395
13909
30101
39326
43558
75450
27926
41200
79710
47653
82567
43899
15536
15780
8031
40955
60563
473
65133
35282
48513
3474
72734
4672
47033
57609
85003
37814
19796
48353
22861
28125
51040
21250
29841
86206
13789
14588
7923
33410
87332
59919
77207
68769
6970
74385
94854
59481
59606
28275
63319
91141
22449
8837
55652
28090
78916
17092
86551
76557
35756
28232
61817
13628
8496
18193
46027
43660
38488
9046
98465
70405
54155
14093
40738
27867
91482
69925
36029
95872
44366
27117
79535
37321
24114
33893
22412
33294
69208
87770
77423
59426
61406
49066
83500
42409
72285
7113
38523
58998
85554
65130
44930
91567
14772
62912
51099
34032
63527
87860
12979
49886
55735
34336
45053
20113
97378
58931
77497
82918
17840
44953
87252
59479
78910
33295
24743
80362
32631
98805
15108
75754
55328
51393
73044
69328
84477
19318
33778
20370
37531
28456
69141
91661
97358
25816
27389
81685
7671
8172
8136
48864
33615
7405
59671
72825
7634
52982
64910
43107
98814
78994
64388
39249
15067
68260
49920
67861
71857
29212
50971
52074
38608
82665
27253
26658
4483
94995
75717
78154
88948
31902
57835
83500
59305
22603
53980
42945
7372
18188
55684
73429
80512
99835
13708
27160
58417
42658
70092
26775
16393
69210
15745
63241
18286
33004
31638
85600
37807
56871
91277
22649
15663
13597
24913
15848
21748
76988
71804
10006
6568
90357
75849
43723
94150
96418
12055
5087
89887
47644
66546
69802
51057
69394
31199
18687
95230
79437
15490
39413
2322
77003
22784
53379
99746
2054
86036
72775
6951
31221
8754
85178
55536
20689
11079
83434
94250
28271
37975
7115
34318
47036
46764
38493
89910
61066
54621
763
20964
90248
93158
39170
91165
25515
86841
26700
12571
68517
44755
25186
60178
80437
31086
49947
4690
13524
58722
31497
29777
45865
32482
41385
71360
65040
53750
50904
40699
49505
86649
21174
70590
77924
77433
81032
54466
56102
13349
35180
31929
88810
5039
59214
11058
39496
77361
80439
7756
14717
57582
13782
25488
82121
56965
20660
94941
80878
52070
85293
42454
11718
85434
57791
58519
34
21831
96185
93194
10032
15915
50665
14005
50464
69810
72412
23674
53239
85107
96727
50003
25018
42709
45532
88274
68905
76101
17886
97742
48422
38886
88807
28090
19195
5794
16473
79184
85106
87881
65789
78004
45149
87263
92347
90345
84845
64479
94945
71667
31744
42478
37157
1464
38453
25181
58806
38518
78541
65763
46768
80669
40815
79993
11176
11996
85662
63383
17877
72769
83505
37407
60913
93088
89882
19643
19831
89831
24284
85482
35781
38330
10576
64912
57656
95156
5700
96889
54917
66431
90311
45934
67327
87325
20106
70850
63405
2643
39837
23842
9282
15932
43318
49815
7479
5019
22243
50246
51198
85655
84205
73811
53882
41707
36041
96795
56052
30304
22469
60325
81882
13411
81959
38612
16471
63484
31879
22619
1459
40174
23181
16966
1397
37523
11224
64376
76202
56601
73832
31607
6076
67292
70256
13557
54396
84689
75445
38121
21394
564
42882
83364
36853
78381
46195
50724
63563
41561
24878
73200
34966
59004
12654
75861
30184
59309
58381
47517
97534
85716
58845
27022
73702
37467
10435
55437
9847
30116
52342
96149
8261
47248
17849
79051
93565
49142
32199
82035
90982
50089
95637
23263
60897
75419
68470
1104
43671
61700
31298
85097
1605
69171
28074
30952
5991
34136
12221
65333
6328
869
6790
62062
36084
37542
58452
10385
54775
58720
12125
58058
99694
48188
58111
97286
22264
171
6845
49903
13771
74464
27721
99701
83160
91547
47911
14439
35601
77452
44704
97828
14694
4972
80607
12636
13461
67730
24318
20105
29706
66712
72607
87963
39819
85038
38305
29589
91810
76079
97760
50261
73096
92459
97506
92919
91506
39045
4354
95511
19002
41742
45707
94738
86747
85687
27622
36889
87471
91420
37001
85475
36483
65635
31257
47490
66192
84353
93900
75370
80699
40625
87707
40130
76772
16347
68500
12635
45451
18334
32010
34597
4540
52475
53927
8651
76436
96614
48930
87748
17995
72762
18361
98071
29581
12274
78175
86857
18934
53854
58883
46739
72208
13549
47448
31577
89262
18322
97420
45311
73246
401
68097
54930
25503
8239
66051
51459
86041
1786
53146
58708
77028
64675
53944
68559
52262
84028
42452
63671
29019
19740
13179
73754
80420
9452
44764
99939
96175
32833
45733
33270
77523
89396
31450
87968
18189
27714
18895
67894
37369
768
41659
85491
72999
12066
81357
56492
14017
60260
83669
837
48836
86162
77274
90456
33915
75388
42214
97988
41086
72302
80534
16984
25242
16480
26527
43792
64972
21640
96527
34065
67945
78755
18885
72706
83
80054
3651
25084
93008
28641
8407
69469
7760
19693
31849
45905
84458
53468
19887
95087
87353
67851
423
2357
62630
58674
72408
6526
62369
89793
62397
80991
52201
81671
27523
45512
12524
7194
27696
21000
63512
16503
11749
96802
92715
58805
62408
40212
40696
68451
23154
41351
4930
35022
86387
53014
55121
82705
56802
54743
14103
42958
16467
43135
47667
16261
8807
26272
23943
83697
27564
79144
48356
47182
43780
99097
53743
48340
28905
85578
26844
40347
35425
56813
82188
64503
77676
7581
52299
13855
15050
6872
49174
49901
77342
31944
66168
75198
87759
36223
31661
54657
32907
52437
96364
21367
1097
39558
34568
98979
60374
92328
66380
22011
75900
45573
62728
37846
72686
21974
77837
29807
34128
91616
64925
9338
89394
34380
70008
87170
83447
22124
66016
48267
42331
66609
84799
23447
43310
11236
28165
71721
74558
79944
90735
61742
22325
34968
7199
68193
54833
36680
44445
79495
81655
43354
95103
46916
54892
36454
93167
91986
44234
7928
64671
29048
61783
99980
46797
52863
34544
44943
57323
87350
22537
13103
72985
90881
58745
39729
80113
65999
43436
69050
93802
26952
59891
22558
2933
37178
91136
71768
87491
40670
8034
71432
71942
76068
67923
88247
23819
80450
9947
42161
80217
60911
58360
62711
86542
36411
48259
51138
61663
29753
69593
30573
61504
20151
84746
61198
99178
50538
12579
95041
93880
20558
87569
45946
63103
86167
96507
54268
43082
29786
67191
32952
20967
61181
33669
91938
88845
58547
30771
51194
84539
61699
77062
69172
67005
84864
89781
33154
85209
25255
37961
80651
38485
5400
80618
46947
Time spent: 46
Itarations done: 9008430