38875
57955
38920
11828
81843
2297
63575
73865
9385
34543
74455
57655
48069
96749
27049
36016
76272
86642
70971
27877
59242
70055
87687
89536
68780
95478
7302
42700
43664
99820
64133
27657
98617
68737
3960
8275
69384
42367
87242
97053
89412
37863
42013
13062
29657
93787
7824
33385
97188
28279
77758
49525
80567
42844
89451
94261
50378
96638
37979
61576
71812
22379
83598
2503
62891
54273
5534
43147
36678
90832
9372
37621
98749
20973
30053
38278
32220
553
85113
38366
91807
78226
23495
18117
45649
34521
84114
4276
49070
16070
25354
35225
7959
18111
11737
9082
91130
92705
47255
80565
80801
37572
26188
63883
8233
50978
31717
93580
7623
21826
50214
92972
35490
60915
84854
740
45084
69255
45993
10203
75755
82420
67771
82955
15766
26096
50475
8795
23673
67284
56417
97242
48199
48103
93447
2461
69434
44649
4675
3032
95213
2102
45584
80747
85724
59068
70443
68521
46623
89086
68754
66481
26407
55300
89477
57439
77283
95491
65834
88216
90450
28973
6752
21638
96508
4294
52318
5564
29593
87275
127
49894
89885
22569
96970
50305
3307
88789
56056
48295
69489
7144
3791
71159
9523
56634
82126
52624
73518
95008
32567
95127
44678
84041
66182
98125
81367
70093
80264
43276
71568
76506
16809
97031
35151
23079
70536
63859
98545
99661
44929
99257
83693
85873
23603
70678
98555
27011
71284
36644
90001
47384
3782
99559
21550
6664
69571
76140
68237
82244
66918
20839
78771
91204
79994
32321
41201
49122
54993
70760
2443
99849
52994
14630
34349
40254
10176
89656
9361
7028
7933
9728
47352
88854
5575
79819
21927
76517
16482
24353
69215
66020
14960
20943
25113
85289
45497
39072
27975
23796
68727
6034
62891
6194
19134
48320
90993
66025
68359
85673
2638
43639
84974
87112
56847
53623
56656
33530
21030
41380
93929
69822
4853
75933
66003
71005
89940
6586
28680
91426
93227
44784
91930
13910
65863
19310
40432
66579
21897
92909
64243
29057
11371
21504
78731
6947
983
83342
12979
13666
2132
4728
24132
62157
90973
61467
51465
35460
97983
40676
58457
74769
5592
6322
23728
96363
81602
23683
32432
24661
93385
62829
88544
7669
93268
19335
15456
63211
39047
61577
37373
89585
15245
38332
37269
62675
50484
57796
68450
33041
84290
79738
56292
31148
22649
46173
64306
86645
35815
12768
14387
68488
94155
33140
44977
56686
8205
91243
62829
63616
37682
73283
94166
33066
60818
19857
69234
58565
50196
1507
80629
79068
84175
16404
40210
29672
33993
17601
22043
47821
5864
39090
19516
61306
84586
4842
63636
13390
20667
73088
46470
12524
26451
89275
68818
29344
98423
95459
84384
2046
62641
71322
44115
52730
48153
62599
53798
61929
29299
86345
45639
96304
41956
89336
30259
35346
71064
75811
39374
96951
27188
13825
91434
18852
78404
75706
12549
13145
80450
67382
23302
74527
52885
53824
58348
89373
81889
93395
20207
62393
91387
52585
81241
50391
13335
84456
38525
68486
5291
19016
95184
13212
8795
31853
88719
28983
15648
28532
11967
29719
10797
6556
75542
75768
90346
34175
41966
97784
11130
15853
21160
53835
14288
97924
54575
3795
79475
4761
30954
85908
8605
85743
70573
84474
8445
96361
86772
84677
39910
32991
83697
20878
28560
90197
77388
38039
85613
11842
33689
2475
71657
62877
951
17734
46316
57353
78073
24186
86269
40018
99164
86762
21297
33821
34943
4283
33473
33676
7988
5984
88101
48073
94013
36032
16726
64401
34608
65283
52256
41319
18198
10971
24215
12057
95453
89683
58127
16227
83004
76721
87221
64552
75009
95820
76926
80840
25973
17213
83025
58613
90218
99147
12891
15991
3460
68219
35866
31742
70207
97271
93650
97848
77012
6091
94465
29516
86121
79806
35789
32238
76602
72581
89639
37340
90831
40145
1634
82376
12992
23652
508
30818
53271
89520
88265
96658
36491
15147
82822
63874
97177
98767
14787
68145
64369
63238
37918
38762
78994
18163
98850
82386
24194
42507
25825
27107
64716
50743
38465
35212
85364
9586
51025
36120
90419
79473
40098
27155
76091
65224
74403
39123
16259
73688
59092
66119
8100
92681
29881
14533
8702
25162
43402
34953
56328
35332
49266
62432
10746
89227
96680
5565
65863
1387
23820
92878
84898
31303
1715
6208
83405
8594
56074
5089
38689
4258
70241
73595
35516
6839
80395
1644
67466
6969
10146
46475
906
41522
55827
6835
74251
99478
26076
82302
49051
45597
59717
83326
51417
75147
94461
3656
42372
73174
35646
66241
33958
15178
78977
6042
24279
12571
74178
58835
59106
75916
77463
83716
40310
41704
29941
58881
92068
84303
16298
55170
64661
13710
3564
9922
2657
41888
33269
94929
29349
85688
41972
96515
2562
62777
14929
3288
78285
28456
35566
27621
78041
95916
79476
70636
93530
80207
15801
77280
77792
7095
21158
18011
65974
31962
81672
76699
40778
21068
57220
20515
7741
57703
8633
76912
73757
49177
43421
45246
28544
27081
18457
26136
13296
52868
49119
60371
23294
63594
13551
30975
32029
18495
7950
96991
43197
36113
4258
95607
73920
43798
85116
70438
47633
96662
82635
58099
28313
61454
27298
92641
59056
2326
21247
67985
77506
50072
86203
32200
68198
84198
479
74250
77651
8051
31770
3820
61842
51234
92885
17863
57712
90667
96044
93726
70415
41921
58094
48000
46268
35793
13735
52723
57690
61648
26777
6087
60916
28633
50482
13520
99835
68657
77205
46822
20051
80879
34829
13974
26106
96489
32906
90302
61769
24653
34940
32887
18413
25785
34933
24398
79682
46654
46056
69999
92064
43366
67270
1525
10390
12879
79717
26817
4922
51451
38876
98940
32396
59322
70769
69919
67248
14924
50900
36719
61203
49032
43160
83380
49516
59542
2571
72533
50391
20929
551
41951
10426
58950
14276
17394
33412
80764
32747
61641
92427
73433
71356
41483
65878
9611
53981
9334
56973
28252
17122
64219
53120
90290
14043
78088
56807
44495
48614
47697
72762
77103
48293
59760
67529
60300
93610
37649
27088
59281
57555
71578
25706
5368
72416
21057
84974
93524
33923
18331
45803
16634
72936
94567
98131
6031
73478
96792
13193
8003
92547
62834
1442
89413
41951
74025
75512
32035
25297
10950
32156
44874
84329
96219
79622
96467
97929
20093
27695
45048
94431
9681
26463
23468
83260
20533
86848
17889
85471
640
41030
64514
44427
1136
4118
77011
27611
85494
79777
8779
88511
19512
11984
48846
43533
8139
22682
47922
33057
81945
90841
72037
78043
26034
22254
85172
14009
87240
31396
69438
82713
91624
6754
1597
88571
53644
59269
18119
81589
60776
59873
17442
11516
72954
56576
67767
8975
84865
24159
11440
88446
60985
40256
82876
35308
68145
439
85973
34532
98512
81912
9101
22141
97050
40511
90982
92250
81839
78918
89195
72247
73074
55368
44510
86609
27143
11577
78891
65867
5851
86228
12781
21414
97707
46082
38135
99108
48091
10614
37687
45060
48220
68049
98061
65512
79012
80783
24591
39380
5247
56387
29091
46815
67900
16733
28327
10061
28042
32276
60558
3899
74448
1088
290
82148
18818
43011
27235
83970
67500
48093
84506
29140
76634
65481
43171
84963
68862
44020
75577
89212
14033
39051
28212
43199
53801
81219
76381
47058
80563
62608
37611
35298
64879
33095
18434
84887
62338
15539
70106
10386
20769
42283
32785
31081
51767
87408
54863
93581
26688
19269
84355
60025
6597
26094
42674
26803
18081
73735
7589
21642
42407
39163
51800
37901
94211
25892
6337
4123
27699
8224
43844
54127
23291
70067
5826
58394
75723
1057
30061
968
25780
87799
69641
37818
52176
91260
33472
52346
67523
32729
19583
31653
42917
20183
57198
23217
19330
34535
21315
95783
50841
60935
34378
20562
64671
94177
23661
9235
16045
69190
60088
93806
62109
67732
64484
9999
78438
30605
30633
50675
94115
61066
80995
88673
26925
39573
40608
29496
58907
82620
87410
43429
4310
69107
13124
43970
86956
26579
7842
24843
62064
16604
63579
41428
88794
83676
77306
24078
84082
35258
22376
40582
65767
1906
48739
82961
23597
85899
66973
39792
40378
44419
68928
29444
22358
68998
38647
11862
87854
16849
11220
66985
6244
21635
44388
26380
75579
61346
77928
71359
76435
89169
69279
65624
42039
39584
10303
73401
40283
6395
49786
25035
71914
52002
68971
31223
51034
47939
83324
14292
48956
65550
72737
20397
50533
32666
74500
99989
93303
47200
8617
95628
34047
91863
43431
55934
14860
25489
51026
2438
81364
35967
46503
12091
39390
27370
52975
42368
23292
79589
84999
18179
88959
62617
97204
20221
37708
9626
1944
62929
23375
53063
20112
26849
94294
6198
92597
15041
74253
28943
46389
36025
92100
51195
78951
76834
28365
39582
97241
18879
59077
84191
23648
66617
41892
50727
60092
4452
7723
90499
83696
70788
92243
25760
32662
39854
65970
31115
29378
31687
99055
13077
79299
28559
27476
49339
78735
62208
71047
86883
62475
50340
90433
13824
23035
3197
60334
13687
37315
91377
79057
82822
43597
64634
30871
41742
22062
38032
66891
99392
45369
16640
72644
35715
82373
12826
46054
52342
57655
21296
18273
3837
92322
56118
11594
62656
77377
21320
43640
89807
60013
82016
55064
80194
55256
26582
59208
26715
30688
62023
86484
403
50320
64513
23657
75250
5222
14942
28815
35833
3112
85387
36474
93451
36897
6550
54084
2200
2999
38515
91160
10280
94341
87565
55315
3776
49966
60360
95665
270
3531
23409
73394
27864
36298
40581
91714
81521
6740
94292
23009
83134
98517
57038
29654
84307
1325
69135
86815
41568
14997
95756
80466
62564
46252
81835
71953
68798
49612
96874
91581
45512
49235
63402
48075
52593
66843
92595
18144
51696
72385
8473
11005
64258
68705
28148
86361
12691
19276
79724
41183
12721
28898
81776
70573
78756
91283
78695
51033
76063
24579
24777
90703
3689
26126
36543
40391
20262
91135
87599
61703
31148
56469
3238
4135
39921
50341
23015
51656
29718
51495
38716
61170
80729
87320
82385
30160
48975
29339
34514
98877
28446
76667
46034
13653
93818
53256
19385
52211
74150
83145
73749
39300
39335
49436
27431
61545
90538
87333
66411
24090
33466
9345
32245
78433
79021
11632
54786
90794
59738
64478
75600
13415
72405
46995
56489
67404
57320
46429
44191
45010
2899
5802
67126
91715
20679
70155
72936
34038
70232
51243
76643
77676
26104
3334
78372
12412
69638
78613
26893
25153
57342
9698
50646
40538
64480
48917
51429
79750
27641
79243
57620
52465
13264
154
63552
74330
20446
83201
39612
32928
85836
86693
83623
8861
96017
16657
98279
95421
28491
22116
21645
50249
36239
16721
8164
55442
62797
25928
56154
58783
24889
69123
4422
18051
27873
99521
75413
72842
85621
41138
25239
23882
897
81779
71930
8496
24938
3727
12458
22746
55609
59722
6323
55648
52418
30779
98935
68978
43575
34577
81543
77360
75456
88354
36129
57641
7975
68662
93467
43993
90790
51811
40455
45770
64682
63479
48880
58814
20078
13712
61902
27747
10401
44406
66867
56697
61783
70398
3443
58997
42629
52375
4616
82580
56651
120
44745
47104
1197
67933
73664
81290
89020
70623
48703
54513
66177
18066
37593
55398
71251
39068
54300
81950
71902
41194
7194
72743
83533
32182
84322
26703
21869
10707
74105
30255
66330
19535
21439
34900
14296
42444
48963
5724
87736
17828
31168
91931
13097
36514
95056
54156
33009
89078
35223
20149
24031
28825
73509
30356
88538
20601
63793
77993
60813
52739
41021
44383
17518
99682
40235
79680
10918
36226
66150
81501
49598
20809
76718
79589
35884
84910
55191
43294
31763
88383
84321
90500
65845
26407
3630
91555
12720
2777
26109
29811
73081
16334
14215
1619
58047
42646
66704
12882
34343
31385
47650
56758
18385
81368
96850
37646
16716
99867
96923
40286
97919
520
36509
29624
46790
45085
1294
7025
95431
88264
44995
41493
47908
41955
40950
40751
15178
35549
91656
26330
55248
12263
78345
29286
69868
68011
65626
28701
43507
8930
37244
13851
23002
76456
28163
62699
26958
64691
35484
94345
42835
33837
36087
71114
16641
5581
12465
97170
65233
11587
89829
84833
44455
54603
17392
37255
87695
33228
84619
26642
88915
75987
49280
30920
41789
28124
68310
28560
62341
35414
64736
41208
16281
73276
34378
56838
44246
76613
94541
62342
28225
36062
3585
63777
70686
39702
35040
74938
64266
55786
72850
10496
14341
71680
5359
28615
39433
26955
34817
29798
15082
4454
86462
33645
45688
72154
96655
23264
45812
789
83068
68286
87482
17422
51597
11730
23320
93578
74443
33429
26610
8009
81735
83272
98936
68818
45076
11216
83598
27420
95586
7855
88731
67683
11264
9246
67919
7618
28944
12774
28053
8087
84612
97038
34283
43289
62542
38034
60143
51124
38479
66369
87270
48062
35020
15810
93605
62781
68360
72136
81582
15556
54742
43123
88499
46308
62249
35382
90165
73174
38950
41879
55816
45643
21981
15132
37480
41504
33792
25406
80104
45273
1564
80668
20177
37241
93727
15631
11
16934
53537
40896
62449
82510
23828
80042
6512
88527
99350
12432
78317
8477
13497
82571
43580
35655
64790
33067
38130
66151
15108
67533
21067
21156
46473
52227
61532
82255
46095
20783
74576
33037
404
55093
84159
23068
17994
77199
32064
96193
68635
2002
70352
54112
20972
68666
71961
58297
85030
89782
69127
8601
17327
31674
82568
75261
26152
66661
35680
2512
22517
18688
57488
46656
98288
57376
65693
59191
77189
82420
86869
76472
76632
80146
14709
31380
38763
27154
29221
59627
37633
62130
99825
33543
46057
46251
73568
19597
50536
85023
5996
22402
35488
89991
26704
47569
19116
17419
44187
88556
12351
32875
85320
18503
89637
15595
33665
47084
5705
34547
77764
84500
66037
99348
5670
40020
60367
13453
85203
70851
98364
34524
50757
88586
44542
77407
76954
25182
35481
78889
57056
58081
76602
80172
19739
95060
58038
72973
11718
23314
99517
98225
45645
34472
32755
82528
62829
47465
56476
46831
88545
64546
54000
24258
64027
12280
46196
79569
23745
38933
63706
31426
49125
62471
61436
40452
70632
89211
65626
41023
8967
52230
39247
62785
43074
50718
74940
9098
67819
6733
76452
33894
57347
94208
69242
85923
81532
36536
88886
69875
32364
13709
31917
7609
4758
67743
17911
69493
41944
45975
3914
85829
99483
75851
12709
41388
3916
21936
84952
2283
82134
36141
41892
23710
15807
75521
50146
39545
31538
28534
12917
40335
71883
60250
73099
4931
4990
59770
2841
62802
21309
48990
71453
29040
34699
90837
28930
72108
52201
17263
15924
45589
1877
82500
12626
39502
11313
35487
68837
84200
10733
96861
15397
70423
94161
20561
43173
32775
9648
17811
49990
80717
65310
22165
98147
51090
31780
78275
95588
99277
93621
44176
12329
42266
52386
7149
70397
16244
12203
26588
329
13737
85107
33802
40183
20918
37852
38325
64056
84380
64487
13045
66258
98500
9727
56346
94571
19423
87005
58467
21451
79834
32039
31414
65544
99787
7866
96996
27560
63263
30515
65947
84337
57500
15825
82618
92819
52755
57405
54310
91729
33820
33318
32113
52877
81438
4795
60970
26288
41714
14149
70708
43826
14674
10991
36878
94420
39319
36012
544
60772
51831
69742
99485
12100
46050
10111
29839
80479
70876
77068
26780
9304
57973
55132
25645
51597
84941
75456
40734
13164
44091
7854
78080
80991
4995
80191
80547
50847
30194
67647
88934
69678
27769
97590
91085
38189
1891
97126
22543
76910
93072
69896
76906
45088
83493
26236
81800
15887
79638
6613
97247
53683
74363
32019
97230
9644
33643
87033
2385
50319
49384
91342
41979
60612
49038
43723
36749
17332
55188
28846
10643
12371
43832
61748
59173
15655
58788
7376
24801
7116
1474
53385
55692
74267
30235
33167
53160
67342
71464
93095
45253
27501
65971
73051
59195
55280
48342
22526
3758
66224
84494
5941
14175
88575
73194
60298
56796
93905
50985
55869
38467
15749
26810
76359
16490
3591
12535
78833
59009
79940
8648
15647
62821
16798
50624
736
95839
24455
20724
80854
94835
50347
82470
28654
15579
18631
588
9036
2124
2136
67908
82730
14753
7540
72520
1846
31957
71896
3438
20940
20840
14035
11080
94148
52471
57919
10067
53999
23945
46668
36162
70786
37305
95785
46607
72680
76986
91985
83689
66269
22055
30109
5051
34805
27280
94722
21086
7133
7963
35313
69684
84175
67424
54408
1683
81756
13217
26440
46553
98708
18357
91900
77168
47382
97250
26039
94951
90045
82504
64361
12258
9131
8441
78113
17546
1893
29875
32195
70700
30740
30596
25170
90805
79372
5026
6461
66770
61829
28606
89380
42339
6629
67767
30272
1387
91434
18677
23847
6825
34986
5502
72703
26995
62580
13506
25031
17141
48882
80101
38724
10358
7668
17819
22317
12346
41889
97190
23666
87391
89430
74636
85758
69155
53
10745
65737
29191
57218
87670
17999
88552
14827
894
75117
63387
53408
70246
21412
94169
72873
87797
43125
19959
29661
96131
56437
24086
94988
69523
59998
95679
57829
52659
32162
22680
21423
96782
94773
56282
45255
21558
95150
64174
65860
22427
15810
20549
89242
37849
7529
64521
85310
88611
55459
95405
30453
2227
30363
63264
38211
39483
47383
56196
90011
47297
53320
82012
27969
72316
90072
91284
58
83068
36641
91181
54225
64964
15036
55081
62547
72098
56451
41621
19113
42535
63221
98693
96024
9660
69398
42799
60764
71161
98135
72288
55173
9348
37659
94144
11329
91775
9232
18343
32889
19492
80313
1227
1786
31772
84032
99907
79633
20784
42108
33397
60800
57439
52535
33018
99856
80497
95626
4514
79890
55066
32401
17423
10237
63700
17878
83431
42184
53609
28449
84727
69511
26842
7326
65860
37012
26801
64963
8129
14655
44118
32357
64253
7620
37609
54344
42870
63184
41985
27233
97358
4253
12915
30599
91547
66344
42236
76511
86070
39885
61323
1208
13421
22946
39010
53970
87236
70855
71978
95861
21871
88620
60136
7051
22043
49683
57282
15598
39127
40252
88206
2822
80629
22314
27412
10862
2425
80367
41752
76493
9565
67081
9516
41976
40723
91224
41933
48488
13850
97630
49482
569
66129
73391
15115
1100
30043
77084
59176
95451
49160
28567
6738
30727
52196
15709
97038
31477
71994
71409
6857
16727
17207
49349
94914
34892
78848
80139
12748
72888
81252
20892
69039
3681
67617
20688
78979
72542
43925
12039
78034
86449
91922
4150
30319
63334
1724
97633
15832
18330
67706
62310
37891
12652
37541
19822
52406
67455
3516
51005
83957
49759
77775
4316
60200
70483
98614
16094
65712
95609
73725
66007
89149
60721
78055
81792
13502
96392
88892
76213
78179
17343
58882
46147
23835
1809
98840
88819
16078
89222
66561
93405
32581
54092
35253
47577
89631
71895
45814
58059
78765
78790
30823
21823
81909
41173
34980
310
34319
93335
46621
42889
8595
71920
98051
77742
214
74405
88582
38474
5248
95497
33518
22951
94326
50092
44748
87228
3394
74413
4173
61904
81468
7902
99910
40826
58325
97678
56999
32797
20940
34595
9294
85796
16511
25383
27306
90166
32015
28882
37915
42363
35506
36018
46229
4031
2741
52996
97268
22576
94234
55049
95755
88823
92442
14154
35963
94987
56568
68267
80390
21877
3331
91918
65977
28137
76060
48420
9645
36240
21595
52481
31137
10134
54740
48656
10435
97570
53376
15889
49494
66567
93867
41274
13581
99891
6007
67212
86216
24039
99507
5319
83508
39962
89917
27681
38644
91567
30858
91520
85323
55039
41588
26811
40162
57137
4181
18100
8377
33778
92946
41522
14501
21660
90259
75957
90477
35061
37589
93269
37134
17606
68241
46756
11880
74502
69242
19212
85401
84569
23794
62418
53200
63400
92819
58415
84000
99051
4431
59550
36391
9908
33487
19124
77479
80708
69916
7310
92922
17176
94138
18109
86386
22330
634
12233
28300
38238
36628
8099
28706
15835
51813
28537
77084
72420
87211
34334
13223
71516
66501
27413
67508
13008
91522
86226
36458
52835
85169
3825
39891
80966
69530
35172
39818
74004
14853
24327
87936
4463
45835
74515
8590
32643
45702
44426
17083
28966
55699
2675
19440
74758
27846
48988
39052
67674
52214
15468
68030
14317
46456
94220
46712
27059
64984
98625
33422
54695
57900
54733
38416
67268
85720
36527
60886
84238
74872
4205
85951
82173
81135
78180
69772
43219
13400
83160
65234
8807
58531
26425
18071
84461
39611
32377
93903
976
34467
41423
80313
74879
79151
95450
44934
26800
81903
74418
20445
10206
77149
19004
30436
74953
56206
72787
66323
40187
21612
4091
74754
79363
25406
22415
17465
26483
68144
87285
21028
97143
55107
18381
42701
80564
28886
54978
40346
99514
23420
79997
49362
53862
13554
19406
37629
60496
66333
51201
30649
77427
35479
9914
73396
53111
78895
52322
22824
73385
20533
57980
45540
87890
22601
74235
28861
85425
81828
79503
263
53430
14385
30924
90199
618
48089
82886
66307
43774
97593
11457
13237
59805
58584
56422
31626
82383
20338
97407
82213
78838
62504
13489
6630
77458
71630
36712
15107
27928
85677
99096
43155
68382
50655
90019
44205
41371
52524
86258
3287
48046
69619
90491
27974
54919
76128
15757
97190
70831
15519
83128
25874
93059
54316
57769
34075
81001
21260
34596
92767
53462
34645
98897
55445
21276
21484
29581
74543
60877
36183
83108
44768
6362
93518
94700
11619
87730
40968
60107
32714
71180
8829
15957
81944
63687
93051
19649
42086
28590
45364
40791
40152
21465
67993
15312
41607
96345
36185
80707
34508
51132
724
6242
2684
78065
54777
55513
8280
60187
84651
70393
78295
7979
62420
45191
17182
61668
79894
67772
48154
94216
68020
40393
19531
37556
93562
57202
99266
20396
75792
7602
20752
49747
19930
95125
36046
90297
21173
9959
78880
95860
53447
69963
39107
25360
20371
49776
2689
32128
12421
50535
16899
49798
83933
23752
99102
10662
36312
52073
19293
23072
69720
6903
51507
3335
44492
48324
7294
4503
75685
6227
35635
9566
69390
83281
97994
59789
97846
50118
4633
70256
1883
61034
28917
44183
3834
4541
99967
35147
11856
17271
10901
22100
97420
31991
69806
55880
31792
946
63643
7933
74404
34239
1526
1999
16305
19621
53065
37820
95254
44900
99970
22180
15490
26999
74630
7149
24899
62821
68102
97943
24995
56170
51749
33548
15049
42305
71707
62125
692
27084
43432
30146
29440
81210
94769
79359
50852
81757
80300
98848
37409
72901
17166
10847
43701
25743
73128
78414
26154
13105
71332
10675
93252
79366
63034
7080
7119
77667
59517
25942
11315
67252
7467
84517
16839
12222
38289
97980
38554
99653
21139
42866
37689
99809
1921
86905
92502
24097
16024
61634
88888
97432
21302
66793
95411
50867
9590
86205
63165
57589
20011
63720
69835
80835
95377
34738
9484
75784
94194
33960
14836
89158
95084
3216
87201
30042
7892
4577
698
43355
36296
3413
42059
3425
20450
23700
45046
59283
24987
93536
79403
5593
27657
92737
58257
23522
6952
86321
35013
34401
23246
77789
71058
35694
37297
44344
68935
43558
12414
22540
82193
49215
2136
97301
32710
7362
33981
9882
89062
14021
61627
41040
85389
98532
72838
44542
89206
49754
8499
3107
58726
20141
69335
53979
65551
2949
61197
84554
96928
57677
57226
29809
93279
66720
35800
12800
21375
42241
86836
57034
31226
66475
65844
65297
95681
40897
15077
3334
85711
40161
64183
48763
91493
15199
68949
65693
59655
66568
46054
43760
80422
13897
14187
96612
24917
20197
57454
49371
2491
90848
85671
57191
80707
56214
77998
87747
86497
64143
61255
69339
85989
54005
92382
53291
22670
57466
85651
64372
78749
72847
49593
16245
13027
89705
76007
50268
20027
98203
54018
15433
49807
3821
65822
44859
25606
82179
57576
99949
97376
50998
68838
47191
73233
6622
47026
4531
78002
71095
69548
44364
98289
22417
45589
68409
86878
35401
71964
76071
15770
43464
73023
32372
86794
42717
63285
4138
31491
Time spent: 46
Itarations done: 3832926