23317
89035
22503
73594
99235
36172
1690
95664
77629
92714
71281
64091
43720
60935
42925
29695
65248
54336
19860
50710
31692
28239
66445
92180
98736
61658
56996
67038
97354
65512
84650
59371
88492
8303
52890
19330
31529
57171
29855
8664
87529
29579
18745
6064
96739
38854
86352
52279
53911
95462
96190
26396
54671
95100
12680
96755
1554
84558
78513
82586
39232
46812
18569
95833
35079
87889
90677
6480
33391
39819
86008
89307
89447
16318
80051
65131
33019
70869
48880
45426
20053
10444
94820
25617
5920
12389
70638
49408
13996
76807
52031
84159
79264
22331
84452
5671
18228
99207
22209
89600
13627
50434
85292
46338
5279
98992
82524
16328
46828
77236
88410
63597
22264
43121
15440
66724
15783
47152
93645
8501
93883
23848
54806
8213
89569
81960
20041
23790
75095
58837
6344
74985
71899
86016
195
3290
74202
85555
94490
89484
56223
79523
48821
95500
92012
48758
12529
83727
41643
21189
44955
93917
47811
4899
77992
25534
42859
6601
92273
81692
87830
92295
20258
79753
52338
53636
46971
23194
96918
40872
52319
59555
37916
11246
27651
20051
59126
20317
3656
47875
84034
52941
46677
74263
37895
50477
16189
94077
9811
41300
27453
25943
71563
22808
30241
15929
22159
74831
97067
58286
4888
6738
12479
61953
87136
53520
68764
87328
2287
39729
2784
14238
27752
24392
53702
79081
13503
24911
81997
36796
81422
93401
66427
61623
87399
85077
87501
99526
75270
15002
13546
24715
54572
46898
28588
32878
2491
95704
80034
24526
24515
54158
78567
93290
7973
72957
52626
36051
67997
33867
45563
44473
16378
55686
44761
20785
80397
64050
48963
84624
60891
37805
12521
2247
46669
17068
53461
74654
95835
21039
76015
66922
53660
77277
37652
47492
1362
8382
85680
33204
20470
56864
99135
3553
13414
54520
97919
55914
42566
58689
23073
22457
37160
84548
49570
58976
70350
59953
66166
46058
27125
17299
45620
13823
67887
15533
32980
12869
42188
54634
99649
6123
22484
4798
46610
48976
8678
22997
91432
58381
850
70742
40594
45492
49756
78583
31170
1026
72503
25264
24068
77649
64292
12434
44796
9528
46164
19416
97089
45599
63437
16799
19807
50151
89810
2454
18088
42009
98096
99082
76079
1902
30116
18513
50410
76511
35501
54702
51119
47264
51966
14744
39889
12107
68097
35212
14198
49284
43754
59734
410
93591
62926
72976
48834
57603
59164
96033
9420
73076
84733
48757
68064
10995
91143
75628
40326
62694
50984
13533
51963
29002
78769
52183
83747
69560
1999
866
21867
10244
92701
28877
34572
93066
94414
91169
90746
79968
69947
85669
46761
89591
51158
14169
54184
54435
93612
34808
82869
34700
26165
931
11421
14707
38367
78435
10219
37918
67018
21739
30907
7421
27317
67088
20699
90143
83720
71182
99823
15116
70982
82946
76117
48792
56805
86766
22015
63713
84089
96637
6087
90752
42997
12375
53812
59707
886
71445
10382
88204
61596
42925
92157
74648
34673
13734
42715
87416
69830
11519
54528
19508
52254
93420
77901
95571
60341
5451
15080
76495
59020
83332
89355
5714
39030
22363
86478
80897
15355
91263
88870
14886
66461
2917
61869
70534
30085
83574
5642
15541
71016
1271
56441
45402
1647
24141
6480
65306
67022
79719
13028
5073
2714
77511
84168
65177
36034
38806
61214
56448
28947
50065
65922
1210
54491
19252
44383
9423
57603
68029
18902
29815
75946
37014
54177
3059
86682
16166
54727
11695
1064
37807
36811
29828
50335
85967
59948
24540
93604
82419
60691
50513
31216
7171
4432
9533
25578
99152
59804
17346
15500
61452
4617
31759
59797
64705
92318
47950
61256
2084
43572
59584
3000
99834
78855
17683
75887
28429
74842
93091
87778
91121
9881
62934
23336
89068
62003
96652
66490
75171
36676
12982
6760
12397
30909
15701
25370
46573
85335
92966
97380
88533
36552
82804
52047
75951
58242
65563
5206
51343
71524
43092
14649
49428
12485
3950
12340
34426
67995
54137
35733
65839
29661
13617
14566
99888
70203
40354
69205
53017
16516
45619
41918
63722
79363
7000
13469
89479
881
68851
53944
66631
97994
43856
18979
42844
12359
93902
30358
64121
25577
73666
73417
61307
62211
66094
2788
34691
82526
25403
72687
79498
61889
70256
98324
29947
64410
37462
10937
25059
44685
14843
90560
15466
53383
20834
47810
37261
79938
87942
78852
76250
38777
37352
36120
33990
94245
2776
41472
85580
23810
73085
18169
88434
39151
75262
33380
61113
20356
11962
23899
1792
69750
1208
24309
57043
58747
39694
29079
83348
23660
25739
97860
66156
64534
33079
56745
74215
14825
22504
57327
30609
79188
14770
30078
76096
81592
25266
8939
85253
26678
78581
9934
71389
53525
79444
18228
82341
52873
15405
75233
45951
26398
6187
60230
71442
89746
94834
29393
50860
59834
96547
9215
33379
21302
82545
41031
64502
37021
78352
38654
92046
53211
98541
52125
41311
50991
23335
27125
52903
13080
46316
11839
58483
6880
87110
90861
41994
33325
68036
19216
97003
54647
99565
88639
44313
93596
5795
82949
18309
91692
48263
69727
65342
24705
74042
31414
22913
99840
22406
60569
64597
1017
73243
31198
2320
6117
9971
10937
35001
73246
99871
97290
20567
81811
65566
45229
26918
18622
32785
3168
86713
19231
91609
89638
40672
10370
1088
23972
4593
50642
384
70876
36389
33462
63545
70961
11197
98829
49579
7171
34973
98595
54621
468
39961
73720
68860
37234
9061
31341
77240
5555
70336
54557
20074
57889
87777
38433
47325
23556
49934
22032
58652
66096
24112
78132
20212
17738
601
29869
88795
26040
98758
86624
54001
16255
44725
30288
30016
7006
59235
37419
89932
16618
13127
92814
37622
62742
18123
35684
54867
88878
20848
80874
44707
48009
59236
74471
15942
35715
22167
75651
18239
93023
25567
4798
42484
92660
81179
61629
46824
81493
87829
96533
55259
76624
19255
13294
2708
2953
17418
92027
68132
15964
25719
47449
45618
75101
12637
79461
52227
20266
43069
30577
60999
56840
51991
37850
77641
73067
63061
55728
50245
97723
73398
30669
12825
55708
95000
28362
15478
94516
3140
50034
86674
35521
92554
25618
6480
50565
83368
38418
43430
76565
50420
18458
22335
58691
72019
39829
45466
56096
7178
71122
85374
53296
13934
57423
4026
94986
15654
57382
29982
2396
7045
19494
43012
35297
67119
58010
73874
35279
12426
80794
25875
23202
80660
28942
64388
26493
82060
11150
712
80464
94045
54572
17393
81869
3133
48303
43631
72672
17407
25645
91380
97272
82698
16961
5465
7445
36089
6189
64325
85800
21522
40979
91920
20792
73958
78943
5887
94120
50959
646
32222
34851
53533
83740
62530
53645
31664
12029
16361
95190
14252
88293
98147
37272
37983
30312
5984
20888
75193
55833
57755
17353
76854
4096
49046
25594
53599
99061
46855
45638
15024
32621
53262
92764
75512
34865
44018
865
13443
2833
98474
13284
39868
79243
89280
74711
92631
8288
92982
18680
22354
46910
15942
91812
77870
76812
3935
68118
30384
45014
18318
84547
98035
58896
16850
72397
45498
75437
73045
68289
36897
53761
4348
63137
14525
85116
56509
87833
60731
75053
9167
40373
75838
28854
25977
30700
71045
83128
71554
56746
32023
34059
57008
28019
56272
35865
56093
21496
5291
81877
54719
88692
41238
34973
58059
32478
36971
44162
81499
37545
58256
69743
94374
69375
17397
40739
68724
53164
88646
85188
9236
6335
57528
6418
5075
26132
48530
26540
49513
27224
38629
82209
19022
83348
17731
37045
89968
51701
1331
70185
98060
49158
35581
11013
13398
5317
60411
16457
12271
38976
12501
29075
75762
91842
56610
11707
34792
6113
31143
27609
11384
51022
81825
23735
76765
87519
35960
79268
58299
9975
39000
1468
79353
19125
35000
86590
8826
61415
23037
14892
30392
16510
62771
15613
15446
26926
34070
20360
98260
41575
77997
21478
7063
88472
59415
65715
548
942
95106
42951
95722
96357
85537
74700
50098
46778
73249
67827
78865
86835
26352
75098
46001
75740
11718
96169
67211
67571
79198
60054
2118
46754
25556
53330
93320
54162
44800
97040
30714
63321
205
29717
80936
65906
72559
23904
23779
91066
49022
49248
80181
14052
17495
96472
99613
6221
22477
93452
98677
40693
20165
77136
7249
95748
42876
33171
83670
91548
45894
78907
6311
54811
63430
44812
35251
30800
44639
4358
64855
52297
75495
13104
55726
31218
17814
43930
42794
60081
12821
47316
65239
97754
3417
23048
53487
66756
26630
62883
38710
7818
15767
12498
21044
21510
30350
5397
44169
76441
1195
41524
75960
78869
37840
18920
87569
79524
96010
78086
56627
40008
43935
85558
94152
93378
98071
65752
9322
11316
21123
88273
81444
33755
88288
31651
4233
25943
31205
73857
3968
2576
63391
4972
10119
99019
75751
18047
74735
75562
66283
10426
95162
12239
34182
19721
93610
88964
25307
26158
46611
48541
63313
76124
37620
8601
38770
20541
26773
22556
57176
16092
93280
89407
66026
7308
7947
77550
90957
93215
36028
58688
11472
83480
53876
44549
97876
65893
86832
81295
12769
39550
40283
84363
52833
16248
1060
89919
69618
56353
32087
58199
61651
84829
69678
88705
74431
28097
59863
97576
79746
23079
37869
63387
31206
76006
63129
69235
9048
90510
71139
56156
73949
42009
93045
55764
47005
48534
23992
88457
20969
76956
92087
97617
86497
27913
91255
39923
26364
62794
93289
67260
90482
71775
47128
16637
15042
33157
6622
71112
90217
81155
2041
66946
12593
81838
85090
18
80866
15001
32383
28011
6338
73584
88128
73937
13329
21614
63206
11307
98902
96661
84866
51549
6128
3468
8953
60267
40616
21662
64853
492
26163
42360
2315
38290
52085
55995
48805
48933
12183
36847
66271
30288
73264
8506
16966
64158
39780
28926
9411
66014
340
3701
97654
28915
51760
21901
49603
98329
96780
10002
83576
11182
2690
16403
96090
94653
89852
71509
68476
48080
91473
16500
45096
24771
88953
57707
21714
89637
80770
82865
69019
53223
87080
70581
43343
73094
27093
34951
4282
69453
31754
73583
67255
23463
70399
29117
67927
13955
76748
31912
4997
1040
57026
64671
58032
83581
50924
78558
47803
41579
94776
94776
18025
24245
5531
45555
69456
59820
63994
44175
69968
44215
26267
24913
97524
12085
33459
60681
46902
6181
21456
48666
45576
38639
54919
52401
79321
81337
22650
2498
23934
31526
35099
87627
15856
73644
58998
12394
71562
98568
9007
59362
83248
47497
91700
68778
76642
19252
63374
41429
15689
16997
19881
77582
78441
13185
84041
88117
8602
80028
94207
52705
68038
66842
26137
54314
76952
5342
99582
89310
30478
89291
30870
38085
23149
5855
93233
82419
95949
92612
37754
72644
44640
56362
9541
80253
92551
17708
66109
19676
36246
38867
67917
86775
18232
51204
64655
40961
67347
23737
45070
52881
74478
4154
53034
50252
38968
19877
97990
20704
29329
48244
4083
72365
50867
52141
48967
10475
2298
30197
40688
61422
33686
49158
68990
64395
88776
10090
46049
55219
26253
49815
20834
86978
66500
94281
11184
67655
3106
61552
48181
46309
51659
58647
68490
46182
82326
28719
22094
25674
97216
82841
85212
46233
68750
94163
81173
40020
51030
41268
15624
99570
12640
62264
26719
56690
16353
21485
35757
78521
88901
96627
59248
84888
82271
65728
9518
83042
26899
10616
67655
23334
16690
56264
60004
2573
45992
33957
7389
80552
39413
90280
44853
29624
76822
63587
28946
7252
17922
15010
59463
27064
73457
31974
43010
5256
53409
18789
16893
76047
46473
51097
33577
2420
49660
98764
78290
56544
72027
15300
55389
8008
82357
50937
32658
37424
57031
71215
76999
87965
11379
53269
49806
78035
65481
87953
55807
24556
3682
37519
55296
68252
36025
85785
56377
49805
59330
70553
1227
58935
45857
6494
48388
67203
58265
90802
31669
59742
1009
33619
45524
1129
70388
70582
66597
6273
58108
95775
71643
38443
96527
99977
53128
23474
7703
11278
65553
51696
32874
12994
57916
37273
74212
57249
60716
18425
76470
1679
99502
11385
12581
71426
1221
75965
14311
88914
44481
11257
6739
19866
80335
76253
63662
55587
16284
22084
99909
88761
12982
30058
56145
42840
90425
72873
11871
83546
78461
55105
83188
75104
75024
43491
23244
43530
94741
67541
45415
74615
455
56653
31871
5228
10651
81185
73543
63118
66920
81812
11380
72616
27312
4042
13377
71471
23805
2893
27006
77500
85111
46501
92481
2832
79621
26833
88746
38207
77578
80696
11082
20155
66382
34870
46928
49804
78461
15472
24822
53680
7223
3548
60267
64040
93357
76410
11900
49132
61115
47379
91502
42223
72201
5365
42207
2322
43474
60117
10666
89228
43966
18970
91012
50866
46517
56605
11094
1842
59877
90558
64805
18709
8181
42143
68226
89656
56493
44961
31839
34175
3437
61319
96300
51689
74957
80629
74982
67232
56821
3286
83001
16969
97770
58528
9435
56676
25
65401
7145
82256
89400
22276
32909
22952
23353
2206
69488
5125
52051
38956
827
87293
94896
11695
91721
35595
32939
75069
44137
42900
46233
35820
63743
94531
44386
47084
72312
48853
48497
77190
44283
31992
83062
11021
29115
42462
27635
58910
44953
23760
59712
80544
93706
90760
92681
79529
52802
89225
75691
87993
44671
26838
75877
40034
71465
38845
7631
27829
29546
41738
8475
44848
85964
84389
86574
46927
7431
27582
81037
3789
81262
70144
82902
71188
57243
92668
62064
86940
69627
8313
33376
82906
69212
94217
73792
9382
6899
26793
71636
88355
62190
59485
48967
47748
2731
62543
48469
40043
94345
90933
17443
15542
54886
58735
53186
3093
59826
76169
96421
49189
62659
48909
72431
80193
88973
48357
83155
81756
99524
36317
47748
34582
94649
67801
73968
6304
50051
1670
18245
75506
32283
20405
58390
55830
41203
97485
59662
95625
66182
53709
62247
51735
23073
12238
56202
74792
59708
96213
38551
97787
79141
12533
66417
89685
31894
30682
29982
21529
71139
96472
69510
93724
48067
17142
51828
90080
48585
16452
3358
56747
37074
86268
69182
52280
78085
54566
30597
78869
52670
48866
67242
84147
72461
58842
94095
18015
21661
92151
38537
39581
24797
73496
48130
95543
46370
58533
35898
33283
77476
21413
76621
69434
54016
27599
65023
7825
81289
22063
34725
89496
10568
47010
15438
61848
24682
53050
75127
74033
41665
83000
53707
41316
38241
88499
45368
72428
28175
86200
27698
20798
4476
72477
67520
3108
68976
93466
55752
26720
27984
10665
36540
81326
28523
11441
99566
79545
46075
88475
98649
76225
11804
52524
44633
56837
84938
48813
96035
61637
34232
18983
37050
4150
91422
87699
89232
50057
79082
55880
50548
45710
95509
50940
93492
24266
60027
18543
82539
71835
83564
40061
90481
6039
31366
25262
3039
5047
87433
60706
1626
26398
13513
90934
5275
71832
19470
71694
34442
86865
26334
62341
31811
31991
8575
17947
38163
26158
47898
779
75025
42556
17310
55495
30022
31801
41237
82732
75755
58199
45184
1747
78474
61085
16672
14299
68956
95106
48179
69246
54735
60836
22305
80073
50180
10261
29595
66104
88919
450
80238
72179
61717
73094
82289
71315
92142
57649
11106
70176
22235
31445
87393
18166
30888
21391
14499
67513
48716
98803
99592
43928
64993
1419
97854
65265
44552
14766
74019
89047
85549
58876
71391
78827
52606
55676
14878
54029
14080
97451
51675
28288
97075
97389
50840
47222
49299
79506
41378
8181
62978
57125
67314
81710
72786
56637
77825
57307
87104
66355
50663
4498
49913
29128
67896
74348
59245
51678
24437
66223
87339
73739
51862
49963
57536
25638
82711
64564
33406
4293
63746
11072
66742
14444
50602
19573
32770
54508
80765
98029
53310
74530
27043
64123
71585
97532
79450
20401
96020
74919
89887
57680
74575
41626
41015
62029
96059
47351
68434
56594
40319
66463
73549
31104
15349
31105
13441
99126
26078
89476
43621
75942
16960
64493
19706
88399
18497
76728
34862
12162
6422
99968
81296
81485
51498
37741
76109
31985
97789
44789
84509
17829
57704
68752
6696
91336
53258
54222
68627
45215
64719
33833
71452
95470
70182
29205
9562
26477
72586
98341
63007
28817
14315
95440
6461
35147
73763
54147
53963
99743
23093
65870
76341
73267
1929
1095
86520
95951
27805
13488
86850
69538
20967
74145
12135
71196
68462
6428
82219
41043
90436
30659
98790
9044
205
82300
82486
26709
68864
37270
48440
34363
15078
63717
61070
25749
41206
20801
92233
68247
27982
41966
30777
99258
81762
72681
56073
47092
658
80780
93310
18182
88922
21309
14096
51511
2511
17161
32369
65857
53033
11825
72658
15794
32113
61206
55406
28323
43736
57732
52386
13628
48203
21894
14131
30617
28099
53834
60900
40767
84028
10787
58829
2245
55859
64932
73752
40352
43832
588
6581
80041
73127
29743
66194
41608
5344
40522
28461
81606
50856
44478
63321
7588
77071
55488
85777
7548
39423
15551
1189
12695
84241
80931
70460
55708
85641
95859
16482
95668
82220
10397
29650
55582
73530
44094
7296
58745
21222
57709
79575
56147
75180
71531
32631
8701
11151
60739
38800
25290
23030
65757
43161
60461
60403
78702
35912
44035
39890
5786
60862
49004
87446
59953
71739
3788
88045
8012
50082
20245
29012
82216
41157
39794
23747
67460
47617
96608
93739
92214
44589
58999
68451
83781
44388
37996
35074
96648
44250
45544
33097
86452
36283
43845
42271
81477
45234
52069
56785
98627
86756
66987
73321
61453
6512
10051
46163
4091
68746
35009
78631
86860
11921
17364
26857
6780
78503
99815
89286
59428
56225
86269
43268
97313
38901
61101
68718
34343
26321
60045
68072
65983
34809
34433
51614
10338
82671
31448
7746
26679
48106
59647
18892
34803
71038
21218
15446
41169
84908
70258
82566
75860
19610
99825
47570
58216
12599
69596
79337
38376
1572
60665
25331
6969
49227
84359
96733
25854
68229
77898
87671
9085
72862
91298
80625
75146
82735
7152
46841
99042
43477
37724
97951
15973
9528
12268
82972
67080
54941
1556
53478
32161
39523
26316
38981
64242
59700
61598
84418
26590
56171
80066
2115
33953
33717
73760
81743
16776
72437
56128
83483
59602
74266
73912
12014
13058
93785
51959
31895
42568
48132
53097
38559
56333
87259
59939
43336
50155
32827
75777
65826
17300
61710
97728
52401
97883
18367
36840
55737
84157
89283
47095
17028
55582
62220
78062
89876
90720
23206
84430
32851
91761
14973
9715
76336
61889
91994
11142
38491
95682
59325
8053
25050
78451
75113
17137
98141
41609
29957
84345
40445
88139
90209
35597
72739
84677
6879
46185
5232
14924
46962
72246
16088
2840
99818
96772
54171
43479
47657
17311
57224
24342
66235
42856
61639
80773
39538
73383
55383
5174
30539
7064
91823
21752
49029
57392
38882
45964
97085
65312
85365
71054
52902
59867
64241
62756
74530
54986
81305
97714
66467
69726
56888
51128
54127
24622
98119
24811
53861
97763
19756
8107
9528
20764
22712
81009
90517
57060
21117
1331
10690
32722
81172
65954
32891
83511
97967
99907
69443
40918
90124
6462
75523
4673
36303
6428
59311
39537
12508
5475
514
90134
14612
54597
77163
29174
66611
10710
49489
41620
21900
61901
39263
188
62176
54986
73134
6020
86597
51816
29312
52460
62431
45153
38380
19557
77654
84958
41041
22269
95843
1591
98313
16287
64169
63668
82958
11973
66443
75238
54886
59142
44870
99461
37796
43211
36552
94080
69514
76721
83778
57806
94275
79327
80714
16074
1633
14017
13385
19680
93724
87712
34690
90453
80290
30301
91662
24358
59163
37780
88329
54363
38854
2362
24247
82882
99411
55260
96143
16779
67923
16291
88117
76673
5810
78539
4415
6675
66501
56036
18091
80734
84125
87721
18673
87372
96526
21915
42482
75894
89220
2141
60353
64040
70828
37290
79226
39551
55068
67011
86481
36299
29590
26616
28824
29366
37688
74915
71203
72869
85406
73059
25416
99359
13576
92849
72987
10225
41986
88884
32323
12864
1222
90519
36332
2212
16613
56831
93373
41793
98273
90582
1804
72572
21420
25662
76362
66659
51934
86558
23238
47331
83557
68100
69945
16822
5181
99091
15920
69013
9344
34344
20323
15399
86366
66279
84588
19612
22468
59390
19016
18299
34781
88775
5080
4298
31318
7331
78084
61830
79783
75345
58447
72799
5531
60862
54100
58343
16026
59615
41373
80403
66822
89181
7216
4342
42411
83682
1719
15559
24183
52494
6644
90548
57308
69312
73022
46003
8528
26328
18886
28336
27635
22414
6787
60375
86855
53846
40032
32019
74382
41506
26378
7284
61018
59385
58467
21429
42141
25866
51361
58764
81168
81398
59296
34238
45235
4074
66112
50077
28961
8022
6843
62484
8017
28652
31520
72827
50589
23466
66520
52754
41916
7502
63619
23318
44739
98421
52424
34464
26811
67839
27967
33127
35530
82701
11962
65708
89315
73340
23615
33838
85528
83313
83860
11116
95533
40187
55479
32890
28908
36160
90862
91179
895
22732
18949
2487
29833
4588
53459
67491
24616
64469
45569
8540
96155
62961
35972
53365
41381
35024
83605
31574
3474
48490
61313
64277
7827
98870
12340
56562
9681
89508
55770
47584
66396
86454
13915
33648
65024
43384
10115
55975
94138
63464
51552
36688
47793
2304
68393
54110
89054
18915
27977
71596
80706
50101
80696
72893
11538
17768
22887
11414
8060
78338
81265
50837
23509
88796
33270
60080
38737
94868
78247
26974
92810
43372
65421
71847
85139
83044
66426
74763
55449
45911
52475
78291
53128
94808
99262
91448
53256
81652
96290
99879
63052
85848
81572
82316
89549
92491
57499
44039
6937
26025
69168
4316
70370
76559
42572
16687
71914
43287
86793
58490
23879
72264
61704
99169
84973
84259
672
45659
15479
72483
56365
67564
59112
99711
7014
24831
1258
39615
20335
56305
45958
88128
22797
38777
87317
17202
63063
93074
24946
55555
90141
96228
87568
58814
89155
56918
84134
74944
30635
25153
97573
19902
92849
36543
72715
53196
10908
36552
27016
83330
91280
90734
30334
39103
5796
63251
58371
14278
45378
37868
23258
30389
70430
63110
24353
65225
42221
26452
42496
63062
57558
1138
21725
76717
37670
63662
43947
91274
41455
49934
4046
44618
83123
3810
35635
90889
34724
72933
20928
49551
85203
23724
42140
44970
9328
79893
96396
69231
72217
36962
1269
94386
58184
69086
63905
19393
66213
23837
73078
61737
58641
95640
621
94018
84462
79194
66295
81803
24173
30488
28517
557
19192
4895
12241
96727
55609
99380
74883
10865
69403
98966
41319
99120
28241
16403
9816
73540
23593
18358
42153
31307
76126
51472
3272
58370
17221
17277
8444
73907
59917
96233
69257
28600
13736
88033
3644
81956
29545
17852
89740
61705
82998
56364
98501
51769
18086
15109
35858
64399
75921
8187
61566
26752
28142
16292
28994
52549
19171
49727
7744
75364
97057
83309
9316
91732
78736
27985
34954
99427
52300
11486
4335
19108
66204
63483
3990
55999
93348
39509
15080
92332
86578
72259
41649
1000
61385
8953
62456
36203
51450
79045
72217
87806
83162
37855
61367
82748
6369
48599
7373
79000
328
97787
15187
25448
46224
87132
49613
54499
20574
8872
48142
33311
17480
90784
89249
24250
51912
92218
18201
95494
31079
43110
79
78699
6417
44190
78043
92170
34858
88524
63788
35241
84762
22011
76669
12359
19281
33651
78183
63848
77873
55109
19265
64407
55351
53547
29313
83
47035
21691
27863
49834
88488
4734
32571
78699
68767
54983
70395
96236
37243
72006
72850
46030
55814
68592
50722
69966
70638
962
98828
34376
90561
15442
77197
14274
62990
93211
51466
6584
32212
19742
52364
83623
50030
66213
31793
4024
84058
46432
51353
69890
35152
4697
38058
56179
32166
97567
81556
41131
19617
55620
27327
35027
91803
50087
41161
38640
55542
43614
81600
62445
22947
74431
19129
2992
45500
8874
83534
3812
1188
98436
4177
24769
37565
94448
31840
6042
55365
6000
95359
40685
89621
34863
51437
63223
8262
84925
31819
20799
1768
23070
78449
18084
81682
63434
84288
17534
40661
57630
25104
32484
52244
99778
75917
72192
4590
97113
54632
85130
69221
14412
25006
99669
3149
73665
21230
79728
70739
79180
27224
97091
50314
42675
55176
71760
59690
2973
19885
47048
94757
70526
98168
47111
25654
78293
95871
11145
36227
87353
18966
10725
24195
78203
59763
34573
1819
56784
64420
68507
49822
18094
43781
7399
80977
39603
25950
10679
63971
21733
26085
53274
43035
53296
26575
29774
64325
56047
19039
41275
86140
54430
58549
31489
6801
24080
19996
41573
91388
95813
26701
21598
16526
30601
42203
70629
80982
35405
77534
77116
49148
59799
68382
96632
4264
98908
19193
34927
88792
29514
94583
876
430
23012
62344
56084
93993
11481
56876
15770
11769
31235
37072
48967
27940
32009
58464
85206
46245
19318
65863
59521
34360
92570
39802
17963
13257
52119
97739
61765
45361
74751
59284
29872
81398
98976
33652
6780
32566
19004
77088
95427
32052
59468
98178
13373
37872
91667
59764
54557
7645
56556
37627
8637
45155
79696
48117
45264
78385
99022
49614
51581
79252
77573
55995
57816
76317
40201
74197
98069
43547
55829
92540
31208
70523
84919
1631
90236
32492
25648
25477
37602
82295
21617
76852
78610
80387
38994
28043
25427
64104
81600
5731
10133
32746
88727
77104
16866
91204
52379
93205
40282
51591
98144
95062
80418
39683
97034
68353
52493
90979
14421
53115
24239
49806
56582
76486
93106
4109
45382
78456
80977
98468
37276
43347
55007
68329
4073
32986
79785
29588
9806
41489
68196
39375
50575
56125
26239
16270
72350
13899
80469
71162
45529
89283
35839
53565
54417
34975
36422
62471
54799
24593
91812
5652
63462
13902
87980
16836
69754
45463
22920
56278
1191
70526
94655
26990
32607
51535
21969
36277
1542
38795
96733
20167
81262
85633
50725
26998
67271
77850
69596
25607
53133
5262
1940
63469
7111
95841
92380
50595
12379
66259
14196
86133
449
16545
89175
76342
90013
11152
60261
14969
41479
43868
25967
10060
51335
79826
54668
44840
39779
4308
71529
54539
30146
85047
51217
85894
79270
72454
55457
81572
94188
20458
26100
97835
62510
9605
81564
20539
31276
93589
67358
91906
92273
70577
79826
98493
70564
1485
16372
99409
67362
58791
5089
93063
78402
91518
32087
30578
94626
34704
15739
84516
93239
74963
73674
72652
44113
7679
90532
18291
89020
85921
22337
963
99325
66347
66802
14349
81539
3154
87962
1871
79528
27571
8230
84650
17190
77433
71317
31372
36061
9060
35397
45103
8576
31950
77500
58216
49609
55734
77304
33302
6432
28394
1342
65347
80385
74900
27088
68384
22305
16256
30474
8510
48174
60333
10104
14337
41451
7951
36739
55844
44201
10330
97611
33082
90411
47325
51688
57283
1765
69816
24236
38665
48689
64129
46827
17615
77593
51586
92440
88874
19030
32046
64340
72001
20884
16754
72172
75621
95705
72836
68986
87798
31968
19490
28931
417
95291
74184
16868
41511
37558
46129
38425
46258
39383
13834
61790
44701
34538
3718
71042
82257
3689
7573
44883
17676
79231
38085
54320
62357
72973
23661
38230
34798
24126
86520
46640
4432
66285
31267
38174
90224
28984
95120
80325
61134
21949
75504
29012
57926
98302
55900
57369
18782
56736
96635
62796
44794
22081
43738
5973
85649
38707
36023
25924
60681
21841
58235
31118
55959
38151
96417
88233
54185
28850
557
17358
60922
46086
49134
55297
88024
46517
40362
67048
43147
74777
5732
69638
52812
73887
52862
82205
15747
79714
96741
31533
43082
92221
31113
23207
92476
67513
25035
35155
44362
41584
3616
2528
216
79189
86423
40712
5159
39410
12294
96723
10149
63251
75032
28318
92654
17996
30927
84855
48940
78082
16071
4281
55950
82877
29133
46571
76260
88043
93541
55523
45701
19027
11959
78037
39974
42771
65482
72820
63948
96858
90170
8920
45327
54103
84319
88586
42979
54948
61307
28637
99450
10104
64905
99883
77069
61465
6603
55061
17522
90629
67826
72375
55894
81241
33818
3893
1908
73888
90540
45921
73472
438
21089
41907
30606
48460
83955
87519
11454
85774
41864
32259
16330
70207
36987
62284
20580
80243
75995
5078
22562
28555
96711
18198
49147
62303
37076
11528
47883
11569
16654
5293
92308
20476
71103
44558
14940
84306
50837
75010
61019
20301
6524
34530
25355
19877
36113
30402
94494
65618
60772
52936
66902
47676
30406
22914
64954
81114
33351
82409
84306
8236
99412
16426
48535
68098
40548
36220
49962
29162
69352
64257
61161
10450
71865
35478
95915
61582
88340
69859
83219
32700
73228
77229
93441
41593
63965
26870
21861
37191
87075
51652
91529
66136
69643
59261
84766
72284
4379
91569
50620
97754
37334
7252
64179
8538
8694
62460
32917
37699
79194
29726
55073
24849
17311
26185
35593
31831
5743
18823
56239
31475
49579
36634
78233
98761
33121
47430
28158
81913
77499
50483
80830
94697
97023
95265
6459
50577
38636
61277
93671
54444
15878
24257
94809
78229
16462
90041
65435
73012
70854
98931
86053
12127
18173
90609
60832
17277
95277
72496
85437
92822
5093
52894
64115
82165
91022
84339
34737
64578
55708
12289
29789
30792
14475
39629
61131
11358
66443
98397
66848
83032
99628
66740
99632
45331
20229
81318
67861
41951
10902
73185
62916
99847
77959
98663
19252
72570
43251
45771
57375
3849
72906
71522
54081
72404
12158
65681
69215
39658
13172
42585
33665
98237
1066
34175
69435
11094
22261
94605
69375
38573
58853
29631
11513
73882
72842
32432
20917
46237
64908
41608
20626
5296
93786
36790
32443
70557
4399
52648
98227
15005
55553
23027
92815
53598
21300
63522
90826
24048
64013
63029
31340
79883
41764
82610
96774
63925
17763
53497
85326
94077
85422
25127
9905
72727
9045
38801
760
26064
7171
92908
23846
90282
73308
21606
52464
87889
37047
30425
45841
79249
17532
19477
95030
32001
10752
77779
93889
24131
82354
50665
80883
85269
8415
66331
76059
85148
18104
57274
6795
98204
44159
27708
75780
8929
79809
99020
75166
73860
74070
11866
91955
22980
71257
75777
81419
65846
15122
34916
7713
65863
93186
62119
63825
59929
92652
2431
86636
30065
75691
62051
77083
78645
58965
78916
20285
19493
99913
17153
76000
73413
50631
99158
75856
48548
39100
26315
20580
93567
77074
42158
17786
34739
74107
60282
38863
46789
58007
13339
2155
61790
63421
79211
8829
90371
52316
5747
67690
15180
72790
86434
45721
17780
45951
35934
72210
17090
94526
76641
6075
29966
91413
75237
48352
12690
11568
61681
44829
5876
16411
22154
77376
84733
86378
82183
86802
11610
44270
86509
4909
98403
79756
38201
98900
12697
93663
81130
47437
3368
29634
97090
74350
78925
50254
41721
63378
45002
44959
61808
65321
96179
27817
20650
87566
61711
94701
7860
25227
24754
61426
25339
52967
70337
97106
22067
47071
68582
276
96980
48473
66576
39245
1391
9133
44831
92729
50250
86576
92374
81939
94985
64346
68334
81150
19764
79773
47242
30159
97709
34681
90291
49126
83941
49516
45467
73949
28279
96877
55705
88624
61999
16544
46136
29976
50279
70825
69003
79693
4775
46418
7965
38771
19225
46964
82296
270
25088
49094
45853
97740
63889
13988
45728
8666
38325
56355
91139
35031
35084
73208
84371
66328
8974
25934
82500
54328
80114
50896
91116
93436
23799
46160
39446
5648
26100
44937
50012
74925
37352
39945
95372
62228
80362
67113
29516
59503
60542
91951
92112
8578
81090
67353
10093
19254
87952
47757
62951
69766
56489
51280
35628
62382
84610
58859
56051
37031
75598
27367
3101
16708
77915
72327
75237
69790
99004
45056
29976
26460
25429
88956
40107
79121
62635
10143
63765
29964
54228
38722
92405
22802
52844
88767
23208
10804
92525
47393
626
66980
55992
36345
85529
40019
39255
93102
39792
94551
90724
12749
59228
51932
42340
76730
48359
65327
56141
70089
6842
21181
81332
54908
89210
58073
54081
24402
7155
33525
75123
9482
66684
49483
68700
47594
71283
68015
60452
52256
76590
10184
11572
40946
52111
33099
11891
88857
91168
22840
65487
76536
11513
24239
99019
90528
5948
52430
85176
17875
34831
95628
1486
47705
449
23790
38149
56113
7049
63573
27683
4173
89690
86486
93854
23122
90114
84125
7692
95666
68449
72101
94366
67802
65877
72544
56257
41703
75234
74013
64796
6919
34085
57164
26440
64521
27914
4746
46638
86825
79885
85243
99705
33902
7966
10962
62246
17366
50300
23371
83090
61751
95284
51189
43648
64321
4122
20031
9214
95229
80520
66338
83904
11701
24674
22856
59787
82290
6887
98121
94202
30216
9899
68206
58344
8429
18396
35409
74906
13273
79231
85601
2903
28491
16470
93649
33749
66795
61697
84618
34250
42347
51892
57378
9382
64219
54695
16808
60548
88288
4044
40943
83476
2984
67924
30234
83988
52943
24374
47496
89590
23843
91895
59187
165
21567
46072
31327
51988
79329
55487
16666
65899
17513
86873
93641
12636
62698
62008
82211
56200
4732
96977
66832
29556
33681
18196
2642
56068
52110
29005
67343
54761
2373
95629
48315
57855
83484
31975
22197
24954
57583
88995
92437
59863
62168
96225
99259
23215
50981
60662
6051
86913
83796
1249
96327
94864
73360
86024
86250
78552
76337
43405
69111
25705
84351
39050
60198
15644
31091
45433
3198
15867
81913
82509
32546
80998
13506
74745
60065
7422
22925
52321
68818
74790
27631
22442
52223
49009
31216
50474
32336
30432
33047
20005
27576
5646
54352
85975
17276
1628
38098
95618
68064
46944
55515
28287
45423
16302
18245
97072
32676
71928
51796
62688
19206
18106
33386
33209
99902
53656
35233
62035
48595
41208
42946
10851
89717
11854
37932
14352
94429
89068
42595
69175
70156
46760
27573
70724
95769
12904
71396
38484
78574
92383
44663
2935
73829
10545
63225
75323
12661
72382
17830
85305
30095
91384
41292
50902
71293
66764
18522
40181
81179
78130
79577
94769
50294
22612
41401
11535
98009
41051
80031
20698
23193
67033
21793
56124
41922
85435
39351
86729
62051
5544
26501
66659
15237
37950
4165
66334
78429
14086
79323
66443
68901
2618
38457
32638
89588
57882
7585
39927
34757
82098
52056
82673
39995
95330
21045
88636
75049
84993
64019
53596
33202
50139
59464
26929
66709
64873
99738
7841
54195
59917
70200
57026
63026
61718
45590
89144
87274
34401
2134
87774
264
41496
9977
76412
59555
81547
27265
86595
41812
54559
64563
87366
65161
84674
26302
79078
77441
58583
64543
8932
50192
38859
99579
35648
20252
76734
71790
56321
63541
79811
89619
9796
68881
86779
29673
87758
3642
63392
26680
17296
27556
61835
63407
26804
16218
79018
33611
70875
1569
8466
4746
69236
23129
5129
51338
9784
10750
72826
64851
76429
87367
39931
71320
88733
88516
10554
4160
82199
44302
65619
86294
15628
59079
41122
73093
65051
54245
29278
95641
52573
10386
32346
22410
62800
56409
48672
26703
19594
5369
85747
7066
31504
29347
76116
58370
65520
99086
18487
32369
75668
87940
78641
58279
95500
54334
62563
16296
1675
72022
17651
69944
69585
73300
26980
66771
71392
6710
36275
11143
11846
87844
93586
97745
57906
39530
87625
69899
94464
75980
42294
32906
30341
84402
62149
9374
86271
97140
26375
70844
19719
27571
97295
18015
80157
63793
43539
10502
42800
75565
77681
66264
38842
92006
73500
60739
85874
50247
58980
56179
23421
98514
77727
82828
75443
61056
73717
75277
94169
36890
82091
39736
87754
9491
2189
90939
98046
90378
88104
50986
74132
5946
16702
46705
82346
63984
83458
76953
4075
3944
32332
46770
98967
43385
47564
81413
53044
81873
22422
40038
88724
13252
72798
46167
86929
27286
81998
40036
60194
52553
47146
36584
20121
3848
47331
42028
2508
49415
68974
41873
49152
6016
4824
23662
96579
3131
89597
38923
88860
31515
47452
40459
14188
5884
4374
53540
63022
26697
61933
52502
19406
21761
38023
17906
26420
84866
54857
43620
11790
5652
94850
48078
20282
2636
50954
19420
75810
29591
69617
90380
88060
24408
21724
95483
25963
9134
39729
10493
3492
30037
27618
12059
62025
47346
84461
24078
87907
45780
81977
36580
73890
38967
1912
92765
18717
83589
69937
40330
60460
2353
19408
34335
56056
38831
80496
60589
52027
31753
18040
20912
39527
1522
34952
84593
50606
87511
17046
64014
31986
61140
19911
16618
27672
66764
88748
10267
12343
10104
58069
14543
43760
22222
99732
96632
44316
75997
74975
7192
79361
21597
98990
38955
73096
37602
44969
28804
91594
65272
98712
52685
26883
4840
24512
31949
36089
4780
18446
29572
25227
67685
6093
65219
18539
29667
88316
19184
21153
44132
50940
27030
65370
15336
32007
89070
29003
82293
83710
31849
28000
49419
75228
62388
14953
96708
57383
50185
60109
79295
50336
56842
52169
43945
21558
8671
32405
48287
92843
73740
67536
67560
52347
61564
74316
13162
50505
11013
31930
67511
27074
69984
57074
60472
50688
99014
70976
74085
51988
50233
57641
64339
96721
82933
98252
31433
76185
77512
67922
53261
88939
653
97884
20782
49946
56371
38737
78496
91116
29871
8497
78401
10693
94213
72985
1633
87998
3321
85461
88405
4766
39188
7459
43900
4625
15917
43391
55475
78229
68795
47780
64808
83162
72652
5869
87563
94894
40535
45878
62694
37934
51079
14308
43672
64788
40928
34491
14753
34363
77202
72943
26781
91245
94226
58133
99128
62520
38597
31890
26996
69842
17163
64977
66644
989
83609
35218
45008
97366
31050
49111
54752
91750
80440
85999
50928
74034
67556
57621
61278
71780
34952
5290
58583
7154
29502
1949
20545
32075
91029
86986
20360
49440
92990
37991
49439
99806
62313
75510
72650
30173
62205
4368
56017
64292
69144
18296
86997
62424
13205
33346
28216
92520
79542
69997
7025
34535
88042
73838
45250
4888
78044
50401
76197
19060
25527
90956
79275
6894
11233
82983
86525
57370
39985
31561
79894
97462
83789
66058
3271
3134
84304
70259
59086
99622
3886
53490
45740
32862
58636
75299
19127
84225
1762
46897
29237
56728
51044
58840
91099
82419
70293
26328
98262
87873
21461
1011
76549
7576
1399
71336
6027
53381
65253
62246
9879
32377
17110
49427
20369
55145
17737
23331
84052
91759
19116
73824
61142
13822
85979
17619
7186
7420
5640
57495
99159
54071
19191
44870
82620
54599
29446
15415
71768
14292
54061
81166
30016
16819
95822
92000
95139
89054
96352
24349
90100
99309
24370
15668
78338
37433
25078
39452
80591
96798
23413
7490
69268
15439
30605
93552
95920
36388
50865
95872
87552
15763
22999
94523
68302
41212
60384
14230
24447
23024
71939
73119
32753
85579
56638
83606
14848
17728
64543
72859
63609
37303
8511
7178
11475
87150
92410
37156
75148
7926
94078
28622
16324
26326
4235
8148
3885
56538
76176
31277
49441
37371
85299
76680
15104
17892
32403
80057
60120
60318
50173
47897
1229
50521
88366
33085
10585
93693
59976
11890
64597
25563
28012
74973
87246
88010
488
33865
2213
1987
79874
48731
19601
20406
82471
3267
35067
58932
3041
88229
11865
83616
50514
6331
49596
80867
21710
78194
17400
47480
11736
11501
43854
16254
82119
93673
11032
76202
20664
82177
95988
55443
30709
95920
39323
9549
81628
56243
97584
98484
37333
86672
53884
41203
54997
56817
19463
8568
12345
47752
57806
52465
78577
23696
2514
71795
91392
17961
20281
84517
40506
79935
91129
8975
86746
84207
39501
57439
64972
73019
51829
10167
28992
88829
58904
69189
97088
55071
44651
87654
47913
80065
66850
32752
98238
91572
39885
68063
66390
57622
34804
34655
88237
13017
97724
69321
6147
90294
74107
23050
95626
48982
53418
33175
29177
7587
16406
58580
2428
9051
75505
8947
63667
92303
47824
86214
94700
40
89694
9255
88255
26033
51961
11266
55205
94000
85989
83383
73446
64519
41776
87805
59530
86424
51617
79017
4016
44827
85459
52639
61980
9126
97350
88047
31237
51297
56350
63099
82585
87251
69794
97126
28730
92215
61990
21816
31526
54843
67224
88707
50812
64157
32384
96686
32335
68460
1545
63253
17125
5974
72555
69248
30176
83259
73951
78322
72400
69345
9457
69653
96548
81020
56873
25225
95181
57886
88341
81445
66730
64555
99771
88978
54325
11727
98635
24349
71299
57963
1383
62232
37123
39550
34435
48273
48056
77177
15968
8894
97854
25009
19667
96723
45673
60255
86158
98136
615
59510
53006
22836
55404
71874
19971
54506
55242
78284
52638
66240
32180
21483
54582
94833
70160
1722
5926
23929
91416
59549
74411
47631
70984
8913
54073
73377
92865
41380
76125
75715
58701
95346
66854
31075
47840
72946
98121
47712
6267
91725
87493
54702
11130
78174
57071
29198
17429
45858
52770
22138
43952
52162
59102
89134
96629
94552
18427
45517
59248
89763
78206
42330
3788
77503
44960
3514
85675
3993
19431
73622
92820
70090
23872
95
11592
73724
9458
14478
57690
37069
49458
82899
95404
85098
82128
67721
34859
34086
66215
79486
53557
56141
51491
1095
35926
8988
46938
34636
62537
58999
89978
55348
9308
79859
81598
56905
36192
79274
54247
37563
54786
91768
82062
7645
64703
76906
26300
95423
39736
79143
32745
90692
26533
38044
62444
93114
90882
85756
42275
25918
9694
32374
67670
34582
60394
19258
76233
14859
3636
15351
38033
4828
90166
42218
76064
31610
48110
39782
38608
24964
23090
26618
94225
97209
50319
66223
9600
41715
35165
23763
659
20692
6691
86641
18197
97081
87266
26555
40653
Time spent: 52
Itarations done: 11213098
