58845
73417
90942
15155
68152
8189
58344
63087
44161
67234
16135
50381
20896
19970
79839
37670
94883
49808
83747
35482
14795
78503
32642
60740
10718
74543
30724
46583
54832
92387
22561
94184
7130
30082
6760
22476
14732
11628
12058
67148
1409
97445
57657
3785
5142
1383
54901
21695
95853
45946
45738
54749
32861
18742
14950
83471
2227
2654
57732
58648
7798
39808
31977
60893
76619
55159
75495
2882
79276
9339
22394
1377
58851
72408
9980
94721
8324
10223
27802
58108
35573
53383
23825
73739
7610
75047
49230
45895
71185
38381
92970
11953
5645
87029
29966
89596
75730
42663
82682
17674
16896
42580
74875
93654
3898
97239
38377
84093
24462
72751
19080
86235
4279
6553
16636
48621
6938
45845
83907
16515
63001
57835
6810
53980
66123
98452
82989
8594
10912
41884
18584
27087
37199
67172
66404
591
88421
70046
35919
16724
88030
18293
15753
22401
87160
97165
62734
56025
39214
97695
28058
90660
12598
85248
10751
40783
61545
48233
51383
24404
36747
67638
4852
39604
32501
66877
60050
9969
35102
98435
6386
76920
58424
98868
82359
68616
26961
96957
79773
54866
94007
91161
18691
5425
63255
21976
52830
5060
15759
52411
12895
42953
31041
35523
46184
86274
31054
91779
64832
68182
68781
41013
72178
69035
29438
33816
96988
46268
11576
5451
28661
73155
7809
31691
13033
79614
10460
502
38038
49218
26122
26037
11218
15767
94926
22175
6986
20027
75267
21665
40506
32679
72805
73892
7225
23045
63736
79430
12321
54820
86650
22706
2718
19820
54751
45500
5815
78679
70754
63444
73720
63437
10473
65300
29527
11163
77957
50517
13035
39990
24928
54395
27348
49402
70372
82194
94894
25104
52321
23581
41660
55491
93172
47075
41839
21518
62336
80446
71554
4664
75580
67553
39994
68741
79100
54662
89011
10440
28210
15
78132
40805
85431
19293
941
55233
30883
76553
10903
73119
99015
5351
69966
79958
30077
97953
71650
84454
52152
31907
31844
11147
90132
12724
85157
85061
31723
98982
72412
29073
67377
41935
55769
86945
60993
15515
51958
5427
1287
34622
31231
57313
29923
59659
89895
64041
41840
63535
67672
81199
5601
93666
47636
43176
57201
95992
46095
24301
79455
80645
72558
62900
90866
99590
15786
12030
32880
75437
90950
26064
62427
67572
65025
65788
27914
86889
62831
6396
31079
73572
44481
62500
54618
33783
36525
2217
66024
90541
93694
8408
91784
41693
65898
59317
92901
33603
46033
43144
62627
53025
78129
91482
10394
11601
12513
15100
92087
47522
4922
52205
96144
97117
69864
94105
97396
95479
15037
36092
46127
49708
3251
12433
68541
90953
11039
13468
16613
52151
79028
50149
20265
37223
78154
26720
62867
44436
47913
5816
22247
81764
98117
1872
93724
65288
3984
18573
39108
23012
65910
53921
86182
35985
49884
32603
36874
36167
72279
89437
29144
46228
43618
20005
37540
90324
39915
34964
90466
26834
27343
3086
28377
54175
26197
44710
26438
19016
63538
42092
57629
12557
30383
66062
77844
75023
28939
79384
73219
41118
68143
66438
21741
49893
41638
56084
86136
11355
1321
49983
73098
69091
21733
42210
65112
23294
35815
17631
55436
81802
10917
46299
94259
88085
25480
49056
84607
34637
1405
95548
50276
7762
44919
10009
34856
25525
49576
2488
80899
24451
19080
13572
81304
22542
74732
59200
91209
36275
22527
88845
37996
57467
68367
25089
69445
2242
86293
35566
35647
28810
64321
99241
8977
83356
75192
68200
8242
74078
45225
93365
8061
92237
23492
77996
82607
96067
85621
46350
54019
48510
41831
66542
90119
52913
57148
46440
23505
62228
33271
29316
44671
46694
46187
52046
55464
92585
81378
92766
56050
70336
59352
27222
78456
54206
98226
33428
72860
97595
17222
32801
98967
68261
45198
32592
74133
25868
61694
39221
82352
80673
64502
45038
53765
6618
27373
52054
83058
94693
84264
85362
66930
23164
52352
66248
5752
90099
85109
60392
32594
606
28807
90108
4013
26287
41110
1228
11283
57647
18777
5016
48211
51522
72999
73409
2241
35091
85533
51925
19231
65614
76537
68727
29126
60764
15909
60624
9667
8282
13913
7203
8365
35635
34010
62805
39135
70474
81094
2746
19334
50901
31661
54936
15348
50907
88988
70994
20486
70803
66009
1960
97583
5094
21322
82881
80572
40927
99660
97844
44194
59125
57136
92412
19101
6780
83738
23975
50798
85465
70760
92188
75168
52377
9266
71435
10790
63031
47187
75188
48807
93631
77247
18164
54810
68827
75720
6316
83995
86289
62849
77029
50822
73383
9791
32242
87451
33199
74078
55811
71422
37286
5830
83041
2378
665
30329
95129
60045
31046
79096
44155
81282
78645
11203
75311
52680
25580
39337
2185
27007
44584
50992
8243
36762
25573
94186
93035
96132
15623
79209
55188
53864
42978
33180
5924
83871
98954
32561
36611
77830
32929
30283
21773
34605
75107
88758
25016
25001
39325
27825
89494
47206
73899
97538
36812
78168
22353
89718
68689
69278
27849
9312
64225
30882
65224
36870
92279
99461
12791
26810
13268
83791
82364
2665
27572
41934
10479
30121
38796
49602
76363
71412
39295
82273
52925
50523
92638
48356
15903
87647
83102
78785
33252
93480
25852
99613
31977
49182
83065
88469
92827
36218
11097
43223
54620
21796
71677
71740
19426
50247
76137
45296
37457
38443
95878
45069
16213
24236
64515
71033
42301
70890
17613
75661
26289
87629
64382
31043
81092
86655
62448
37321
22577
60385
71520
32799
37430
29150
94750
71655
97819
79239
77566
93860
14961
83909
22957
23734
14430
75877
99450
98516
84902
18803
63441
46371
98995
7407
91068
4481
29954
11119
16492
92144
91171
64526
3203
31285
6868
99410
32930
37317
81738
7767
82708
87003
74946
22987
74868
6783
99607
7217
26972
14954
62722
36964
99130
94189
32498
86104
34678
67031
70103
15730
16851
96366
91106
93634
18872
35271
28231
82749
7776
6219
51480
57471
73362
98342
64331
29572
92759
33203
35398
91259
8455
64555
43808
11963
92989
45540
13513
57565
97055
18064
86868
36006
29462
53311
41008
11636
97126
99885
81917
72116
41207
76560
60557
76375
41560
80372
43012
59815
25776
67555
32335
23897
11432
4801
83627
91183
30532
81355
75852
64094
33687
18693
3994
85864
48234
13798
33375
65558
69259
4522
14302
95526
95443
51084
89705
59294
82637
86440
40990
655
77262
67
8075
577
8909
84679
88435
87586
66921
93410
66925
89371
59275
26244
53271
18650
53738
88739
7338
74682
31072
43565
13620
33336
37949
5939
25887
93250
13299
17719
40500
43356
75943
71734
72661
17958
3685
47898
3665
9500
4409
65681
39246
16359
78294
53728
69162
13179
96904
86735
46415
44706
79690
42105
10845
60540
31373
84516
66292
27874
14684
95177
83140
82043
72123
24414
38771
568
77669
61115
27299
15403
94776
80686
66936
10214
40564
54315
8432
84770
7706
76677
1260
6908
75381
96670
5564
14045
48490
16298
47347
70823
433
56553
2002
37234
58872
75927
56977
52470
66190
67154
48251
93707
66776
50839
87225
26195
21813
30804
94779
21275
28860
75339
37423
82299
28370
40938
16861
84965
12142
60713
98715
8187
9756
78329
78795
4379
18220
20153
75993
33920
57321
63234
9743
67544
78576
74791
66960
42576
29247
70102
88461
44124
74507
59981
8098
70792
10656
36471
59192
35899
60182
75975
22300
49899
25495
22699
25983
27393
92348
52129
27933
63024
16193
4185
97686
24554
95197
18781
94104
18552
32115
2689
80924
94352
13914
5941
51882
65354
92828
88427
43268
43219
35410
12935
96252
149
17196
9550
93904
97192
79777
18147
38564
42401
34308
30677
54060
71664
90957
22985
94245
77156
17272
87096
14435
43638
80157
49237
15525
91173
5883
86289
1929
64358
520
33929
3970
52786
9170
13424
2907
75225
56563
90849
62560
10846
3860
22438
15287
14879
76909
32860
72095
13161
69753
19374
26706
30338
3819
74164
1687
69812
28039
69589
41030
30088
78038
56625
88107
11738
73561
85500
477
42015
22487
69329
43753
19984
17048
76480
75619
64064
53289
55496
77997
25999
78331
67569
20525
20522
71676
25888
41689
8374
96557
18624
15310
61812
15267
22868
29574
36414
48416
561
43362
70689
72245
4229
393
35933
90396
10319
75509
62731
86949
40958
99430
77662
66089
31195
58387
94011
10392
48050
93270
13659
44552
70183
29281
13848
74222
92533
51541
12120
80745
28968
4709
25517
91641
47836
35397
65967
14065
90199
14994
42821
13806
88640
77509
75619
45984
25705
82118
55405
95210
45357
63338
31327
62811
58272
63101
40708
46578
62368
48444
45465
94593
33634
6184
85443
78779
29177
71602
10170
26173
84314
92071
4494
66278
78608
48491
80723
1414
91965
57508
70128
83641
71184
55727
10055
86611
79831
23453
89393
93609
9844
39989
84773
84104
91995
75107
92624
90251
54125
12024
38103
12110
41033
66081
20910
25728
27949
10280
40123
91785
30724
43941
25453
74159
40171
43946
90699
7534
85460
19426
16671
11127
62003
50153
65495
31587
42985
26580
25963
12334
30486
25108
90459
28855
92119
46081
68016
99905
72121
13930
45172
83077
62092
89018
16547
89887
65819
68940
20456
10285
95141
63393
31363
19429
89303
11191
80615
50584
59004
70614
99645
57175
18106
54984
5724
54291
80953
4230
79330
25386
71296
80146
14338
3410
10006
48191
57497
87297
23090
61836
92018
34504
38962
96891
61631
78231
24469
92639
76062
53935
42897
44259
86671
83987
3961
56719
71841
61521
15759
14161
25728
95015
41712
40795
1116
23611
11708
29391
17352
89891
36002
91704
7740
61589
22837
41498
47260
26616
6338
55315
71123
46845
49921
68732
67397
45239
2261
56570
2865
18190
47824
14366
20228
10348
12017
5401
26935
62778
52215
62655
81156
46903
90229
38305
68794
26507
19231
74712
56948
47972
48708
30329
3848
44948
34721
31550
3062
57849
79544
37243
40626
10793
74720
96572
47774
59090
4621
52657
39070
18851
23793
94758
35981
16980
70698
89850
89333
54613
82881
30831
30583
59935
34185
23081
1464
17381
23301
93651
34330
99370
4773
48142
81388
93997
68530
19118
20024
17543
42039
46923
93552
24175
10428
8839
81965
76882
24184
65750
35649
23465
91520
26834
46537
29328
33032
42268
75785
54840
9997
21532
4823
29188
24439
40624
27512
64956
29068
45338
55133
78038
78243
79733
63079
26068
97300
69031
68346
55169
46914
64373
90333
49641
11598
13255
13945
12106
47015
53887
43619
62653
79452
44370
9654
34711
62650
28255
64110
62628
62101
6938
82539
1387
55006
36299
69924
92386
5256
90090
54497
90892
97156
35795
41437
557
89007
50064
89994
18294
78251
60240
72182
78847
53584
36157
68964
2558
46237
72060
60714
92090
82576
92373
72747
94315
83250
87013
43846
42090
50279
32023
95962
17288
32826
79556
96634
31282
64802
7548
22204
1930
23057
3935
49504
17210
63564
22825
26458
14754
54847
90781
97927
73854
42837
60231
92116
11908
49398
3952
5003
812
27969
19721
55490
70468
74077
67412
22375
46352
15923
92188
15718
76006
90796
96895
79846
35360
46782
14376
72939
69920
96041
96129
19089
18188
85851
77605
82642
85051
46716
2382
71855
81423
23005
87580
39072
23109
90904
91091
8053
86591
20920
97537
25584
52412
47724
74355
4100
27812
68828
62011
94843
29462
5395
53038
6936
24426
23430
83479
66747
72870
31663
7262
94085
89599
43625
49138
56972
43146
15735
35047
55162
40924
50674
80101
74041
6871
85842
73873
45210
44042
70457
40261
47775
88767
71592
64918
85258
5288
39455
77101
77057
40175
5242
44747
10497
54385
81097
91699
9769
77465
81035
74211
91455
83196
84118
60217
92802
68889
16738
39329
78574
31557
39566
54112
55042
73392
86524
83911
45563
36196
18095
31365
11197
59899
19340
58694
31935
83763
94190
95965
99384
60590
81899
96748
10108
33986
48965
47931
90345
36687
90439
49930
27458
3959
8167
71136
31191
60254
20390
46143
98734
29591
97034
31190
11567
40541
8083
52163
49192
45221
18650
80660
65124
48381
63650
51809
33875
47424
87426
93879
44192
17151
39256
74217
83407
34010
74355
78619
30544
23823
21791
31979
51689
34247
45691
36898
70131
78607
44180
53923
65914
71315
1669
72166
44707
76717
34442
22286
4256
23009
46932
65163
18197
90769
46632
49063
51650
71701
49287
65694
20729
7315
42826
51277
9045
59590
68442
72593
58205
36051
20271
9955
56519
90237
61358
99146
60308
45196
2848
22567
95647
42423
95860
46234
4831
1572
40991
83683
21516
87319
29149
30463
81223
18880
89197
53640
99773
25013
32845
39539
81238
42717
55276
99958
49100
81383
71223
12174
29586
25821
40469
21284
54510
31349
64256
64767
92467
72077
14586
88633
61843
39510
92133
12130
26877
52796
95300
63672
28861
34195
22862
54541
58596
23781
25741
78847
33339
55918
69634
28368
1723
96691
69521
89077
63527
46287
9554
42539
57663
43227
67343
29817
41384
68349
20407
48131
56460
35660
24324
41234
53975
74411
17081
13324
28353
52191
22187
43266
93415
62343
94300
1013
18456
696
75442
71338
30760
86372
7300
71316
82453
39336
75713
7492
74222
13403
47088
56259
26191
97576
93350
66690
87116
40857
91938
78908
77071
26108
30455
23083
65917
17058
41742
14194
117
29207
44480
85972
3815
30186
66876
13721
96624
58025
86518
60265
90178
56801
28217
41799
48272
68353
23448
51171
21286
85959
49942
94992
94588
71350
38059
97899
22751
59936
51761
2424
56665
30765
26301
46145
9002
97580
72223
29120
45010
85167
35798
94108
30221
91298
39728
29648
14425
98691
14775
71821
82138
93693
72894
24330
53800
68831
65528
38553
79052
34881
16917
95272
23719
44778
21577
8043
15489
36486
47560
24499
79769
34827
92658
36349
66880
13341
99422
21453
44429
6373
46672
32055
4649
78902
115
12109
15451
7003
22756
73620
26093
95400
16998
86991
23600
60205
94593
43625
24469
34735
48113
30344
77674
14206
28119
14689
49651
41137
13943
77735
59653
47460
2763
46812
34768
11612
31662
74331
57913
59299
90352
80920
89197
35168
78494
31150
51359
99253
10836
38373
83318
56874
75829
1517
82394
13577
8963
61194
75410
57720
50744
25016
81589
12479
21049
52808
56086
66344
56557
11190
31975
86571
25981
4022
10645
43594
59067
60263
85816
26067
99597
14050
24753
5982
20107
43138
71783
21234
16580
41309
83822
79016
35066
87955
55393
47614
69012
43791
41489
96437
6006
45451
40626
64534
95721
93745
57589
86385
57029
30412
25594
80419
41570
76453
30997
10486
23517
61462
50162
63424
90817
7853
77750
46906
71907
46470
98415
900
43705
30795
29822
33362
31622
85829
43842
36208
30403
74663
54957
11117
45808
90883
50153
36405
81446
88165
22932
35978
72521
39758
65607
69298
98827
80032
68667
47302
92997
17869
73736
93413
96858
27392
27549
11036
8648
15367
88368
89358
6960
36608
43369
77800
33426
78791
5830
86129
65513
66313
74266
22031
13199
39190
52231
60846
28913
47433
47068
53203
28768
63982
88704
15462
84967
59950
35412
15141
64180
4819
62506
58935
54778
51179
62045
14442
46970
38710
16867
48401
4253
5318
50691
44015
91969
24692
97471
67840
9379
99037
77874
92767
5328
23285
18467
47778
44398
2881
89
57440
30391
51021
75901
54518
87041
13238
56712
97617
42064
67303
21453
2424
59941
24648
74040
99914
21312
15853
34373
67776
52376
77217
20848
42377
66434
68033
54511
7711
91483
38901
90861
75093
22749
40280
64323
12756
57081
7420
12521
58032
37341
82947
32754
46489
59240
41577
11452
22143
70493
62789
58878
50817
22752
56745
76003
44707
20466
86385
78192
20414
47617
44280
1264
54973
43246
36744
19452
74808
39720
99634
11948
11094
73917
20366
24951
81662
30800
68936
89528
14364
81283
47025
72105
9730
31894
48794
54010
51785
12395
89537
59273
15040
89356
99095
75755
82984
8616
95786
43668
88787
37624
53568
17715
12474
99865
50260
44273
20480
67856
37865
33495
13300
8684
7376
47638
54832
56582
29942
71614
93067
20760
43848
79461
45932
23513
22490
61369
18375
3557
2381
29832
37198
12650
72192
80689
38674
79684
23931
45036
20639
15827
45570
31362
75556
86651
90822
23811
53927
82834
96177
72037
68495
79641
27970
80938
38812
87258
32922
84382
93058
58960
34484
66070
89382
42187
64265
72802
92595
28775
42912
50673
43687
84909
28076
23085
89432
18811
28390
20990
97253
74752
41903
70393
66570
25628
14977
39898
61978
73217
33420
51968
35925
55124
51414
65562
78956
514
35832
44953
34103
72912
53599
39774
38716
87677
57980
14723
11739
94194
36033
83866
87417
68375
63936
24099
7414
69796
79494
65084
22488
79565
21839
78860
22164
49984
7225
21326
6254
65138
6736
9925
35595
32713
66878
57118
51052
1684
67205
17598
29619
27944
40503
48729
54342
90518
90519
28278
10839
94677
29824
21320
87357
85126
26111
39013
47573
32331
89091
86002
65773
48149
52117
50290
62563
33118
2755
49708
55945
57051
94757
12460
47359
27053
30240
35763
95205
2628
35317
36180
89412
76234
65081
78048
29746
49474
64500
42260
27880
34
80684
76637
98606
52561
68917
51322
79165
37856
59980
27809
17265
49074
59474
38643
98205
81077
31241
66327
39380
69628
76424
4580
66522
30831
57313
82865
156
38023
30858
35973
23056
63266
50549
4471
69891
53667
67385
58906
78789
8920
10685
50980
71190
75816
57782
8224
81183
77860
7946
5240
38377
53765
60368
64201
19447
87210
58639
60052
22615
72133
4875
31728
86635
72724
65489
29723
71249
5379
87578
62449
39618
91042
20003
39113
34898
704
86451
45189
22914
44258
89114
28065
80788
33457
31114
15111
47418
83458
33368
34116
15872
4201
87337
56959
40028
72853
28938
41375
48226
71583
40868
2789
5200
21159
90706
8463
40258
40132
90345
49586
64429
11858
18700
13399
32224
47140
84067
47146
64690
88983
15137
78322
39590
17764
60378
31619
71841
80066
44344
61957
52734
82481
76446
5106
90011
62894
32827
32688
92522
76053
35181
86690
72985
7707
31739
60151
258
62121
45077
85308
18602
51488
89034
88228
65534
52592
72733
69845
62187
85971
3547
77332
20492
15942
72823
36832
10022
66021
58291
28879
54018
93579
5277
1162
78883
70029
55221
29835
24367
68417
74443
60186
32650
68941
98730
80220
73765
54790
49993
6613
32010
85589
155
91482
73471
3847
54335
90563
38269
50945
546
68602
52837
43579
26310
56208
37287
88950
33968
13849
90872
97611
95917
3359
74549
86548
78606
15050
73830
51890
29859
49399
17394
30582
67928
6294
47328
63438
32650
91963
85413
18168
59190
13928
16529
30278
13068
97743
15033
72219
81521
25762
72882
66693
50706
67807
49300
18727
10883
46367
50954
52956
22396
54842
68885
7469
44154
26343
43857
53669
73267
32683
5313
82766
69599
78467
30793
23850
42206
43543
2453
35934
56008
18602
95232
46912
76478
73325
17260
96078
7751
94254
37232
73675
95285
30402
75803
40855
58025
88677
8421
56546
87024
28263
25587
33858
97559
13409
23167
98020
49998
97416
50186
20262
61034
27136
24427
57623
11365
76930
37201
37361
18498
43764
7818
86458
84082
61020
15561
21650
44023
17605
32401
83483
46599
1048
3182
19084
58891
18555
71720
92661
55090
88352
30999
30161
71550
35159
83582
85133
22969
68271
34386
46462
61636
68454
2119
95538
27464
60779
27983
60292
80293
4480
80633
6641
28015
88096
4940
54073
64083
78353
38745
1389
6257
34690
26599
1106
84740
67779
92364
26548
62360
90041
93627
34369
82036
78922
69987
37066
27490
49562
14615
64971
52024
12485
43850
15286
77144
74086
13161
56916
87917
22931
29449
84164
55154
33277
39452
89808
95893
8700
31933
58626
43089
83384
77355
66147
33051
96338
42906
4210
34851
54717
63046
44852
39827
6417
16124
97128
1214
49232
56175
7641
64101
14138
75643
4886
54074
73623
29599
89938
99287
42508
34885
31617
45184
58311
68688
32906
83647
50984
30188
97251
59127
37712
96223
38293
33116
7472
97310
44670
85305
92191
63903
32686
4893
56572
44436
93992
78695
77069
76473
72851
14067
21957
191
88117
44156
89103
39494
48777
50532
5787
40163
98682
4037
45798
46768
66075
68485
73034
20480
86561
33861
77973
48427
14366
45734
33621
71928
36056
75840
60942
65713
53306
35120
60254
33139
6912
65005
34726
43461
72881
55287
4853
26370
73305
27695
88668
56294
9619
93087
1455
4374
43938
37189
10852
9555
25354
14875
68495
21894
82384
36229
27716
983
80193
8961
48344
10276
71827
61223
84240
34158
56308
6491
47004
58747
93331
27865
40117
99720
14210
53015
61842
30835
11775
62965
82277
65388
88148
28005
10261
69484
88612
92233
79173
40789
52251
34603
97193
69352
65575
18797
27210
8108
14081
6853
84312
19826
88473
52213
64704
34589
17222
6677
48844
47250
65234
72739
53779
7885
59543
7884
44880
9908
77308
40627
55563
60290
58791
89446
5079
24256
88600
85213
49111
72849
22139
85338
45637
25920
21048
33562
69411
75384
1338
63179
62435
93995
91006
63435
64884
83432
40109
28967
31243
92133
25562
90344
99764
38122
45423
80146
49869
4960
2930
23461
51747
40005
39299
54298
85156
73321
86072
50145
80301
92846
72772
45701
12700
56877
43668
33859
66022
98405
8658
87036
62200
77569
77590
35231
46441
68210
4774
18502
6311
22462
1023
91037
98654
43348
54237
91603
55904
9481
36360
10859
44182
38288
64496
79877
49620
44569
27019
76199
76440
49740
81720
93828
50603
23764
82329
51801
36209
96583
92213
22329
88316
58725
99613
43950
85513
81868
57456
47765
8308
29215
32621
65521
55265
92911
64457
7176
17857
91060
439
92534
67105
80495
98016
96663
40338
93094
56035
21986
54791
83194
66573
41340
16243
81621
58558
65723
35559
87836
38260
78070
13721
95885
18556
40119
6825
42124
68804
23274
36540
83088
10229
36333
68622
60423
27926
23076
42357
86454
69881
80894
97176
88735
55875
8026
9186
84868
24691
21397
19993
19873
6727
99705
12955
87592
20960
97068
67858
74856
60109
41444
4049
12588
45963
78962
4141
91532
7969
50440
95719
1951
62554
89560
56787
86454
48047
13530
2258
52976
662
36538
3390
81017
40682
73890
89821
68371
74812
20462
84748
7875
10590
80923
27799
54131
21832
1185
47266
38653
269
602
53620
18594
77855
32701
39630
98969
6652
8532
88875
51187
38791
1237
14111
61787
57667
13005
69661
84378
73381
26330
7919
35105
10333
80301
79030
67364
82994
9671
4966
85008
77030
59507
94432
4987
27291
41470
3463
60086
11605
29123
88044
40414
59912
99116
39712
8249
11919
12718
42885
85086
43317
97888
43501
1942
20514
35892
72587
24453
36922
78497
25486
12779
30012
21828
57734
53017
77679
41211
21955
1619
24899
47688
36646
17187
97223
61331
47355
15087
16335
9115
13504
69472
44751
45794
29989
4566
51625
65117
71708
62525
9752
15652
31258
8665
4998
60597
5353
36550
63741
24211
73840
65198
81330
48780
6720
78589
65132
45580
29216
43665
89453
60828
72665
57211
96394
93402
39902
14264
66692
94885
17806
61107
27626
54537
76806
94460
61269
21830
7394
95118
25701
47453
57085
39094
4212
30004
47752
12203
53107
40097
72898
65092
27418
56167
97189
84868
25633
87016
6441
26745
9503
74966
85259
44571
23047
70477
31663
82610
56079
44161
53276
42615
71884
55374
28046
20031
46108
27893
53958
11048
44519
92669
56841
28296
959
45245
73105
27086
43631
31143
75156
36451
57825
16374
61192
9571
66220
22217
88278
56786
54125
3465
87770
984
66312
27615
65627
1
54548
68786
56568
13526
60496
64628
70729
53081
77359
97109
44184
42782
45420
48747
80598
35880
1629
54746
50263
77489
21404
18430
94924
77446
62019
82491
72031
58911
41304
51778
60444
78086
62752
44711
41111
68357
28765
9864
60903
48201
67428
81866
85475
46334
35002
66503
47986
39900
46317
38718
4446
71871
28257
9221
13612
12404
87764
65491
69636
55516
35071
21176
28982
97268
5354
14259
89706
24527
77503
78821
771
54422
97478
77819
1838
3776
75448
25054
19863
35063
40936
43307
77819
20876
8188
2628
3000
92396
25222
57846
57615
89043
54316
57590
52757
6250
59123
28468
48338
46223
54183
47508
86218
12590
6292
3587
51485
53987
63993
14258
7757
53926
31408
8288
6350
84708
95696
6130
26302
91643
63591
30698
62491
50553
61830
59023
42475
46270
8689
81695
19150
52781
69424
71500
56014
56697
67101
75240
94508
54882
32133
33450
68843
74364
38750
1576
12678
8067
94729
93147
84197
33425
21876
90577
21313
82617
89090
72453
27193
62919
37262
87503
77726
83622
65833
64939
37227
31948
34551
88426
66420
54608
70726
76689
7598
43886
62295
7598
35902
97581
60021
94547
72743
20639
8361
74031
67688
63002
73859
91585
68478
42957
42354
79534
15374
88195
11862
4543
15632
37826
16682
25499
76685
87728
80087
43015
2470
28956
7918
40681
86364
24257
3448
15147
66286
91371
5083
67254
42823
13368
22778
79609
99569
76126
76506
37391
6417
40922
20647
58607
31122
96159
71896
87650
32257
96421
45086
71706
57530
89302
41255
83423
25434
50914
25370
75221
25367
99460
77302
50714
31554
32957
98971
16950
89535
41974
13009
37513
471
81132
93858
41006
98115
44190
30930
52034
86116
76664
35248
2525
79134
77241
65930
50077
70298
84630
70980
76999
29636
20064
7977
68786
23384
57283
34637
74025
32438
21662
36624
29061
39735
78009
90550
90203
50968
52636
43833
53900
10797
49432
29845
60978
77588
61988
26774
74928
23740
54180
11656
96175
35760
80229
57237
24375
98519
41827
68649
8995
61488
34789
59306
34788
1274
20532
21008
73248
14387
68760
51933
93720
96933
56885
68002
68570
93800
78976
38049
25670
28927
12480
51301
98406
60333
14453
46854
98550
38900
70725
9154
90519
88210
1204
60930
76927
64306
32413
65593
14785
98834
84438
84813
69316
76784
83558
23787
78055
50950
4173
36671
41790
49198
64026
57698
80824
87789
45253
69716
95171
64241
90462
21168
45509
66599
27820
55009
28061
2486
12043
18594
51055
20939
29222
82283
32991
72775
2557
6313
33689
31139
53396
60430
97942
72844
17337
18851
38532
3307
88733
24296
10517
93062
68561
39173
31882
82282
20437
79418
87010
1189
97431
57071
8901
48910
88405
41352
73657
71033
46746
84833
56490
77058
6629
51219
92328
42899
62397
24340
56111
50728
85146
74133
27916
28728
77276
4720
36317
66678
20554
12120
79703
99801
56144
34706
9768
72945
46095
88200
23967
19916
4942
38840
54486
18647
57339
83249
60077
11919
73094
71661
24124
15458
54467
32295
37373
70478
2284
29019
97006
36159
67185
11883
85063
58996
251
649
98712
640
53274
75155
92436
53555
43104
33164
57971
24748
86793
16277
11623
21771
34663
97580
80620
32383
76953
70857
80200
49466
76373
80542
51408
56208
83678
84006
85882
53030
26266
43368
98402
77397
20867
2661
20580
40385
50524
18069
79759
79776
63373
73826
96085
8418
96129
34477
77638
18778
98713
55376
18645
89793
38138
97620
9007
30582
89528
71043
44699
87020
80083
59491
88123
31840
37809
66249
65036
56682
11021
54351
439
85369
66894
46409
89646
31702
47744
91694
72710
32216
62275
4356
30521
94542
15670
26038
49059
15469
37199
68522
4684
39229
46924
47662
7780
46220
14110
28518
4697
85097
99131
63435
78627
87055
37919
19751
8928
30132
23433
61884
45365
53479
62149
73728
28831
56817
35247
81637
43352
58651
73934
65671
15511
28357
66276
27382
86903
51828
48923
16099
72838
38191
1297
2475
86219
25911
52077
28013
49379
667
28233
52358
38636
94470
25397
66319
6404
95771
55026
37907
3957
63662
28575
11136
84241
5818
71836
82857
98650
49405
23610
41631
14246
6972
Time spent: 45
Itarations done: 5096971