6854
60165
3490
49707
88529
45077
10779
14860
35770
67230
11074
2309
16496
88418
40416
46834
96104
17990
16891
3258
85880
92377
5056
22989
57612
90761
84741
64987
79662
33652
93960
35628
78280
57368
15799
12211
4615
56678
57354
68230
92641
40360
25124
85021
26158
49963
35782
4044
94036
50750
13786
46812
2036
15645
18069
5328
26848
87913
8862
84946
43356
26395
12673
63650
29720
8296
68582
17033
56490
88841
42183
46627
95767
94574
74883
40725
44350
57611
95743
91496
40800
81882
60626
89912
70572
69175
99146
20910
95590
22787
43771
85213
15104
89598
87386
81343
63163
97620
65741
91649
74722
95363
89412
29506
7169
1815
56266
21394
86993
31391
59877
17151
62316
66902
71963
44483
81198
15411
17610
49663
82906
96784
80912
95385
84727
82809
75620
18832
70472
25949
90507
88317
38460
91108
72356
35184
46541
31246
40838
79199
99669
28208
39026
10275
61533
53880
10871
37126
35924
93539
62707
64331
55820
13255
9690
13278
38549
46251
30040
59626
13952
19304
50079
20116
9123
39608
61254
84994
78066
14962
26690
58794
97557
85690
69301
41848
11501
5409
46075
57656
95249
19584
3857
7127
28628
55723
80849
9709
11840
57168
64954
73530
31915
63592
45244
21976
89089
65657
96022
92448
22233
38721
14315
14604
30377
91034
91087
69977
73436
45578
34083
32629
49354
11511
75912
91403
87215
91108
94856
58280
66255
11172
47824
74553
69246
64077
65010
36719
5391
92914
84010
77399
92651
57661
7494
53108
72330
74854
53045
10302
39786
31944
26313
23889
14294
39322
89408
28301
38370
97949
15273
90166
92277
28594
15761
3820
32972
29855
6237
26089
18403
6497
22752
5196
57869
37026
39169
123
37040
30032
41115
31409
2297
52507
1221
52093
53189
149
65817
78419
84105
19625
7141
73900
36658
85826
17037
37481
72826
83323
18261
6792
55537
40580
47725
50849
28189
17885
22324
93091
17496
55561
32525
75241
45080
47681
21431
45251
22413
18358
97805
28469
20967
42578
359
20155
54857
71674
77583
19623
86813
94654
72526
11527
69929
90993
5096
88189
67486
7861
25865
98365
50992
25395
74788
2504
62677
57268
15864
12261
42790
70643
34483
92938
64359
99539
78057
11532
88489
68703
92499
20176
51779
41271
57212
75024
24137
52819
49482
4022
30019
96846
75496
53490
9069
82297
89712
63082
3129
92427
86867
41441
95780
36124
91660
40745
97856
97744
89983
57345
67759
59585
42550
17828
78976
92315
96865
45075
98824
82991
66700
37297
22254
97730
79600
34494
12459
56685
2399
91445
36039
32652
42341
24071
44676
71447
87101
46908
47516
72165
90877
73406
38907
58447
35678
7932
94627
18123
97024
18576
26456
87890
21524
43263
89676
12119
80118
48169
71021
10483
95254
27056
45643
47740
52872
2919
80790
10878
777
69195
81205
63727
3851
86808
16648
67219
73499
35418
45494
24698
13851
2556
49993
35942
30437
82628
28606
21062
28428
49357
48687
5963
86984
59788
48872
44767
33855
45783
94649
91403
60120
49794
32904
22529
8766
65713
61616
56981
42813
52703
29444
13181
48761
214
6576
95218
59384
35719
23019
769
86223
83236
53402
99598
36604
329
38420
40058
52630
44024
72184
2826
50278
41965
52034
36075
55616
74135
82802
74310
32102
2597
51018
64325
68048
21957
36223
96028
46529
41645
6357
63336
51388
52604
52063
60908
72441
75593
50813
56163
60605
36101
15921
62865
49369
61703
77767
82486
2901
51729
64998
72629
73039
26221
1991
47967
47517
21430
15517
18522
50006
62456
48352
22471
8884
10165
10466
16306
46140
49131
59472
43825
50388
56107
91175
17249
88732
64402
38344
8733
81011
18570
21236
68554
6990
95911
66945
57502
42112
56556
16300
5287
20674
72299
66835
84210
6624
75814
58242
17948
11662
66542
92779
28956
37915
7301
97237
64820
38184
46507
75391
33850
80599
4943
70232
23242
76515
73128
53831
69354
80542
75568
89363
98941
99871
71587
64555
62643
56349
78922
78801
37579
29294
25881
77146
84611
69579
60650
63570
7627
16273
72182
93237
77164
65967
6127
38825
48738
41877
91374
49540
27447
84916
28045
73137
4737
42168
26150
90999
20638
59513
25622
24273
85381
94651
73069
5082
27955
54357
78354
70998
26023
25531
24967
33229
11515
13440
62180
89421
39324
22543
64096
464
52684
15365
948
27388
78155
63123
31400
29203
35563
58158
91092
55448
53822
92678
22307
28256
42243
20944
62393
97898
78765
12729
84437
73046
41478
74745
62722
72431
27866
63688
17598
18065
77413
39675
79654
91902
37503
12034
1490
7572
90006
10792
36843
6721
86501
76656
1483
75566
23785
99876
28052
91391
28111
54132
27863
51023
6585
65393
76725
3717
67159
27700
48952
9442
4902
27917
33992
70183
1513
69693
83477
36695
87500
93272
53001
76029
72000
72205
22580
96202
53925
30663
2461
63534
89917
65750
56873
15457
9552
78055
7292
67029
36280
10683
8909
32897
93812
72071
29279
38138
51939
71142
96475
71160
93246
24678
25597
39795
62725
6288
77092
27720
96011
93916
48130
12512
8736
38592
49113
98933
69495
20942
71449
41447
71930
83959
9807
78502
67671
30661
62351
77776
21157
53425
95823
96375
99834
18197
28844
92870
18762
61215
56430
89098
17367
68475
11484
68825
57913
98925
34904
17634
159
81184
4924
53828
24787
60578
58481
73662
49343
98379
22603
35891
4757
28340
62242
40379
17969
56998
42433
13472
76715
53649
97331
98812
36267
13542
96397
66488
64685
93521
98904
95661
13137
13208
91936
56237
40850
86815
14176
13687
20504
716
78024
7760
99147
80199
15992
10662
92187
95111
93808
53129
43564
38604
52275
17895
93906
75806
62728
39212
60279
99915
6768
14346
46092
52120
19979
28400
67787
58676
71455
17353
6114
13590
86226
45832
64147
88575
56039
55981
41585
83308
25457
51621
15505
38456
84885
18009
51377
21571
49856
41605
55008
61658
56810
86572
15985
52079
59606
5137
86283
63407
68108
7471
83888
7976
30489
93419
10588
76059
24208
53173
25541
19983
87195
76919
21799
96944
90347
74508
11636
93890
25215
95358
38370
48572
56660
56089
97290
49679
69215
28805
66391
45989
18067
16456
18771
19536
80786
43388
12907
81016
94349
18977
34433
27026
53452
90130
93624
58169
40813
84506
66483
94690
57830
60436
4143
42002
24925
21827
25222
52328
24837
26744
48872
649
69308
16887
22407
43244
79827
21852
46750
55336
86492
46845
5368
50707
65554
35433
57916
70609
55815
9941
68528
91901
16851
31271
486
45070
17851
87215
23959
51627
74916
13713
51552
87362
86770
77080
37616
53019
54086
96861
51564
87187
6013
68763
62900
87551
99009
55028
56223
16111
97675
45645
28168
51586
95089
57957
5037
17930
80981
34499
59862
61745
20097
19333
662
73351
60260
41648
47866
46350
49843
12095
18199
48772
7789
42064
84754
35219
55796
29069
88549
63904
91912
12408
35557
95071
57551
92432
25005
38023
25816
24054
19701
82806
18012
40529
87190
99599
37364
37075
11742
13930
94216
45555
1502
69081
85360
61246
92549
68388
81647
40613
82202
49596
72656
75046
7581
81070
14973
59680
22276
85327
31477
18704
13876
89258
13064
18974
48225
72344
81357
2275
22421
34279
81195
93252
57918
31647
85089
94788
67523
39626
8330
65556
85641
79184
53056
85466
59829
12818
22360
53916
63503
52615
71359
33038
4639
43261
91210
43523
73311
79590
54116
44163
92147
93379
82682
77901
8085
97296
45325
46967
91248
5276
20939
87577
87328
58053
20692
50731
3564
70198
2516
59778
95208
80707
64801
7725
59318
33058
59751
77664
35787
32606
24024
18220
61699
29297
84520
82613
24433
51905
60556
44673
11362
76331
50178
38078
59569
44984
57981
26130
67701
66871
94584
98519
43880
18725
53737
8831
28539
36362
52113
11950
49140
32433
98887
34059
34868
1818
47531
9584
43783
79153
70578
49228
32286
94313
89641
61127
27367
31153
87594
33243
45775
32403
27576
99202
41068
9343
4361
52135
49449
8727
57633
41447
48350
61386
83839
85992
37926
87072
93553
63787
4940
58275
74650
93198
30948
32155
38106
3399
62267
Time spent: 11
Itarations done: 432793