14129
99627
39158
56492
8617
7586
7065
46563
50919
12163
56488
64915
26064
38103
83709
25172
75108
83110
29026
6099
16212
58060
41455
63417
48786
97799
93036
14253
44094
94513
5937
51712
89877
92408
21312
97912
48843
22454
82664
57844
11267
48933
28498
93538
70487
45797
89092
98279
26753
20100
60478
13988
29658
52249
85041
1398
2289
28357
2638
42258
51274
98703
48728
25593
56082
8081
66730
45885
48170
8801
70668
20077
36034
85146
41136
12403
5724
89291
62727
41327
28045
12994
14269
31235
33475
96841
4579
63031
73702
9344
5905
72425
74758
11935
74839
42444
862
62680
66183
37586
90367
1489
39129
31032
95649
2670
27058
83465
57262
76850
92365
42301
69381
53638
15973
43510
48338
78785
77493
14706
98932
15244
66501
97835
84275
46132
27983
32514
44065
39509
85733
66970
73471
49735
6311
92537
70231
98320
63182
29781
81088
98306
35714
29596
30361
60569
30957
90966
93222
47869
47477
38634
84169
23043
9975
48499
67212
71400
91023
56352
58466
64240
1992
36430
84098
70327
79061
90261
77023
15214
12196
43420
44256
34527
65071
8049
13480
66618
12137
32401
72215
82443
75378
25138
45824
56075
77774
11766
21680
37988
43097
53343
15953
5013
62373
33457
96761
25856
16194
98500
22842
99112
89054
18366
30450
91889
36949
19977
2819
31506
72736
34416
86335
80139
15073
89933
75474
52867
6242
77737
74579
23270
41750
15244
58722
97527
70341
32302
98187
27931
16868
9961
81512
79771
52489
8437
70556
61754
86708
31212
47735
79439
84030
85576
70346
73599
14348
16414
29805
60990
30624
9673
24670
3711
30063
84719
95466
95146
95674
20634
36633
65405
33967
90548
96312
77288
21512
10189
98223
4937
48180
42133
71556
61710
98107
35570
54576
71195
40776
22940
45548
55905
14070
39405
10634
51847
68778
78874
22569
43991
9709
51202
96203
57598
12473
59146
7414
33449
16914
70831
30433
61184
98302
23706
5270
44293
95621
59371
51734
22749
32597
55121
79425
84810
1642
87743
4144
58248
93434
37792
70296
83037
45604
18494
96162
32517
52855
92409
4323
68079
27775
21129
73064
83637
26744
78516
46216
20441
58543
46396
68722
10259
74599
3099
73087
35492
99314
9891
27927
78501
96488
98069
73983
69217
83584
60396
15254
30081
99438
54542
3324
60385
2964
33323
51461
98316
30536
26802
41776
48287
67918
14667
43456
63621
98992
43837
43060
30168
77977
65850
98836
5173
34450
91345
70230
27512
61201
84855
41022
30344
53788
52086
49917
55308
67647
4032
65999
88583
33698
17492
98066
13438
26617
49971
6681
1353
11292
8405
95682
44337
2444
15835
95909
64792
60009
67847
18095
26055
8583
21539
44117
6717
13088
13709
46263
94868
64785
62167
72650
4621
31870
64243
13630
16575
7092
70019
68786
96313
41194
74260
67045
50628
85452
40680
53444
39814
79162
44918
45278
76223
8694
98492
77620
4187
33519
94982
3623
74511
21642
1838
88550
97905
61939
6467
38127
86048
24128
13608
31623
66426
18459
82537
87940
87644
66668
87251
79057
15599
33344
80552
19321
57740
82581
43803
1357
42548
18638
8171
19801
24462
41290
40271
22564
80672
96670
95377
56026
15477
32599
54780
25320
90406
73785
80328
73793
53813
16694
38857
96754
52380
6556
71934
43793
68771
99633
12257
31214
44614
32755
77021
81583
16065
19108
708
30856
10395
64332
5011
95297
26347
50223
41980
70102
48478
64689
87976
39612
26237
66064
10656
14997
82241
57494
78969
79485
1021
12832
37002
13457
89450
39315
16538
92181
93138
84291
20327
97450
99259
93330
68278
61099
55607
5311
62222
63103
88098
26389
91348
39923
4533
59258
70069
19766
31083
76679
72824
90600
39831
19009
6204
24044
90588
64277
37778
23673
28313
66351
83145
39802
48629
81834
37984
94476
68267
9526
30244
90184
14683
47678
59134
33717
79687
33697
82189
92632
65603
68584
9457
15945
89280
44097
64714
92942
99256
84488
77629
94445
4391
86622
77932
39362
8525
92402
72872
56046
94996
55633
2668
62751
7324
71804
85119
74385
27902
23753
80190
53818
65263
58764
28154
65122
22278
53385
40718
53449
32593
41069
53600
71632
20685
74762
81120
97142
62093
71618
48657
34692
94721
40258
17165
79568
59518
22353
55478
24666
29439
89748
60740
30267
19264
25986
75067
39718
55666
86770
97408
16502
26881
77787
43601
98560
24370
10261
64714
14284
35082
94713
94061
81255
42221
11637
56611
13577
44883
54122
41056
96583
12472
71964
4408
48709
48516
59355
51745
79500
50312
19014
9635
70001
15757
4441
90734
47187
66829
88941
29201
97625
30311
35200
51846
67224
40729
42369
38246
23713
7886
29002
14655
16389
21931
69641
21076
53729
52617
40446
88673
33603
36210
44997
65572
3119
33447
85233
33072
95543
85003
14462
61460
90261
87143
59499
64850
68429
59525
27178
27840
91719
79563
16855
93319
14503
13352
44982
20348
50829
81817
50430
43804
56722
62580
89971
93371
55624
42978
52154
58449
30174
7733
14823
17674
27118
65963
46564
87025
73729
96539
5656
78846
83964
18241
21393
5618
40457
71724
52161
6962
74498
33999
2208
26095
30307
72960
44810
12830
92190
89409
43360
84244
73582
87117
83872
31237
15515
57643
32521
19470
18709
65944
10026
96568
38260
75264
31059
83934
2834
55335
91323
1198
81279
76644
97531
44043
8749
5307
26271
12045
1720
78048
66548
62165
36667
54849
47802
45667
40734
18019
80285
71463
44366
10757
37890
27312
75676
85712
94903
81747
34211
64623
87588
84290
67830
93811
9139
79221
90574
17096
62243
49075
21655
77679
87340
8035
96167
3570
56661
72516
96579
27364
74198
46504
80803
40434
49987
72554
37357
84126
23462
15919
81098
36022
95057
68834
13999
58105
87883
84811
14634
35416
2001
78603
87297
48780
42659
56575
97101
93219
855
74279
40953
74857
39653
53340
55921
93469
92944
28098
46338
45229
14641
33979
18882
60809
25814
94202
50881
27650
94856
9138
81301
32064
51463
3591
6119
96750
79110
41193
80211
82372
52647
72304
76416
68060
87727
42011
29107
24992
47032
48231
94364
49652
4586
6410
91770
28951
3932
46945
53893
68062
58523
44211
98655
23652
33440
51946
57089
50131
16356
98768
34399
84600
32669
79703
55753
67390
84804
64876
49932
19366
98916
34893
53701
74650
43573
43932
77723
97954
44475
6213
60833
99424
56848
99251
53674
96695
72893
78176
14979
63825
35497
99433
74175
49809
1419
59262
12545
45587
47211
62654
41833
27785
39415
51827
13957
9833
96874
39786
78406
86714
57500
14157
14951
68256
24424
99231
8432
57714
7185
90053
99687
47327
92454
1361
42093
70590
75766
6350
16728
72192
60839
75456
10815
30870
86251
63747
43898
97882
70649
37025
34126
94356
77068
71342
33017
44487
84602
8410
21284
8332
21337
270
50548
17938
56340
30552
36196
13570
70460
56832
55168
23019
25780
78821
79132
26271
31806
493
78261
274
62814
20793
63769
44090
15240
57158
98379
43431
6619
78868
93060
45372
8278
3106
25657
78991
72846
85616
62454
75753
64627
19976
37219
14624
25950
44752
43987
41260
15873
46194
29575
88008
38926
35612
29751
52056
41085
75229
79041
72758
87728
24039
38256
85955
54104
76080
26180
23078
52617
67560
12208
65872
93279
36365
25294
63781
23721
27752
61219
70330
23411
53427
24972
57320
33062
27669
27951
21168
84683
23825
70719
4464
60327
17249
81226
17597
48329
6615
45673
60264
84629
34572
64613
10739
63816
60805
90433
71954
79548
75854
53995
37795
7301
82377
68011
70413
73695
12098
2654
59967
66130
91269
64914
71848
24086
15253
77374
73306
19137
43701
44396
71319
74572
81804
14072
86586
97529
70240
92865
34770
96599
66664
46500
85382
36098
64999
25485
21177
34573
65269
86498
26467
49539
76349
41976
91481
3079
6764
59342
31683
93641
74546
48633
85933
8224
46162
22688
75419
96107
96656
87576
76489
90384
68388
22634
84838
66784
94175
39245
25909
10602
42070
65407
97001
22049
33728
89170
10183
27908
85992
8205
42015
83132
26246
75007
85943
39835
36089
97696
46359
33136
84995
54876
9481
83384
25875
9695
75516
42524
37876
63015
39041
18720
18192
68538
60069
97822
44356
43744
76992
42839
51180
49662
74376
93336
92439
79793
33553
5502
86349
93909
61998
70609
76065
55968
18695
24679
71646
87079
26985
15417
78324
24203
93857
23778
57418
83222
35187
47054
10875
60994
40135
37924
28138
75225
94723
59667
84968
33241
24561
61551
37811
41161
9740
422
14449
13509
71132
34577
61933
19964
26615
94255
76148
10726
68220
89421
3904
94904
16735
49973
78036
7331
69006
6135
18777
88413
64994
7480
10540
18886
66575
47914
42238
96743
58151
10888
81415
17179
50321
74243
37710
18006
92186
17272
59547
82820
75294
53961
99465
52084
42804
75847
78103
78346
1137
25489
74646
75942
68207
37327
72387
57867
82243
76506
92072
22849
38307
78232
52827
54249
15788
40331
10733
19030
9479
49898
38451
9857
79264
31264
25862
56260
89040
86985
1267
41880
14167
66179
95466
3918
58556
35209
96925
58247
37470
44610
75213
89017
50140
83098
82056
65144
87530
84606
74573
97720
94874
7519
43677
32164
36060
36621
72086
76868
87500
67744
91055
6087
22818
22703
52665
39026
36509
7828
85413
89322
94643
73248
54813
99567
93789
52055
7887
24014
55488
58579
40651
99309
82952
3221
91094
47839
59082
37633
26643
91224
70490
78530
64739
12501
868
70994
37916
94722
48905
42848
90619
80943
90853
70566
74054
46046
25944
24098
87432
44295
14019
83136
99271
98276
39086
20554
70780
24566
9920
30086
94838
49466
39420
34804
58750
54104
28121
50544
36666
2426
14054
94141
18472
47832
41120
20213
85937
84667
41195
42154
54040
9280
21369
43161
5662
82030
97046
11279
61182
36431
14075
38832
41063
64494
58649
11084
99081
18390
62384
71538
26678
7712
71832
92046
54729
38894
66610
94713
8066
38755
78381
69584
207
27682
84145
7172
91003
59607
21589
18123
68281
25741
1688
43667
56080
26914
74332
69950
96706
55434
36433
46983
1564
91501
58782
78619
16631
11539
47865
93852
2432
26180
51935
31688
85483
14203
66790
71944
98469
95360
96066
22538
89744
89837
73256
30210
49308
44976
58268
16049
67984
70956
79993
49833
19315
16251
8206
67892
29564
30996
3020
8053
80200
11807
8234
82210
69388
95099
26051
32143
44257
67649
35008
17448
4092
92913
90358
65783
66105
9517
76748
75096
80069
44390
66706
95120
75845
97146
75268
31121
28722
94628
91028
6756
31496
84933
6945
94839
69317
38748
70458
74950
3627
52534
21735
5005
84854
2832
91376
287
30056
83903
84403
97881
21326
71948
86104
47083
3518
98293
87091
7045
85762
81252
39883
51794
80185
61727
27376
79715
43452
11212
44790
99695
21935
32464
70947
19347
39732
52942
32222
92084
10258
18971
43052
89271
96733
34686
40583
51298
94691
53911
17852
37136
60469
25451
99840
35778
63665
12677
99818
24934
98673
56809
39554
62481
50667
29974
16322
74347
74759
28891
52052
58876
13603
92966
65547
62214
48298
91574
67377
91804
50240
14518
88880
25857
77413
16893
21643
45469
37645
15025
61897
63047
23469
3678
25451
45817
8478
66368
23115
36367
83458
80447
63998
53581
2065
76490
84625
16744
467
97560
85526
73236
53105
18130
93756
25912
27611
24648
59741
50161
5935
30214
39920
62572
45843
94341
12855
53244
67223
45417
25759
22017
61004
58311
70886
65213
34985
22435
46751
43984
30531
46636
67854
27949
66815
86448
48411
48500
95187
46502
515
15060
75229
6324
55225
44488
16228
41275
36282
28965
62994
62050
90455
20903
43384
75935
5958
44763
36356
80931
30969
55151
64041
39904
37937
48151
59034
46048
66220
98574
9029
83277
15500
39662
34890
5518
55523
23749
15395
7476
63863
2475
32155
36042
2776
43384
71555
96336
98597
56076
87108
39284
92748
35558
95215
78644
92079
43030
50086
74578
58101
35088
19455
38143
39608
21130
61735
56482
71253
75780
87363
12026
31818
58187
72378
70707
80262
93325
80608
43919
65047
51730
42393
86920
32832
23618
32350
82381
46284
20884
86497
71941
57615
56256
99869
40938
74347
42676
49823
31864
96924
27984
97309
60658
3927
30064
28675
36590
10018
65851
13925
41283
24140
73916
73870
5321
91083
14851
68231
31949
8227
96247
39528
56497
71062
9804
73421
97483
16050
86940
65235
50719
97466
76247
14477
1323
56004
21246
4438
80159
11313
70102
62341
71049
38012
80315
36990
82974
65334
90885
75541
37558
74229
22022
28708
86244
52578
28223
64668
63897
9092
74364
25864
5949
39574
26440
20091
4758
85368
48681
97471
57494
23176
76985
28301
62666
77834
94978
63284
55306
55232
73460
27271
31863
51227
46608
70375
5017
4233
89025
76237
45917
24116
26577
6197
16744
48061
60924
40265
70051
45319
12750
61025
92980
16992
91929
15024
4235
14526
84206
77644
69629
31090
3434
42133
88027
3749
96028
51202
13676
1131
99995
90479
23210
61253
54772
67104
6021
87202
30054
3909
55208
4607
91900
89834
62999
34106
52640
40663
79321
34487
57427
40609
75081
27731
44785
54965
62790
25885
81059
26743
66296
41504
9446
96136
98694
78348
73083
10618
2873
67079
68681
25643
32717
31905
62272
31151
4620
48413
51851
77462
28771
80313
93076
15654
37564
63338
13613
12147
64531
38262
29361
44959
91363
21810
41473
39996
72851
44179
36965
59722
70002
74937
37659
13707
70118
5285
42327
20782
49291
53960
85082
15919
37532
16522
89473
61470
79692
83301
32150
92006
46342
10013
42606
94758
37961
36835
56207
3555
43044
16684
6573
63137
56163
31524
90346
2871
35569
46687
62478
44120
81532
77544
23388
53942
46464
20274
40704
49252
45725
29062
7759
50230
24087
5754
78606
79529
46967
4786
35066
4678
27834
46179
35142
25105
73610
72440
64110
12341
28409
81393
59719
22183
22623
16307
11116
11018
89158
97097
37498
4983
91516
31969
36937
90275
19473
57553
58441
15678
47237
17389
91014
24257
16297
3583
82364
60172
531
54488
96832
28676
34728
22502
97251
22647
39297
337
88658
67362
53752
21609
93104
76722
99451
32117
34325
58778
28114
61903
98592
56159
76805
14992
3812
57875
42339
33642
52769
72979
8492
87020
68409
13694
7931
80396
9115
95883
77433
80260
40207
28086
69751
3237
94175
26884
18387
22199
86703
65965
12598
1698
68066
39017
29068
86653
80270
92462
84014
33147
59102
63038
14879
88283
67259
37381
74306
97221
69816
35989
20747
39846
66506
12353
19836
76945
76644
49530
28599
16353
32004
31063
20556
93202
70526
60916
23981
95249
39506
7956
87839
54164
10701
54529
60339
66767
81827
35807
63591
6353
88957
66830
74478
33599
82608
67543
76688
18953
26603
12649
31716
44011
63308
52707
27723
58023
51420
75676
4246
27563
23194
3964
18110
32249
26881
51073
11222
27556
17084
94029
64538
16876
30865
53068
74090
49358
40626
8407
64800
87462
6179
25445
65669
68743
57855
4356
6008
20087
30111
17811
56505
69389
30823
51425
31221
39676
75305
15527
87021
3672
36036
54004
5480
23050
59219
36199
18953
95897
77486
81233
47294
88372
4420
30622
44623
32111
31042
54696
16562
27607
57003
51062
57532
5628
79949
69265
74977
63656
35372
74764
12813
12423
26223
47502
59900
38786
6681
95591
31040
15517
87686
53001
37739
66012
13168
21669
23928
22507
15429
13055
27841
60
95672
41929
45422
45383
91447
26058
12915
9563
86589
49458
96703
36753
91226
54014
76994
57119
69526
34516
38617
21647
21044
25546
36965
18856
27940
85142
90054
69012
64745
99812
58673
157
29998
58213
15784
72059
99768
66691
73614
29155
21950
8871
32263
31588
67173
83658
37239
34678
27266
91185
84934
61444
5455
74719
94883
40251
73805
67955
75537
60235
82890
41807
46326
30815
96286
92547
42934
18461
88190
64017
25017
73795
86322
50640
25975
55182
64237
85096
32960
1163
87285
74784
61919
3384
94647
14545
97296
84135
56267
69661
98915
88164
77938
92750
39573
57133
40402
10930
26082
66890
49076
95523
73744
72677
39814
5556
49673
25470
33145
78442
73896
93815
54463
26512
68864
49868
40928
86383
77722
55761
37140
59739
29674
17013
41143
78634
16759
53362
99899
26265
60527
74242
69122
44983
89413
36047
46165
67354
17979
1409
56679
13170
17766
16888
25807
5609
96123
74812
92948
73089
54204
27423
35429
19878
78189
77072
50942
68143
28868
74878
11147
96892
33849
22105
39616
29123
53949
83425
86116
47499
90753
89329
66181
51024
25833
26122
10081
399
33798
86249
18447
38173
91131
79174
53208
11262
10661
83550
1959
68060
67589
55154
41459
50126
47097
91856
91692
49277
35907
96828
95792
54968
527
74284
83057
73933
43476
38217
72433
64321
5434
13926
52012
89960
86052
64551
26498
66856
89065
80426
59009
43684
58380
27735
46224
30789
60982
64761
56578
68052
89786
98994
30081
1035
4952
76391
85283
16914
5753
65306
4023
76965
26707
21902
67830
70753
81494
1297
1148
8691
36086
9299
36101
64233
78538
73209
51034
74747
67070
47071
50858
10984
80343
56603
51015
29059
64233
32186
98902
25990
67966
74426
16657
30105
89119
46143
77442
70988
1778
87086
33714
90151
25063
3227
442
73258
264
91179
58813
7444
83972
20118
86718
93202
31916
8501
41141
69267
43578
969
14537
41093
61232
71989
62408
38739
68688
57122
52496
68397
14833
40241
17335
63254
94931
5586
1444
84051
58729
97238
81943
67438
78534
15416
7207
71083
2733
18920
41910
18541
40634
96148
28887
3978
73042
13260
78254
77121
59638
47419
72502
92172
19016
65461
32616
70939
90159
13908
24722
58
45142
44938
99401
54936
12032
14756
46485
18918
84231
55706
17049
45201
37928
41594
11238
91134
52837
36825
55698
39794
33091
44312
97587
12115
54926
44541
23501
64353
25695
48733
71106
60288
24813
72768
38878
5330
11359
75307
15082
30567
25377
93535
40944
18790
80315
52980
94961
71691
42566
24064
35403
27631
20762
47382
66246
52811
42222
52096
98160
45135
76907
47459
60635
9719
80223
76120
83914
87730
65220
79708
10148
46123
81976
42141
12013
64863
77410
44135
94018
90332
32258
83628
26819
58864
23644
91104
18097
32775
41438
96283
54860
32699
94521
83185
61569
94717
79089
4267
6027
28501
45322
11172
50709
3569
90994
99535
91095
44768
31036
58392
44466
75203
40583
60906
52813
5124
45704
32450
41637
28625
40801
84524
32848
56523
44568
8559
44391
83436
67430
82334
21837
59796
52566
53579
37920
15443
69873
30230
64816
60432
87666
24929
70963
70823
20426
72501
19294
52474
52574
63485
46993
64231
68046
14229
88232
73431
73320
24629
60808
11237
87634
58271
75203
93096
88236
16577
40319
70491
40844
68464
33981
84147
15858
40124
78269
95995
89445
65701
9847
87442
55242
48962
63677
24882
27231
88518
94854
9880
97234
74690
47758
51093
21523
74824
44342
17740
50195
85676
4081
60334
80249
46419
26943
13357
8703
73900
67749
26714
85643
2954
5358
8061
18740
88924
63342
96444
60557
56944
70174
29244
17893
63128
56411
8999
58422
66507
73968
24461
54072
97348
88273
31124
92853
47449
37986
50437
11263
1069
78881
4080
47934
71337
28647
59900
95842
6298
7532
29521
35184
81214
26145
24100
61950
99272
6178
44385
88224
81581
32411
53923
79454
39127
25106
60204
11161
84298
90704
7486
73013
57688
55757
67205
21706
17033
14092
97103
85749
59496
20438
28613
55044
25916
45096
33513
46063
66238
63707
15526
19456
29019
93755
70257
41082
74701
5190
57773
19736
2325
26379
36107
25283
22397
38587
11127
89392
4800
2261
68420
17786
80008
86652
66278
97659
74236
80609
85319
66843
14782
46897
49948
22346
50482
44961
59592
85035
94013
87788
93539
4517
7727
17362
82194
83699
22773
80203
69716
26031
2446
59541
28244
60088
35006
73921
22294
75959
68685
83395
63416
15792
82139
53892
39843
96889
17292
17999
53595
9929
88360
36068
48387
27129
20759
5447
65715
75625
66678
87566
23587
79840
90300
22766
72647
53295
14934
80902
47813
25099
76821
52178
41
19245
35881
17090
62477
65913
52404
46972
78000
13101
50488
77363
91030
24206
53959
65255
85500
92602
98602
88265
33009
77777
95685
68845
415
69244
46114
9911
54529
14270
81969
9571
93062
3312
42755
82149
25601
93149
77378
50253
26153
61808
99689
88414
79679
31704
15373
92612
49027
67794
81015
22022
95817
56108
52393
9393
99080
94656
28337
64682
28831
83521
98947
2956
48261
83818
62539
11985
37858
26289
84354
37608
57535
89412
31904
5636
88695
34220
36771
17925
27201
78425
710
57201
30318
15973
85153
10358
55960
39833
97462
73122
70969
5574
14785
30362
46617
81247
66883
15780
4199
65064
33021
42324
21307
16574
94814
60364
60253
39304
26874
44563
34147
73221
158
32304
83205
3956
19109
36652
94193
72344
13019
35058
59211
72640
54453
91342
36594
60681
83161
2986
46288
54299
72593
78343
4840
97448
87940
39108
81005
76780
49579
12237
31989
24854
33848
22481
62467
17645
14288
21778
33767
75722
70798
94997
39001
8234
71577
62858
51424
96740
63316
62327
47914
1989
88780
22388
7252
90865
87745
68809
83731
23060
27176
85377
60640
7382
49638
31032
95297
36203
25076
62460
77562
33150
40454
39879
37126
3992
64168
154
51394
63530
77709
65803
25401
22357
75762
21090
37944
56534
97724
27094
74010
50460
68574
66510
92583
98691
95105
5910
11003
75934
84688
38271
22383
36156
28099
21828
869
81492
15339
62636
91132
49576
33967
97695
23020
3929
33159
23121
40131
76226
23507
77525
81873
1520
22524
34643
12658
7933
48888
81224
48920
70848
14644
56261
94992
18303
63906
5910
62175
79063
59033
64755
11887
97769
20829
8571
33396
2591
88006
36320
39382
99968
72956
29856
38465
88314
55840
8639
22847
27971
77038
43748
91315
78228
59238
20591
13148
13881
14700
42882
26804
63606
70741
51879
58820
70307
76996
94283
42920
59665
41725
9823
17154
17236
81261
25290
77707
16774
56621
35593
72062
12823
14368
24420
21306
9198
45012
27155
71637
41599
21559
66951
88501
67408
83229
1179
23287
38632
84977
99979
2159
44966
42098
41191
9324
53143
61038
46725
62951
35999
62478
4218
10923
80094
70794
14845
5761
84285
65231
83213
53314
13273
62413
18524
68146
49964
27256
47503
10123
98379
89936
49102
21264
24877
80238
8540
29729
89634
77429
54015
38649
12577
13752
83219
71550
38428
62690
8804
3220
13991
89352
52020
65130
67521
39640
91964
77921
84783
97300
34256
29928
9308
43542
97395
90386
55411
12566
27671
18697
11673
48197
44222
7004
29900
31738
84671
72347
39944
69232
68755
96794
4356
97498
22453
99174
28456
92661
8345
10469
71216
42281
89281
16353
60255
72815
11905
25079
274
7777
34194
16585
78440
68822
36868
29635
12478
21910
52403
47784
57675
13746
17336
52083
87523
39933
3641
18705
89370
35542
13202
53049
71264
81280
25735
68385
59066
73973
74989
36715
73941
18817
90664
62311
19518
62606
84190
54236
75257
2138
75372
3184
88016
70054
53870
84
77311
21529
44594
69186
21434
19592
99288
26706
71399
44264
67969
17631
47542
31282
13312
27892
9713
79858
18704
16894
56086
55761
6396
66238
97938
55919
26043
94508
78162
93827
95870
45098
49772
11246
78830
14322
7384
20956
54327
50421
69376
37812
2409
20602
41379
60901
51859
12844
52788
28264
56136
11984
47109
77516
51915
65465
24289
10591
23770
33142
78545
78927
45539
97646
48765
76599
94009
97093
214
53215
33767
30277
86056
35831
53432
76004
95113
79732
92932
62854
78326
51568
39111
23400
60532
85205
82654
67799
86464
40561
23173
15679
20286
38756
81281
32375
16520
43133
26556
25793
6867
4985
58538
73618
2215
95284
84244
67015
92054
99267
20157
76660
34518
59445
9237
69667
69472
14375
84250
31836
54318
95528
27517
78707
17625
12606
74196
70966
49203
78895
81292
85058
96927
2515
37799
28209
20368
96908
22765
28576
59236
44434
27488
75869
10648
80683
45707
35545
73403
53875
1326
10550
9725
53701
27092
78591
95370
97004
29593
90052
77485
3906
76064
71909
36312
97281
16698
46396
51577
10941
12499
39675
7351
97445
73211
25362
30164
85156
22429
20569
44355
45958
97743
27948
45894
27
62591
96262
41336
2062
53485
54121
72105
24637
11375
56780
45960
78587
49124
74266
27275
87845
88422
40631
95695
66649
58946
78712
68739
30797
90155
12586
98102
11378
41855
80737
91684
29410
13489
66998
83785
32823
44100
73429
74439
93476
65008
69559
85526
11161
95458
65807
36078
74022
77854
75379
22109
80370
33653
48587
97343
35570
83609
86284
90352
99488
16761
64978
60922
74935
11422
35214
93871
95608
8382
86909
52067
93207
11660
10621
62073
97754
45333
22070
85602
52545
26342
58757
37918
5763
22636
2164
50308
74444
53617
26731
37943
63334
55563
27750
26719
61092
78565
34241
13077
29366
3494
70083
79337
46477
67568
86863
63759
66736
65380
55326
89282
8876
48535
68790
87875
92658
81545
81535
18390
1365
24236
77911
65028
59761
1614
43807
20786
81995
91015
91117
5659
62019
3324
67970
42934
50273
60139
72737
18532
84694
71990
78228
78184
21589
4067
63974
75100
42408
75380
49125
66841
96227
74880
16256
74273
74500
93777
17241
57750
4608
67162
56370
36089
91814
89988
52999
72442
35391
22580
96289
77821
94034
29063
17972
37827
78092
98435
25563
51024
1735
82498
58093
78473
36848
47453
49183
43043
72275
76679
8142
84472
96967
81077
58802
71492
93663
70333
7915
95916
50912
13523
50193
25228
75570
70762
55456
69992
15354
8875
24853
30330
81584
23614
47750
21724
95940
78476
38632
44598
71894
35959
84256
54363
81401
884
85275
9090
50500
17442
33694
20445
73672
61659
27785
10216
36128
49269
89440
79546
85623
35246
15470
30889
962
15805
63962
43727
63081
56216
49593
94279
46351
58529
97647
26697
12758
52143
85497
28646
9621
37137
82449
37720
42737
35364
84098
6804
21145
7538
25707
86255
47148
75902
50649
38712
55792
51514
4566
88371
91691
2814
23651
20706
47921
17823
86356
90934
81623
6226
1804
69898
64036
59487
15341
54599
18873
37326
21898
97259
52259
77048
91221
61598
79908
28578
25527
97882
12757
2558
89779
39373
71003
81415
77515
61963
58260
84055
1062
16030
42545
93697
23951
35010
58815
55303
85493
48673
69021
24180
2721
80783
89916
558
73290
90589
26327
16264
44420
25497
28151
49124
57604
88342
23033
28297
26553
86794
63500
59467
56742
24758
67256
42694
68893
16005
22435
77651
45895
48834
75769
51130
82904
7208
20961
79861
83726
58587
57003
38086
13116
51618
91723
33780
84245
27846
24559
10000
33331
40794
54348
38591
9331
93020
22897
42301
85567
47210
23131
28352
82316
40843
71824
41583
74624
35687
71237
48537
48002
63118
61425
45186
56154
84201
95528
40476
29516
69477
54085
5455
81145
17595
51184
93494
57382
74169
75240
30935
84687
82700
50239
49486
71216
97892
99484
81775
31930
18384
43185
69707
19416
50689
63699
41597
59113
99046
27772
98547
7249
86920
63822
13110
72557
55065
54159
84040
68726
48319
16907
9718
93518
98733
20547
39894
62654
36172
95114
40401
61781
9167
78440
58789
18248
78604
63274
10127
35894
54733
91660
11718
80706
84015
76656
83065
52931
56496
18290
93137
32134
96668
20597
80860
35670
21199
9642
96687
88198
95442
98614
13244
60079
97297
45427
31248
95922
1780
655
63232
21010
32568
49248
12110
82991
87830
8121
74193
58967
36794
53562
86998
33973
808
17309
11037
35877
78053
8255
81744
93837
44592
87896
92804
72706
66124
51962
75354
24167
84565
48135
18901
86864
1521
90282
39240
62456
66720
13373
36276
92237
93671
50022
388
59872
67047
99559
19769
49785
76765
3614
13223
97889
12213
38353
62926
81558
76774
82849
49933
9174
37556
25513
1532
86041
8168
26055
44026
53112
73401
59162
17131
17718
3839
27877
46881
21376
75721
49608
92799
18739
6754
85787
82055
73914
42158
7335
18429
15578
76840
62475
7121
30759
79408
40819
67808
18590
91634
8249
17795
70043
13008
20805
94738
87332
44200
12594
54116
7611
55515
92685
20474
49563
66836
79031
93459
58620
74114
43618
9737
86798
34078
42410
40122
6522
23661
56033
57582
24309
23533
72783
46279
29812
36169
4157
34371
88475
38035
34996
24047
61942
82773
75206
61121
19350
17659
98140
33437
84778
49166
21881
12505
51364
95096
14003
55955
81007
90548
77813
69752
31
72911
8662
88628
95873
57068
92586
70723
17557
26199
56359
18200
83632
5821
67997
29428
5244
59149
29793
60282
39127
40363
2174
22251
95583
69041
45982
73214
39864
43814
73212
63141
41909
96183
51827
81406
48981
96512
18945
15041
78535
63309
18512
67924
54506
94279
94520
9821
39228
32950
38901
21083
45291
8285
14395
73980
46947
36300
47051
44819
49006
52534
10405
82373
12701
52082
3996
67600
82601
49994
62543
87249
6448
38940
18931
9648
90608
13381
84095
94847
87906
49866
99955
93226
71680
81608
67759
86818
10175
82182
53486
5770
18772
77927
24410
8758
34053
41592
76518
50622
23321
80766
71121
73083
15954
23810
10842
45133
18859
23287
50117
48545
57291
42299
53373
50899
64410
62675
85274
33640
28246
55616
41732
45902
93084
85176
7809
36166
3791
72896
59219
73312
76258
37901
7820
6212
74862
40979
28312
26725
78725
3403
93288
94835
22588
41695
86849
56597
5204
58055
63209
35696
68436
52836
66005
7638
63612
80240
26475
71907
38196
51314
14246
21944
95473
99360
23158
75374
2671
62034
36353
67613
48868
1696
29831
30889
82980
80985
41698
77623
94309
34117
55573
82242
33349
26080
20887
8743
8928
71671
60290
62610
39299
94245
94922
55230
79375
40058
52000
56501
94102
28282
6015
77076
98813
9010
44717
65513
41414
22022
44208
27595
58404
97591
83582
75170
96956
17276
28922
90079
58673
57436
68871
45103
87159
71109
89584
58319
91138
24933
35534
69851
67635
96945
14486
20746
65603
58384
69890
82526
9384
8027
61984
32951
83509
1137
70135
98633
65630
16734
53215
88356
82712
36724
82290
22292
57153
68287
90442
21809
4106
27008
68237
62133
39041
12347
70189
5854
55465
49367
87482
29138
36719
41029
85296
24446
72895
73911
99285
13680
64177
46841
35031
33890
5294
46771
16799
64036
62258
79066
87415
45745
72207
70463
69855
13639
19923
2107
62881
91486
70464
97334
58043
29330
66367
84306
33429
53665
29996
77129
712
77878
46877
70747
56393
73353
44217
24674
15550
33030
20336
18575
86988
68624
25359
98696
82373
70371
41247
98331
38748
23841
60168
7805
73762
22232
14177
89825
86027
34520
66320
84640
59197
89946
33516
26060
27676
17532
74982
94202
14322
35685
46423
63731
56054
21399
89884
67391
91984
1171
1876
83802
504
96478
98304
75757
36685
25502
73691
50686
39445
9757
34354
88483
49092
59382
70420
83537
208
14074
19959
77621
32239
98002
70010
18178
90764
6486
33915
62589
76068
79850
42109
63174
32489
35576
84422
9946
61945
23705
45921
78564
88093
42459
85480
29462
93795
1092
16494
30775
3865
45251
62543
32505
87495
66455
77330
2230
10376
1761
37809
43748
75159
92317
42214
59160
50768
10184
70552
82217
5979
81693
94141
6146
30785
32551
52883
52706
50223
55020
54252
80903
9672
50706
86316
13552
38075
33867
78643
67810
76097
89573
89555
11810
89923
68707
45962
33725
78225
67479
12869
1828
19752
82983
23669
14578
2088
58303
59459
88241
18281
30773
25857
6271
17399
75210
39206
59404
47483
90293
520
38394
34939
10739
5186
2274
3126
40509
9166
34279
44663
93014
48345
14759
26982
93133
86652
85901
28667
42832
50728
56552
75339
77256
94154
97144
68158
41413
22648
4461
75455
98893
3131
73950
88560
43554
74187
3254
26608
22698
73211
64866
11902
95977
96417
28032
27360
48128
11853
80496
10635
45611
52744
99151
35701
77297
28704
45393
82001
47603
5745
15698
93692
96816
22528
60883
87112
7793
29906
98551
73257
20863
63595
82356
23877
19442
85644
59029
24774
67751
59433
39525
27899
78968
55004
34143
35083
67275
16823
53186
20517
90457
64427
54479
26574
21078
37928
26972
48095
93714
44967
35718
53981
63332
13457
17637
81732
75626
5365
9804
80529
93968
739
12372
71509
49592
18357
36794
40078
81751
99611
66680
74432
12792
45609
63379
16890
59438
64004
81315
196
16062
51674
19123
99680
58306
12121
21807
43922
6139
82365
66404
91576
54304
23089
9082
5
25037
7918
45095
82635
23099
32994
34710
76206
76325
56356
77996
16554
26281
68165
79268
52144
93076
87428
28023
8219
75986
78622
37363
51310
67241
82528
23181
93727
50221
59556
77808
20763
25225
50975
90331
19529
56129
73754
92483
37627
59423
78040
63767
2334
63492
12844
12387
86551
50488
65131
59622
16401
55701
60247
94395
77262
40094
37503
32113
89882
70499
43752
7246
96347
38951
19898
52644
16835
27722
90568
70270
12413
79856
5501
77787
16570
66341
22780
23371
78767
50531
68602
97143
96941
38039
56071
31775
2747
66016
96361
77116
3251
29615
89616
54081
75851
65385
40055
41604
59398
11453
39
27095
83808
42555
11206
55625
32896
34356
77308
46001
40721
45941
72982
2892
80433
21974
65486
43353
16433
6737
2257
73365
55578
31120
96200
95426
51253
80580
22715
1771
85308
77226
27734
9426
77181
12362
34411
23137
46969
47206
27639
70082
89772
58960
90148
36326
2330
46993
61743
49141
39787
29651
94086
91605
70360
56020
77447
6267
38757
28971
22963
43264
45373
85899
94219
34871
97621
11785
95321
33290
92185
65579
39150
31388
42558
85343
39120
97117
74914
232
90482
91512
77170
18071
33151
7472
1072
76153
16986
61897
85143
39882
22609
97326
87589
8913
26095
863
92535
43755
34246
27968
80403
57057
58666
26598
33840
23358
41474
93221
84265
48598
93270
56385
90938
6479
54815
75808
84391
92570
47909
65365
99115
69027
38096
96891
66617
72923
92029
18357
39251
39373
75769
24797
67672
47003
6743
53239
60351
27794
41749
33943
12238
95898
56137
19421
1536
40788
45165
29975
18416
98911
57562
99915
7649
65019
53414
82151
78250
29426
63795
70518
57606
30672
17899
28958
44948
94433
94960
74629
49644
88962
52862
48003
83436
64975
83107
17213
12596
63587
42675
6177
65892
69786
17325
6425
37338
60869
78006
31123
18891
49387
2303
96414
47553
48364
46235
70004
53820
92895
68199
9819
53943
36699
26513
26604
37180
4827
94737
43477
61039
24401
64859
92770
82431
74156
37403
85852
20745
90492
29683
15212
70022
42873
68640
99707
51753
44600
73124
63675
27232
96352
71931
48532
68983
69374
48597
91497
24481
22746
51651
70243
92167
14944
59936
4582
69740
13705
46605
26670
27743
30210
42528
79781
7678
3680
60102
82343
43176
40718
1823
98715
55203
70061
44500
91104
77865
7889
59616
88048
30016
41437
3076
94048
59765
29368
83492
82230
53834
86228
97133
57315
21869
65257
99813
49716
36921
78958
71228
3247
37694
1
15658
48692
75557
66445
34413
13429
19899
74686
87
3305
19099
81155
60374
7125
51195
49525
133
16433
88271
74001
94367
23622
41671
81284
91903
59992
51310
63847
79839
62009
31685
25430
92185
8807
89635
25981
42620
56897
84454
97749
80953
9061
9653
66830
95581
93597
37497
55213
10154
97332
82362
57168
51649
91271
7051
80859
99170
11240
17375
21099
58069
7581
64625
82437
42349
57720
3028
3073
89800
43337
29806
39607
78992
29927
69184
60196
64939
50666
48485
59436
1192
88805
54403
52113
70069
73226
50619
24973
99902
50314
84090
25712
8404
71966
6690
46659
74645
44356
91292
16931
8649
14957
26983
51340
57229
36392
36753
16921
57436
34807
72844
68654
24889
27782
9894
74845
43248
82176
74035
99547
3214
75856
17346
34557
24714
28908
71350
76694
84278
99730
90676
27453
61163
99289
28616
51584
10346
62892
69946
68735
68334
32958
83230
68040
98554
48565
44762
29370
87127
7979
29360
6930
6956
68863
59422
81005
78289
77585
52968
11851
67325
73758
13840
36103
80922
99124
62784
30530
35089
50877
16854
30559
97710
58710
86364
31729
31818
32141
73582
21076
94749
20098
25403
82408
80625
48254
13458
94560
28876
51300
89401
94908
59889
97076
90582
11788
40378
7461
51861
78932
25683
16877
13036
32635
73988
73501
98135
58080
78301
80499
82804
95112
16046
95048
59069
35705
73275
51437
52930
45484
60712
51173
49592
19864
2268
67858
33557
41738
43138
47442
56369
42111
94238
45567
3500
77653
2478
32806
43690
29919
12266
15947
8972
99759
62622
68837
71706
17488
46425
39871
56119
14429
43559
4833
46169
4691
28107
63625
29003
7387
41252
37298
43819
98955
16163
7836
89672
22884
38905
57329
82540
99805
30282
5429
41946
74819
37540
14404
30451
10869
31975
29640
65586
87062
18743
50106
73048
89093
78564
78073
52462
85246
77492
80287
82564
65929
572
3850
1366
87302
87950
29193
58653
273
77885
9842
53128
64989
90108
44061
34581
47914
15107
47011
72646
73700
10183
43711
68024
57255
41468
82877
9499
72790
52646
79638
60641
26073
85697
31122
93763
83718
26781
13134
75551
79096
1236
58349
48683
58238
95660
36938
46860
51141
42205
9008
26838
53931
60430
94947
371
85597
15478
14518
1434
39332
17795
78489
29625
83009
59297
77577
69378
75910
53592
2689
96410
59534
23783
47698
47761
49190
60348
91420
49884
27
53756
28973
70396
46252
91703
24388
83441
15533
99243
86093
16054
1899
91602
24835
73472
39946
4069
39617
25036
60747
61135
91390
69157
25590
47919
66539
85721
27501
50919
2591
27431
22510
42269
47136
97728
2689
91922
47573
12260
51220
5567
24131
43344
26120
2599
61460
2368
3679
68058
65188
23843
75322
35255
68957
76567
32263
81644
44739
42351
91237
49507
64676
70809
11497
35178
86176
39882
28432
25742
83698
26127
82314
563
30416
16203
52095
56467
40887
71579
13600
60065
21849
92160
29078
78429
42483
11360
40804
90225
27699
95095
85255
33415
98480
10200
66364
2755
31797
74023
26461
70594
89304
96209
31721
67815
68796
76174
45281
28325
65314
25295
95695
70062
89836
41572
60940
58297
82632
76303
78966
72857
75670
97272
64580
79899
3830
71014
59458
91021
38283
57904
67178
77711
16975
38143
28356
97541
77004
64159
72368
80016
51559
65478
41551
14597
80126
15867
21441
81199
94829
9301
26263
64318
88069
81301
82786
95956
37019
55231
27610
79655
59074
89338
83030
58173
99022
49630
4894
750
3471
36146
2156
2387
20999
45713
12363
7206
77510
63004
79854
90710
15447
33499
24217
61637
52797
86919
5373
73110
13243
47750
88626
64904
2327
90672
88145
93935
56181
73034
20522
48403
69146
3933
31440
82580
14511
90053
67932
53824
8654
32086
56316
91174
33004
32380
11621
75749
20554
14413
48145
67190
34046
47739
82803
67494
11482
18260
22956
73865
31299
82979
8696
35574
54310
845
35881
96315
32417
36866
20671
73196
35166
95334
78964
96242
34351
49859
84783
8156
4157
2831
40594
3125
39761
24981
39426
65539
70833
96933
23831
54779
48030
98947
49895
70608
10393
72464
45891
25172
99419
7685
14613
42284
71665
95058
66056
2404
75867
15386
82789
52588
2854
33216
14271
4723
86950
1219
68272
52452
36090
79475
17703
47475
94523
22877
69372
89284
96791
92345
47510
98881
54549
1055
29409
66680
28845
15633
33105
87526
79644
94037
97750
21662
51640
56818
16174
49456
50845
56511
76117
19856
89948
31093
41700
27771
32114
1762
59912
93974
42680
2742
8284
62606
66101
11379
9334
76013
81543
80469
25010
34384
54686
61618
10060
98543
95580
48325
47117
48248
52792
60568
8239
65491
22651
38891
87768
72537
29019
15243
29580
17802
33838
80332
28145
69227
71582
72766
17293
44364
61803
73981
73176
79202
43094
4760
48648
13605
89115
84081
25119
50258
12690
29110
14919
26130
37562
46342
72307
20730
19025
88213
74482
13805
24454
26934
15290
96629
42645
27881
13822
35672
76945
88568
77652
85182
91262
46015
76232
46090
20388
45313
73775
72669
26434
5209
42950
35482
81726
12763
30798
59434
85180
28411
76513
69094
73949
85233
87058
89985
75036
21792
61094
74146
52632
96582
14257
41044
46066
93957
99574
50767
60554
46346
35638
55465
68354
65638
52135
7106
1436
97784
37428
34889
68486
89018
26115
44014
8793
79505
95812
29042
3531
20815
51921
39675
932
47301
66706
84559
76055
18276
4734
9595
38100
87835
10600
41226
18660
52219
56796
42323
22804
70822
49724
88529
1587
56258
70028
36301
9319
81336
79814
20405
41882
56363
63760
88235
13389
88899
83742
51084
17644
49879
17322
8381
38159
34981
19266
79906
15880
28170
92276
63122
57324
45555
78177
18019
67468
61996
84046
70248
21539
348
39110
14825
47756
93795
37715
97307
79088
15425
61266
47098
46307
5986
87752
38441
26828
20755
91337
58622
34304
59453
6442
70073
32436
39394
80877
63285
83136
21332
70770
10859
93965
99919
36401
49481
12675
26264
82542
36278
27720
38769
49461
48736
72762
40228
1500
23258
484
74123
78988
56436
86424
21121
76190
25235
47099
57954
83137
17556
8321
95201
82360
3014
39418
37907
22928
15265
76960
93561
3654
61857
97649
85641
84926
25326
64170
17745
14353
70149
60100
73267
95245
24144
50375
28666
48948
60068
52351
4529
22122
63392
79162
77971
68294
35627
21852
32373
89349
49072
69672
25967
57120
38483
28980
19538
47803
87922
90321
15281
12664
46915
10563
23806
77367
89058
22378
94370
9182
8345
56879
14563
16482
33726
66899
10040
48116
30805
68164
52303
41617
51078
73552
13098
28677
83737
81625
87719
43904
62842
94829
46286
98609
83509
84987
62023
75221
84791
94180
8645
69897
64055
57586
15124
60976
97892
61566
15434
9194
58011
5017
33329
1860
27030
14963
97752
37726
38748
78367
93178
11844
90199
91320
11011
436
98693
94034
83082
64667
6047
55495
46388
89142
64322
95153
9376
46104
72668
80680
64402
29473
73222
20649
18455
34261
55533
78832
94760
66341
63610
72929
91617
55165
47440
84627
71607
7724
51700
226
94257
85928
88399
21449
98325
11517
97309
34610
86050
2736
58305
2937
61020
25227
83089
51695
23778
95932
80327
48592
34831
13270
57784
43040
13417
99469
97880
16979
52220
31632
18892
17263
93148
6978
13079
85017
27360
34670
35131
70900
53921
71737
99563
26897
55781
23816
34101
95002
29211
12801
27581
71121
33401
72942
5515
8499
10612
74547
64236
39191
64092
90157
95419
34342
70911
11914
36763
94465
49922
809
91764
59449
1277
98602
71749
54681
83199
61437
26737
44444
94204
80482
48173
46684
84478
39466
46238
74245
28860
21502
27162
6862
55657
18387
21884
65470
40473
14341
46353
55794
42312
13199
5955
71724
80390
53081
91752
658
24402
5879
54637
52740
98468
90161
84978
43879
79493
35640
69990
98421
4420
24887
48788
1557
87638
3751
36001
23782
89759
95746
38766
60180
72053
77670
49133
75810
16994
73807
54074
25141
94734
4278
68752
18269
7700
79472
65150
39570
51147
66954
37820
85442
86119
69826
21251
77006
33145
46279
49250
20855
59917
68876
25717
36415
54234
69121
58320
41969
44755
37929
91869
93074
56347
55870
66511
96888
64302
8374
17410
83836
42258
589
27198
4060
82327
24146
40229
30292
2776
43852
48548
91028
48533
66125
63503
28349
32862
23021
94038
73209
64742
55736
62978
57726
55804
9744
5978
38747
3102
60034
14330
89908
99606
69428
2428
30431
32932
45509
3483
98043
94709
2456
22897
40718
37862
52902
7791
97330
87206
51914
23222
60851
29903
90291
60961
69383
86675
87598
45013
50106
92085
66703
39617
49114
92785
1055
10055
16181
6309
13533
34384
77625
69803
71438
15054
22734
48045
66019
93402
49649
63146
86926
27130
65092
54534
2054
51137
9037
77134
31491
5432
80152
98107
60597
80401
70815
58051
71761
99275
81473
21294
86930
30454
73328
51695
3757
98185
35593
15335
77064
39095
88976
29523
44264
34252
20578
48754
18518
31614
47077
2555
76597
62168
32815
77620
49771
44518
47353
67164
85547
67348
33073
94158
85629
36900
67565
51899
41243
77527
47841
95317
80784
77354
93806
59482
16723
78219
66963
77978
28831
19329
26985
23115
48961
57428
3583
92399
19007
2797
43988
21241
78128
30007
7417
10577
97906
45145
17058
19901
24844
17052
47364
91133
8460
9173
19900
36822
90190
80718
4480
47388
3430
61079
74023
46385
88250
39859
41321
50259
55683
56340
13838
69602
45938
16868
38677
22608
12514
16370
74031
18259
29884
91119
15708
6702
66290
83838
27722
87346
85147
59395
74506
11408
38667
69559
28924
14933
95510
28702
35084
70780
658
28816
37826
53618
132
91838
51826
70659
75812
30042
32403
22699
26317
61141
27394
24945
98764
3718
34887
35204
23174
60773
65129
8173
26438
84395
6590
18918
5916
2955
25939
76030
24150
83738
89617
75556
45592
98529
80708
30462
73892
57456
98977
47214
63981
77243
74236
11009
77045
54042
93597
84244
18454
18155
41714
19005
48814
58182
79773
33690
86531
15536
43773
6286
26613
66751
25562
92431
84929
30665
11101
85046
39710
60265
89631
94160
82850
4922
14653
40484
12350
57694
93084
24358
94278
34540
2469
52885
97668
67517
87776
82388
59053
32436
69119
60760
64619
72921
99636
34851
47488
27496
48785
21710
85214
14018
50513
29356
48288
76707
47990
52632
94324
54990
87053
62833
24546
90527
59011
55924
19306
49034
70138
23534
47577
96885
19965
63319
1731
39012
3383
50865
43353
94202
12607
53997
58473
56693
4228
82179
11306
68820
13834
28605
54422
8467
46123
80692
275
77233
41935
45836
84092
60439
25329
63636
51344
18512
63573
53207
84391
60780
30855
74810
42347
47309
52549
68664
25806
62234
21033
70665
93813
2834
16329
94670
54287
32668
35265
14048
21099
54196
31378
71415
81081
66547
94441
94779
42493
87503
53297
770
42790
35250
68555
21162
78040
85097
92795
97654
78910
39087
15027
51602
98870
72336
73490
50433
99131
48925
16248
60450
11774
32288
12585
96999
37646
50317
69878
57231
88821
13759
90396
48176
16752
28009
10379
3379
76753
83010
99794
15072
66990
53730
65340
95632
45945
94586
91526
22056
76110
65147
75079
10229
63683
81628
56477
11953
64107
48885
29046
27034
1532
91062
10854
75140
6613
65485
97553
77751
11557
14064
75330
59158
53889
79215
62331
87348
31168
87176
64149
40488
17707
80605
74441
2845
1340
64485
25218
65132
23360
14600
93049
28602
7992
86232
97194
89648
49096
52234
83580
12247
81283
94262
74588
79255
214
68700
78771
50388
12581
69693
96897
44679
90107
15712
31141
8239
73891
93195
2779
24361
25506
1060
10378
72323
49486
53285
15294
43674
18194
13228
24177
80366
14521
53002
49217
7784
70467
53981
66041
97536
20397
90375
56444
9810
6581
66817
18545
33177
71624
13070
50506
60904
47479
74148
65600
17154
3965
72599
76207
73908
51048
61135
92222
79977
98628
28483
15401
57219
65173
69035
75320
5821
92249
77774
44922
510
65858
85982
94022
52598
67464
10303
87685
58935
77678
48065
13053
58218
33809
15066
22972
67475
98823
88608
17688
77176
33728
88124
46922
42058
78009
98545
3778
16610
33446
17419
99235
49084
15510
85771
51387
65962
83486
44886
97111
50017
85592
46364
35537
39401
58573
31260
42435
52663
2591
85570
52589
75127
11719
73964
93228
25793
77934
51446
65766
60710
2230
53467
15375
58729
40329
69036
98340
78600
82412
8512
55653
72567
16430
87989
28004
90954
52744
65594
2065
14639
94208
81497
60922
7911
20277
73081
22499
92886
16316
59451
89008
8462
20024
15374
97739
31764
75704
83700
58909
8057
84120
7493
89820
56336
10753
98310
6247
92087
68497
95478
11766
36176
22192
12705
33607
59377
71855
12996
89714
45742
59063
591
35794
44844
6690
69547
33445
22847
46002
2543
890
15445
7144
70665
56325
31875
49098
45154
40600
58564
83445
95483
10698
63373
2604
14635
28425
6983
57694
82086
29717
26678
43751
47750
49169
69561
40781
96010
91649
17200
27947
27986
88288
61784
35181
82297
47658
65011
21611
99843
14617
55310
73395
26498
79093
96381
94925
39135
34967
90652
26822
74995
75282
64901
61752
42197
24125
22150
44798
90058
47861
33833
38997
21879
58762
89357
8590
40009
22647
16321
22672
23229
8776
33997
10102
49893
75069
5122
2935
96752
64570
6612
90060
63041
181
48475
65363
92126
3794
32072
95439
88923
33262
53761
50725
60283
26063
28054
40904
37672
62025
25602
70529
76730
9162
95650
84024
66675
96448
70016
595
24009
65258
26250
49025
89629
87252
21297
99937
96187
638
93816
58857
23432
9020
73236
27198
13258
7475
26717
60327
73325
48998
21344
51921
58363
41159
78243
52071
81655
67573
47698
82922
75697
61687
39953
50133
90659
21461
5069
61010
92023
42639
66988
50911
94666
65606
81961
88352
49646
76259
9493
76238
82084
74811
55204
91713
63780
28148
69294
10365
92600
51122
61744
41868
42157
20083
25964
63606
39940
7973
46271
76431
29804
44494
1417
22423
75620
47111
66316
98378
66857
39093
57178
70702
94051
69314
61478
47520
72304
75188
43465
91991
4399
84927
18397
67202
91563
38185
44221
87473
19593
15214
88133
13488
70766
3803
87249
69430
37866
560
37582
79092
45653
38514
13568
14964
17222
56529
41573
29337
57964
77719
25158
89750
68221
43790
47280
72389
37212
60188
55210
76575
15469
42942
67608
11042
10738
22264
30042
68436
3211
50236
85162
48324
29936
80356
16801
10961
45403
35214
73481
44172
25530
55243
76115
3916
45676
26297
67131
45463
29807
16680
63812
96569
37556
15311
37344
36652
28688
51859
50870
36671
20357
96984
54804
83286
31530
86200
55711
57821
91116
84433
46250
65667
71545
10022
8013
14986
97973
66638
76514
24913
74740
89589
88149
2932
65386
98934
12658
68704
60249
66051
11414
17340
66562
42541
51823
8962
59968
70803
51171
43371
43508
94122
19458
28735
70368
10767
20065
81437
84
71420
69551
558
74381
2118
53434
44963
18450
45959
43508
3543
96258
55973
64066
89880
74299
38840
69325
11477
77277
44552
62444
60635
51265
20650
7687
49184
85199
1330
61614
62479
79900
81486
76638
39427
95359
33692
10814
94792
51607
62123
11465
87598
6291
51618
27020
5211
82919
62337
41428
76482
77762
40897
18528
49345
30521
67395
89990
68348
4123
34395
19732
65808
82395
58731
30171
36638
60853
59898
81225
1375
75492
99831
51685
74514
87199
68034
84376
45994
15308
13320
21487
52531
92793
68794
74504
62439
97765
90299
44370
22714
1140
30169
31818
20361
58781
97916
55268
91277
67870
17424
24234
69510
1926
76210
99886
7278
36641
76511
11233
11882
79546
40228
85314
39462
20588
90148
92887
57568
27755
28446
7251
38553
22202
60075
23197
74069
80675
63488
85492
7274
29535
94003
31886
63828
14332
16186
64315
25352
51620
777
23789
29772
95575
88969
59403
1771
81000
22256
49968
13601
36426
59618
57948
51548
96248
55441
69715
16612
79253
51393
3573
19289
42375
43353
47558
37807
63137
20544
22724
96798
52019
38184
54438
89064
46847
77232
74151
6996
95302
65244
67167
72124
88804
80871
28141
51422
71239
41195
85337
27172
9414
75896
7131
43582
78604
25118
9800
87772
86187
58997
44341
75408
29137
5906
51868
1912
56996
93810
42081
89092
90970
54511
67378
3949
31908
14091
36352
51568
75192
94553
34749
47189
38939
81393
99398
53898
3409
69813
21185
31896
54157
88253
36845
82833
19219
12125
6158
88478
91491
22910
61066
36814
31471
38169
56316
615
52668
36572
47409
83680
2218
28710
70948
78109
62650
79232
4942
82346
17233
68761
42157
14211
40959
95077
18336
15714
1998
52223
98876
87185
84297
93473
42548
7092
71047
79488
28867
90893
60834
36571
56926
17377
23555
1535
97847
4146
41572
9526
10388
45273
23061
89035
9881
33604
19156
64363
14309
77808
24226
29978
78177
89974
89538
53488
64767
63412
34499
84332
432
82291
96881
93883
774
4835
23603
49260
57867
40031
67091
27972
30142
94148
18709
13403
82084
97826
80365
72197
79626
37117
48211
3751
58899
2553
58154
69313
50976
39195
21975
53606
63281
27555
64926
85404
89549
50416
60959
45172
44540
3766
50118
17664
97114
91439
14101
5265
5911
2497
80677
3927
45490
8020
25350
57675
47665
29657
39564
49984
72671
26175
38751
60692
67892
16176
90631
15696
68054
5297
54456
83304
40100
14379
35244
25913
78438
11490
73563
98597
11765
35103
11058
97222
91417
58398
94666
97856
92975
85298
8325
96540
77807
87778
50021
53894
29308
90890
4121
72557
99760
87096
94192
87127
78089
14679
39904
26062
16199
66403
83101
12892
32161
4009
92766
10148
42208
41765
6344
73553
60306
28017
15788
76332
44026
97501
60677
83880
58476
89188
47888
7584
76290
24505
77569
43239
30947
19005
18536
4301
93151
56917
42693
93101
45569
92454
97755
14227
89920
54398
70262
23378
32213
21143
66768
22344
56877
2291
20100
56119
18600
9812
9703
41741
51883
26917
70329
60062
22614
85989
51741
71485
23442
48282
83566
74574
45263
37563
94091
12506
40844
17463
29531
46483
33421
18046
21193
57507
13038
10926
51940
8328
6489
4267
80528
95926
2872
79054
92585
51527
66126
16299
60443
99952
68338
71145
10490
73003
33171
34345
16359
82625
87473
84146
59029
98753
80925
72384
20771
44017
48542
7390
8903
12908
58901
93319
37424
46536
12153
60599
29861
45769
26212
75402
45050
85336
76942
47424
69055
99360
38720
64699
61073
44880
5476
71781
88933
13996
59090
73368
40651
57651
91996
89253
52538
4391
83893
8502
51460
6034
78660
90819
69122
18819
6896
41312
49613
33383
51921
41188
37962
99845
62685
51419
7088
55293
75671
18980
53257
50136
19745
6007
66077
87082
42805
31053
58018
31875
17168
58619
20629
28516
51839
98202
59816
53292
64088
77348
50986
71773
40225
34535
46306
20819
46033
37196
61007
23675
30996
67761
63389
60404
7284
36366
94053
58197
74394
72671
43930
36473
3423
21251
27749
40277
91116
15079
99903
22081
43188
29884
72989
86931
48811
28475
15860
98753
63778
88623
27595
56695
28485
70675
6619
89529
8759
21818
60004
83413
62435
32712
27056
53747
2698
59254
23383
95376
50373
97255
46890
97050
41677
51107
25565
85844
85367
68804
28362
75162
43821
25198
5188
25947
46237
22940
69684
94930
28982
46300
89430
35993
38061
46884
2162
41154
21720
62269
33740
56205
87422
68641
53874
82720
96723
46767
68940
82881
24032
96985
17801
36554
10805
73331
6099
61011
5392
19566
87295
92905
90623
80565
74575
49364
66098
31375
46778
30485
70254
13224
93594
99054
98471
90877
30566
74966
97769
48934
2785
11604
96122
26028
87698
79366
54954
45342
2036
67527
17100
37482
15676
29828
59304
67439
76079
41431
48281
71235
50990
5309
42451
79836
4187
44677
77607
57968
29335
44705
24141
13750
80378
61591
5847
41365
53396
99908
25928
43471
94505
70256
54498
42672
31098
78333
93698
32068
49642
63894
51480
33752
72219
3413
23190
31116
16142
13858
1259
15905
56240
46590
7637
44184
47757
40244
71041
26734
9342
9304
51668
88878
10223
81148
49678
22298
53415
58512
20628
17181
97686
76566
60921
6831
15008
44243
19435
78874
37374
7980
37676
7302
7064
52698
20127
37784
7889
59615
88881
15056
21372
73430
82243
75648
21529
92409
15663
41828
94600
84102
35165
43338
46010
46688
58411
62377
35811
81343
16574
44223
65997
14589
81399
41018
28351
11224
86156
59435
9824
48215
26607
64311
44001
77864
58700
49797
91794
94567
93379
27170
32276
33680
25722
94183
45455
73247
25557
44668
72770
79804
59770
49081
48240
37962
12731
86791
3439
30172
20533
39109
62857
87833
37249
58422
62701
17815
6907
13272
45828
19538
23626
71799
8256
46849
24157
26704
98562
36288
71991
83738
510
18696
60312
32675
61351
54670
82212
94863
63499
86047
90935
94618
75690
75353
348
33128
61190
13078
56405
52957
65296
8693
44054
68882
52075
45436
80865
6481
11231
71238
88594
33754
9916
18517
26957
93048
21509
94149
20094
40611
23565
57544
5503
79374
20587
9568
87679
26869
13719
47964
84256
94678
9121
5924
11131
68414
29528
79679
64880
67941
69383
68213
25715
36398
12923
93630
22280
53559
16737
44266
70808
94176
43574
84241
25438
55137
22542
3002
53972
56661
2352
36247
83887
82205
58900
75709
47120
59340
16202
99420
88972
99616
40622
96343
96397
9239
72298
29707
44023
54390
64809
81879
52439
15092
14399
50292
2600
89769
73431
18720
52638
18976
59257
11106
58940
81256
89312
46184
12049
76688
96012
50296
59741
54391
890
53085
4597
59122
56428
86167
31440
69048
96160
28412
41202
71914
68882
93114
42108
79994
71178
32145
76487
15621
33985
40063
42120
8503
63528
77202
686
33696
84740
94930
52721
84763
86132
38536
98412
20536
19104
23621
96647
45869
61800
30416
80911
86846
17874
37085
89932
99145
83914
17882
23456
4615
85762
64927
39040
85573
53621
53402
64508
78944
78563
59123
12471
3090
68951
54755
48297
19001
4304
56313
80970
74523
66218
65138
17450
5373
11266
52227
45496
69921
39132
61523
87326
76074
767
66736
97074
18055
85978
2279
58678
78479
27594
3046
77676
66851
60275
30078
50292
59444
75981
29557
36289
77517
25299
71086
58252
90887
24027
37907
99273
62140
37856
96472
73451
53081
34424
55695
99197
99500
11705
37247
14013
22945
34416
17429
31248
88893
36011
68431
54243
39579
72850
22186
31389
26700
49227
3594
56765
44317
67236
31518
95383
15494
93794
65760
39475
17571
78682
86121
82840
40429
2046
25704
33962
59713
77615
44757
75416
72690
88710
23649
17024
88281
88167
73985
83307
84765
50403
15392
21928
48759
24120
42181
19191
87304
97502
8857
61057
61210
54301
96381
83734
22335
68783
82102
16574
50011
60317
25455
31828
72597
4221
98794
80760
28973
74518
38141
13680
71754
76348
62172
52645
39103
11088
9428
9904
25269
5542
73493
22593
61270
28141
73837
4758
76686
9654
86011
1473
51048
83723
69086
66652
79099
63360
70469
76051
68000
73605
58676
30091
56563
67618
33149
97254
96663
63767
86897
98172
65225
54643
52474
32943
81512
55442
44786
9785
88930
78761
25188
41830
23149
45643
50538
40665
29069
68560
38135
50191
8006
71031
72895
32417
73443
40711
6636
38001
68805
48035
51023
68678
53897
862
45494
66144
98061
47113
89399
42535
27499
81977
63639
1336
61880
64034
31215
84360
41024
95539
98426
20397
86318
76080
38823
44180
63509
95980
30601
515
13576
96059
34731
47745
96654
83741
45957
27143
50290
62015
81667
70417
97814
97360
34690
76175
55178
25532
5234
98037
75371
69958
44468
52025
38323
26511
87650
68890
41237
50540
28242
88278
69336
67328
86123
15926
30259
15474
52792
42514
16693
24247
54339
53380
21284
20561
59050
41994
65480
58987
70608
76904
19669
69079
90196
61797
85844
18335
1170
71393
85974
96181
28548
42097
49382
34689
52176
45608
20628
95057
7265
76182
15768
65429
88863
37756
39319
35237
87880
25879
36852
34001
25447
61173
98880
48427
19666
46020
50523
60604
14223
84225
58438
82277
21867
24580
61580
95383
87426
63603
85581
47458
54803
70143
31895
91994
30331
75117
42322
8456
70858
3329
27117
84462
89139
11158
10621
93450
61374
33814
92198
55199
42135
38951
42224
23695
40474
29606
52994
7077
87664
38752
42597
87772
31804
10194
66215
77462
27417
66112
23705
11112
49244
20221
64985
57078
48551
7374
85420
96179
87576
65329
72281
1606
33163
22519
10308
33709
64133
16799
79511
48904
48629
94517
81567
10381
77455
16646
12507
79737
97318
29321
58884
63333
73951
39792
32182
84914
29213
75632
71970
56889
38596
94971
42139
26713
45933
58602
16548
81903
50668
70999
478
7494
49693
46585
62548
3116
70550
60055
58069
83383
15701
95102
9286
4893
48606
14606
70577
85924
91516
37142
47382
10757
72152
19624
56473
39585
51884
13953
12192
77091
91529
86736
98321
88011
62559
65460
38520
86417
91307
1939
9599
66914
31636
24437
51355
90619
97620
83526
14315
86491
51897
83602
52438
79524
37664
31872
11693
11255
62706
29747
87380
75218
92354
77704
23181
50189
84949
64061
3132
77491
8180
60503
44066
95079
7544
52779
30553
10802
59253
93692
46941
69956
29034
77303
51849
48155
75575
98223
9302
79508
82785
77929
37647
12274
78540
11228
62542
69363
99296
10325
63467
79474
89680
1363
84600
36144
84136
58905
40365
36610
3680
47489
83531
50161
15037
76226
19505
66498
41669
62330
44271
78663
86642
42564
55428
62206
25809
67746
35856
22511
56434
64799
37785
95594
41190
53265
1360
4179
70354
58755
26301
90496
76059
74521
77822
69976
71641
84135
48727
75947
56382
73214
18421
94365
21377
26184
46561
19826
15771
25271
14176
99283
84293
43240
78286
68323
66781
48812
37422
26347
58315
24288
14904
41607
64597
28582
54340
24841
51392
25678
87529
61097
79122
38488
78800
43362
34106
81135
71794
8720
16494
68874
64782
38038
21588
4213
18857
43546
56028
90182
59651
35181
63247
27325
67751
26197
93613
9633
65529
11294
43845
46485
98862
26410
7586
2578
81061
78296
24408
65923
13284
14160
88070
25149
20814
86881
76509
61687
47829
59716
95826
39855
34583
85877
88437
8396
60457
93034
41612
10771
73878
514
46752
38266
45876
97871
2074
49948
77845
17487
21760
26567
66104
41015
13178
21687
75896
89698
10417
22635
5733
62015
7209
36332
29307
98573
15167
70591
86679
73813
84342
90203
59055
36851
62251
88905
2169
49649
34805
33318
32155
99715
87986
2941
54747
96657
52654
71552
3767
97186
46529
49629
8050
41517
7165
34861
37336
25641
17658
98407
87121
78565
62868
68216
50029
61362
18065
57562
87043
55761
64240
26892
55737
64010
44691
60123
74630
98879
26058
82753
2912
2896
3617
48440
92964
99342
95450
73158
29494
43963
3013
1593
3538
16067
76634
49155
82204
60348
13684
74769
25758
66724
34387
4579
72459
54433
25708
44746
58595
8794
17237
92711
66186
4263
54691
80634
94124
35823
66409
62128
29790
72226
76153
84000
57736
39251
1533
68391
79548
38887
91563
67525
34784
11224
99129
43213
6693
49864
54535
66341
68416
88756
4893
27740
75449
88641
10697
1171
38386
64662
45789
1591
16298
13199
29765
37426
55583
15618
32968
64296
61718
19369
33313
9399
32056
22770
Time spent: 100
Itarations done: 25953184