66650
17076
88106
91163
63009
18292
87685
45103
18126
28893
14939
71129
63470
40105
20173
34694
23007
51656
24314
18985
68996
32814
91727
16524
44749
9089
75839
82003
45490
97209
27040
14507
55211
68517
41833
90162
34773
94077
62412
84656
44513
13543
6641
9200
63183
74245
19828
33174
34347
6953
91746
82047
31169
40450
75014
80136
81055
8281
74281
54302
32698
67970
49543
26953
79823
35497
91507
4490
78306
35982
82076
10840
6297
85278
48831
24782
20623
46601
58813
54467
56969
51298
73960
22894
6193
33544
8229
44026
74644
5004
84741
40856
2426
87380
90182
93885
70334
28329
63300
11363
73509
49315
34458
81057
77886
12791
54027
97412
4092
50466
8849
57679
2696
64430
28000
85916
94599
98582
21822
74698
50809
79043
81427
31017
76969
39153
89872
74974
49766
77165
60679
67783
24671
42878
24631
39000
97496
13254
31494
42004
55817
96423
19814
91453
601
98520
34932
26783
53194
98444
43074
1752
88348
1874
97653
21633
50057
87816
62851
36862
13716
18424
89107
54773
55497
56020
65295
49516
77795
19992
43204
34335
18224
20644
41327
10080
38902
27095
87043
19181
52581
61961
48933
15245
92712
66844
44287
5032
75627
49514
80764
31772
34747
6219
5751
46616
29120
10688
92106
58468
41548
75163
84790
61534
85206
18196
69327
14618
31858
18959
57
86552
59678
98460
43848
88062
94144
44341
53217
82015
81595
87809
81740
1124
91786
48782
94191
5095
93122
88478
4009
77599
82264
47430
91507
97568
78391
1337
17657
19003
11660
37126
50337
58828
45239
37316
62595
23272
70825
61971
45804
99839
8621
34478
4482
4145
24514
69888
64126
98730
49557
32684
28571
94397
49834
74640
69185
3734
48414
82816
14646
41158
45328
62742
37094
54176
16371
92507
98113
26496
97022
9738
26338
15211
73880
35321
47340
71487
12763
95284
76080
47016
49967
75351
12313
6956
61184
31496
50190
54144
1185
84180
24691
19113
76606
44009
69592
85730
74056
52159
54337
3267
16227
70215
497
82271
59834
20955
52402
83834
80912
64112
91111
89662
15404
89326
36040
83839
35913
22235
74378
86214
49157
69068
94838
52114
92855
70116
79359
93333
95669
93099
24027
81394
39309
73724
18805
65584
27998
2617
14568
75521
27278
65336
45515
80829
81445
65305
55175
48943
56940
98305
95051
76154
87602
1516
26363
66736
16948
70160
57388
273
42499
20407
91601
58329
67648
78506
45084
78126
57712
92966
15638
63144
78514
99168
50537
8368
68220
13889
65089
91362
56148
1038
9919
39455
95870
29255
71358
8001
24166
37073
16351
95024
92267
31966
60968
73524
41291
75902
49918
44274
9910
51882
83390
99177
69001
63493
17076
38058
75421
92629
91438
251
25030
29327
17052
56377
63669
92014
54310
55484
84088
76549
77801
37981
96644
8012
8360
5799
12089
20528
29105
87794
15889
57268
75665
50578
45243
65295
5391
82847
2331
58084
5488
24685
50332
32303
95840
22436
42329
54821
18685
64434
27493
80970
84379
93201
63776
25685
60162
95704
41842
85448
47115
44827
91078
850
89448
2410
95263
57084
99808
97085
92837
42866
64452
58529
74697
27009
12949
23898
21071
66300
98505
31881
38248
28329
37025
85140
65799
98581
95748
92882
25448
42353
5548
1880
73809
8978
94948
86452
2998
98320
8431
95768
5452
57690
76820
50294
82310
41076
53278
38259
28280
41977
14938
87752
70204
6160
57182
80391
71359
41301
75309
28432
39044
66734
36592
58815
89086
88427
94683
34808
27688
41839
87844
98772
8337
18432
92692
38009
9546
80401
75916
59740
57771
72577
97873
10986
89093
60459
74002
94425
3133
59005
92685
12273
13149
68060
21477
16832
37354
97199
7562
58527
8278
45281
92821
95
99314
98171
19109
9074
80609
21819
95098
49771
20062
57327
32507
70643
39419
69614
36558
23324
20347
61958
53202
55506
30813
44953
33934
91465
8269
40320
77963
51210
92808
7513
51032
62089
50892
4247
60387
85131
68178
30781
86167
12483
18638
62254
30923
92021
36358
43327
51044
524
26296
5083
76498
17779
50759
65364
8652
50563
19467
90644
9820
17630
92810
30056
62750
34709
80285
80306
83447
31926
79056
4032
16522
95194
51230
3490
28676
47768
82645
46545
42988
78551
866
52515
24358
79651
55528
71746
34735
77283
80334
34655
25704
27339
62698
3509
25558
99738
44428
33356
8146
94170
64808
37280
1584
13896
36072
55569
6370
73994
10475
48380
44456
35762
58048
67146
53549
39950
24622
11235
74158
58076
80777
43263
50900
93283
4170
18980
84058
40037
60001
85813
22614
55402
57410
17880
85749
3746
63183
84729
36245
11387
48393
96037
6261
8079
28465
25179
93643
38145
32651
90823
5225
95677
4990
67609
22497
75420
95594
4506
4574
33775
48445
52556
23580
22856
29892
42505
48344
94553
70628
7213
53758
71323
13192
13742
35167
45729
66884
55681
49859
1699
72477
57532
91027
47092
70227
59864
23464
9325
46410
86481
74863
73675
5986
42974
81707
37322
81983
59822
34585
11267
45791
72571
54162
26983
26807
26664
56098
94984
84740
5127
30891
18442
3357
3593
72897
86586
90569
19031
41735
59810
76520
76082
28820
11242
98649
88019
31926
8006
50755
38169
11537
99465
51642
71959
14091
29464
58205
9846
99347
4900
7655
26959
1737
33927
24087
96620
88866
93672
65696
61744
54290
99535
20683
80694
96184
26012
82280
92258
88764
72401
46266
58229
49065
75845
78011
71439
38140
48891
90287
62122
12779
59049
57956
96130
61535
73799
71152
34785
17126
66099
94652
18070
36235
12620
57913
40339
77248
19784
47569
10920
86678
81142
12210
30709
25798
3705
17855
70282
30451
40534
11777
5054
99041
32265
62197
48659
46395
91152
41863
26998
44480
57842
14622
52308
94890
23262
65869
89096
42566
35858
90063
51949
45387
7876
11554
39012
60079
93440
68524
84268
91288
35917
34118
6849
77767
72377
83676
46179
57230
38899
42506
98076
59803
42087
64695
8794
28864
49343
251
41530
57654
3279
5190
3058
60205
84122
37189
6917
65928
28026
58038
53987
38628
58936
33366
31287
72786
6951
79956
65490
12586
67130
61486
18926
72498
99222
74635
82698
12142
81048
99197
4121
32706
6067
8278
83771
17371
59131
47570
91250
33995
13510
96351
78139
54734
66967
17088
11649
24330
75025
85383
13110
26477
45478
67472
61713
55952
29823
78652
15824
3163
84475
12673
11683
97294
77462
79574
22484
34382
84759
27365
99563
37520
54495
51620
71834
57743
16984
16252
49642
26241
83849
18608
64822
11218
10481
32539
80045
15995
92645
54172
17415
78908
30251
56873
88794
78
19160
34261
58509
25325
25319
73093
32810
63288
54634
51480
49897
98247
56670
2122
39323
88174
90623
15105
30229
5251
37948
80315
14141
84357
67608
85603
9950
93975
47143
93607
36223
33514
45549
17483
69127
91209
92452
3776
53019
67586
42112
9308
35162
80873
40529
28155
16026
22809
9236
84691
42304
25984
40317
59124
21009
37123
43786
53108
99947
64666
672
34703
42352
83558
52954
24360
21639
35298
4988
96579
75975
57162
20139
75495
91779
10868
71004
96897
30288
58057
42004
94044
71938
47621
89023
40133
29625
38191
32397
46375
73762
78067
96729
71394
19603
4375
13865
45009
50415
3441
73808
47454
88886
95179
42437
13715
83513
65677
64585
51870
46775
74265
36405
74225
67495
3989
61861
40493
21103
7730
4788
3383
18392
26130
10182
28719
65866
18047
96184
34564
58949
49407
11709
56789
93068
32176
13725
2195
57042
91530
42923
94475
68207
66425
66824
53196
19358
16379
15346
71486
33877
15636
55426
74172
67273
64756
38496
44914
50923
39277
7462
8195
46904
25213
68267
40046
71615
62020
15214
59985
50261
25020
48948
25881
84283
31379
41284
13340
49485
46370
82079
11669
93871
99989
89883
9618
71084
97877
80341
75806
27873
25098
64132
61127
62167
96458
89698
63412
82078
2867
55089
98225
25582
39687
87977
13924
45608
80028
33191
73979
25955
73666
93110
5018
69681
10510
37830
75196
93545
86535
39210
24209
69560
49583
85753
13661
77898
82659
3725
4440
74138
3120
43999
96418
28233
17598
93830
84997
62621
74540
38066
98898
2522
98924
25299
84074
52744
77020
91019
89751
32218
82969
52029
94321
29995
3543
14246
81193
94583
22574
29439
37693
32284
72380
95549
3696
69561
45933
19942
40946
29515
90552
55287
28858
83164
71592
73684
18085
62518
2893
66276
89272
64311
89694
42770
71112
30788
19246
58132
69232
67082
64543
12164
45391
43488
37409
51782
65093
35334
38563
55477
967
73169
4384
94829
39120
11636
42733
48840
86152
76658
83517
93486
15654
17474
43584
1068
24724
72566
20113
61770
93421
56679
81817
83317
53054
89880
23086
33672
72812
19036
82634
66442
68498
27069
5239
8997
21966
86017
42865
99243
75376
86189
49750
28584
30476
65603
24953
85828
39865
71407
95434
99597
24557
8138
12885
45274
90146
66426
58360
16610
42496
80175
10148
61797
23113
30238
32415
49168
94212
98265
84788
58634
3996
75685
36375
91540
53762
49641
91637
53846
70201
20259
67
95366
58609
51747
26815
81234
75721
23600
7213
30896
14496
27578
94548
84573
37420
51156
37513
47529
29736
98765
91416
18384
69541
28443
75558
29351
27758
23377
38078
13417
17753
75369
79152
66381
11740
30376
13579
90078
29067
35065
24612
87220
80143
27696
72295
27983
18950
36693
71637
23813
16988
85881
48613
24854
21969
56658
15307
4027
5695
24247
79404
2948
37289
67707
17813
92740
40322
51521
99388
46238
5350
90344
37469
27157
33014
37902
89454
76534
77058
86028
97608
17041
41519
20505
83021
1760
61816
56600
62929
5579
65566
69136
60511
94574
65722
39396
15870
11571
85960
64358
87024
84555
56259
12499
50596
98653
45205
64792
73274
72142
14812
49581
27169
42258
93494
65610
64894
97537
63335
88790
53481
90010
48888
75178
90149
22771
76500
5131
87540
36270
45511
61796
21170
10148
15650
803
77665
56514
68599
47488
28773
5245
45891
52933
83190
72270
214
50800
35930
57699
22646
83176
43236
42299
24475
5556
99996
37968
59006
38612
86148
739
66101
7521
78747
33271
10192
98420
97162
87891
61134
65936
60314
30916
36478
45756
86878
44384
83637
61862
62101
22208
30878
69306
28133
64394
77208
40306
28749
85160
22947
83965
53835
28625
65146
88056
84238
29181
95010
85080
33344
62772
38077
74209
18194
9975
72155
75736
69982
92149
42892
55314
11487
47832
72313
31509
87239
88195
21805
72113
31199
7522
27753
92168
96260
27559
75372
89804
50028
22998
14329
94752
62200
9470
48288
58806
70222
75107
49798
87500
12002
2087
61806
97957
57111
55510
47531
89065
51201
13547
41589
27115
12319
75023
36968
82479
82313
8394
14834
1101
41732
99571
87122
58323
42402
15109
75493
21954
98301
21968
94469
46545
2392
95439
41417
31426
4762
2716
21556
1384
95707
71228
52256
10703
86339
38039
97649
28860
68817
29441
81936
39271
68526
38341
17749
71270
71268
51114
64554
89909
20014
25305
1315
88155
27773
34899
57499
61743
45837
80822
96999
98182
59944
10932
90648
78322
60835
5964
44754
71405
50240
65711
75449
2668
98484
73201
31607
86341
65715
23700
72736
46255
35199
80066
2457
91337
84134
56353
43077
73863
35168
37460
12203
34656
90049
14264
28521
31272
45807
50827
30544
52762
33397
3149
39533
47738
98903
77364
35772
31226
68217
49357
45977
90207
97537
67512
58891
77739
14044
25616
95949
71229
93854
23889
64387
71660
7572
32725
11315
37508
87762
35902
78970
79563
37160
57878
33754
91058
1641
73223
4642
51236
77764
55342
20160
19910
11132
46335
77377
35582
68855
20174
11205
40320
37093
67352
57790
80879
2930
50699
21922
77440
28797
69325
65075
8847
17165
20431
28106
36397
93447
67215
90584
76976
5815
5166
47379
40741
52093
68765
52336
68580
95913
35921
38746
40204
27016
68446
76819
75009
53866
73444
69457
14736
90678
82702
19383
59485
15518
24994
23027
26760
31293
9685
59579
17024
57260
49081
47214
98609
15116
21690
32743
69870
50761
18892
65804
17088
50519
23479
84188
62927
68904
40079
3028
92123
83925
34726
57295
48611
35501
43640
94423
21443
82703
79749
51863
75604
36372
99570
82992
38257
85067
92763
14025
20936
34349
22010
24464
43867
22091
71841
44069
29872
55807
61574
50503
52183
41896
39792
33485
53041
41284
5573
63685
98079
91092
95156
67577
95262
77768
31834
63065
86560
33561
61519
54952
15533
55239
86818
24176
84678
11652
68358
70230
42619
15035
83733
82283
83161
79861
21605
21292
95702
82625
41360
92708
79694
66091
47154
77405
24545
2364
9281
67074
60829
40549
15490
19531
8619
16815
50219
9285
84448
97380
80663
99183
79654
58200
75189
68
89759
79094
91797
17119
57061
44582
52175
3911
86755
98883
60351
58223
10672
98334
34015
97222
2110
40895
91312
43906
90272
29486
76214
41542
83446
43545
11555
88331
86349
51524
40389
50630
88942
95947
53540
69820
11542
22218
4034
25258
14222
2535
77578
53744
17214
27062
22322
54541
33485
95961
40844
28245
84623
47896
12643
7627
56834
3342
46364
39107
55142
84296
57582
64580
30735
95936
30158
35103
88963
20310
47032
60277
33595
77327
69754
60159
66766
54106
5160
40164
43375
90188
22279
53641
73779
33130
72920
51670
79217
46721
25315
45121
30706
62331
41807
20137
44028
12825
18741
54919
60952
78054
59585
83077
19973
1087
70750
36784
8627
5151
53649
81591
93836
52680
16258
24003
46749
39921
42770
32765
14195
13222
40888
65305
40131
26423
32884
31901
7370
32701
68757
61858
52379
18771
17665
58372
4094
44524
37248
41704
11471
46966
29555
83961
53863
3783
66981
32951
73369
28858
11973
7497
28912
89803
60185
22060
48098
95805
8399
64619
44777
3063
85670
8545
77777
24618
89043
86494
49396
11554
33610
92418
81029
93362
60781
6323
57693
26667
48325
55710
3228
3591
31096
37457
33609
13675
72291
24394
37053
36605
21695
71958
46530
66902
59547
22030
2775
36292
52519
73421
54060
4641
41735
51482
2757
36148
41855
62901
88099
63912
54953
66009
89596
73040
93237
21761
46172
133
60638
16072
12383
55303
64856
60269
14973
21780
18674
83189
30514
77737
42169
25790
78066
15120
95928
37157
9517
1089
59418
49370
84698
39086
18427
77967
38347
38601
40758
54571
81685
95389
369
48759
32596
17189
56703
77363
35319
3917
8170
31114
13082
5852
16580
70918
95240
38535
42761
59047
74254
28864
42714
94118
77247
3330
48327
12997
81885
6353
97028
7615
66982
54401
80700
80164
64490
89820
55773
26276
71446
97269
93600
92509
87933
85199
53084
1824
70308
14970
25935
78752
27667
81022
39073
34520
43948
6935
98356
91693
78073
24266
23156
37707
80192
43711
52284
97185
63335
11473
98314
4041
86701
67611
89588
36083
39317
87707
67003
47245
60945
94379
96145
95505
888
70936
14407
18209
94742
95932
57461
50730
34154
44407
99735
19263
15298
69270
99573
64055
78044
84610
61271
65455
89699
21621
13429
51948
84703
17383
55886
66658
44824
26920
45943
56822
93156
19765
78693
29341
79618
33667
65940
84753
55681
10148
33576
1825
71680
29274
38185
95481
81352
94327
50275
11851
5125
90961
63705
56010
86208
60016
68741
70298
71673
78287
69601
94142
64496
37410
36460
39869
21908
47386
56560
13278
20439
68371
89448
92578
68670
91997
37262
54797
24990
51815
12629
4869
69534
41357
23896
19365
87019
57883
282
64180
40318
70040
47975
83476
53390
28468
62282
85807
76589
99817
20669
72580
77374
6678
46817
63870
85104
98620
66838
77102
19862
62818
75298
5218
52152
6683
90993
22693
72822
9461
10162
20115
739
44938
58366
31048
19458
23191
1266
68507
13587
85750
99305
32594
70519
15595
81584
85730
23870
91065
70198
17405
41222
21087
7900
36456
676
48043
29114
35655
58226
94129
67212
70732
81119
57274
9385
83941
11128
33444
94534
80922
26071
53624
99318
38803
87915
75782
72819
83392
1457
64825
61246
23774
58843
26840
10688
73751
12076
37853
48115
21284
98188
21879
18680
29497
39895
88202
818
65742
58317
33661
29719
58879
63761
52103
34475
79138
35542
70239
34508
19809
62512
46800
46865
35477
92203
30215
27544
57654
28397
68923
7204
65379
24442
8019
84470
35732
42807
86072
8486
37185
90105
66801
16449
57346
91226
1662
91577
75870
36243
21509
72282
3177
19384
98124
74280
6125
90653
99732
83965
32870
57556
88538
43554
30906
6922
72882
76378
24636
64955
31764
94109
81796
77409
75308
86835
51705
71183
91167
21572
2503
53649
53893
65162
19452
16681
42002
3424
51821
38596
15747
50049
12024
19145
57541
25916
37385
40186
66536
42334
22301
17840
29013
40173
16540
661
57064
20962
64019
72799
99459
55669
25673
41107
80651
72295
89870
20816
16538
4297
24302
85662
88909
28488
64434
15232
34414
33234
65287
54850
18485
35634
65738
1425
19751
9788
27462
42483
46350
97375
14301
4993
41933
46448
72038
15601
16209
64689
53467
34560
52569
79336
9083
1883
3618
67554
29877
26162
84363
58256
85432
54002
12381
9186
47889
81176
24428
31553
30334
5363
19799
68569
96786
74736
42124
33978
20175
56684
13369
81958
74598
36591
76496
10770
48602
57871
86483
99085
57362
31356
13397
36147
13379
74637
85728
34743
87650
90122
7354
9421
56297
54329
27359
61475
81199
70351
28285
36927
17474
30400
25517
14056
75458
46047
38119
32991
90365
29992
99775
1479
68898
55116
27410
98108
88821
74081
54591
47143
24894
55898
67025
57561
62507
84630
48242
2951
39024
69815
54973
68677
22032
38210
93824
8014
93598
12077
63462
29912
60093
30543
59890
87675
48262
37418
16265
49979
79984
41412
63302
13547
40484
52803
51457
60222
67783
14403
71887
70267
94775
74058
49628
78436
69549
90918
59459
99681
64450
28389
32616
57332
59859
62925
80800
18147
54771
29722
62874
75862
13015
33892
59169
27677
1296
78843
98517
56595
13244
2359
3916
66597
2265
65267
84154
17350
65220
7598
793
70462
28841
72802
82559
90299
91241
1822
42515
38891
62051
15765
77282
66730
26382
38388
92178
29054
30240
57789
1258
50676
47961
90450
97091
21506
45874
90182
71507
29620
634
39519
95607
29057
65515
71800
34999
95476
3462
98378
84536
44411
21805
57369
55748
74040
50265
57802
39706
47240
1276
66222
98245
46132
39594
71551
7268
16434
66821
68401
87271
68614
95662
19071
8300
18196
48654
90076
49195
28499
66536
10365
24315
65708
52584
65233
64827
88347
10952
22492
56225
71070
59435
85588
88895
6163
10046
82131
74357
35193
14432
25681
16241
37979
65357
33688
2093
46379
30395
45091
99801
56344
69411
57370
712
83273
53558
94742
50452
42917
60235
26702
48009
42894
65840
79248
73802
38362
96099
19934
28281
39446
22410
52234
24008
57752
11846
24779
76240
44616
48351
46616
79688
4691
43115
960
42448
65069
43280
66765
72015
42342
29801
89986
72841
77817
67725
94525
20073
4584
35062
86648
19927
69202
10104
86033
53538
55481
41226
11651
28231
48165
58129
61292
27780
30283
8901
49866
61567
29520
23461
13453
61453
16149
10629
43634
64721
7931
93450
89761
51660
55804
75416
55588
77109
68302
8780
21110
46756
82331
5458
40432
41002
3267
90852
2172
81887
18296
51388
90154
71892
33504
67740
49043
7325
97420
57383
42098
83574
51562
72530
86361
64689
91985
12458
64366
85521
34906
12888
40856
91128
54198
69260
58002
95141
98886
35676
43279
56537
4694
16711
40403
32479
85337
35447
65658
63896
26397
17811
99415
89953
7500
80644
45850
67794
46938
48945
32572
94697
96982
56335
76326
91239
17828
2004
10917
6096
23450
47312
59151
45805
23600
35661
31880
16077
82763
10380
54107
85220
79103
87133
50639
44750
74242
9661
71920
47451
98185
80739
4443
48966
12797
13750
89535
65382
41924
94607
69332
86380
46587
78543
89396
51149
79652
71832
13715
2584
75940
64571
49687
84223
20952
87438
38260
33901
94230
62660
37483
58307
1825
7452
16547
43408
96401
26759
81761
67134
33260
1431
75929
32779
25860
37745
28242
34238
45376
94764
83078
97504
55434
47054
2984
16781
85359
72081
23635
18095
23088
73945
36718
38513
52396
68088
90451
4816
68117
55250
26847
31942
77799
7172
19846
38559
38513
71407
39085
94787
83537
78090
40355
75405
65200
97638
75671
90804
77359
55076
23410
7478
23860
54068
62127
50056
67736
1692
50402
97647
30032
53643
29498
48702
6802
18759
35595
30675
38201
71648
94043
73389
94513
22676
69323
48374
40574
85674
61312
321
2219
65488
70948
61363
86249
59847
6581
44092
98852
32992
66002
54982
66480
72164
8586
56344
87942
82244
26995
31974
36735
8741
38504
79345
88653
4771
42326
59477
71263
73826
31160
84557
19046
26832
2754
12935
70857
89387
90376
51276
64775
83042
19880
34484
69535
83107
5447
65410
41418
24701
16094
48405
10816
88627
80682
43498
83641
49147
50450
1211
89329
6841
4962
12020
19409
61463
69902
18959
78420
2097
13278
97095
12432
4868
373
99354
89496
32112
17187
4640
81067
21117
17097
81227
33775
35439
6160
96064
26859
27246
58700
58968
82181
25315
46755
89577
30944
19975
74459
34487
44049
63713
31576
42203
1504
44114
19199
24286
10378
14426
54975
92554
80480
86290
35290
64212
32312
99020
17448
69464
42751
80325
86176
79487
30561
4468
85670
96542
45973
35592
30910
12565
56464
16315
60137
47747
14289
24685
54133
26426
50398
76182
27353
34030
64114
91720
90966
25855
68231
87441
98528
26156
5188
67597
11247
64311
71534
17907
61730
43756
75114
3563
52587
28940
2240
73348
99448
65704
90568
59392
16683
21331
87464
40658
48528
41890
23401
7504
68351
76582
45182
24525
4409
11469
34827
39380
1729
88247
86475
26404
96653
57667
25896
85560
63093
31765
35039
39638
87677
54211
87466
85594
44765
3923
9666
59556
71678
83479
57870
69235
89531
20953
40399
32361
75677
31432
21478
35239
70058
42822
14056
91655
89654
89414
6373
39068
32728
16310
69847
56417
77716
17898
64320
25847
20381
54446
90759
89264
47253
52252
41251
69890
13377
94872
61434
38825
78043
55608
71465
7131
53468
4737
88239
15060
38242
48910
53733
71781
39914
24667
2220
71340
39233
73218
92533
73546
12292
69424
90654
92132
6274
64348
12597
76730
59467
27796
27902
10104
66897
44923
79992
67550
19169
29328
1259
1484
84023
63920
87918
20998
57622
70457
52514
33501
85727
38782
90447
3569
43696
17619
80908
62736
68632
80181
92390
73189
57021
29935
78212
8209
76859
4505
28502
62670
94516
69023
91616
48033
83501
64149
90230
58017
64796
88535
35129
13460
26575
50689
83200
7924
84903
20987
95211
79153
76393
51016
23657
25777
18817
4469
1313
73500
36325
61508
7045
70491
22190
16795
57059
57820
3878
90318
6950
17527
82781
9701
52744
48256
44082
2857
87594
56390
71010
60635
4871
79223
52097
90552
38086
75964
40121
84744
93425
32202
7023
67949
61638
23985
40375
74623
92581
78734
43857
28250
77950
52006
36747
60405
15556
11430
95537
12359
21953
82165
44578
7777
19309
61828
82056
71506
47134
57082
22615
96490
39782
28925
48564
28537
66630
59235
87927
46947
53400
67213
79437
67951
90303
11115
42118
87454
85520
8042
40258
9752
40990
92507
23306
79694
11541
13154
24660
47193
58145
36219
23318
45017
21368
84186
7986
53508
22064
88588
34558
59126
42953
77009
34720
87692
56900
46090
15992
7719
45585
94694
91645
54407
95669
4382
92709
20687
68668
57962
43674
98109
15461
81108
28516
27434
46657
76925
34314
36457
76042
98790
36007
895
25880
72961
77711
63090
20062
39138
13572
82841
93934
24546
94232
74847
18070
5108
23794
8038
67369
35861
66540
3514
66536
52030
52685
69843
8350
52027
18104
57165
72086
74138
14214
94821
66015
69765
41114
1190
80154
57832
89589
18941
63220
17337
25736
34074
31249
37996
15733
82964
74381
2575
67676
38011
53047
18700
62418
89559
65114
52841
55996
9438
21502
44622
62502
89760
89375
95739
68138
99552
49196
34507
84729
91325
64808
54405
24108
19903
84105
12999
63540
6577
71994
56210
76781
93132
27011
2167
25351
82306
48318
78700
40266
53933
746
59068
75748
79318
72144
81598
83295
30324
29479
70650
37060
94191
58008
98708
39586
60294
11239
42353
50749
40837
8536
88530
12132
23917
91896
41708
84087
34432
93776
67438
73375
95996
73784
83284
5559
45302
53665
74219
88202
49332
17177
66299
18453
15336
44320
39838
11741
63684
17822
1226
67085
54513
73862
61221
38886
20496
68736
86720
55125
60110
98481
2913
7520
88487
39456
23207
40450
26179
74429
75414
82382
30159
30959
74436
96013
35863
86666
64046
71534
84317
89455
13356
51147
54138
99845
7162
52380
4674
87241
13617
52783
63551
2345
47524
9185
59619
3838
73040
11019
10537
39059
5697
9062
23225
65606
80379
18503
54890
53632
49262
68363
12579
27033
61702
58075
39966
85857
56695
86434
51509
1913
67723
38123
26206
94937
99733
48694
65784
77611
88407
20121
55537
4303
93056
25978
39873
70622
6182
27770
39253
88704
85107
22111
90331
6609
24086
52232
86929
49266
88894
46648
35899
33159
30168
92882
18974
47222
76582
14756
69392
98418
84488
98045
30372
92019
86720
1174
61449
53844
40024
95168
98218
4511
17924
205
51235
64257
33834
24880
50596
919
7837
68709
4158
33403
9780
18392
39412
68297
21212
54024
41694
78227
59169
82692
84725
27165
95930
33799
73384
10061
90608
82989
83184
2054
20785
19658
86093
5935
65426
36851
98128
45632
43870
1683
70604
78203
59983
59507
73939
87132
35387
35639
90622
75701
41185
24747
42223
786
53709
99916
24274
74625
66551
30883
12391
14956
88522
74127
33173
42347
45140
86227
64234
7676
79884
16325
39135
82358
20689
53533
85045
59308
37009
40782
13618
93555
63266
17857
18898
58003
5628
23294
9969
2065
80782
67289
20630
78689
57739
85957
93548
48810
86692
1014
32130
81270
2577
38372
49817
41026
85193
4148
23495
98753
42638
77227
75464
921
60277
53806
66640
11003
23582
71215
82645
69695
79938
45858
33945
24823
51833
83238
71420
50114
51884
56819
39499
6064
78728
6850
50462
95836
92068
80331
65540
34483
75016
18892
11118
80712
92368
2692
41660
77024
44553
75273
84895
6237
98752
6879
69343
253
51017
1853
39458
30385
36250
19523
9439
67631
56468
57371
93212
26003
42059
40287
75122
92337
95580
70386
53543
1985
93115
18100
97938
41345
34384
77173
8805
45426
39454
63704
59502
11449
87335
12526
29129
67952
79696
12961
6429
22954
91543
30433
56120
64436
39980
80373
91079
1720
61985
56564
86540
17304
42668
67282
5689
45273
76546
99533
80040
4626
76162
14178
2476
93684
64685
72878
46026
95205
2147
11594
17284
50914
98590
4724
89731
38858
61602
9025
39357
27337
10626
37076
22581
85104
65890
86328
94814
99136
85908
41687
66925
88446
84279
77057
36401
5279
3834
4476
10207
83463
64195
58187
57107
27778
27405
55424
88668
37916
45556
45681
70213
25933
64153
45915
5640
17053
55508
60347
23361
20264
47508
481
14522
17347
94885
53442
39206
46839
12445
94881
21520
52836
52735
6484
252
27689
64210
37497
88210
2291
10221
44709
20423
28031
63990
55975
39024
50417
20251
28637
70979
95982
80322
16079
3723
81263
74133
13200
53318
5489
80088
24703
49940
7084
91618
88884
36278
48152
57925
94004
85875
40819
95623
44331
490
44670
27861
68594
38208
45419
58000
14865
57376
71599
26030
42759
35319
18208
27644
6391
35367
24118
98266
19648
50899
93489
77291
9116
50908
60523
71436
89394
88004
71599
30326
40551
6848
99146
32304
28110
8663
7611
53931
82242
85778
63392
62792
44718
39094
17892
29900
99693
30895
95611
5432
27572
5617
87708
39443
59916
31983
85500
57865
67810
81339
88104
23328
86079
59075
83746
20189
61407
48693
35228
3658
13699
11382
96599
44011
16870
7898
50333
78638
37830
74064
82092
57008
20528
86437
3647
26650
65701
423
93607
61843
36387
29611
50302
80957
14257
62094
41489
33245
42473
77262
91555
61377
17060
34818
68403
62109
30647
56733
19474
74249
29996
12362
59159
20406
21823
47154
28313
17017
50249
66180
30685
45772
73556
95115
761
48762
87987
93383
72862
69573
81944
86829
2292
13014
55220
20601
35924
37289
4802
6837
41792
24167
61279
56308
85125
95044
58061
38349
81688
53824
29368
9197
68379
41101
62341
85298
5770
78411
73654
15181
67562
66166
41656
21181
77916
74367
1324
40592
29204
31313
1207
94760
49911
72266
29091
54163
95255
57373
36199
47720
1584
6174
28579
85367
79626
24594
48661
24339
21446
19584
40051
11696
61231
6432
74200
78260
61042
14250
18935
42453
89200
86264
45655
6453
21219
53255
4591
91633
21002
30887
45598
65416
53511
54630
25785
57485
39147
19598
24635
49727
84849
36868
82309
51311
17195
52710
87468
38002
98790
2641
67217
43104
30767
88320
73662
36344
31479
72072
19112
16581
34251
81151
85069
74365
65539
1868
18952
51211
48929
22313
36874
33852
30098
51650
70819
73793
33205
3794
34206
15164
40146
83822
31107
47181
30647
56522
1264
71425
33443
8279
75585
88728
16550
35816
14930
65610
88161
8313
18784
36022
88719
53064
19792
30578
29480
9014
25159
2495
73170
77447
26563
37156
58325
74525
76492
90493
40462
56543
20823
330
60463
45455
84967
54365
53356
29637
34052
78639
79157
52792
66395
31171
91509
32565
53898
46830
59568
69634
13022
81571
23900
17923
75646
46877
98136
87080
30385
8477
24697
39459
21824
47420
55109
25592
27665
46057
53266
74498
81912
66717
13454
18172
75989
36647
44025
83197
49102
39174
92331
26669
74136
38176
76842
28488
56066
30542
48345
77554
86100
29660
23692
5519
36676
31863
22778
28489
39964
7350
92262
54427
65644
87221
17996
2008
2535
89124
12215
55268
53015
35401
11246
47656
69196
69676
34818
28938
95491
70520
39036
18900
33427
94108
41626
92912
11516
51718
10307
76146
25449
42484
82942
45617
12087
16967
31600
52185
34440
42928
91740
78289
84247
81107
52416
41408
53787
55855
43766
38119
89196
23160
63977
99099
13812
96891
59511
91537
2004
93013
9592
62161
91435
91089
68766
61447
44842
92545
89826
27567
11229
75987
83458
37242
90711
11277
70680
49904
77310
96121
49475
81445
39616
21626
27982
44306
526
56537
73175
81776
94131
63834
86193
6120
10390
27902
43287
22497
86314
75651
34833
83635
66215
20791
93914
73849
32923
46864
30726
65188
6905
71716
79325
23420
20893
3730
19274
66991
3846
8485
56253
98258
50013
53399
32954
32997
6361
87469
94397
51573
84769
43420
50248
83138
94184
20347
60831
12842
92302
16376
23206
71262
76385
32917
49025
25156
68431
64760
6851
39091
1230
23551
48175
18634
78697
16148
48615
77544
66404
13855
73557
93724
66386
3755
21028
31733
44060
9138
3594
13230
4472
2451
5849
10976
60151
11251
94351
26893
93442
35317
62843
90146
92492
51375
67155
77343
31958
80817
41420
13687
77001
35346
90042
61261
12301
35661
18322
38632
36587
19080
98740
44575
17559
13446
69572
77932
72126
56694
27885
55519
22501
84145
9883
30449
79976
88887
48176
4382
25101
84527
57739
8923
85494
64163
30175
3777
60665
54578
9335
2244
7007
10478
80447
88252
75499
80015
29596
33368
89678
99885
20751
57086
62096
45962
93465
99189
73735
73756
5982
89077
82765
31861
35674
3709
86509
21163
1568
3167
33688
2710
92192
20824
72729
27982
66023
63730
26332
76693
41560
48062
2544
39327
9358
54338
88176
74293
79310
37596
21707
2854
23066
68851
9717
78950
83675
15863
33377
85548
2360
93648
89698
64360
55799
28112
26008
81548
6390
79830
55505
68475
42630
69218
86759
53600
27133
29219
60705
19301
75726
87083
64885
75709
62654
42994
86660
42552
84155
69953
74566
69576
15451
6777
182
6262
64709
53982
51624
52391
61579
11002
44174
82403
17616
12369
3580
38562
61263
30402
63211
30620
80975
12395
17501
62961
6700
11434
91029
34135
22100
51697
15104
18260
27747
41470
51847
42909
68984
10085
69553
23943
1211
98593
52503
4143
90085
78263
23410
69562
34431
5805
67338
85190
55636
49750
72195
99824
18869
38503
42793
18960
Time spent: 44
Itarations done: 7017631