75271
80710
61392
510
88078
11361
31484
50761
75128
82751
23727
85017
31480
26383
96567
35841
46918
38736
17840
17011
26778
29093
19305
11431
61023
34070
7906
23100
10974
14970
16314
13415
57066
66308
7046
24614
65521
41663
66824
91295
87017
46490
40826
54737
96225
56593
60080
24102
17527
95676
9516
73684
59262
45720
69034
25935
96533
69880
35432
46346
905
99195
99176
68087
14245
71603
6701
71881
3528
14579
86316
69705
13567
31180
53772
79683
55472
83361
42150
33940
30043
66128
19994
31198
87342
31441
71439
31539
66408
51708
12606
92036
42324
9324
9631
58836
31815
60906
45443
63822
73092
52687
54750
22086
817
57028
9714
90259
82892
59052
92379
25107
72186
47123
34158
76832
53362
51253
37575
62171
32648
29418
20911
88629
26697
23407
42532
43111
55606
92996
68428
15715
34707
90085
43825
2584
89934
52894
17758
20526
92359
84393
48065
70447
18916
28842
83536
6719
98390
75667
79794
5204
94418
833
55984
73952
10550
2473
40441
17476
76353
99735
85280
48028
88068
41633
52174
35440
32541
16155
84604
871
18913
58966
85474
89194
79015
35732
13196
99772
74429
12451
94261
16011
65881
34099
25751
50376
58924
3524
7394
13413
38779
89683
99485
22852
46786
97191
50377
92044
31050
97568
75196
75691
24712
56687
96108
5278
66668
92616
73642
16611
81621
63365
68479
57512
79033
15051
73582
64992
13833
17518
47674
18119
75677
76704
62787
5319
38087
40853
50986
92987
3994
11133
98361
46065
29991
26306
87973
30619
98045
15807
37704
23490
30457
5900
13802
64730
11528
19572
26428
14785
87722
32363
29582
20314
66990
33589
54577
50033
27527
95193
3541
35108
76362
68959
17460
37428
69020
16885
11854
73431
12885
29223
42435
41220
28979
18
22961
34336
39518
10958
67967
76810
81924
20901
74201
81035
23897
70661
86295
12493
68690
90494
14592
43548
94925
41122
86028
92251
71058
28292
12577
71524
21075
5498
56008
19094
94995
19886
52578
39201
15480
62285
36752
63371
30116
53897
69169
29439
97890
39395
30818
85522
77905
58993
92715
48799
68572
40535
8420
87713
66313
86688
5286
50605
74234
32098
69607
33819
93279
10620
30691
67951
71049
3765
49351
2192
66776
38029
7451
83604
14861
61024
76860
60688
33944
54119
18536
88756
33643
32803
25454
78378
16898
45014
76705
7574
62295
2430
14322
13433
97779
70019
89268
89513
44851
95116
48494
41598
20640
78876
51101
96331
34180
80160
8362
14734
2736
94726
39747
35766
44259
71095
25058
63873
72789
8482
11414
18830
35088
31962
3044
86239
78829
55305
21729
42669
35333
22921
76219
80685
33163
68903
20041
25943
32779
43401
8890
21001
87068
34338
91127
48682
87653
56001
77914
81561
52779
85061
43117
73571
48918
99329
97361
54726
15349
14862
65469
50603
78600
22993
72013
24500
1967
454
5823
32084
14235
2949
91027
85858
1297
55382
39563
49911
24505
20398
98100
24216
50438
60965
30908
32091
38152
12450
99451
94494
32059
44970
9369
60456
51241
27740
95956
64217
49308
3737
10402
96527
42850
45220
50769
10120
71056
88430
54066
27464
54273
39313
28739
82704
65070
1142
60544
9085
11798
99641
68977
78183
61681
71551
26326
7876
98162
38523
76873
82309
15527
9814
9904
68965
2733
44458
46918
75483
57957
56434
793
62011
5522
64786
52639
13651
57668
74766
70714
81950
75088
25729
64979
24399
32146
56898
30763
6564
85423
23025
85468
82727
77508
38588
43398
37819
81883
41350
5480
55943
9305
43966
63066
78926
51261
85732
27939
32127
31873
5717
4308
24081
76060
33164
12775
71636
78806
31423
61155
62833
Time spent: 4
Itarations done: 89470