46659
20139
11151
29837
16623
44516
46878
63385
23864
393
96236
34055
1948
33601
68287
23538
584
26136
11832
79449
32503
56356
24672
98608
83081
46147
2951
54966
9100
1849
91439
18501
60228
54312
91784
61491
66989
30079
35078
76806
52422
40493
27542
39196
41111
58439
33678
25041
58892
63460
69942
68613
39312
75136
43802
73629
78789
61931
87992
17716
11408
8087
7834
84395
6456
44705
80695
32269
27002
2803
20958
64337
26262
25925
51334
91707
99938
87786
1901
95433
57397
96482
91959
77820
22278
30939
36582
60259
24007
47570
59730
28491
95703
15520
88805
48181
51079
87409
51757
73781
73218
89145
97152
51881
11444
17161
10062
76593
49059
64360
2186
88988
74305
57042
13326
25209
59689
74304
73138
8584
30678
38649
37041
49950
83777
11957
28199
67331
96129
4527
88727
61229
54043
6522
67556
85018
16206
80980
49833
31261
18874
15421
63330
14256
24948
15143
80984
66702
16581
35451
75539
84118
31877
92341
72197
44472
50209
61593
88229
2469
37843
74733
44723
8036
75777
47006
84930
26762
5127
27280
36138
46407
41840
42709
7552
38061
32195
22024
25342
3132
43273
20474
67884
78063
8475
36725
79086
87535
77153
7449
5827
33873
49570
88843
26689
85475
13640
86011
13492
80312
38285
70897
94572
91886
19751
37386
69331
14508
21858
78219
57253
12367
98899
32532
51411
42554
40795
45102
86440
6094
34115
98815
23987
2977
89688
30378
4876
67296
47814
15987
16520
36807
35414
18425
76557
67596
16024
19981
39265
38989
43105
26628
89981
6448
99945
18038
4585
50921
85277
35309
16053
41960
82746
43692
48117
78878
34510
81134
47308
99358
24474
5111
68944
48080
65072
80025
50066
79357
72989
5327
32909
27180
13870
70583
86178
13707
93786
37854
8203
82939
76132
94037
86007
40179
6624
86231
27383
49838
36193
51744
79259
94254
41827
80977
94950
24411
58792
6248
15342
39788
54169
92504
84626
19055
91264
16913
29858
85908
57218
63482
95486
35083
52009
26149
38890
62413
66040
9178
61059
39787
5652
37250
67723
50945
61143
39289
30571
57282
50251
49848
45628
94186
11567
79783
66438
7879
66981
44011
23364
30364
19995
98251
27181
55779
7650
28994
95026
25315
77780
61311
29874
49831
20465
97663
30888
99383
42793
77553
11290
67130
39422
52597
52882
71406
77952
4562
31868
94220
87713
94900
9346
67075
13362
23514
91656
5664
70551
91726
30689
63912
19916
9885
52359
24750
57791
63537
72607
70145
7282
53766
84635
76103
81740
57108
78502
59739
84143
8312
84791
64950
559
95303
17731
10851
43596
69836
29999
42833
2626
19616
81333
19979
61587
18073
66194
44508
52270
66526
41874
89059
21288
70109
47778
5809
2260
43644
9052
7792
1294
26516
73281
97249
23433
96701
37696
78446
90532
13188
86115
33100
26860
83373
69811
55423
17782
47405
34560
40751
78943
94958
17294
96835
8692
81639
10132
77
34818
91936
16979
50366
8179
3613
8460
87607
40476
44410
Time spent: 4
Itarations done: 58566