11321
2314
11889
13108
15456
16709
40506
19790
42166
80874
3233
58178
1850
83786
72249
2684
32937
7795
82468
22369
21928
38899
41055
61684
32496
18859
77362
92378
71501
52212
52751
97875
6952
87916
7340
41004
5828
92780
93826
96119
78083
21794
37319
97454
97267
69078
64506
67000
17895
52425
65506
37202
25034
44283
87390
76500
32514
12476
9625
58998
92784
75114
18618
93482
93616
5855
81001
41589
94697
48064
13504
10044
612
9383
60984
97741
75798
11859
23602
14844
81763
66993
19145
68126
57183
29965
27145
24462
67458
62751
37702
22675
21890
1971
19826
2872
93840
84059
31633
61947
82083
27681
17857
24112
19985
11346
78931
36117
73280
12741
50275
58234
66847
95584
442
24151
46310
39626
42435
85589
11155
9953
53753
40735
52711
52817
17650
69557
92489
86993
30574
63560
44270
32004
68933
42774
16711
77554
72075
98520
32408
52123
77787
86950
63975
92892
41621
25412
78111
54083
82003
11343
34511
16219
19367
91715
8118
74984
19414
59984
90383
95055
8163
47021
78052
11673
99561
2714
76435
50692
65220
35700
28225
16458
80226
90124
28612
66116
98993
90382
2787
48807
50777
77464
2876
38692
95734
93821
27948
31866
49294
47614
82908
8967
65166
1734
69968
87622
65403
88183
49804
1901
19735
44182
18610
49528
5803
2817
21969
41853
26885
48075
66773
76446
24416
61797
98410
27670
98821
48384
81994
16698
44115
22005
63629
79176
9204
80626
90539
96091
22002
71330
37329
91421
51232
72218
19767
28710
35160
77604
77120
57995
76567
75256
69485
74341
88860
47129
67442
49750
79551
8317
7991
91318
74157
22893
52907
60241
16173
99852
13507
58651
26837
77536
99251
54239
72236
50748
6709
66245
64664
81154
90113
80620
20172
58646
45053
97046
4888
49017
92838
35970
28974
71575
74606
49937
88952
99276
51507
90233
16678
63500
60075
77222
66370
75743
90399
10734
59867
49355
38753
35511
14711
15814
36084
45890
99628
82131
69062
73850
97659
68623
91358
54957
8446
99608
69425
7914
88084
93496
19214
95129
7452
13303
68145
54090
8098
93790
20058
2317
48512
57221
10003
22287
63026
66189
10373
26943
582
38966
90288
91295
71271
70543
36028
11070
4805
60820
11944
15520
16995
50317
78449
18203
87785
3343
86552
36930
77605
58740
36832
52079
47503
89086
24841
1028
2965
70726
94632
25788
51324
68984
87438
693
48306
85642
3495
67543
10546
99027
91553
96711
87779
51012
42875
74422
20948
99758
94309
88826
60612
62217
38504
50434
83791
16205
98415
36133
26813
18293
47941
90203
46713
20806
50889
50650
34385
38886
46394
94632
28994
26912
30528
12894
24988
72443
71019
29846
20621
5448
44841
83285
30025
50735
6902
65765
69621
22304
82126
8211
34088
69767
22924
55623
97104
39040
89423
44583
7716
2170
90711
42757
4485
44482
72018
51700
36430
71143
44878
6012
62318
9785
35222
24262
97993
41031
67762
80069
95212
84536
14116
65357
64840
4608
6858
12040
2276
76496
61968
23241
33646
72155
58148
40651
77538
82529
93032
40752
8972
92398
73536
9339
19810
63318
419
91179
92949
60396
75589
49598
46429
79443
94759
99415
57951
92447
87786
95896
50352
31391
34336
72221
4212
73096
13481
18499
65033
71079
42429
86435
29339
4329
21777
85516
26555
77480
32525
8942
61670
12010
23524
90506
47459
13906
87147
47252
34438
89666
45636
6976
41730
9551
60962
54493
2691
84680
36930
56086
65385
32860
3906
37664
29914
56975
63698
98897
62122
49297
24998
42961
96321
65270
78206
89495
28489
81106
42578
17025
5753
60980
68328
50305
38006
11626
91639
67915
93150
94848
21518
55940
88719
1747
83986
74656
59542
66372
61322
36901
63616
11092
41903
19172
86510
71124
39632
39456
18378
41483
51047
39452
7082
26021
92889
3039
35901
45290
3259
27754
34999
77638
95434
41478
12050
66230
25005
22697
79326
23641
68210
39398
62105
5194
12144
69054
96337
2405
26025
118
62339
28688
16731
44080
55648
30915
71570
6365
66185
62454
56553
74205
22541
96010
69399
80149
59454
37863
43105
90915
83434
29062
58078
53112
44045
83645
48710
99650
66444
19159
83695
83687
64607
80543
58479
60559
34011
44869
62954
82389
17606
21468
77823
4914
49522
29680
9029
31579
7247
44726
91215
36044
44894
51164
78405
11008
37705
32906
92906
88586
41068
58979
21902
65494
56121
95000
35300
44903
98369
81753
48072
76037
85814
74331
65688
32493
98682
27952
32193
20717
14160
49879
47044
51201
86399
10801
29053
36693
24596
23565
83596
4089
20091
52340
72720
19642
87197
11092
96852
30769
11859
46677
71515
21944
47285
78897
22816
67039
56305
87550
31385
35977
76513
94820
26071
79647
76103
90238
65873
73807
75893
85044
51438
50010
36090
62923
75900
79643
45205
14895
58927
5720
2855
7579
7551
36353
58249
36081
12668
23661
51774
55452
21081
52384
8392
67944
19527
53565
48428
67229
29324
40416
13862
5306
38127
35841
56386
52958
88733
24071
97242
70487
3946
12497
48274
91803
51233
34004
78617
52070
41229
54989
22114
56718
10103
79719
46828
97995
57390
57822
49860
74105
98083
8412
98289
55559
40628
71734
10100
73546
20915
87200
57813
75896
6440
75288
81873
7684
34515
70036
20902
25525
63753
8702
1552
47325
98984
35662
81965
72531
96368
18744
9751
81848
67659
7901
37899
39970
80417
88523
40199
79997
94407
94652
81500
44068
83541
50998
27549
91126
67365
6876
24151
59791
16499
10043
36060
91998
2332
43938
12246
81371
32891
17883
36121
9183
54009
56604
26789
70365
97718
82741
80550
72159
28303
24040
80645
8815
70474
5519
57643
77189
3880
6133
52866
103
73469
69342
22910
67043
96189
57461
24578
85061
41098
30787
36456
56649
22146
14246
5848
65940
70745
86642
57967
59753
48686
90616
68019
55779
21038
14998
76240
96668
33394
45498
20932
95794
28144
14530
75223
88178
90399
6477
99517
8327
35823
90770
63513
65690
39756
61954
49188
77966
59935
63218
19266
52702
23501
57909
24504
78384
33101
92108
27467
97674
96599
60632
40540
87501
226
48666
11521
63364
25970
71713
41437
58531
60587
77681
86118
2732
55811
6649
75564
39498
77189
26220
83314
76466
22409
73375
91763
58794
99085
37315
28797
92219
26651
12066
96119
19373
67376
32449
70278
70641
97436
82515
33712
69130
586
31673
84965
68269
4183
10443
84805
40079
80110
85179
18078
12370
1657
29040
89920
73874
81453
15152
29349
27796
15288
77092
43253
76276
21950
91742
49469
60954
219
39999
18885
68133
20675
91973
73421
30940
32254
45033
19237
25452
91242
15420
42678
62939
13936
47144
60236
26141
13202
55484
93188
83964
3941
66658
32617
46003
52739
50092
71121
85992
2997
65190
3849
71557
28361
60653
43325
86614
54531
71094
50110
22262
42307
53089
54439
42232
43249
90785
32778
99726
23347
79780
7625
93923
99847
67266
58892
6480
51705
86247
70868
51015
45063
72172
90021
1885
61790
91398
35787
42473
31261
42674
89022
87765
43443
15167
80937
91169
64772
99565
19106
41328
87408
52383
16521
91106
17167
7860
34699
37970
45722
16677
12493
92686
58691
66226
28518
31522
2732
3274
36991
26092
72043
36590
24346
84535
77445
44493
57055
17865
29716
50236
29939
66173
2907
56778
78583
80751
43090
51727
89521
60284
53315
3092
27490
81907
16497
66981
331
51252
14576
19501
98997
19523
64441
6821
82658
80173
19001
79779
27030
62964
75193
42338
17835
88968
89843
96861
50671
36492
28957
13389
93631
94988
66393
84964
79605
51646
3804
56556
21504
63697
5311
31221
85536
18373
27596
63904
15157
72009
78928
50636
71508
89970
59079
8852
44866
79863
16194
23211
96092
21934
6365
494
7015
52607
56994
37046
54391
49774
16005
52702
73308
1772
15519
86266
42817
15891
90843
79327
9098
36815
73416
97588
59588
577
19873
51838
75295
45403
48395
84357
17905
37239
28287
80718
53299
44834
9018
51888
73761
16894
80924
6950
57416
72144
31363
2930
95326
12048
97319
14924
24212
5507
18263
17092
25880
75004
61567
3084
93251
34489
26830
3049
17222
90706
35183
73653
18675
21736
74970
47361
35533
89173
6184
27754
76079
23685
22573
8738
66626
47618
32583
77269
54133
62857
48112
31563
72553
37325
63504
9747
45403
69331
66323
77528
76508
95356
46109
67704
75829
33964
57691
99176
77987
26174
51565
28637
37306
40933
5434
4212
25156
63262
78223
97072
12827
72194
60691
84387
96383
45802
15243
44999
8639
1409
81620
7794
67878
90509
74839
61985
32862
19955
17106
98400
69410
63691
26371
1332
85033
62550
30779
51647
55036
83607
90473
33574
46015
25116
86052
59943
40807
8215
76424
43673
82739
92429
37885
46876
86405
88371
70971
33211
7220
18143
1954
33980
22653
91576
11793
13931
54302
24772
96971
88876
51864
26333
3823
3938
67597
16195
80809
28624
72975
22199
61628
62905
8053
20276
26179
77102
8414
45614
86043
27593
24616
4166
6531
258
34675
56577
8269
34026
51438
29877
87896
68039
43521
36249
59638
37647
21082
42686
47373
16853
85796
40570
50244
67781
8173
9978
63959
11370
74789
59957
64647
77734
42959
53071
52426
29495
51100
90163
7852
76857
59224
39629
35950
19355
35965
44379
59765
55897
66012
29229
78196
2108
24993
61662
21327
41978
57616
89657
20557
19412
99267
91751
60539
44523
1281
26520
95260
49388
55763
61363
91569
78452
67076
93748
10025
39892
84040
52045
45149
75992
89387
77563
25003
32935
41153
44655
13467
23413
74492
71490
67674
79071
1745
10556
77758
84026
93657
85002
56425
65589
85263
54593
51788
93775
26217
53358
28502
7333
87270
39944
99449
40738
42090
41226
93037
73972
66776
49910
9651
64883
38184
57663
54865
52565
66576
66729
36733
39388
68137
25035
79822
69227
68515
72491
39578
19870
29859
69447
97233
18748
10664
2236
77644
72840
317
25268
60290
75968
18328
4299
47122
19715
32022
71331
10028
87759
25874
88001
65401
57721
50665
41376
13597
69426
91298
63748
37073
44005
18371
76324
72535
54366
30513
5622
59655
54290
51998
10955
21749
70802
23288
91539
52246
52404
10960
12573
64895
44435
67810
1064
15317
32001
94014
14226
16883
50823
85807
75939
54839
16816
9461
10076
49176
66337
5197
73426
28953
30772
8224
5476
58627
91500
72206
67522
377
74263
94253
39348
5518
45558
69919
78147
2770
67961
51703
21440
91535
56091
45205
33357
54232
50453
53347
52027
73362
92510
70977
94680
76171
41044
39675
16650
32606
17260
95745
650
717
4064
83129
73455
47755
53550
57394
8604
74894
75990
76927
75729
38872
93454
63170
39842
94764
41722
12938
97191
80728
95198
62806
58204
27723
71345
38045
52636
5074
43467
66738
37161
6178
53686
3468
31490
37762
71558
86391
95492
784
88020
46484
86872
41410
69214
98453
6618
6466
20234
69004
47731
59323
24947
60118
11688
99412
34779
2465
46635
81363
76712
27237
91470
48250
38755
73477
80799
77481
69722
52329
77153
87605
99429
9696
48923
69607
45260
64420
5121
87251
21543
50357
31417
37603
9309
57642
45774
75046
75717
50931
6600
79988
54818
40563
61492
96861
14292
96365
20438
75127
36444
23191
73801
21710
35929
62341
52412
13593
21597
43608
44830
25279
85298
89022
45083
97413
66607
61190
3139
10049
99188
56730
89946
26884
91850
68358
68981
45241
35358
78018
87133
20674
54663
97824
59096
34751
45463
45572
21559
39917
43861
27277
76105
46315
78381
417
23081
11982
44708
8468
12576
60079
25273
9868
3248
74644
48144
72634
24857
19785
42695
69679
86228
86350
3117
89239
56734
94791
15100
69848
76478
73280
35840
79956
18012
86101
43057
88526
30741
8905
84793
14869
48077
34634
68502
3488
26959
46760
25319
42826
19542
14918
73373
35619
47654
52118
82620
32914
62024
22419
12930
63859
20383
3272
56990
28998
11159
87710
70113
76077
82830
58136
10122
44281
12914
75673
42247
45306
65109
6860
86302
47842
38290
52956
96434
45815
6875
56169
67323
20094
88472
31865
54954
48450
51799
16116
84960
79127
95528
23915
97006
59715
87002
84974
39809
4881
48722
61223
88116
94028
20015
52944
342
13113
1518
68969
73538
93625
10852
70407
80993
56091
39360
97110
96987
35547
1763
51402
23109
51993
13306
44552
31010
90180
12263
8053
27588
69941
69578
33996
30349
20781
91990
36626
13035
22644
30139
20648
44606
38464
48997
940
98275
43586
4335
42999
51543
52084
96037
83826
33025
50720
36717
48880
97353
77483
82421
2327
25583
23624
21090
55002
55212
95539
4044
7367
41342
46065
35897
23164
38462
73482
9133
13568
70964
90926
80984
61357
29738
88929
42310
29927
92043
49457
20854
82949
12369
21079
94549
87062
73079
31790
64472
82160
15391
98543
51599
81722
93606
90682
36693
9034
8484
18236
58445
84270
79278
45432
21417
52103
8177
74806
42409
79829
75769
7930
81513
61959
81638
65047
62440
38821
10291
37794
85628
73913
59387
56735
77189
37569
14573
78528
96924
12981
93242
36367
49445
74691
8121
51692
3854
89359
20854
75227
29505
53978
65597
10993
98022
17624
23134
78260
85060
29457
17133
83285
29235
17843
85910
5177
70171
33352
55413
48415
92809
81804
2146
78278
50922
32635
48357
34869
29202
12566
76045
16414
30319
84875
81227
33174
41074
70539
15364
59567
40012
89094
76986
54010
57827
84279
23274
73480
91432
52319
68738
82979
2722
9232
26092
48806
3905
17548
23079
8994
42638
42599
98202
34224
52328
23825
38187
28234
25560
27538
70520
67967
1987
94124
65471
50614
35872
4916
33794
97230
23093
71761
28622
60738
22530
95797
73100
99904
2613
51011
38879
10275
80194
22874
94848
48076
95975
72663
30352
43710
88402
4061
32617
77780
86225
80187
64217
84439
38858
76425
43173
54413
43220
57246
75620
33140
5916
33687
28968
48307
420
92223
62114
55390
40334
85470
48469
59879
91874
40501
37462
60472
91381
71516
642
58829
16971
80166
99629
98329
87374
89068
94906
26839
25528
81863
86787
26613
29719
16620
42907
18218
40806
38495
20179
24795
80541
42235
33414
77953
63020
25464
57644
57270
48973
29642
76695
81614
20931
87169
6660
12423
6190
80310
29669
86571
64090
70458
70702
69615
84260
74699
38192
8978
13316
50734
27777
71019
38896
904
57785
65960
11989
21427
64930
283
81180
3874
39136
47485
45728
42524
17577
94966
8343
13431
89713
7350
23041
68869
87480
44688
88678
34279
47806
87741
34519
3932
38185
51966
80660
6209
30333
16824
33154
49754
91775
57677
91360
67703
40729
43822
3364
48763
75737
58100
4216
81144
48261
1018
11290
38170
93797
65505
31260
2830
75080
7154
53961
62658
19528
89220
69859
5994
52351
51664
49886
16037
36581
39147
69062
90043
31786
24207
38671
7609
74350
78672
35621
34204
63903
78948
82223
73906
12909
78925
34774
78799
79341
48030
85125
81539
56044
51341
65862
42328
34572
43712
76761
91833
96211
60476
17857
7590
8313
13603
22772
82969
20249
44031
34881
35022
59987
38466
58411
50331
29668
92040
46801
86474
86559
87025
61388
30757
74356
62168
44966
67618
39062
67245
6773
21403
23515
33080
8167
22190
85150
38527
71536
88920
22665
22831
8911
36279
29018
74280
81318
89648
10548
24227
55067
35849
24986
89312
16978
46530
94744
34117
46976
85723
46110
71507
23532
53450
9842
78559
55104
23201
94124
82227
89038
2694
6992
60827
48303
84539
62049
14902
86006
56245
48658
84199
27772
7484
85804
26258
92927
6604
7408
26486
46789
18067
46132
79638
38480
97859
92566
68252
21295
34852
7183
64859
36010
2673
53556
1684
61405
48864
3076
84078
844
75935
33764
72058
78929
62372
8767
18101
68034
30742
73743
28754
50975
94750
56555
12595
53091
7431
87602
87784
44716
88612
84550
48660
23305
31371
61388
32770
33403
74424
28435
87212
72216
80196
47309
6339
58688
76797
92851
1623
14819
6207
52607
68880
19358
70666
63720
38083
46082
84627
46926
26618
91528
20550
47861
68128
30349
83426
36991
55961
10405
61112
51194
22790
14224
75404
82434
76071
68676
2204
31890
22828
80481
38257
51591
46607
11600
66612
89772
44478
85618
13302
41096
92606
33902
93700
78314
85191
48603
18586
8109
83441
8524
67159
50549
18809
83398
37078
88993
17818
2320
50057
75230
54617
92853
25631
3286
91760
58783
35404
84556
39752
66523
15444
66770
51540
52859
45423
39810
69391
50013
99701
62499
58502
47954
37743
26217
94198
78404
29111
43578
17735
10188
1704
13365
39464
91361
61034
66556
47548
59988
52988
42510
75402
72481
32914
79227
91701
66095
59771
27100
3054
80473
55706
11699
1345
12060
58607
77832
45252
64748
48014
44535
38618
90315
43242
88587
57090
82981
56629
52806
78864
3881
34555
44563
95372
63245
34182
49884
13412
80816
64849
38928
11468
78281
69614
79798
79881
31455
34669
9339
57048
24486
92154
31982
71955
3537
25376
30630
17144
23196
94524
77250
5588
15293
75654
25024
9982
86849
46069
48818
43588
71572
55180
76177
18056
17593
91500
17204
5533
93082
93637
58388
39878
30926
55986
32833
14975
13823
48287
17311
76871
21951
2262
35183
60886
26801
18305
63483
94852
16809
10479
52285
75286
83086
39068
65011
24558
76883
76494
39416
54034
74299
14620
50730
90672
48343
49301
30817
72702
53608
71493
60178
83795
74612
53305
3251
74508
75313
42111
1701
14827
14330
66144
75238
32257
58086
10961
5023
16200
32399
47765
90792
11231
1958
81745
79610
79423
56680
41456
61493
85001
14124
48712
15154
43390
17924
92527
65717
81097
23648
80375
85505
72905
15519
55358
28849
58496
90140
48813
42376
91873
76621
84513
33319
43882
36489
62768
10162
60614
1255
30617
32274
78634
60730
87726
18181
11759
10966
86699
65733
53480
7116
61209
31684
84162
43586
55717
3027
32792
1484
36450
67951
19309
61716
34954
60381
95462
80983
12686
8804
9645
67473
37994
67445
44307
73249
35245
45863
13306
41107
99979
81610
60975
5106
73650
19884
74677
46054
36856
73938
8282
45858
10930
40490
15256
67997
54309
35533
6957
15268
2353
97631
84257
80526
27082
78182
38723
11296
86767
1114
83417
54968
94401
28085
52690
37663
58771
9501
5458
56964
42191
36522
76999
36335
34910
34737
50654
97378
67795
56265
62672
55001
72092
33814
10956
30106
47899
57572
11632
4610
21446
23799
36130
14372
55360
82595
65825
87069
25798
81574
21369
84085
95650
62019
59421
98155
94004
14591
80812
91835
58610
42774
61027
35740
10309
13987
96443
20111
6223
634
57881
68389
61951
26382
56816
77309
42104
36541
58971
44432
93219
5684
25053
21117
33419
80481
19027
46557
19154
31240
579
76857
80923
51735
10357
22032
57103
3648
64038
43347
57830
49335
94467
43620
59333
54566
19852
3884
63221
71562
70409
81260
54901
31845
75862
84903
60677
88296
1842
89607
33985
46316
24527
29908
97861
15067
49719
41495
32885
91552
15105
81243
27735
62614
62583
62410
2887
72942
31295
87284
77124
60802
1418
46048
71200
7399
13779
77633
33332
80707
995
56037
27175
80030
92122
73883
44499
3706
94684
43896
91987
69103
15477
28551
54426
11397
54676
38320
55011
75633
96563
9726
17547
95181
24567
85859
85077
18913
8345
74048
64763
9330
46261
48071
49813
84323
97899
95564
15847
16373
8146
85237
1275
34752
6885
43056
59107
98620
66492
81697
11077
21934
13105
23419
44023
34662
17021
92903
63209
59069
32586
33655
57557
64676
18619
19261
37766
41010
46643
89076
79839
93344
96118
36837
43767
23388
43381
20286
39933
4247
74128
40005
84288
96962
88083
56521
17383
84526
18841
76126
62105
18563
61936
37926
60247
83666
89798
77317
59041
84921
33558
24346
15321
55219
28534
19409
47239
60736
52764
93212
91249
55291
36084
63157
15545
97298
81040
44094
236
96635
16285
57783
19215
2997
98167
52512
49051
82157
86832
11938
86148
52047
49449
40562
75038
66689
85049
62150
37847
42750
23008
56961
47829
20830
20315
93849
8309
41631
71584
84062
82460
95704
50107
95029
69049
74775
18310
14442
34607
12457
81607
47646
93463
52687
10893
64625
73625
25313
25842
86815
18731
40006
13684
18521
54113
32030
56278
82887
88462
6404
52058
18168
31694
30574
48858
26493
84285
19996
48584
44339
93717
45845
5415
21620
79593
69590
15419
54608
593
75280
87414
16805
73636
27100
92391
71449
58447
27165
11983
29527
89175
86458
45218
37932
68818
50476
87191
43867
41886
40350
63322
83619
26082
80091
88501
86522
14737
81100
21679
68216
58318
46181
3390
11245
95522
37039
96175
95574
32321
21631
96051
46798
60768
80677
46908
15606
68451
6304
69155
88482
14211
70010
8894
56704
36038
71976
24617
38334
13051
9301
54628
56239
25030
16779
50321
24071
40174
40639
17962
81711
14605
2974
84753
51843
5572
2630
93737
60132
84432
76884
36501
72894
85130
17530
52634
58225
39299
94812
60572
69190
30010
93159
35698
81011
42800
3780
18484
88105
4824
50914
17979
81361
80789
50902
74072
81244
37798
16219
55754
98101
311
20242
1981
27466
91135
32739
56768
65233
94694
20961
10783
45204
84773
86673
37973
59866
30529
75599
7681
24143
31755
52478
60180
81423
37224
82308
56746
31357
68394
96323
54122
79706
4836
49875
7648
71948
87455
98631
77338
74401
60901
29352
96823
9306
7545
82012
66366
33598
21937
91132
48041
75036
36920
55933
73675
3899
40354
21290
24324
23643
14911
14439
3798
9703
92446
36021
8160
12059
39169
48266
88126
64236
78192
38005
11976
9074
11939
57664
62796
59913
28549
63526
45823
64767
63553
77269
39151
30600
40959
94169
94212
95002
36367
49331
81206
3364
88751
31926
79074
61070
37321
6659
29583
82282
75165
61547
10786
49562
92342
51580
36360
31890
27687
48946
54213
82542
60783
42252
303
52857
53393
49509
61727
13104
93108
22672
16912
67439
1028
25118
50156
86388
40029
57681
82752
57329
488
93735
23607
71136
46278
59315
18513
21438
75452
60347
69127
91863
87247
15826
257
46221
49821
3136
77149
16719
31676
59689
13302
6109
93704
13672
63674
81135
38601
35944
68197
36621
79634
14970
96154
52307
21768
57179
43239
47749
44722
6241
50013
64615
39704
56501
42993
70180
79458
8161
47766
81052
94664
74809
87255
51945
88850
7481
57702
60729
48650
43706
69925
48062
96617
24823
54055
37556
89698
50376
52234
70760
88129
54471
65646
40149
6647
95752
79778
92855
12804
49993
64933
8073
55589
82299
37823
21862
91661
54526
74422
84472
26204
92757
84316
87421
736
99551
92400
90174
41178
46152
25073
9608
26056
20975
64938
9360
46917
42411
20585
40715
10889
66364
56115
41852
78747
31917
38902
98082
40953
92146
93422
2125
8820
71320
94043
30543
38310
74615
90294
70092
9909
51935
34392
86086
59623
83558
72731
23772
93318
12063
70521
73282
19506
92347
61942
8887
4083
69553
56911
34084
84646
23308
89997
25493
81699
35941
67005
70552
9415
52204
50406
36709
19543
98486
26063
93100
8671
20665
10599
29618
81225
81439
91256
82836
88450
30376
38260
83437
57048
22872
93467
85568
80251
17871
18455
25011
68798
28385
80247
80062
49625
33750
63519
76729
56048
88038
24367
88131
74757
75142
42653
26926
2204
67813
87442
19125
15758
45262
83179
77857
83468
11961
53061
66405
20366
38866
20408
51317
48942
17532
68888
98380
36750
77451
Time spent: 31
Itarations done: 3616184
