19683
91273
11231
76950
25322
58562
18189
20481
974
38580
30245
55338
42766
58868
80307
88864
15618
4992
14019
77689
90557
92696
77377
89233
34793
88236
90101
67405
96037
30267
74168
18634
63578
73571
80861
46561
20458
57421
74239
41564
23374
99522
84103
74741
59976
30252
37333
55060
36809
11291
12899
83075
45412
27784
42905
74977
38930
3797
99692
36665
27093
67114
67337
39129
63531
81301
94785
83630
56121
70504
67453
48018
78439
85567
14258
73942
98376
98851
87875
88842
68576
69510
17421
56277
42606
91005
34830
13491
90641
18292
18859
86084
88902
73373
83957
66226
48232
44807
65160
3056
28919
29283
14724
81757
61231
11522
31398
61232
54142
42530
89002
99413
28294
55612
17454
19914
53547
54597
16393
64107
6258
19358
49248
28610
86973
99966
73893
9809
55309
12748
14963
64203
45533
8995
72444
46216
23726
60243
91336
3558
35399
92809
87986
94334
71035
8651
40106
39753
46287
49655
99563
41673
53403
98080
79674
75151
90963
57180
2068
12744
20095
22899
62078
49520
27110
40072
86207
75590
94827
34682
10346
86383
97873
27538
3266
30023
40838
64075
96308
65825
52417
40054
57239
48291
33517
63542
63949
56941
32824
69847
91921
63868
89402
97953
28378
68151
38660
44563
65522
29075
25389
34941
5487
98551
5530
88574
30399
87235
46979
12020
52392
98539
58963
21373
60463
30059
89375
82377
23715
72900
29949
57517
93866
35976
60286
66319
73802
84548
43449
97563
83515
10102
58238
60321
59942
42147
16222
24457
73017
71551
65237
80620
26678
79796
25280
44828
40623
58803
37605
43314
76278
61996
33311
39638
78747
48812
43819
7926
55443
72086
82393
13636
1637
10579
23187
36373
13345
67365
92333
58083
98788
38873
64170
44300
11052
9099
24945
66191
76662
38820
26211
46738
87435
614
613
65726
56294
57053
53860
25024
11628
91675
78454
58243
19374
80126
57057
66947
77119
32368
36421
79383
20372
45903
56379
57081
17551
84668
12653
19716
7283
38615
17090
19232
49313
24912
94430
70545
18582
63301
20821
37979
70998
95375
66035
84166
48951
20317
48701
11248
74800
88155
51864
62999
1374
25638
74779
10880
49941
69554
16111
17069
68160
47639
93551
53131
83196
78190
5355
54281
8488
56070
30437
6081
86592
55007
45370
92935
15040
3915
9017
85881
7376
88417
28504
10954
87305
87856
73869
18808
305
82752
52934
71252
54141
58027
92837
71074
67357
83251
141
87718
13148
72773
87539
73342
94930
15767
61926
21255
79466
19111
65970
91904
43617
24408
53293
20338
61540
44604
56004
23475
70620
15314
72536
45527
6456
71337
63642
15552
89893
39766
94849
42414
82413
87712
4821
39295
92
74841
10791
52428
90918
38765
84613
66881
35405
84806
45936
75972
26271
60687
22658
30291
19341
71461
23029
27344
24925
30287
48633
63463
26556
46632
52989
45879
72305
25068
16607
54797
82803
85014
66073
52781
59650
14639
12106
61930
58068
40571
19534
68094
8465
29155
50700
65759
32982
34699
43113
27265
5165
75496
91965
65657
43583
49343
8666
61745
13478
96884
17628
42829
34513
83290
35289
33092
57192
96641
47734
43773
75711
54818
66234
35029
90826
71793
93662
60788
22699
58930
78974
2891
798
27219
71808
11493
25531
12348
14727
94947
4671
66058
26782
44298
16481
44499
38767
35018
41056
77061
37927
21789
31550
17672
67867
30865
67744
64609
8004
58982
45874
84566
26179
7787
10653
92089
57859
18384
28107
16413
15900
21898
31168
34328
75912
88834
43854
59913
14034
42516
4445
59805
96281
67
63241
6136
31596
18132
26258
88321
4391
49950
52692
79642
96566
65409
90979
94850
93867
46351
56000
80992
46944
45663
8253
55265
23569
90596
94752
40859
45216
18270
50956
54642
48576
54449
43214
68949
50561
85474
52013
3845
23956
27599
57728
5932
10142
68030
92651
35100
5148
37576
65714
11582
55791
76135
49667
72255
93787
69069
44349
47334
17426
65120
94289
96435
2796
34590
44006
36458
89522
90329
60211
52787
39573
73443
36525
10057
11979
661
23372
69028
31109
80947
93400
72089
51691
35213
61066
81493
39849
94866
23955
41614
96164
12485
82956
89382
44149
91001
28590
55472
95504
26600
51577
82926
82127
64896
47180
39603
14105
89984
34888
16152
82763
1613
7688
82194
78355
86975
58479
19966
33057
60531
5097
66871
31711
27790
49986
76255
55086
27106
65710
49132
33443
17334
93307
98707
91781
8576
76921
84232
62399
78275
35187
91056
25254
75534
87518
39713
12102
92855
11763
78446
76502
76333
8603
50785
88520
52890
87631
32635
60320
76288
70211
1769
46826
32397
25032
36726
94246
98610
13696
41795
28488
22325
25713
60130
85370
69029
24973
67960
85002
91821
13060
39476
43834
91075
38683
34158
99614
65498
47076
86156
96847
3944
68372
68774
43342
31150
89772
66219
2052
99926
42749
9447
26640
17373
63567
23308
84069
3334
53111
88114
33022
5546
70257
40359
43031
37891
42011
24527
45979
65609
63142
60738
8964
34531
88237
11454
5521
30123
89893
14551
40819
56561
68202
99759
55658
46029
48720
20807
93993
44142
98797
16578
69167
68586
25438
61145
5168
5045
91806
74775
60960
86928
3998
45827
68290
3621
74950
56899
26382
95695
68064
17706
520
24958
59643
81832
65776
52198
36215
64863
21992
16165
60534
87346
81631
83560
98348
37620
98189
31735
96916
86748
59653
33293
45865
90633
18784
34949
31083
82845
70076
61765
13215
95770
11759
32270
23702
47410
50551
40008
73375
96471
16640
42677
11297
99363
56933
1318
54841
99296
65673
28892
35901
39866
93300
40102
72722
23372
46767
42467
81970
27539
57530
72430
91494
53426
47034
59658
636
1992
63761
97734
62013
67122
757
10066
26364
88890
28069
26122
345
32396
90605
24982
16109
44737
28688
60740
1015
95497
75938
57390
66040
24597
77094
49660
2222
5436
47011
50591
85908
80947
61297
46726
45636
45544
28927
57390
36146
26867
47654
45820
98317
67844
84147
36806
57766
21769
52536
78003
29364
50942
87395
80252
50147
62874
20182
85977
58853
27133
71789
44151
76775
90628
68058
15334
21654
49437
70019
90921
4023
41277
86064
87025
13697
94256
99405
65298
3053
4787
897
40524
13271
20359
64656
57952
69904
71321
41919
62126
94929
29910
77173
33330
43863
74482
69846
37831
78585
2214
14705
23698
29174
64508
54583
95284
81367
95921
70200
16334
50188
69640
13545
24201
64822
40356
63678
85810
95013
28854
46787
89752
95038
61704
15944
48331
27754
4167
30261
78343
58263
14737
7979
40081
74407
5718
53549
40261
99609
15799
74839
46522
12511
87822
13378
18620
77401
97735
7876
34610
19599
99213
99264
79080
50769
32490
64125
64871
60565
95663
32593
79774
43047
92057
6681
85297
18997
48194
45495
45908
48562
43499
24881
34012
2564
5078
10806
38481
75392
98729
8140
2661
77540
90826
59474
31585
41673
64763
72255
37482
12534
50385
46721
37728
68023
65151
62010
79995
36510
71723
53296
45642
33675
28277
78908
74290
41173
45021
33147
60025
88888
63243
7859
92839
82801
41675
43829
57671
41217
69032
41653
57806
63596
21299
21002
99439
58218
47660
27049
59793
97641
99946
83313
62524
54172
17017
81298
984
91531
37747
79022
82461
53399
44091
52939
14643
94765
29156
10675
19345
47741
44305
25694
37905
99971
4031
99171
87696
90800
17631
89280
39831
98044
72731
73537
14428
96500
17221
25987
31661
18278
73444
97753
14388
34554
71235
86821
11242
8565
4944
70935
97897
40415
3579
56072
18554
35741
52985
62231
49766
82290
24250
28109
4322
11164
43526
66734
44224
52793
85002
45247
38631
71586
81007
93749
85224
77817
21022
70502
11529
70416
54856
23753
86569
60199
24325
94075
2546
59438
22452
95352
31323
766
19583
97379
21102
66071
1732
8588
74949
64324
38066
23449
44745
96240
31654
55911
81630
83184
10421
27555
7170
17949
83715
17141
8236
15798
23982
6853
12989
5620
32728
79759
75374
3074
15315
32896
81180
50287
20059
70850
89984
89966
93702
35836
44195
65717
67534
12018
8939
4898
16265
14145
54657
45538
25211
33622
58081
14615
60439
68684
76612
51455
61222
9635
46181
97029
64486
84943
63291
37624
26894
99475
38232
99648
31773
12292
48321
41273
55346
8125
77575
76153
19489
14055
2354
94639
76766
875
71269
18717
57527
87248
32063
38306
58572
34009
78190
28628
68232
75803
23444
41012
3660
87777
64290
92809
82703
26110
56403
56021
64947
12960
14487
58798
74363
58699
42554
69116
59398
27377
15624
25782
55508
54895
63208
18308
89760
23652
49956
94253
7521
82279
9476
90333
7185
74561
63627
41859
40461
7764
51468
24016
72970
47312
99569
18049
2736
72145
88525
75575
2583
63054
9303
75066
86561
24915
57434
25954
221
62973
83070
77879
99892
43208
599
35252
17060
67279
62759
60635
556
83676
21091
74335
91432
38432
27088
22195
13273
41133
76561
88699
54119
84917
63477
78350
75270
12804
88951
74677
6961
66912
66082
13284
81193
91989
71954
73050
8004
90167
24427
97856
23022
39986
3189
10159
21354
99425
92109
67301
45692
10098
93038
41575
14986
7714
50000
75906
64115
22540
27090
78427
14667
22838
3428
71250
12321
14095
84161
1455
47227
57394
77770
55582
20406
11325
56832
92857
31368
33644
1922
26921
40001
1184
26457
41029
99217
19569
94089
17448
63957
97848
69604
98262
56820
57436
89357
71777
10958
29598
97869
96474
16796
71201
73501
32672
70757
94579
58035
51065
61335
64084
12466
26801
30740
59267
44502
7958
18753
42630
91997
68092
29529
98469
970
13919
61812
28610
6857
21285
8311
684
13306
15227
60995
45054
64085
93238
55613
87663
20562
14773
50953
87778
89757
44586
66218
21976
96085
42662
93310
18714
53695
39310
59923
1432
75692
20406
44054
42373
51577
74821
30848
64177
34833
23776
58689
51781
8912
60104
22991
53289
41728
74400
93376
55193
96311
34529
52749
14707
38402
15174
85243
19946
70537
44893
24079
27323
26596
49578
20094
94742
80758
23271
7039
89053
60491
49959
20688
96718
4474
33263
75377
7732
73198
64882
13824
74621
2573
77198
23892
70650
88977
80596
59409
84412
7947
81900
11272
91555
98137
16721
49728
38632
87153
5562
99094
58967
96555
61223
12110
15858
39544
33332
82707
34608
16789
74752
73198
41575
23340
54182
34691
75800
2721
19426
68028
76796
23088
36622
6601
80634
4693
92135
2114
75753
97960
45869
59699
79763
97081
67453
99743
98989
75344
70014
20364
23635
45270
80221
96690
93183
79188
47796
80909
38985
73978
2894
60548
74028
7539
15536
91478
53433
13874
97713
46884
73502
98740
15826
13755
12005
28461
48805
24412
37845
50728
35549
32162
34407
48164
4262
27400
87585
82897
65793
43271
86879
63574
83292
18509
75930
54973
1260
69115
67459
54814
28527
70259
6859
82350
21732
65119
28485
58972
8542
98337
99246
12357
23175
18334
85163
2545
689
4949
8325
50880
91067
56699
84027
50872
9309
15405
40855
53828
33515
15013
30125
51481
99407
16160
25281
22863
16752
28338
96751
73325
50859
27502
23242
69869
70583
48521
66553
68844
63242
69089
93746
39603
56361
4552
77858
10821
66358
1547
46339
4990
15079
52451
75016
80969
16523
52326
44595
74496
38134
85391
86622
12219
83721
59013
46262
76061
28375
99760
80416
11648
59670
88319
91386
7017
43976
37862
68710
16007
41911
13929
74740
64462
42742
52972
63160
56804
73971
61420
63897
95538
69409
67426
2709
36889
46692
53464
49256
32064
53523
19473
3539
45497
90809
13499
37368
98978
10475
19577
4849
63703
15834
11086
23884
11043
63268
61874
9300
37245
75348
57149
7441
97272
27597
61497
41936
18659
63769
82301
30837
17515
27820
13456
76434
5690
74666
56460
60802
60677
36390
93792
2485
27920
75711
32965
42709
39004
54348
48696
33158
58580
80342
25375
91537
17902
75422
42304
76056
53492
21211
50183
5430
45736
1343
58865
17105
44084
55501
93621
13174
73065
934
79996
90795
36459
57184
85779
91913
75762
30559
82709
35712
93434
76307
90225
16445
21480
58511
28929
59174
1538
70375
42347
26415
43909
60910
42205
59817
49894
37911
94600
22740
14276
81702
92302
81941
72961
9283
51879
29593
24558
74321
33400
457
34063
74851
5211
83269
21833
67603
66579
60264
51690
55543
96971
34269
58251
23532
22319
18867
95494
45909
75826
73924
46058
79381
83692
66089
3956
84753
24611
21893
32130
91852
95964
19684
658
33414
69336
35851
31483
25760
33319
20690
11131
66760
2537
29714
84193
54873
18378
77353
7218
7006
79157
11713
25192
67457
15249
31431
30918
55394
68182
78649
81392
94128
41793
45739
74647
1849
68213
27668
35579
570
71813
36726
19886
17662
20193
71861
21550
12709
22863
941
61162
61296
75489
71045
39926
66921
50402
9203
67312
52387
2525
14032
9107
2837
93961
67303
56993
94010
40175
13723
90820
41352
46061
67073
90373
48308
31120
1351
54701
15383
39563
76640
3981
95536
93371
31212
71391
45976
74159
43702
40646
31627
13158
32192
48566
81340
27712
10654
51496
84328
67389
67442
49381
41372
23139
65382
71953
53014
8890
88505
57766
35259
46553
76566
98694
2228
72617
95248
80037
44746
37347
87310
19522
64058
86049
37904
97259
90624
95952
65939
73094
29397
91971
22567
7838
25038
79937
37770
40481
33184
16835
6464
24778
17187
84190
46714
95485
63701
42921
94329
17050
24982
25853
20512
65685
51004
67483
72213
9554
70260
79735
38444
81164
14552
57097
40055
81098
60119
34894
25342
12858
75142
30406
29336
24859
21951
68097
20729
27499
61195
27470
17161
60783
44767
54855
96912
11079
64496
48919
73076
14375
44362
63752
24863
37821
25455
73116
99963
1317
94940
4742
11711
86580
52964
84537
55339
82399
94733
27153
58673
31646
8938
71555
64381
78182
58225
88070
13260
59890
12613
76857
61008
57871
52543
36817
14569
91222
44676
8667
18353
41833
20601
86239
55514
4290
56311
46010
54948
82230
58565
66483
10795
94404
13235
96189
27948
11209
40229
81984
4462
15605
29806
87702
49728
71100
5871
17359
15881
83863
73273
6788
89181
66088
58175
62909
47935
43327
43259
10818
44036
99801
32790
55440
6301
22614
56545
76715
95537
88266
36106
55095
63610
33056
92234
67624
81802
62697
67826
3908
7334
85882
77375
26031
51191
1557
70919
36784
95225
30280
18133
26526
82021
56356
76517
40602
67125
39287
6565
46421
79937
60629
36344
82149
86992
95474
58096
37425
89286
36556
60260
50582
13951
53362
59768
6576
79813
38668
1481
85135
26216
80536
34339
39637
95011
99106
57077
83754
46694
4400
50310
25157
73441
63865
76302
13380
44117
16540
32961
62399
79373
34502
94349
67581
8510
11626
56469
61342
4055
54735
34105
42217
24849
62831
22193
67953
23945
6408
43484
24876
93705
60699
53199
72942
27244
4262
60914
18748
72733
67434
60103
87199
45038
3968
26556
46666
37814
63543
58316
92104
48396
62877
81840
6003
87685
88803
41757
97940
97743
17941
24886
70136
40886
4500
43132
68583
55837
70255
14394
57174
98848
28888
35830
95695
680
90671
39583
11655
73962
22824
57544
30603
99686
85949
98748
69925
6432
27540
60670
7091
31445
89879
54029
4876
18771
81489
19576
13284
66400
68849
54951
70783
81748
68235
49818
95842
42767
56288
48330
93911
90616
72331
19373
4660
99035
55466
17106
79610
75457
45133
56978
11290
49360
75071
15707
31598
94469
7522
87647
59262
13197
87048
94488
4141
84014
41461
50442
29541
35483
21131
30852
32825
64272
47366
78583
29291
58710
35526
9621
14620
24314
69225
46968
37171
33206
28210
20226
32955
35433
14427
17188
63359
76972
78280
63311
48492
66548
20254
35109
7505
21371
31822
84318
1308
531
43983
61102
22817
4030
71742
76628
95190
75257
78563
37999
19487
95261
36017
21854
59739
98227
20807
26856
65655
69342
73821
59840
10994
8588
44056
65589
69117
56975
53972
5963
56279
85366
52281
30585
47981
40258
65161
58305
13966
25760
17548
6336
23471
76500
72411
62285
43868
42300
27834
93199
93082
62192
19223
25311
8965
52726
97117
8348
67298
73489
89853
99050
14154
61393
14709
59997
78059
44501
71195
71875
92742
56041
35787
99979
92197
69744
78687
39090
36376
68751
40059
84744
88039
42070
35736
43486
89112
74932
10538
99879
78369
62399
21077
3824
51330
29139
9367
28195
87973
82596
23542
73814
64201
61576
52642
66496
18949
67805
68691
99178
70400
84105
11203
21074
62002
89579
6741
65359
71777
79572
89329
37034
36915
86127
76267
53471
29681
73313
58301
41509
70407
51013
83118
47060
78651
10625
46782
5858
44577
36629
58996
57250
49168
89073
14966
56912
74137
83778
89168
58861
20169
19427
64457
92358
95643
13678
23740
55075
47037
14076
60812
80325
76916
43743
11976
13219
35765
26744
70733
48266
79865
13440
24079
39260
58989
92331
40824
91204
34919
31567
49925
83574
34608
40709
69895
54420
10256
81283
89177
95572
12681
83308
51752
70668
84043
44199
72236
69770
41316
96310
90432
56988
52894
29885
76493
50869
7238
49283
14829
1197
34738
22091
27327
90428
71758
53089
44677
93142
49304
78041
98301
72710
47832
25882
84824
80782
84431
42104
50012
52274
88921
1039
49770
56187
81405
60179
72050
70901
85350
25835
45412
1528
97517
6127
17516
46417
88870
24708
59945
50137
29056
56570
44551
51006
11134
25928
40885
42713
2936
75389
4331
21583
66774
75504
60153
83755
70160
94251
39988
69804
56801
87160
94182
28298
59323
484
85889
84301
13017
2202
71003
54035
73360
68644
81760
42703
49144
58106
61249
98891
37740
97088
41069
76042
89385
89657
15044
69145
33308
35884
38152
53104
70103
11473
71729
48162
71982
17393
3527
77313
35333
55719
94363
60820
98508
25844
41831
13724
71824
63875
5980
73713
26466
67231
11865
88701
54323
56349
29520
36204
41747
25866
33172
29863
96788
28795
58421
92403
31691
18907
8615
38870
30252
48940
9802
19157
23095
85198
77411
14633
53024
52762
37202
70122
37288
69738
38058
69518
23947
63844
4818
31001
95488
90127
5630
6135
94398
84726
50209
16021
32633
96290
92872
47276
99746
34095
87407
60730
2888
59827
29566
36590
55975
28633
27393
91193
85049
54317
59605
52569
32151
33345
17889
74665
21019
12891
80247
3424
94471
29213
29426
81811
45585
74413
12977
95429
42564
71990
39630
15569
90685
54590
20460
92308
83772
40960
92690
86713
72369
3354
9011
8254
16098
1512
35948
41211
93664
34815
81049
2143
15535
30323
60587
69446
21540
41152
26991
65531
48468
77016
98337
52384
21180
26731
71030
22011
54868
61093
51186
24761
55763
23810
10251
80504
72960
27977
56025
60376
84953
76135
11549
10067
1088
13005
11190
9559
20314
1778
55786
28795
17474
87180
16858
43897
20828
71516
43657
24391
3558
83527
6235
88295
36751
64116
2700
48987
41654
27872
69513
45451
34980
84814
59920
55792
82595
22868
97519
42827
64158
58355
69471
70147
4087
59114
97039
57174
42703
32887
9850
12563
5469
52175
54750
96729
77972
56066
90057
16316
9586
29339
51723
46112
49768
9680
29173
7192
67469
14945
55440
4048
16379
14131
98816
37940
86545
88103
41292
68958
26367
39098
42915
95025
28050
11633
20504
52518
44299
81713
14268
20259
44381
56056
76434
26249
23632
98577
92328
14878
52063
67465
36208
31229
84944
2936
71676
18654
61049
53099
29649
5999
82731
63365
35633
81612
6056
83454
12432
12741
68951
65262
54458
70939
50631
34755
55439
66804
86544
21504
72597
80651
59658
20621
27264
99664
51101
43576
74424
36610
61010
86742
21807
10387
3917
9510
42937
14457
42040
67415
7928
85679
44606
89967
50850
13048
51623
27742
3103
93600
76493
18765
48552
50962
3451
40341
98034
81018
22986
19223
38369
78672
1281
70382
84183
29883
98124
22604
49586
23944
31839
67787
61154
52399
39513
40020
53696
13049
96084
90413
25908
30171
36853
74110
84309
35367
74542
7056
70735
27408
14242
81817
51184
43955
47398
54094
41963
33255
49488
24610
62842
9666
15065
44604
36331
13338
38610
67454
97200
71387
89920
53779
37007
75598
38740
12878
84695
49987
54925
29473
16171
80484
47627
81455
93336
18534
9818
1703
56154
50604
2949
75032
30145
46384
50589
89935
66047
59884
9631
84030
98444
59694
52949
31980
95774
7338
28381
25146
75431
85962
55474
83338
74538
5516
83632
20786
99504
75150
63155
60797
25634
38702
74110
56556
81789
14982
17035
29149
34554
70955
94225
78135
81315
82995
642
54811
72354
9059
99474
13871
8304
2910
78931
75211
1219
50469
74090
34409
45014
97915
90424
57754
14203
71319
84106
85695
98599
58426
38263
47191
86070
34584
24064
56677
25430
66917
50863
25235
37214
23468
90553
68036
91344
47383
7896
31237
37592
30090
40793
93264
57257
32021
52273
17754
2634
54558
19461
48435
4603
62718
33859
39843
58079
94503
61962
11977
40061
69896
55606
1906
75695
30147
7350
60790
43999
96323
17815
10908
6824
34988
79103
34028
52117
58450
81223
9804
65722
67187
16955
60879
84714
62856
94625
90002
39634
21720
67983
13666
63063
20381
57732
6688
27562
48381
70159
72599
77313
25522
14968
45839
34677
65716
86566
13509
95399
93674
910
16755
74340
25970
73488
54891
27399
73790
83065
68945
54656
11104
90558
25578
84797
79047
72707
57175
51553
64994
86199
39386
99097
3078
99457
3536
95307
91856
16525
88041
89254
14367
70319
30324
22481
75997
80938
88739
92360
46378
58876
62597
70233
2967
82596
47647
97059
25996
95344
24210
14933
87181
46978
25677
44111
7849
53192
76164
82061
36095
56734
17878
83602
7111
53022
71109
79318
6022
86033
82744
3207
48345
29432
22807
29925
29645
42598
82796
67001
72966
31539
14403
8044
20334
50655
22748
29235
72914
52884
94320
3284
83314
32970
96590
12561
43105
11421
33614
66248
88789
75205
79919
65134
70238
25277
43610
12062
87082
80771
28838
36063
540
55006
77653
83853
70883
49404
71762
33647
54029
8032
65796
3118
14664
37648
5456
55873
77867
25982
56263
58948
46367
84460
31619
7597
56383
609
62502
13046
31409
10141
95367
43893
20350
89021
39668
22506
74120
21778
11924
3998
23082
23908
39357
7299
66653
83431
92858
25326
75945
39474
16425
14420
40481
34239
8180
51986
60847
58772
86705
55648
529
62664
45653
77277
62287
13157
59480
20876
47036
70070
53617
84587
86552
89548
93504
93962
15224
81849
78678
76182
60623
26208
50428
23048
87847
89280
34570
4305
28386
2742
44442
22317
60696
30343
63537
44062
86706
95024
11971
7119
66151
42680
76550
72541
28966
90741
50247
89439
84839
46907
83689
43606
88630
86276
98585
85643
498
43483
51026
72844
410
10617
61202
13471
78102
31340
45325
72085
21633
47004
95387
80218
70348
81475
52902
97983
81356
48013
13870
89064
82562
23700
83954
4087
49841
64787
75207
15500
51121
29772
98704
10856
45938
36102
61011
30806
15452
1088
16684
33092
24973
7993
63860
74537
88701
94152
95468
29217
14714
79622
34709
2968
57138
42027
90216
61864
91992
96107
63626
65441
63388
54961
30324
84237
17551
34001
92701
85590
53553
8404
74533
91674
71717
50138
84928
49374
93312
51605
30800
2895
58453
89542
97912
26884
83079
95003
52295
60356
70381
73099
36216
79874
27288
59613
45810
64193
32355
10703
81182
31971
37890
96605
53941
79184
66149
10574
22053
3507
77138
10284
97357
79199
43859
80449
37215
37946
69741
42674
88485
18583
22579
41356
99407
71838
39456
2907
52937
44924
77933
99673
3709
25270
50213
49619
20022
92666
79051
48165
42141
14748
56829
59562
68644
22016
72553
91715
73709
15490
95412
40630
39941
92596
68133
18445
63711
25056
68512
72499
52977
86296
43306
61937
91150
5287
5117
83098
84826
18782
9913
25240
48063
4493
555
94095
1358
4109
9944
62393
79610
86855
66388
93614
50081
61898
33277
38142
38738
20986
45384
19387
51342
81516
74888
11569
54261
4603
71622
60535
49236
82735
74140
14330
36173
27275
80838
11188
8536
37300
3690
19205
67028
98186
1062
34143
68977
40875
635
19670
53215
90869
78648
17773
93226
49812
57443
66187
34950
81873
19760
34372
69862
22198
15254
29911
78827
85310
52388
33155
57695
27639
27150
89531
1739
10229
38997
26115
82752
15217
83935
61941
7
92785
94856
49927
24256
54102
20041
22432
82550
80137
92150
12116
50936
86238
42110
85138
31904
68051
54932
54688
93979
55584
47845
39399
41949
19138
75016
93425
67969
3349
27705
62788
6138
13699
3868
16049
76130
43678
67018
56463
55086
10112
588
47452
61205
59240
91093
73585
67326
16738
41048
15212
88303
81176
20916
36470
2070
2272
18282
73578
71034
42850
31993
63209
27806
96514
89186
69134
77265
21874
33931
49442
45548
58499
47622
56358
75827
9837
13333
75983
30574
13950
28993
96258
10497
74213
7575
38027
41486
88997
76376
96300
12582
1885
2061
16605
70407
92122
23284
74835
88441
38747
68516
38021
33156
21280
73140
58215
43267
64832
86908
91960
23212
98154
80542
43816
27452
69430
18569
3967
78322
56487
64385
87155
16877
15629
23104
83013
33553
36453
7940
96325
63446
8750
36643
89836
59633
62021
25947
41923
77186
8126
54051
96775
10404
3257
3811
15707
26262
46670
82634
34784
28216
50523
38979
96158
66205
47690
59947
48349
81089
52527
39571
4161
34717
53411
53276
3989
30473
95170
60350
57011
73343
4643
83360
23059
53434
23155
81099
53942
62371
36060
39949
34561
68086
31299
57497
51383
80269
76537
81760
68647
36117
77507
99563
11148
23991
69003
38427
36539
41213
Time spent: 56
Itarations done: 4367787