2237
39015
25419
53738
54093
88062
17912
3783
62787
60745
14084
17121
88112
71262
88106
65241
1703
35424
49637
36750
17296
58013
62184
3881
19086
34270
91783
7239
3925
72105
93816
54698
47389
86661
22800
70710
88552
79508
67702
38206
3838
90994
73587
46892
6405
6202
9375
98928
64273
2466
80999
25801
77752
49534
69458
38695
94739
12260
94041
68700
71041
60078
62438
52945
2140
57554
71493
88047
62661
95925
65041
3242
90308
26840
38555
2134
42141
76380
4287
84209
32791
49980
95084
85109
36613
86999
90306
68075
98702
87467
93000
58107
53382
12931
73980
35048
92956
58336
25444
92163
64409
2519
34507
22712
97220
71188
95262
18638
81560
88103
26955
52649
22904
47766
55394
67847
96421
15987
44877
17495
12523
53551
38748
81590
83541
62523
78089
36631
50762
74820
20137
70299
90895
38259
70659
13707
71555
6621
77849
10494
66424
7107
9208
54205
72536
41128
47446
3260
94462
72491
96594
26257
73159
70815
85348
39443
40892
7417
91049
72893
77834
45910
84801
42265
30845
30421
15864
8954
30405
50580
11789
83072
7783
54356
69678
60846
71290
87304
53484
90906
47782
59963
92479
32354
33619
83882
96796
1610
27854
71179
67359
4722
39695
62532
79620
17176
72133
34145
63132
4182
84111
35537
82341
71015
24747
26845
47877
95159
14833
16887
52182
19891
23211
51365
28490
82339
48612
64366
77976
8180
71167
85684
96315
29811
82011
91553
57937
75190
34299
96982
83950
30481
84410
14172
28005
1225
8252
43402
63282
83969
84300
20253
43353
13111
32381
16226
39847
66181
85191
78556
30620
94866
48157
99411
23594
98766
72479
24716
53460
74248
26070
48447
81110
51666
97581
89549
58982
80853
9833
15485
99414
36947
50680
58987
97656
96486
51744
72685
16373
77133
58396
80084
34262
43500
38010
10747
97835
56227
67731
52554
92474
81811
27879
14568
66543
86642
2588
70289
630
10284
55391
42984
12925
50225
4216
2308
31300
93202
67593
64546
42817
96593
91899
27606
52199
57521
98037
26288
42221
6974
5221
63328
31043
31599
99385
57438
64152
56768
14222
50749
61921
21128
83965
35025
67676
35011
8798
88497
5756
42948
46083
63328
64192
3968
3650
27476
62441
62458
64945
44137
51061
7044
20122
66944
17219
5328
11992
39765
37642
58216
31250
16199
28897
39209
11500
55766
93819
71199
81357
11318
52461
46152
28247
95315
76103
11539
16519
1419
13677
31424
81108
62209
11373
79843
87222
43882
78250
39449
6368
14423
43352
59338
9558
72991
83129
72552
19615
95201
71883
85985
96261
31447
22524
33223
50018
93610
40083
24322
93942
79212
6225
35603
45836
11527
49464
57260
87817
19123
32785
56889
74966
39002
8091
23030
60294
3743
45173
24370
69376
64959
41850
57481
14708
12901
61437
58788
87248
75180
23921
24930
566
16357
97992
19736
91643
14527
2515
45780
1606
61071
28084
23784
69540
15362
31963
54092
73015
47510
43027
31054
40064
19108
37243
43323
39120
84456
8778
20929
25726
42912
66999
83441
87892
36755
35431
2610
85517
68356
15159
17599
23583
5483
2221
31220
33672
54179
16207
71592
63828
4961
5589
25161
92944
99950
44204
34292
92540
26079
22919
5422
56202
12661
70618
92257
4923
385
9499
2549
55191
53175
61068
26732
5937
4393
71293
1974
60282
64500
16023
6232
48539
68553
81110
23402
60033
8828
85577
32919
23024
80352
30735
54975
94400
65302
13335
25968
33802
95980
36609
87900
40413
65457
89529
50132
24942
37
41629
22247
74155
68291
18406
22709
40795
77711
80658
39631
57875
1922
29991
57107
33037
88897
2311
63469
26044
23781
91292
26219
50464
58699
64594
52519
69211
76290
97034
53803
72853
23780
46994
98405
39458
39989
44979
67078
75227
98999
46570
22832
26303
11053
25941
68737
33848
53802
50643
95192
76873
55164
83551
11567
10276
12805
3659
16265
59169
14678
23853
83907
74800
20040
10798
38719
92256
71053
79823
39117
55597
31300
45908
20108
92215
89482
60872
27284
24924
24049
56355
29079
7662
97689
42420
12350
58682
39343
82342
50483
43690
75839
75622
82886
30684
95217
33301
60099
98040
59513
22311
89689
27944
35987
88922
64669
58341
82710
45257
68431
98321
6936
17398
27952
34242
12818
8795
30547
66847
68813
28465
28496
23272
54509
69925
30568
82069
91615
3823
19838
34237
24524
64941
43104
78724
92104
72501
88822
17011
24283
21683
7682
68086
4506
23760
32756
72520
62284
52482
24643
92307
98844
75099
1090
41771
3241
7872
10285
4080
86371
37948
72343
97736
45914
96162
44485
57957
76539
48633
61957
88926
56588
98932
68975
24644
74970
57174
81799
8496
10149
37534
19489
64603
36875
91513
97006
87677
15707
70685
99984
22293
15379
39732
50881
37404
28735
28214
32132
27373
69199
17860
53535
86931
76655
11061
38294
14199
19136
15823
54987
93285
49844
12585
41171
95938
67827
39138
48424
20378
34997
41279
88340
54635
22216
88913
74310
11610
92816
49956
34880
33554
83187
47738
21078
4777
6960
1487
42285
43122
91832
64047
43069
63136
56230
26176
76868
16811
46780
52519
41454
21433
86922
50843
15872
78274
32067
53112
78825
70738
87310
4696
94469
6079
19979
16293
23158
30896
91223
32066
51865
7351
38333
7053
41867
84451
62645
67091
59718
36666
16648
45275
91626
70840
38312
50422
41053
21515
50655
25046
74687
64711
30250
93028
12901
80670
49597
80476
57383
87169
15211
17179
10843
46783
55787
90619
71520
23804
62951
29691
78681
29539
50856
41055
44374
48306
80319
7501
31425
80695
88159
84731
27972
75512
73094
660
24808
47335
15787
69622
23384
92698
52536
82810
89523
24669
79641
25802
20720
42964
38591
4240
13401
44698
21015
29494
526
59517
36718
27585
79712
62077
8148
86692
67299
74697
90281
51247
94813
23514
66193
3906
10810
52570
35460
50629
63326
32009
95064
38644
15952
18909
10636
92243
94070
42288
89597
47172
66795
87406
97206
781
44933
48746
1501
72167
15575
5923
93777
84226
39893
52221
7536
37802
12309
71631
50691
47078
16398
16943
73377
44882
15729
88850
16836
46774
86293
53981
27612
83570
31261
68424
75704
73381
18516
92501
85335
6316
46732
92459
72631
57642
76746
25191
85786
28537
61518
93254
60188
37446
70227
39154
33477
49651
29834
20247
13675
37810
949
68612
57285
12026
63868
93809
93658
44446
15410
30751
26933
40428
67464
69713
57519
75987
94148
31025
91337
29550
96056
63111
46958
84957
37253
49251
28260
72196
63557
5834
3413
42564
29054
42830
19729
45695
41904
35856
88338
87384
90200
28410
92665
99128
23964
42746
10302
43026
50322
28331
89191
8950
45504
17937
85861
34849
99483
93175
56053
95574
86931
83631
86147
60812
1626
36741
67621
18502
493
99185
46141
96532
78219
44789
21915
92583
33666
68796
38574
39633
95297
43873
74122
92970
44402
99305
39406
23458
12104
41585
97033
41363
28974
81970
36853
55233
74548
74551
82880
91103
8086
97014
60891
58744
61662
25495
26013
53709
41981
64792
35208
26621
18274
95711
50861
34427
70231
92392
78556
12298
32096
44256
74656
69371
96925
89511
7444
16734
38431
30212
19343
81840
66943
52424
17139
49966
60699
19322
12150
381
4036
39881
42916
72575
19990
41349
39268
6176
6405
89753
28526
47143
71848
9474
42086
2338
20483
50264
53815
54785
53476
38066
70436
22698
38625
24632
98464
56822
49586
20145
32313
22636
91411
52939
43792
6683
10078
50878
4508
19570
30255
80083
39585
42112
77765
8430
93613
75651
21044
83606
87898
12751
9340
28490
61856
40261
94485
60257
20776
23195
97783
33818
57207
94882
23878
95099
73866
96571
29431
5123
12226
67917
26023
61995
82858
88747
33888
4613
1087
12042
5942
29301
54709
8224
9995
88540
69242
61673
91149
69595
90612
21808
36065
70066
75180
13105
26142
97263
62655
51130
97570
18781
8726
94933
22845
82783
71122
90100
90503
8206
75337
21302
87684
17521
34403
98354
83598
47595
60855
45589
71011
27883
88444
50808
47633
59379
16151
57076
9574
62626
97713
48353
85001
88575
26142
88204
57745
2195
4613
19808
17756
55482
52602
24984
28192
63866
69320
70184
17346
88003
65248
38139
87718
1571
76971
55347
84232
94909
534
77558
78953
24197
14181
88162
10581
66389
12619
97641
63615
81201
41824
6182
84266
13195
5954
6113
8037
89379
16042
55976
17348
80724
63949
53879
56659
99594
34428
74165
7258
99363
13165
8513
64203
27312
9341
70247
63881
57421
87483
78936
82212
95766
95304
41286
60738
7977
81723
83888
20680
65572
22436
73551
93479
45976
9132
81751
30454
49635
12880
11169
53878
16896
2226
4307
77132
37160
82162
96889
52551
43320
21424
62019
2141
75612
52461
15018
48579
80732
60926
13397
91710
84441
29713
91614
69251
38879
66291
16040
99441
99401
21527
32019
28139
30009
3174
1923
93171
71299
97855
802
74681
30336
41665
44519
21846
67996
21363
74194
33504
66031
45690
10317
23084
53486
99470
20090
16675
60098
81922
12329
17164
42889
35006
85707
17083
1442
87663
8161
58110
57178
77422
97956
16164
22462
62140
10215
37594
26474
1537
6628
64158
96504
70678
623
62360
15733
65751
25456
16118
91491
76194
68460
50864
71657
26686
51141
31859
41066
37473
11847
19836
14653
12205
65415
73062
19581
38673
72498
56469
24672
79772
50217
55725
32240
39518
95297
96941
94751
12088
71070
41175
56749
60627
30487
56965
51093
26973
8727
73838
97782
43433
21046
85076
63512
3441
44166
98966
40605
49148
42825
34357
95057
50918
27020
18539
15175
86223
90032
73309
64671
73557
82506
68526
7044
80766
23634
81560
21684
6611
36948
25723
76412
29350
25258
1129
55986
26810
66953
77362
71627
98689
24178
38935
92705
63687
2342
11704
48490
61623
89944
41267
45211
63828
37886
12803
31674
83858
8254
85906
25287
84983
33950
67668
79596
930
82636
62609
34280
21985
11108
18993
39059
49836
29519
37658
84070
91454
68816
21699
1006
44785
59271
23174
21688
27218
83210
86451
93704
11527
60784
96906
56397
63406
64122
18385
74684
19710
32186
43182
13080
7184
76382
84222
7780
77718
25250
10749
60755
28060
55482
65999
36579
79444
96088
8186
90041
15735
72688
84592
90612
17452
79704
82599
38416
83442
29680
1262
85633
1979
30976
52302
87085
18723
87780
30396
4281
50230
99666
89188
78281
8608
61873
21682
68489
35425
32010
71493
26853
91137
34076
94889
39937
10039
16490
52651
24927
10188
67243
35473
9900
42704
16344
16953
63514
75562
23389
84209
64807
33210
56416
17697
19857
55268
17097
79047
38843
95071
56900
18555
84366
51976
59004
32407
89917
20101
31576
83840
25957
40586
69425
52094
60337
64460
93104
88384
19637
68860
67214
39064
8503
20613
32957
42730
85148
48075
63914
20226
22962
64667
68573
54345
10503
85654
18307
99480
55139
93529
75308
70545
59251
36717
31408
35214
32085
91350
45753
73850
85288
76524
87007
77441
35559
89687
44013
25465
4045
20734
67825
22794
58782
10867
47511
77584
93887
45470
2363
70571
77183
8974
93903
234
26540
84106
22527
88050
94471
47935
75680
93349
50383
2758
37101
18254
50353
81152
50032
79785
75437
81415
51147
88386
1243
22121
56560
99981
33863
52674
86419
2137
10263
20515
60402
53955
14811
75020
82856
24060
7898
83159
63368
61358
97447
42617
86242
89216
9598
4369
50641
35272
30978
58557
52101
96310
1685
95097
65644
90469
35512
23514
20925
67492
31874
25341
30633
31822
22577
16770
44783
83053
65744
19272
55608
93576
59125
71559
70418
24208
95483
67522
3106
25193
23854
71669
8892
82159
12247
46110
1471
44445
29675
21290
46869
16668
78437
56427
24164
3500
11145
65015
79598
72309
61253
25760
77700
38660
709
59988
70696
85632
13821
32794
65785
99487
42561
27131
68789
41426
15254
47548
22236
78010
17971
33404
36103
61284
5943
204
30260
83702
80886
82054
69071
32686
79432
18268
70664
34961
27650
12815
16050
11785
17191
96536
66590
62759
49666
38993
22210
58112
77617
89295
17334
47201
42819
73409
56680
84402
75595
39240
38841
32669
72507
20137
2037
29736
13946
82527
53444
92266
18086
34000
11195
89214
53085
94449
96440
37260
45578
74776
61800
58348
30227
65159
32063
92238
82451
8063
63185
75396
64459
19913
96440
81662
93315
29759
95975
69819
9009
23279
10118
98534
80355
16109
89417
50084
37050
31761
27721
50882
57324
26275
66520
89002
72348
84298
17330
6756
70940
9377
12066
89813
1100
45091
87159
83449
68494
92964
43594
41214
26282
38203
2103
51635
35515
54862
90409
94539
50833
38394
57739
50142
52310
5358
10721
21292
1010
7643
4364
32044
43213
31667
1967
34235
26234
91800
38626
87794
17368
81644
84411
80233
36766
16839
5362
16090
24867
88684
63099
38067
65528
49151
77183
38174
77095
64766
98232
79404
65407
9327
4415
76286
5074
13604
39057
76146
78367
53908
52951
41948
54672
40841
1336
62337
37696
64520
72612
4804
42474
63254
93483
83861
89717
8882
63575
37715
21161
43916
21439
94101
46292
63111
33467
58798
28223
5265
27368
78790
4445
9796
62685
16130
16827
97046
42252
18246
94439
51290
20530
85811
92676
21061
57459
20186
42618
2668
99733
79092
5680
39700
45368
81337
60366
53805
61945
79263
70272
20186
84122
61042
95493
15035
11777
54023
13201
91502
66598
75053
7382
85834
41964
14008
72616
15950
98657
42737
52225
10990
17226
13213
97286
2288
16766
45873
89679
13700
89417
11977
19771
12409
80064
82261
47263
20062
61529
48257
2384
38505
16951
22338
3834
14404
43132
87894
79753
52673
31270
2008
78459
89910
64828
49555
46842
55926
98185
9887
36020
83990
44306
25077
66223
78537
4797
52163
45877
12856
21554
40902
93456
8701
15607
3280
54915
44742
5836
31309
44388
51444
67892
75651
61306
76241
1982
19150
53214
44736
27064
66588
314
1198
8595
24790
95104
84778
57109
65677
78473
86612
5735
48951
72257
37392
86167
30773
17452
95008
74667
171
87179
37483
72341
65840
93964
17731
17248
62576
52033
3523
99807
58832
87016
8603
67533
24662
7883
19006
60308
62816
68847
32419
13178
14812
52656
57833
112
28536
876
67707
69211
14218
1660
55575
37498
21636
20991
28229
71768
42942
29472
53568
80870
82731
33505
92666
84346
39803
67042
67801
2557
13530
38101
56936
34172
81795
52822
59533
48392
97228
59113
48612
21258
13740
61766
9612
88137
86351
61444
67870
67720
83881
61013
23435
36841
16268
64477
44453
99940
6122
66096
18508
2198
27579
90285
25066
81148
94601
96491
71558
38003
5563
7480
30690
37007
41322
54347
27152
8757
69906
57026
48245
41773
32535
75215
94767
95521
72914
71345
46064
57608
24565
24611
86283
98093
89392
23042
27630
44629
24809
39236
70831
13573
6417
64581
63030
84274
48583
36689
48963
96411
46202
45231
62577
83547
47541
42483
73090
30009
80235
16626
82058
52740
30354
8223
66146
64949
17927
63253
74049
74195
21364
19740
15431
3940
77951
19199
24767
4699
27910
19034
43579
38545
75475
57488
40901
79069
12026
88842
83612
67780
83508
63343
75878
7528
87228
73661
10031
53655
51543
27681
10013
84435
86070
36061
2896
93739
89715
22191
24008
50953
69199
72102
46848
15824
51668
42306
30234
79229
71590
34702
92026
24771
74337
29413
51277
70674
6675
38763
28837
56610
57854
8616
60163
85905
74070
46902
53522
19978
93766
3385
21758
48944
41594
59605
26481
29964
74785
13416
99756
93239
97295
58630
50307
64459
44262
67046
18744
42096
92178
77497
19478
98059
68599
84520
95762
41086
19342
97887
18665
93624
40782
13471
80847
85027
222
95771
71609
56570
48262
22921
70983
7089
73654
86118
67518
81948
63375
67137
86929
22635
8447
39981
16936
49420
39501
55669
27371
45341
85183
72820
14042
46187
21171
90899
39853
18207
17937
27863
7326
22961
1327
59435
72942
27004
11621
3354
5604
13046
83932
88663
99070
88763
75659
97501
71308
69622
35133
4800
22527
32872
39699
69963
78030
1296
31190
53770
12030
17350
42052
43695
34248
11005
36364
71229
22349
47900
86575
95990
200
68349
68965
13075
94420
92291
88699
12531
49862
70433
38778
82758
48420
7674
56292
3302
54970
71285
64054
16734
9234
23387
76079
4157
93054
84953
1274
14379
28784
46843
1314
12913
6426
92327
45901
23693
94668
85073
61394
33756
64082
6792
87299
19133
39565
99498
39148
28816
3464
78776
26049
32881
90846
36522
86473
730
54047
44267
86842
25903
24866
1506
74037
55014
69693
47397
85166
10103
15370
68714
95756
16084
21723
92145
30994
57912
90479
44802
73730
95751
29677
3257
77650
60639
37702
28440
34360
38009
31698
1457
49097
21916
21431
33625
51337
88956
21497
23015
3809
97548
2371
69279
76215
65673
3860
38770
18463
18118
73358
92713
2258
22882
45642
52668
99628
55667
51014
79513
32285
41218
24199
84906
56677
20765
87704
77454
46189
85947
228
69750
94106
1324
93234
37000
88862
9948
66941
23116
6474
79460
80752
35980
24206
99788
52552
59981
84170
87747
76300
41006
25943
88735
78013
66710
63195
91178
56478
73226
933
85506
96962
58372
77177
6176
3663
70979
65684
92617
69832
76133
94822
92974
93241
66933
21782
13123
49069
4783
50985
82684
52308
22287
924
69607
77426
15504
4594
25408
54290
85609
75270
84235
26271
63931
81603
70691
38931
68899
53804
93697
25876
98600
86193
16665
72111
58441
10423
97878
64622
59856
88423
89195
84942
3030
14445
66073
59096
74297
21519
37378
56593
47161
59245
49586
22015
74837
47030
56692
30303
1730
9720
74528
79936
1463
71031
76158
77028
69866
14280
13659
17706
62762
19586
70809
46186
70429
52092
61081
51608
63303
6677
85824
67936
26788
11238
58633
58150
26948
52794
83634
96465
13436
18540
47796
10452
71163
37396
50338
8717
78023
66708
45951
99184
12422
93442
22756
98033
81394
9556
70808
40018
7775
77199
22442
27138
23204
20949
61841
94523
62647
71524
7998
29948
45681
38224
72550
56487
59969
5830
81997
76636
33136
35752
32391
80591
90702
937
13864
41409
49770
99374
2182
55410
90831
72004
65029
37463
83381
97390
71834
47678
14924
47760
27683
8554
87538
68820
74224
69781
1313
89221
13474
91649
39795
74637
14033
47428
8991
16109
53456
90098
58534
82667
35396
89442
31296
74164
95630
21797
46015
81871
77167
86651
16463
1568
11407
31782
50194
46704
89654
91802
50115
77666
47306
83707
62911
97254
11624
57468
79783
62202
83239
69669
97011
25873
31434
33901
86524
58265
83683
2825
9976
85989
81094
53777
33719
57148
53093
82253
66659
63816
37099
55792
48124
48331
31869
44522
58679
78654
26867
24056
13265
2779
94205
41404
23072
82494
64587
45251
80237
62771
34163
8203
27768
54617
65335
10487
26000
96453
51273
12138
16471
11899
11262
13823
14242
318
72020
95240
30527
80529
68695
24409
38891
57834
68521
51217
50348
99827
79972
34185
55353
87390
60723
737
23984
53890
78853
8107
29554
37797
13472
54579
75404
51741
3306
88847
59861
14530
64748
79119
10078
1704
4538
32917
51968
44907
46422
3588
60435
50706
76055
80175
51820
15431
83846
33557
38768
84197
51614
83666
66644
39475
85613
60121
90176
7406
45876
51745
29193
38527
59813
79208
63108
53627
36595
79442
85241
45196
18113
60482
40099
90238
12164
71023
9447
61174
53981
30295
96266
18164
33364
80688
79639
28366
6402
58135
78155
85480
83118
23377
64603
96397
45393
61014
20500
60853
3100
32624
5467
94672
40655
65279
43485
37544
41017
67412
95738
42228
99695
90259
98086
63649
57397
94999
90084
53559
86731
43240
52066
19302
65699
1637
96941
23614
58726
40188
34201
86536
4596
8174
35007
188
79866
91698
79324
82494
66236
92458
58721
76900
812
18609
41755
51722
29319
45525
82796
64955
14066
86737
69696
38210
70824
13499
60872
26904
21760
75194
58181
82914
55200
2182
98398
80600
77210
17725
23141
17451
24866
46257
4783
6553
86561
81531
64175
49663
40826
70092
14933
16887
81846
73026
8607
61772
47260
92072
35211
69108
1792
84987
54390
66801
58877
49414
93942
32871
41698
24534
54457
94000
94897
45440
1500
42969
58720
86417
10083
98943
8469
46232
50085
96732
43874
61039
65837
19029
85352
78645
8254
79045
97114
91688
23714
20073
10704
6613
90288
23193
66776
20418
19004
4695
27785
87722
5469
40719
39757
87038
25502
78212
37421
36977
17352
78520
93715
70660
82609
92731
12043
49746
68108
86375
47659
88261
61930
15155
23145
60803
48009
3093
72224
89711
15926
89794
5967
41452
15141
94518
45979
13720
76205
91294
10252
61663
95428
1556
69086
94155
94039
88578
10896
69184
18026
81460
70645
31189
40669
65513
77319
62583
66187
50551
71049
66717
9986
68996
25383
60166
48654
61594
85677
28520
91167
80168
695
91731
21681
74024
81256
32597
3843
29453
67109
65108
16738
234
21218
58147
13367
1138
99265
84436
53997
36112
61377
34633
68777
98181
2997
22135
46663
9049
82265
5403
31026
62961
12418
71529
26236
1607
69437
57290
84042
74667
37538
32051
43782
34059
78099
30681
46224
69039
61220
4022
27286
13998
43355
49476
24928
51148
9313
94919
171
86222
22429
35413
81535
96933
42791
64107
91057
41095
80179
96194
99670
64192
45718
57984
89836
64592
54227
1882
74162
58726
7881
12485
30156
38224
61035
89009
63306
26352
25898
24913
3367
22055
29272
56857
72023
66469
71656
22026
34029
79004
71765
45356
58484
87901
1878
76367
72053
23647
32401
9063
81783
52704
7678
47752
81546
3707
69279
26667
33231
78645
27900
51903
31449
47451
60455
10473
18852
96064
75097
83154
18042
35185
43605
5330
85666
79809
47963
43199
74390
78061
25932
91433
9323
1955
29042
52831
46815
12385
25646
30480
85676
76011
91566
48614
43465
42642
31345
19611
93872
88312
64213
91465
85070
91438
90632
42607
23533
37305
27653
39070
12941
39552
64280
32775
83609
26432
41678
59114
34322
64325
7289
87003
35478
81307
26764
85262
10139
9552
63157
95405
17879
86895
48879
42844
15252
45125
82694
76036
56244
65397
81384
96207
26268
99588
3700
29120
74020
40545
42830
94679
17010
73838
52850
50241
48545
59000
34502
19103
66704
69157
56101
66950
79072
64571
26525
55887
10979
87787
68951
88255
59507
45946
66366
50533
90734
89246
62892
81423
73441
3647
8552
17589
78986
10596
29357
15570
54061
6905
89447
8986
90738
83852
87523
36482
76511
36163
95900
67700
5972
8752
7269
62115
75284
31906
1602
18711
60837
64078
83637
13238
4220
95527
69979
74193
87107
65739
24111
18669
81694
12925
47444
54900
4989
4811
35053
59545
88572
96546
95841
54699
99366
23752
18612
42103
11501
66561
37910
196
34538
13973
16449
13399
49125
16893
14597
82426
87556
42991
61590
59443
23804
36786
78037
62531
5215
44353
24749
50176
66406
83636
69047
78414
14792
28533
66441
20771
66752
27767
52939
4290
43597
98019
31215
3688
7303
14865
12507
40112
27430
74776
45335
50948
22648
16778
21987
32807
13010
73303
4239
11075
52393
66378
50843
56288
84455
77472
61105
50163
80011
97183
71193
2187
68900
4370
52841
31516
75235
33460
67703
58264
1318
63328
24850
93318
82589
1494
73793
76453
53638
43359
40869
88781
23605
57734
82956
57479
58224
87189
89236
78235
5331
54517
9045
4027
80797
35106
21898
87597
52694
89084
94335
19383
22884
46804
87496
72691
7302
6566
89211
53536
58866
34449
44844
53852
60255
52672
52279
23657
37706
65159
68145
10286
11559
96761
44762
60946
4431
16098
80264
48624
73702
71015
17981
60761
21451
90399
75383
85134
61981
96404
17771
38023
94795
27101
17375
6036
39162
91155
54641
14811
35333
63324
25216
95383
7040
82428
13520
92127
10068
31870
81768
44945
62485
66895
1916
82781
63580
2459
27267
85568
60546
90933
60302
7328
14692
99802
23824
4450
52201
46126
83580
80042
58441
56711
2299
37785
89322
791
27429
36853
28433
85463
27839
53238
14434
13218
98382
82216
99653
75595
45441
61697
77852
97335
51447
56862
36821
51363
91847
22753
49766
36501
44110
53371
18356
47043
85108
33369
19866
66124
20546
31551
91041
83298
28146
14189
2059
70817
24858
10534
35459
52793
87635
32930
86892
66785
67183
39584
47279
48281
34536
29324
9224
65153
91492
74538
64470
91350
57611
31059
23750
36937
18898
11851
95525
45040
86245
75165
5947
25353
65326
57195
28768
18531
83907
74308
21008
76187
57343
30556
27823
97105
98571
92438
28369
81904
94999
34798
43331
55585
81427
19246
14381
60214
35503
39632
95976
38461
10221
57891
70717
12804
96548
57952
10921
14891
78538
65433
61096
34917
3133
16488
8706
41795
37357
10440
43887
71508
26694
47729
82717
93237
222
37220
43196
40656
90386
55074
18267
39302
48337
51127
85983
69951
39327
28155
33406
82672
96924
64387
47812
16558
99653
10290
46506
86089
9172
66921
74806
66647
75192
45026
722
48942
69101
11592
74374
34913
55601
53708
388
16139
49673
28340
92303
9870
34782
21047
39444
27501
37477
6664
18784
15638
63416
90628
26961
40866
312
10897
90957
85912
84432
97307
39841
87100
9003
17719
84540
70826
25250
88467
57782
40242
49776
90384
12142
22416
45616
11070
60571
10953
88514
29095
70812
29371
64867
66467
92796
96505
73234
61979
6426
96794
17447
59911
26043
45486
86097
66132
87473
91667
10501
96739
73669
20443
81299
33175
5826
99715
82384
2162
38217
66658
70153
18768
47080
64393
85904
66628
96563
20256
39700
40553
98019
3675
45134
43700
52865
13863
16173
13964
83812
25370
59611
52414
14385
62997
9650
40365
52501
86649
54766
61058
70288
41414
1208
86963
49360
68500
2396
54335
78466
78595
58925
22957
48711
60811
60022
10860
90482
37596
94044
1370
35767
78778
2942
42939
69712
56445
93636
1017
56090
56347
47833
75593
82755
61305
91083
68069
75224
87390
91704
66768
69196
84592
60716
21652
16109
10326
15042
95699
19800
46264
47929
12956
66821
56877
22982
71365
18208
81478
71103
52286
76245
10672
23320
38001
26225
22813
56668
43515
80245
46395
65197
79613
17761
70275
93624
90400
25906
45194
87297
50452
91528
7278
18860
64206
86439
7033
49365
83399
17542
45799
69588
47088
84313
5709
45891
53216
97532
8926
64231
90695
65206
57226
25779
96611
44323
83991
98081
54443
90338
97233
66834
16078
10268
4487
65067
12905
39775
88233
78890
19456
19823
43988
41957
46780
44286
2256
34413
72174
86316
30260
96314
56894
88310
49706
50399
64113
18023
12768
4547
65674
51641
50090
70406
18063
43594
41796
91378
95567
82381
65322
20540
91709
11934
42366
27053
38836
18759
41306
38223
50112
46604
91163
43628
58210
2384
28511
97578
10627
59819
29682
56658
82814
50512
77231
80250
87221
56131
71780
3610
88858
79911
28242
65502
86139
80865
88855
35338
79520
99891
44543
38398
29869
93393
80838
21948
3485
17084
54908
39925
11369
70315
66219
59367
76590
19559
4928
7852
5493
68643
49294
87966
96027
32829
36269
82186
89586
4043
47843
59541
61565
65357
39825
74026
50190
24232
89447
14003
43229
86110
53492
21657
77818
82594
9637
52089
59908
1763
247
82718
76750
42111
10087
15430
58326
26117
87252
36248
41802
64665
60049
10300
6845
59308
11675
93472
79021
65803
49230
36377
43544
19403
43926
41121
72260
40049
25329
6845
43031
93936
84037
66141
22591
86815
74419
71158
91438
3980
11853
35604
12499
92027
27383
76807
84054
98328
76765
30652
71814
45508
617
31401
85051
20359
97680
58308
47344
99216
4190
51409
13754
15172
68921
89975
3147
96419
75668
8878
46905
69555
92782
452
3400
26864
22812
12453
51382
Time spent: 27
Itarations done: 5053002