61103
98506
96798
48800
10971
64961
66013
63592
60308
39855
64179
12744
80813
20333
65558
84659
88994
34224
33039
46647
50841
97554
31208
74744
88140
22417
42244
9797
90280
95892
34067
68959
92972
40267
83006
39098
58392
94965
71691
66616
80065
31423
66988
36774
40194
23543
32466
4884
67148
48440
45257
1560
76479
84831
68077
84730
30094
9770
73817
52219
15122
68302
32266
60452
26518
5210
46397
17184
35596
3164
69084
29156
40460
67407
40212
89191
23679
33536
58837
81486
87595
51974
45399
68700
98277
20414
54934
99953
45417
93823
73826
44949
17344
503
69837
16168
97871
32270
67987
88460
14824
56991
93320
63330
8859
22497
55668
53840
45597
82350
51228
85288
64099
75957
21109
16679
40359
38233
37959
88496
45771
97288
88354
93401
97397
42556
80858
48208
29412
10328
37482
17879
63217
38831
19722
5223
17511
90790
99450
73648
78973
27838
9638
14519
49261
48196
217
5542
94650
66708
80337
32104
50914
24633
49881
59583
77956
65502
10280
51404
16194
2918
97519
24958
69873
36349
98676
25524
31228
41742
97425
76895
63829
75249
43626
36708
83444
80381
57472
44286
10429
81584
59617
99325
18879
80544
65280
50867
74715
45442
92545
7708
37369
97937
12898
3804
97890
57825
15488
65179
40059
1131
65715
28486
40484
23810
13419
55583
68696
80292
46289
73380
8880
83757
90080
43662
1149
13377
28797
33756
92193
72623
55196
15594
92614
82349
64827
68128
61425
72482
75252
96032
76964
57007
86190
6216
7856
38307
96029
2960
67680
89003
55477
72284
22641
2112
70099
26710
22832
83619
60045
72657
44535
85517
47490
44445
63559
41892
70156
21268
27737
75823
12712
6466
60493
90658
6953
2044
6765
45667
76363
55640
27595
43095
90986
91968
60356
21352
54504
66304
87837
57345
66990
93646
1308
29904
94014
13953
206
85789
25618
51208
44242
79959
27124
12054
62460
32559
67829
48360
28228
56543
63339
77303
29107
61857
82640
12434
96228
34830
51943
9665
9053
24671
33939
73244
58305
42952
73295
98512
32364
96450
77064
50595
90564
28943
42121
91200
618
43333
50855
69255
46765
11891
31000
85405
60272
59498
15880
25232
84565
22382
47250
31541
63517
43215
34530
52181
33347
62303
21418
56610
6067
4181
13705
61763
55586
39103
90576
45784
56338
19706
55767
56790
78697
54559
84623
43067
15461
82349
88495
40982
99334
53158
48802
57354
72599
6554
69720
74167
87082
60153
60634
85228
45005
86893
87347
46749
39497
64370
24464
86806
17279
25468
486
72267
65447
25860
51836
75976
19286
71074
92368
21892
98711
13457
60888
11344
7172
37676
30768
49663
68784
2333
52975
99231
36945
94805
56633
82312
80847
86616
49726
45032
45071
47426
46613
72499
81843
87163
98731
14275
75528
47877
20210
39281
14632
59554
81068
89713
17788
7445
87234
44649
87158
32391
78870
35764
45162
155
56276
79957
8595
30979
86133
6635
67986
76360
49909
61075
69416
66469
70975
59459
41062
28707
97299
56092
67344
95536
22539
58771
89856
78052
99956
94394
6138
80677
40754
83647
44862
71905
91304
30950
19164
6202
52149
73847
98613
12985
35788
64637
94703
29995
59926
76271
24780
60465
38218
34419
4955
76132
61497
78076
23818
71473
59046
42225
65688
98423
91685
37767
84606
75448
56291
76339
78485
69960
74793
50593
76538
98905
99807
34140
32545
78757
93745
9593
11520
83212
28595
68020
67984
34548
9501
48587
40322
62928
46875
3299
27602
16823
88956
78475
72740
97315
79601
1974
49054
19194
24504
53146
36017
72571
33147
71132
74392
70151
53508
26343
10991
17376
31839
39842
78916
35293
10836
85800
10401
99336
26060
53368
46309
31119
72705
75981
88816
94884
92625
58527
41980
5444
75003
45765
98652
50234
73111
79015
61598
64534
14322
82371
31699
75961
20880
4535
56747
52019
64875
17896
10644
42775
52459
42553
64668
9680
69535
19747
20025
71083
24015
6510
94036
75178
88158
1339
91067
31910
78604
39320
43729
96808
11436
14350
79869
1749
34906
95978
56539
70346
73445
8887
3379
38934
13149
34111
34772
28086
21121
72882
22612
74102
18930
86295
69708
35128
23845
87038
87584
32330
30627
12973
61857
73001
31357
56671
83379
29511
61102
59794
33967
15698
13188
6759
41841
10575
89422
68206
63748
28209
37827
51534
8313
22097
83268
13136
88251
42618
74812
74950
77898
36899
57759
66567
56864
91849
27958
83342
40676
73215
41389
10868
34876
6134
32925
16615
354
75988
44772
50677
84561
2295
77318
29291
55773
52895
52905
97182
75735
20900
26544
77731
59754
82655
86654
23629
2744
91378
63599
74877
94710
38227
4162
15873
9825
30180
76018
98824
29504
92448
37881
66807
51807
2046
48173
66569
46976
98706
87937
88505
42097
99482
42124
9246
56622
64224
17521
40893
64900
20488
75233
10192
31856
58526
21025
782
53641
49660
27739
92159
36314
24670
60609
20096
62523
72704
38499
65009
28668
85828
91914
47114
83192
79463
72098
70216
60374
64778
24616
9566
83449
35532
65522
83503
5837
58904
88534
83395
69969
27532
87623
61948
89422
38271
982
96027
1979
12128
69544
46873
98784
59351
56082
37976
7844
23864
89336
58860
98957
11990
81733
81600
81519
21898
18954
46217
86656
42179
34933
30851
60826
80713
66842
73215
49254
18223
31179
50839
14488
54882
74310
59435
17875
32871
28619
51036
89896
72960
48899
6542
29072
58995
12685
20961
98554
40594
42949
73825
34520
1398
51893
42155
41146
57919
10560
88825
23203
12311
20523
25290
99198
81314
1166
4381
45532
63187
8872
46234
45264
84612
72898
38415
53846
90344
66800
79896
48609
99829
33978
57802
98759
57044
51250
55690
78335
42490
45303
92629
45803
99590
73466
83436
30899
51638
42462
92196
1813
50020
66599
23529
33981
99601
60361
59064
65513
52961
19403
207
3657
51594
68674
22496
41764
19245
46741
81743
56820
80226
51315
37608
83905
83843
92582
76392
5821
65016
88143
21567
53666
60707
86204
17915
87256
31955
22094
63153
13085
12101
97310
39517
1885
13242
19947
67027
87901
74982
60748
60021
67601
32221
59929
19018
66851
12037
66548
31106
12434
43641
4361
83769
26359
79921
35977
19442
59519
84287
40544
71067
95031
32306
29311
22542
80999
14076
98094
32179
97443
292
56029
42171
22801
52688
75925
72535
41654
17780
83140
64128
27251
41819
37089
92067
39903
84369
62333
18234
5472
88122
54665
89557
76949
83365
21662
17357
36519
66925
16915
92294
65497
97478
92462
99301
95216
91798
24894
97397
53170
89778
67216
20378
35630
80050
40731
36106
70480
42500
9048
74511
82143
69233
69778
97386
34247
71268
58571
36671
5086
64730
84827
72169
45924
57317
8782
54496
82868
23508
25604
4554
49275
65294
43707
36918
77568
4110
31743
61307
36865
39218
61497
13607
75935
37971
92437
55974
19815
94162
27688
64090
72760
2125
20973
88947
271
46262
29318
40344
98554
98395
87359
89805
11041
48602
25604
31719
18511
69135
67237
73261
11854
25582
15897
45990
54678
4596
90289
45039
56701
23313
70594
5392
8319
22016
96340
19016
71693
18655
95730
81448
84397
21489
32368
31949
7913
54446
26947
17432
45147
48700
48602
67124
58693
93516
73539
12280
44675
19612
76941
23245
55788
9057
58283
64794
21562
87169
99871
89900
83878
53931
23750
1950
51397
55099
43102
15927
77881
76496
811
40157
86211
68904
50113
82013
92498
75518
60032
53271
32760
39098
21822
13845
58469
11762
91661
46222
46612
76786
29576
97154
64977
18825
84922
58051
43982
46654
34661
80965
32660
80805
2300
43212
58286
67450
72543
80396
66683
69363
69535
4949
93344
15037
85045
15327
4325
57782
27024
79579
50210
8091
8649
46261
96526
54581
13335
95527
29559
81527
52137
93721
87863
24268
76528
55906
36601
77727
21783
52492
84388
87812
34002
18511
40467
10652
77272
37055
23796
20416
26553
72019
65024
82911
26576
19524
87374
89156
37364
32251
13063
60874
92978
46430
18180
98077
71613
7303
50834
37895
12448
45662
34902
33322
17416
5387
4848
40736
44574
59918
55861
25864
33799
84211
47942
59256
5254
67961
72607
74428
36409
65714
76511
4459
54347
80044
37548
96178
76662
64994
5911
24963
96493
18805
55089
97746
35028
7257
35938
36986
78300
21971
90715
84182
74172
31612
63379
47906
90102
28199
37475
48405
22633
5541
43550
78491
5490
32383
4333
8729
84759
98869
27809
13873
16827
21751
15817
87047
97596
91072
28968
38332
49935
29082
37437
45244
80430
10736
91574
33986
66173
64370
66317
22431
47699
31013
69008
48457
85100
11274
51503
40558
80959
69884
34357
61582
85927
99658
33379
71000
80623
69071
77002
6270
70966
90575
16675
79695
43166
50421
61893
23555
99269
35007
16488
93391
34508
73584
53447
56947
23674
92700
41802
54615
55267
43829
31032
16145
89449
22404
5922
57904
18595
43807
47986
65197
77744
79875
78316
84908
86299
88104
11128
15183
2053
84933
17284
80922
33942
24405
82711
26493
90882
43939
47929
40437
40634
30101
31765
50793
14841
38984
74872
94284
24220
78156
86800
67739
41349
20153
44165
15944
67558
71084
66800
96536
25164
62162
93867
89615
6594
66840
92479
87401
67929
71714
57714
7599
75941
45472
4742
23021
4959
56902
11358
89601
32666
90348
42310
85085
2452
94970
75618
41507
3974
82797
55457
65957
73327
59787
16191
96226
29514
33984
57814
30576
44916
95336
4288
4171
93991
2857
43199
58666
36680
46567
27643
65957
70798
73978
19415
22319
31176
83921
66340
24901
22367
94082
35975
79046
46472
82881
72930
61883
27945
91189
7715
85362
43208
44847
21268
60180
34493
25088
61230
60988
24511
70687
13543
32807
51417
43029
56101
58750
11964
23281
59940
29986
34832
39452
57864
20246
5841
40387
70402
69291
32057
43575
64669
22370
62792
84164
22925
56061
82052
83677
14581
44758
49208
38665
97857
86657
92502
1893
25490
13250
53441
91647
92646
52139
39233
18364
44560
99424
65104
62016
56494
84939
58691
68558
9196
81311
54643
59227
9363
16120
29159
62591
46458
95333
11386
85991
34792
35782
61440
40386
62893
34576
23273
20588
60981
74206
44685
21488
1735
73449
6474
40137
69588
46308
18095
73363
69409
23827
18087
71142
96693
26984
64178
47020
58320
52742
10132
78639
15388
49922
44272
53774
17859
16714
8037
30280
14441
47463
22045
81974
50589
92780
21818
96675
12490
74079
45663
77545
35555
11325
23165
74322
72214
81065
84333
37145
5686
20768
46622
42460
3946
34999
39929
87783
31226
39200
98078
90162
73168
97571
79403
51727
86159
73043
78771
75005
51350
9340
58671
20514
99575
7806
57995
99636
74581
45014
33697
86909
18934
1026
52727
17576
99451
32817
79469
8631
37170
32460
97377
4572
70627
55533
62565
2672
60612
91617
11848
56848
39594
75788
38017
94045
19648
7703
1134
2555
98987
53175
66183
67787
49099
52052
44636
37776
21997
45772
70316
98036
90261
68136
58411
23393
21282
13651
80544
53024
91554
9212
38560
4159
66845
66943
34961
99806
9743
88703
18946
36288
27336
26048
33528
57553
38678
73380
1459
34911
24219
86559
65498
73242
17508
74425
42018
77703
13270
6486
56050
18560
95322
16456
524
26031
32851
58353
2860
31872
54173
89591
87961
49938
83418
13742
98285
54054
17428
14624
68850
68286
27710
52877
57885
32037
95413
76403
2262
40410
26079
16811
974
88887
45293
5472
29580
70583
46411
44797
53907
84249
47143
13071
42239
11635
13088
64433
71807
13974
23168
9563
87614
79057
84454
27140
99430
22772
52023
61363
96291
11908
73224
6568
16881
28711
55179
66463
38902
41856
49298
2498
40873
83389
57300
53607
45734
56691
89439
17822
77240
16607
47579
35220
47319
69625
63250
1181
45403
39382
93974
69146
19206
30710
69921
72830
20494
4107
87329
9294
39110
41707
65191
76325
63839
45712
17288
50249
89658
60738
42978
23590
37509
52627
7004
95945
64917
8029
61132
25957
23633
41403
58553
7470
63920
9101
25762
28752
94185
33789
86032
10072
79386
36707
73592
92003
1939
60126
38294
64467
14843
37872
16804
84856
88305
37857
38254
32500
88349
57342
39806
86262
28745
98994
90736
92265
6024
93778
62395
9531
61464
65379
35817
82731
13586
50030
8761
93320
70097
95547
49601
82983
59105
63804
46781
26636
16076
52034
19399
56136
25164
30065
87064
429
41395
62955
45250
13005
13650
51499
56195
3364
87463
76676
44751
75611
91355
78353
83633
4332
765
33414
63139
45606
29606
23996
66714
89296
21014
2587
15579
7678
96129
67523
3218
45041
72515
59748
13616
23038
82333
79721
5943
7404
4430
1929
52744
93043
74235
33746
38751
16572
50662
25216
63035
98058
220
86814
38528
47013
5043
13400
49798
41607
13843
44256
12522
4632
32546
11516
76205
54919
94874
42250
25500
8714
62213
83099
64846
41928
76784
10570
16187
1255
32511
75002
20165
69810
33892
1665
7441
51230
84806
38583
98729
35140
86352
97417
99600
46400
25677
81099
79285
60745
6206
29884
61484
90231
3749
46137
9550
3321
32690
77369
58472
46489
71777
46912
31701
76913
30007
22148
82138
99112
29658
1243
13511
22316
45759
81167
70868
19913
69085
42059
37073
77480
53253
46054
35944
61714
65554
2250
22092
29013
85877
93765
32518
19477
88409
97687
85670
49833
96747
54191
39953
27006
24648
57252
65551
53072
1841
46064
40965
81812
37173
73699
58787
17294
89799
17477
14038
15711
3209
74167
52754
63111
6625
52356
78544
53728
3573
34191
50493
86276
48461
29206
57037
28896
58511
84018
17329
77334
20659
43465
44175
45524
30808
81078
697
82894
46345
29791
96709
8507
41853
47416
159
88624
32681
45604
84004
61260
71394
95934
89549
29028
28020
2221
63540
99860
36659
94252
18191
54087
28174
54915
70853
55964
71556
40033
43171
7849
14978
88206
38357
66086
51662
46586
69580
99042
35373
57735
82512
69812
35693
62588
713
68782
54189
75037
23784
4528
19160
74741
25157
85470
38858
46544
28853
89245
20926
67201
92733
21934
59230
3145
89519
15089
48349
36602
56233
94917
10721
81632
77769
85048
11725
86508
80916
71971
93986
44362
41440
70538
83738
50115
48717
75847
9310
48460
29951
77381
24606
15035
9109
41450
48942
889
64542
38766
18642
48991
53582
5448
95554
60728
92483
77763
92919
50250
15693
33601
60042
74963
89700
6993
13752
71616
23635
15895
16865
59146
1273
58003
81699
91824
57278
84564
20130
59227
34261
57937
70780
33155
86639
35062
8619
55903
42304
96093
82613
49093
93731
55082
32971
97806
66460
47921
11188
30870
4746
91687
63213
74851
21721
49053
38964
6717
84525
11639
59846
68089
43672
36950
9994
32636
70266
34995
16699
37377
34741
2721
50795
98555
46425
47061
8730
33204
74488
20727
34650
98657
87762
18769
3005
43990
83396
48505
10053
39734
22491
90564
16042
15204
54613
14633
39004
86391
92473
99876
25722
1605
93095
37083
15842
66919
12423
57255
70981
38957
26605
39653
62341
88675
55067
1246
97476
46532
78026
59059
19750
36794
14221
87088
32432
96733
13432
60257
83498
55055
22721
89306
96877
13169
5378
2573
51255
32743
27182
23278
88457
83501
75859
24236
80058
46316
46524
15863
93047
98398
8392
37859
73208
29730
66219
80153
8357
52922
43669
54488
42627
72218
45221
74443
87725
71679
98245
78758
17399
67388
37516
50480
37322
44051
70702
42762
94180
62433
55269
21085
24948
80856
24753
71192
50191
81309
25498
2223
83647
28740
63730
95348
64492
20688
17236
9583
18316
3659
35915
58576
18243
42534
41146
14773
48538
29745
35161
80726
69649
12108
48517
91185
45826
94914
86271
74199
24305
55252
81626
4618
48486
59530
29563
29168
46629
33764
52384
28742
62297
79450
44100
10547
83095
62698
51253
90469
80226
29787
74023
34288
92968
18423
13362
75317
79359
40716
47439
15583
7246
11255
93784
47846
78273
81647
2332
6550
61501
21504
28934
67237
63031
55098
58930
65981
73343
22758
86030
3105
15030
86597
2999
28728
60183
41231
27574
81607
98871
21936
69503
67312
18028
25006
42811
16934
93486
68107
41094
63319
6985
21997
23109
8270
74706
39251
877
31183
14191
90468
83226
7282
82480
93949
3912
61907
89873
90923
55405
86228
30943
75170
56894
79329
77231
33205
8258
61762
44548
89229
20477
26484
81860
77629
67388
54509
28451
85055
73683
24661
51401
13981
39705
89491
6354
20119
4863
72720
61139
67199
68386
67488
84028
24336
18647
79259
26231
3586
70438
62394
21687
98284
73351
45192
86294
36356
33806
24668
23445
7047
88284
39332
33026
54364
75991
95950
77045
56029
85411
34556
76590
22836
91130
64906
2063
60063
54831
97116
71444
29933
37476
19407
89797
42132
58509
46687
47336
77970
42253
75095
43037
23046
11738
29733
16152
43123
25824
85433
48920
88392
6750
73754
50335
52460
72132
63300
43085
44088
67972
15006
53561
52103
97361
69230
48311
96874
53340
17266
69401
65371
93778
46347
95853
21057
41148
24221
98636
64720
50705
7101
62686
97856
66882
13058
20967
6313
79568
1864
82840
38652
99483
41842
41789
1041
94995
24468
16051
28490
71502
8238
9759
20837
28888
34775
81914
51155
2590
62186
75843
64092
79449
3340
92752
82148
80794
40079
89556
29025
22100
8252
43399
60891
91086
13043
53086
68806
34246
39240
41103
78490
5604
66877
79024
27291
10847
89109
83746
42387
75039
56255
22385
79171
72739
37585
19594
4220
85634
747
82632
23380
94672
57662
46773
62234
71238
15246
96401
3583
4998
99510
35673
74554
94878
92384
66642
54573
33980
32034
82494
44661
39292
79502
98860
98403
12673
47158
27115
65391
70886
17770
40178
39090
49315
56915
93520
32796
66558
36012
41915
29710
35199
38415
35954
66178
17854
16839
91378
10707
56973
6777
99037
95645
51896
77652
83587
43269
17315
21098
25012
3494
33547
34092
28616
86562
90943
53539
66366
30770
38254
38531
15274
92691
67918
76602
86987
85319
10040
11163
76808
18175
61172
48687
60098
12661
44075
6287
29349
75803
80247
2993
96137
16020
58301
81348
78794
75666
98161
69849
58812
36827
43545
61332
16830
29219
63389
87558
52526
32036
6591
16072
51802
15180
33886
81818
89363
9576
45653
93058
45129
31113
35120
18811
68861
8262
22698
73324
48979
79509
69056
62032
28754
33506
22091
42989
65881
62197
26066
87942
49899
85142
9993
98033
76015
81922
76686
40508
23587
38699
33979
24888
2848
74900
45204
29733
14437
66460
27325
24410
12837
23198
92009
4226
77087
9612
7416
71825
69905
20753
56674
52916
9875
37840
82731
30225
90378
91862
38707
15966
53711
57678
7858
60181
69102
85976
17938
9987
69363
55945
50986
93060
72432
97618
41484
97604
51327
89606
63334
60624
18803
85264
29255
56479
61522
58375
64971
98492
92582
87997
74948
27850
90978
21388
86473
66026
61905
63785
44484
49677
82746
44282
30876
50248
96206
98194
98839
4455
74220
88004
45376
46337
4134
57372
93225
36798
42078
75672
17230
32302
37566
84124
29573
20851
58041
98833
33308
80409
32421
60923
64274
82616
88667
49421
67756
72927
81970
88664
98121
7266
97356
88769
87216
14784
63354
55005
421
86541
31805
89986
88058
60705
63010
91114
44213
86274
5080
15035
5081
99416
71707
40657
54562
39158
3538
12831
56131
62482
44891
89849
96869
92807
79782
49705
12094
50367
49054
32399
57152
68207
13859
8542
6708
93287
39820
68180
91264
8620
50913
17930
25663
89440
42450
59444
44976
24031
48474
97655
39424
88190
30485
93419
71913
61207
91616
31857
69246
10775
23201
25112
1253
54461
59152
6183
818
26130
47613
99144
32190
37170
49110
70265
85010
24392
35705
74449
57068
19168
96650
11848
90153
55677
52599
667
40175
60043
42659
53896
95325
26691
76373
20048
4131
93461
36213
11013
39079
72767
75215
93711
825
82565
79108
66490
63081
47903
52631
76071
68864
11539
45664
56323
15105
374
56403
86278
4475
43415
36011
71523
832
26497
71997
50477
97818
99197
46054
15042
98917
20142
46138
13736
11669
38387
62322
74652
78771
60536
11235
45454
4415
45984
14906
98098
85512
5973
6377
87094
24321
56033
46681
81857
81536
85986
15591
16050
27023
66817
82030
9829
59167
9562
69077
24492
93195
27746
3259
3291
63835
31986
78105
37011
48351
3044
67915
68435
92231
47888
99300
15888
11722
42300
25202
52832
54907
3062
48999
27822
26181
12963
14706
47129
17749
42659
13392
70945
46144
74854
55632
93335
61809
38297
25149
85945
85425
1793
59748
85992
25914
61708
2238
132
51980
80389
26245
77592
21533
97455
69630
78272
21505
41099
1719
24536
34342
12343
9601
79017
26829
1616
13472
34993
51943
24060
11338
40766
65070
27671
9336
4962
82185
36655
15533
45768
49494
41328
62230
53886
51553
35422
74696
36320
58035
31849
22640
96128
98062
58765
74866
81859
55436
49206
27242
9650
98122
89624
89436
20808
90949
85315
96856
88217
91821
34042
60788
25975
98561
73081
81942
88459
96081
79455
30453
67348
51692
58322
38838
8110
20135
50265
63482
71121
49324
24649
44951
56762
22792
3302
37747
98757
35502
76392
86086
5458
75920
30732
93860
94939
Time spent: 28
Itarations done: 3008637