8260
1398
57991
47080
25873
40470
54417
80618
16668
47740
73301
7287
98723
14450
19976
49833
25270
35134
60870
8883
87151
94489
87665
75510
63538
42286
33146
77323
41654
68423
53278
44075
2132
7488
55023
47563
45655
47615
67444
17640
18634
91952
24857
61198
80960
22721
55099
14242
47211
47634
43421
38502
24234
66335
73089
33507
62620
80584
27451
72651
37376
86040
75066
87490
73933
25818
49415
18374
39690
56361
77792
21466
28369
74741
10151
72323
74738
83150
48020
34429
50643
21120
76015
67400
9768
78921
54069
34080
68198
16648
37173
28333
30604
52628
51245
86046
97728
52088
68687
60742
19900
42437
95251
42119
93378
5032
1030
70988
31632
44977
2713
57266
82004
20278
31666
39038
99729
19595
2984
30183
35901
13851
34352
91644
43736
71144
50345
27154
58368
16674
47780
48077
59388
39799
90753
73984
82518
98912
50220
35699
7000
51426
2286
25765
8718
41002
51795
97620
35548
7026
53408
49255
31042
42383
61020
39730
5353
14758
48202
77620
28141
83941
7274
89350
97231
93063
52721
22309
18912
85192
25805
62773
21024
98405
21581
51838
8358
22211
36949
63975
61391
56140
68949
72231
74029
97319
76177
61738
23748
98036
53061
68899
68442
76564
56615
17467
68258
34950
68414
94714
37855
35977
70690
60968
44746
18191
64769
14048
82802
82661
62529
36437
66449
68064
37104
37538
10774
41685
27758
65942
85468
73138
55672
7348
56427
24839
22337
2656
57841
88729
30280
17687
69726
22231
87084
71109
11100
88124
27952
80361
97399
82769
19507
16718
52219
45066
88106
70105
8101
74524
49608
11874
78842
51009
4386
9481
36674
41005
1283
90837
81676
95653
67295
78095
47899
94342
45964
10717
50946
64299
86756
55901
45124
11423
80152
60793
24793
30499
38766
35362
74160
23963
83458
67454
42522
47565
5256
62224
97846
18554
38827
67008
90572
67408
1319
89685
41653
87691
21555
43641
54110
40255
8932
55708
35740
97801
88751
54776
12142
73738
61326
18247
3836
65277
25892
91116
39016
54892
47129
8164
74347
56553
32102
43619
231
63547
28439
84588
14080
53218
50796
74684
55416
30669
91953
2484
9959
48188
77333
15799
6398
20127
77307
27210
49156
63960
324
38939
53223
37430
51751
55811
72987
8960
58214
73954
46038
93936
25318
29822
4996
12986
17816
69232
45721
80045
25609
49354
78602
7790
6393
17892
31145
25914
76351
23216
14705
43789
53967
96775
15967
53172
48859
14843
24637
58934
27474
90509
62845
46193
80544
68798
38854
40749
63409
97887
7952
96409
79609
27617
86757
47553
30610
42861
33697
98197
60077
73748
78030
79887
79812
37380
52535
99847
76282
56366
60893
18161
61612
68369
89754
38132
50974
87824
57652
67520
19501
6089
78139
9996
16175
19499
2942
75978
89574
56166
2392
59867
10920
31811
35054
16797
63590
2538
56210
86119
5035
98166
15734
51162
97008
13590
99905
95203
43086
7605
78839
12135
68627
8750
31451
56944
27642
55910
33262
75937
23505
7805
8867
39542
85984
39940
70486
11541
55757
10196
86808
27774
89420
14964
52183
24614
12906
76577
55258
52932
19323
99753
78235
36821
28403
9883
93233
87985
99054
39193
60575
66493
13982
58183
75353
86516
35890
59197
53230
1690
68458
86588
94208
68913
42124
73667
13969
81667
84644
90462
86382
84363
29443
28285
97931
27760
60997
47226
75037
2136
95762
90883
8643
89709
49656
29003
66952
10696
48621
23181
56794
98430
97501
23366
66896
28142
34313
93625
2182
41256
61873
34482
97236
52503
66866
16130
79206
659
7602
61878
35661
5391
76023
24459
31301
22473
16983
79133
8927
47546
18369
17028
4703
4630
69334
59731
5492
69765
20734
31882
76939
22422
71780
22361
94958
87757
50021
36633
20434
31312
47911
92922
67185
94412
28597
43097
26613
13308
15939
5496
28987
48026
39387
81417
40908
57904
13012
89557
21290
99976
89808
93435
84041
93626
47313
15687
44648
90376
28694
30059
59994
11173
84587
97057
5999
65221
35344
62423
76031
44191
746
68940
24568
93535
24833
41575
25195
98682
57174
93523
59790
88047
38732
66481
6634
47066
80398
62290
49152
57894
15377
45095
84182
27914
52737
93225
68847
46890
58821
58270
8559
17371
45593
45122
55126
35854
50618
61275
53597
63274
52014
96243
49237
12523
73575
82676
41867
97993
169
59623
53852
37570
41613
5355
60120
70998
54384
32243
13858
60234
54881
39432
89910
67180
35361
384
59411
62081
24255
21848
3803
1936
16251
48393
74151
32411
34374
2387
2556
9028
76185
43138
76445
3831
39347
885
93667
62242
17939
91427
26579
1502
10272
45413
36666
96857
81345
92636
97765
84581
78706
26182
5568
21939
9108
33839
73867
83375
45234
24947
43842
39479
46655
99670
61731
60713
47270
4665
12326
11387
82677
94226
31014
51067
5231
69185
55441
40358
61975
97231
19395
55922
91230
27725
36124
55633
27278
1767
66067
98922
89426
23907
14852
19656
71661
5810
61401
69301
42170
14116
73161
96658
8206
54847
25660
7119
1084
4944
7039
49175
88538
57843
54667
8816
27229
84494
40589
53512
26901
23815
95319
56597
9482
7292
35356
50186
11379
91288
38817
171
95276
17598
95699
70338
8939
47888
44536
44357
52845
20858
95614
4152
95906
62351
32388
21064
9099
38072
77380
2287
70535
76196
6605
49174
32294
2853
97431
26335
29303
27349
98800
10834
53611
85922
19845
89328
13571
2962
43224
97679
46809
56824
82831
52303
58251
43713
22089
5496
10074
17619
88618
67944
99129
46831
43864
80847
19212
68323
92122
87319
20468
40134
42414
48172
46333
88845
88792
70719
49549
24330
9902
70871
63156
47222
27027
68626
29775
5848
1315
24909
73075
68871
95544
63816
28995
67477
73522
88423
41142
26668
61096
90621
64671
49061
46753
75885
16089
36583
56929
72352
52544
35527
1380
70306
63542
68671
47368
42920
10428
74514
47904
32013
54559
8146
18925
43648
73782
70857
33032
87508
78643
26344
73310
11310
4696
30196
69725
26929
75358
46308
22754
98391
925
48993
4133
63627
3702
12777
13013
91602
36631
73186
57279
34372
93366
1346
24464
19663
91447
72784
4401
43705
47024
26550
26664
66357
49532
4642
79836
80958
87800
33653
86780
29884
75231
60701
20340
63443
71045
83894
57272
94524
97000
23935
84728
84342
4564
67964
93215
5627
56229
79296
12735
68804
46443
7481
74667
63949
2603
51911
10978
66767
74607
29220
34452
80335
42644
69786
78914
36019
47253
21871
16765
56788
73070
73308
12690
94015
98302
10084
16988
84920
55621
18784
49767
41969
37004
5581
78094
77806
14985
48304
42210
89732
45843
20080
44048
76263
66461
23174
71542
34968
95875
49812
95587
95563
5013
43207
43043
75160
23652
66390
18761
3596
12343
99117
22395
55934
38856
73801
81645
46500
63629
30291
2548
84249
56801
16278
19598
62776
40568
85209
13717
59944
74932
46826
54461
51902
82367
6767
14386
4165
37460
91165
98089
88455
31314
89773
26217
88193
57286
66847
15609
97769
54586
82893
746
91182
89344
42336
48788
34133
48911
32288
30775
40329
74507
45784
24905
27558
59751
89234
44326
11977
98193
58296
1518
90108
71626
28970
44065
97191
32823
51440
22522
97834
51229
53053
80085
60299
58254
53759
85873
89311
49970
72481
68930
43928
79346
56067
48387
46798
97597
93847
96761
99044
84787
90282
17991
51039
43515
55791
69542
43515
16332
41565
8826
25715
27474
88023
98153
77712
42582
78538
59587
12571
86231
90167
31308
10659
56457
11328
40489
43225
27862
52714
74169
75257
40493
12231
99259
98679
30335
67317
55556
36089
69111
58728
21531
72549
46005
98737
31637
18325
41992
83651
6051
79027
18659
15661
38982
11246
67705
42240
80065
71588
44761
2691
34888
24890
41728
30870
5292
63465
35530
753
87856
3358
87993
17209
49875
65904
61495
48195
6101
23271
58113
66574
26688
85209
86169
19840
17008
30908
7412
74253
23401
44603
20482
86265
35408
96544
91917
38546
74690
21913
54606
40558
83565
89488
55437
34314
51983
19098
48829
64837
50776
2351
882
71777
71126
4633
90103
33776
5462
78052
64952
50344
43376
94769
45912
77425
97647
18086
40347
42230
20092
64680
72105
50573
14717
75552
14632
65633
6528
5513
56327
80925
78344
61482
19896
32233
45115
68364
3696
93362
95471
17966
12351
78777
93622
61182
96360
32550
1245
36589
26012
17522
48584
89630
83577
31151
56793
25721
69591
65290
89391
57913
83967
95921
89722
55134
60756
35918
43435
70583
6556
8944
90252
31504
16883
5851
97686
1351
22277
66282
845
83280
46457
87652
7114
19904
42554
1287
62253
58459
10250
71198
75322
92759
86606
64867
3850
63771
46418
17321
7801
99157
44130
59947
91144
98785
78670
13658
63185
28019
64984
52404
68377
63472
51634
27490
52899
46984
32519
5742
59076
42713
62563
15316
64599
59528
2205
11761
12471
96294
83537
73940
9784
91199
12182
14503
8646
7883
93278
42834
20971
70976
97387
49726
60346
71515
62741
92543
48834
98760
63882
47179
74290
19103
63606
58897
34688
15026
5049
67939
59921
17484
93818
7792
58709
13641
66263
74085
98451
88512
39312
40314
89289
63874
89706
52956
10115
30728
16075
72963
83906
32595
95953
43286
82510
46114
61668
52747
16903
22707
83974
35454
47913
438
70361
91916
34574
68797
56183
43129
22480
70725
91019
32089
62940
56046
196
68582
45193
58350
31878
72549
18601
53394
83912
8908
79472
71289
41352
22477
98068
76988
45582
75450
65322
4018
59013
61874
45957
24929
85484
23671
34919
68602
55884
20953
27436
49325
90866
15753
29516
55474
8184
12753
55315
56669
50783
63175
80570
27417
73670
78756
47176
52567
42474
21548
42968
75284
64707
32258
12925
71814
95917
34969
93252
88943
37223
9264
98164
59851
68210
52155
30735
21990
39669
61682
33765
96605
84408
61630
44389
53730
91146
52567
67048
78737
26462
18219
33403
76943
82822
38190
74947
1312
76906
58133
94299
64955
21788
46693
84545
4899
48919
24891
12502
96530
61495
88103
51398
79127
59415
53360
21242
42088
87907
55459
70997
38705
26801
84168
15698
39786
55517
1831
23800
12931
30
5758
35249
14951
92359
2980
79196
14688
50612
46360
51750
21404
18161
40445
8801
79966
84198
63125
26703
8174
44787
64803
84481
93906
53404
707
25225
40130
53092
23883
61485
44391
78489
16549
99696
26034
65344
65690
72087
69198
7555
95134
80987
32547
57348
50807
80114
87727
72884
98481
40145
87687
79418
34042
71771
33321
25070
25140
8444
2260
80324
90
83132
27196
51579
74951
68675
62792
53377
62961
89701
59989
11385
41841
55571
74456
48772
63956
8436
71952
42306
81920
28271
57527
21334
27951
87607
47793
22704
29138
2687
25871
7823
62746
84911
67196
94166
55779
56693
990
52916
11263
59200
77017
76832
40
46004
40134
28022
91337
26236
76190
33980
7986
93654
81996
12064
82883
53859
29344
67540
62118
40943
38509
28375
47196
96946
50155
51156
93844
72770
86260
56837
88152
97578
20449
32439
2103
55211
36028
65417
90074
769
36062
61071
25416
48269
83979
30233
92032
61185
95489
24366
39625
81646
73011
38292
83342
41221
72317
96968
78587
6470
17792
92035
30019
25824
37478
36292
91
60829
71976
59849
66971
4475
22327
80371
44260
12029
41143
41658
15680
95697
38556
29742
56706
63457
69948
43758
12145
14489
95971
20011
73701
38940
57026
82023
54849
8083
84144
16734
91634
82489
76144
57632
7522
10401
8948
89271
68014
36320
7126
74444
16452
90614
99999
45228
26294
85049
5066
92178
27130
96190
30022
32149
61767
78940
61345
34526
9974
15817
12147
38094
70810
74103
34968
96349
29910
12603
66160
47731
50749
52536
57727
19086
19573
2927
69718
35601
42584
9895
41727
28525
40892
81350
35553
3182
13876
23881
42764
54081
44825
16961
80664
91407
4026
41151
58096
73700
64015
71560
78535
25255
79236
45617
62100
53562
98119
15059
10372
72082
69412
96051
8351
76689
76593
38502
56391
20312
84266
45862
51622
79633
8686
90088
93165
10135
30893
82962
68330
41350
55413
84581
88050
72862
80082
52578
78943
93433
83272
61520
6696
60559
53635
50941
858
45821
84476
92588
74677
72617
29943
2702
85274
47134
73450
63564
59231
10894
90107
60001
16568
23775
94383
81221
62150
20060
51853
86050
77691
66943
99574
80574
39821
94805
63508
11144
10108
61685
83359
32873
91431
60529
55313
73977
21784
77140
81372
79714
81369
59174
70329
86157
21742
62112
69913
43683
86820
96820
22204
82812
84706
15111
25181
90896
86584
34706
52066
47177
74341
23003
27146
45854
32116
30300
81814
22053
78610
87411
17821
83978
66828
60060
86062
46022
35763
83006
48697
52236
84646
80543
30009
77328
54471
16833
77114
93232
43851
9480
45500
93283
56624
82803
96328
73172
77208
33476
42540
78124
96306
30503
9037
39073
64418
73959
78530
37183
33462
92456
79148
55619
57884
68040
32491
280
65779
38979
21520
97059
77828
45902
56538
2210
47287
54769
14486
94521
17760
11372
1872
53245
47202
56373
44884
64151
26323
57319
41558
37502
27528
94665
20393
66457
56526
72499
37348
2105
42923
11488
8918
72245
98383
21523
22822
25006
91365
44584
89796
35554
35971
4546
108
74370
69105
99970
26600
98962
94920
28352
72450
97403
8453
35886
96284
81664
71366
45462
59883
1530
1893
27470
34456
25712
58356
42899
70287
15795
41042
6282
81536
803
10746
87265
23090
45382
23982
93836
39558
93013
14595
57761
47869
57158
9474
73270
74397
27861
52069
23793
5134
59107
21562
68301
23168
3091
77881
48806
1543
61566
33091
23595
91583
31578
48273
26983
96834
33134
81660
5705
51015
19728
68556
84455
24716
89171
96511
68715
70039
31780
50231
1655
75003
75747
39878
53720
40222
15388
93698
38471
9251
36958
91315
16296
80924
88885
37579
68815
7158
78480
28510
1097
32866
15606
40656
56278
66004
65263
83109
7711
75250
15676
87453
27480
382
16256
75060
16928
26180
90639
33473
24785
14501
84048
53989
71555
11154
61334
31102
45005
44313
32312
1142
30918
9400
44387
2203
95730
91747
48958
70384
43189
12810
17740
48403
25941
98287
57871
71783
4685
57247
50574
15112
12535
30193
17129
26301
280
10985
98046
50257
9399
72610
16595
45097
44059
30052
86205
23779
90688
54828
12769
11957
64371
15236
37504
98884
44930
53980
63793
72374
2410
30526
12275
71079
1622
49418
52502
57795
18464
67746
66569
16002
96924
25047
10402
98536
24987
67159
51754
12060
10130
41885
80480
3902
90614
28796
6257
28899
27523
28106
81725
13002
84274
74275
14836
97711
15281
58830
63257
44808
53540
43889
35783
4401
8052
22943
60948
933
56354
38712
21445
71624
44858
99188
94434
99683
90259
42503
82449
20718
8959
88814
67405
44870
88302
83157
71024
29536
53311
77033
59061
57918
75722
18492
83813
27196
18278
20564
19627
26766
6582
56111
9567
91775
73221
83517
7817
50099
24479
42125
72107
41946
38607
68892
33142
80404
16468
78497
43940
38587
70290
17954
90942
94379
54353
53764
30937
37371
12593
74751
3048
44209
42472
96916
53447
58357
51835
38041
1945
68223
16127
89188
74239
63586
26945
47892
21350
64447
59795
93533
48677
58721
78804
79224
81073
55566
39256
86548
97500
59718
44953
39550
79065
98821
66792
2608
27609
90568
31308
93198
28545
19343
43583
24977
51251
3109
17528
59262
3086
70450
48449
83672
78983
34934
77665
55557
77557
49418
67080
44825
86819
46403
22755
85841
77819
22242
80882
1334
82938
2782
96963
92574
77045
35905
59600
99545
24351
92520
83961
22472
1581
21662
26842
61742
58918
97678
5137
77130
34217
17873
92647
89217
93098
57532
16306
45967
27768
65880
72247
55669
10836
91357
34559
43780
66855
57453
35157
25711
93965
71419
51875
146
40780
37323
53723
58250
19515
62177
17154
72960
15374
89318
45300
79493
34333
66721
93302
83364
16724
59605
27159
35362
32384
46462
21015
94333
64656
95572
28299
58069
85141
5077
45896
80185
18872
3855
27283
6631
444
52743
90549
59282
25638
56021
10253
66072
10229
91658
78293
87186
77890
95437
68250
15097
12502
88882
40131
32535
26681
23830
77992
96988
17962
27492
61618
82906
6830
71053
35246
53504
76665
52093
51272
52933
64689
76581
34934
6526
85103
49673
37162
91938
892
36243
17111
97243
99108
31845
23312
13348
66004
92715
22966
17620
2960
9465
62578
93160
71943
73276
29971
93926
10096
75666
27615
9725
7064
3364
60336
7084
95799
38300
86593
22104
67814
49424
81892
59609
87281
67830
15292
9279
44824
69580
45563
23898
61519
51659
2228
17468
26351
75639
28547
31647
26265
70938
28433
87825
6945
34947
77364
89138
84596
40849
28547
61773
14238
65608
69898
28197
8418
80389
64854
86254
91748
3587
40589
27547
71290
2669
70906
66149
583
45207
37894
64360
15977
41741
46366
36139
27937
93558
8182
80746
57119
56968
9732
49273
15273
62341
25186
74958
44396
80961
40553
4499
44079
15642
9154
52083
36599
2088
67808
60444
42089
47179
4856
93961
61973
97574
86067
7685
97860
27518
12564
33131
65248
58210
6079
96795
96594
72777
91163
40545
66732
70688
71440
44420
15099
13339
77528
61817
83859
48573
97966
64652
38778
66089
91303
61797
90585
27926
17416
97973
88532
38682
19235
62196
15031
68602
32210
35026
70477
19373
98186
82063
743
27233
12785
57478
86357
30905
40982
15863
81978
92912
94215
43254
67550
51989
74226
8924
48403
1588
53750
8387
20552
34882
82224
15014
99590
70209
75916
82773
96831
72578
76155
45829
14703
16595
36797
42073
24950
94136
32639
47136
87771
56087
64165
43043
67834
91646
70837
61357
3931
90972
55084
34562
93087
7364
62211
61345
57035
33702
57625
41599
69238
34525
92115
65124
34011
29926
48349
44418
25812
10343
17323
66362
16370
72348
62182
255
40122
4732
88662
40330
74248
21424
56330
79760
38659
33237
32873
10130
53371
73922
14877
15444
25983
47719
12852
82945
80343
45348
25700
84422
78997
83289
10401
91076
36633
57272
86349
72695
69503
65012
644
97542
76668
45545
20524
93254
2927
2906
12232
51002
90412
30448
11797
55259
86094
28737
92489
99760
35816
14768
86219
6566
61964
53134
21637
99631
91553
832
450
96867
74201
46542
45240
75418
5402
42503
17046
33705
49472
72520
19005
20783
38685
73165
73565
28634
10374
26909
85088
46262
32148
75695
77104
55784
56866
61374
24036
10198
43673
85463
80932
70103
79107
94853
51513
92358
33215
42353
24845
57539
89586
41409
53948
94995
95348
32827
45893
14426
87437
8016
82243
81123
64817
88058
91108
78340
92829
40785
47693
84774
45491
29133
88886
57692
14316
23149
89238
52995
38089
75350
60660
32328
37053
54529
6205
4359
67093
56626
79494
22389
44743
62982
75680
13748
32224
96019
7261
47708
13241
30361
98641
58181
34873
53399
67017
25010
38663
33493
43992
83444
54881
46270
32241
75169
87936
29899
84658
76300
78062
88758
39556
37801
84634
41560
44855
52028
99849
14794
56592
15452
68036
15259
2695
92073
55461
76485
61615
94646
88256
63004
17257
91562
51985
33720
16576
16061
25362
11047
74271
1454
2753
75988
40214
91096
45368
11028
69549
75097
89414
42464
12852
87103
30982
91738
74305
53942
2087
31342
69528
28534
50011
55041
51516
52195
32991
14461
63111
86285
49308
44449
17442
25166
23931
98218
4025
52489
87154
39878
67469
31080
93041
96796
8236
23037
41960
57101
10402
21115
91179
8713
10137
35080
60190
55403
80349
17438
63346
12720
21971
31784
31385
81971
20345
63999
15539
24052
46435
51609
3190
6511
56846
59853
12416
77057
74107
64357
74256
24636
9243
9765
56173
25204
22326
1290
27933
33514
3534
51885
22013
74507
97186
51542
94623
8309
84282
47237
50609
91365
85260
22124
55694
32923
44026
40793
22945
50832
6718
83771
26841
63559
14262
28911
67922
16349
86458
49904
83797
28616
87140
92886
78131
66936
24913
60959
18256
93432
62029
83385
34171
12864
75152
71373
36941
43400
36078
65534
62917
65838
57933
61469
41660
63953
82914
59424
80110
54675
71343
21517
53285
20961
88629
35798
92677
2532
76656
80234
67510
70025
39186
51678
61162
6662
67073
74994
55300
48209
78382
35720
47661
86742
50955
86004
45914
26713
80527
58029
99656
92769
6214
81715
55388
28004
6954
44239
45125
88558
87493
47744
48382
35925
40520
18584
99337
51839
92770
96553
46266
52288
17234
85758
8711
56978
21039
80169
19345
78481
99148
86310
82130
31345
77699
53201
26116
25592
57650
85345
85107
1325
9293
58419
87434
81569
61316
79304
97182
69008
74246
32170
8498
88941
87438
30576
57961
85563
81227
51878
86527
11596
1387
64713
52160
12309
51794
72922
67033
94154
72941
90021
9070
85507
88945
27127
36569
42430
23726
24281
16820
25886
58231
80152
64851
78524
24908
38369
76828
58912
13059
70044
34144
49029
89271
51551
48841
36828
20833
74202
18796
89897
26829
38195
61942
78465
71575
77045
2823
76462
58112
30699
91922
67856
75659
35622
48414
12140
4263
28363
30412
77657
82303
65458
53276
34325
98088
47009
96149
8394
75466
93869
59686
40995
85199
69076
63785
59555
28774
53045
3146
66539
9398
78992
10621
73535
26136
10144
13544
60330
1425
93560
6657
18458
79677
56666
6691
46548
15233
22144
98348
891
1625
4380
29143
68778
80912
16399
61461
24449
11814
60071
44190
47899
68415
94343
23415
35340
87417
76355
71901
6765
81218
48497
80507
20829
86567
851
21121
40219
24060
72892
60402
51661
2503
70959
76306
33929
13904
68691
5290
84452
29878
26515
27092
60581
28251
13194
76084
65058
49873
37593
53484
6934
9965
1999
3071
98945
65754
69712
4553
10259
72727
99074
33384
79574
45521
33716
33542
7669
76282
54513
50710
90816
53277
92598
77261
26872
65595
74741
67599
24404
75970
22525
92665
71840
93084
54930
15781
78461
77137
50338
88514
81929
68044
8392
84887
28088
34306
14783
14987
67954
2426
52723
84938
84055
41677
23750
99159
53746
47089
37448
33026
80598
84737
4779
39225
76689
37688
22952
89553
58334
18453
71093
95353
25773
94321
45443
94432
33320
5660
50439
40076
20662
44083
27723
78626
68268
97316
48989
56095
60301
60674
20543
51444
86922
61243
47569
94387
94580
40183
84276
88946
97631
91000
52492
30527
97560
57213
45714
73881
17113
51532
48242
82082
45788
70465
89721
62530
10448
43233
24295
74998
30210
71934
70525
78853
88293
91063
73326
71857
55200
98863
52414
61323
27350
90361
83078
99890
3222
52575
14593
12848
5097
65995
69154
41648
68632
93347
79974
29161
64802
26488
20996
76214
89152
5450
52669
6080
51825
19758
58328
83852
28513
51508
73937
51009
87237
22128
20307
51973
88799
60299
31367
49103
69763
17216
34673
45325
55995
17165
81053
59451
22068
46381
39142
28283
7262
51145
67528
41693
22399
37343
52325
52138
33451
37985
51226
38456
87601
42619
16419
45271
55379
63173
78231
63990
98523
44425
58961
69105
37365
14116
52089
74409
83830
7683
45887
27728
26566
95628
92438
19913
3226
87761
23172
44069
71608
87843
90227
4399
96129
24607
69323
40531
99038
90719
94288
2832
86780
79896
5973
86959
51111
24250
89032
11784
61833
98849
38863
3837
13427
78547
48022
33518
61417
3356
26457
33614
85927
32909
73205
19016
49705
48040
98474
18032
75784
88046
54555
20343
55992
95911
71586
44367
15677
80573
9899
27727
2303
95249
34566
48454
35983
73935
89691
91759
58545
64345
128
87400
44397
44891
56498
56091
91226
15763
45750
19875
91498
9696
73967
51036
96742
76741
90727
56860
25768
59140
65037
23445
35261
87384
81729
70757
66591
96556
24153
3267
6216
83290
84123
75744
48740
97969
93269
32174
31416
94241
1334
17265
16872
38494
36380
4638
36799
15609
69503
33549
73545
54158
72367
96866
48841
34115
99703
77049
9266
33255
50914
83965
46634
14574
64999
8686
68104
56398
81264
70736
35646
79284
54592
2796
27356
29391
48573
86495
34190
36673
42328
25663
94817
78079
77643
19300
88603
40880
41837
75538
52127
99303
28780
89975
58163
88870
45563
97028
97754
87103
35560
91336
35747
86765
69950
7739
68095
78315
19258
42985
95263
41990
54056
84
40229
86701
39708
37093
81855
62919
83856
6129
44831
19748
67365
75534
85900
72615
39496
38366
42765
97278
86325
23777
66829
68347
87775
44325
43871
16020
63076
31927
17755
83495
67106
37884
71456
29264
40743
98295
86962
33498
37238
95200
1020
35759
43593
75896
97240
52481
90987
28129
26711
96983
1569
47268
29096
52203
50253
73030
34046
26929
29608
17992
58856
59968
93592
57854
82396
23545
21523
4313
67670
17129
87597
35397
25762
35976
43201
15250
62436
44852
19357
95609
25359
86740
34897
54583
74663
8742
52268
94863
32504
92985
57375
93113
28279
39011
52453
65048
45355
55962
41672
86578
92418
87796
58058
90411
67991
12858
27243
39626
60176
30292
88694
65001
25356
70134
98264
41222
19371
41327
17282
68646
12588
62500
52842
21894
6324
4020
51579
24311
82248
6666
64916
8200
58656
32173
97638
24767
97948
44029
23597
74805
8139
13021
2475
41435
7926
91409
59729
19569
79608
2000
98212
53303
17049
43997
94423
12022
86945
26157
94944
58815
60779
99642
69336
90629
42158
77851
94623
58611
9623
98626
43465
9232
18569
5385
23202
22011
57559
98064
66210
58057
34117
32206
3310
75145
72977
25064
61484
9674
45815
61321
14732
73599
15644
77805
82623
65316
71345
46559
14952
47489
48198
68650
22878
1922
78837
37329
17024
31838
95699
28454
91236
45322
10822
28512
47042
20154
31754
16199
88348
19934
33396
72122
28467
4100
94714
3098
42333
50376
26596
32385
65588
87141
62485
25306
89202
15374
57010
90874
23372
85065
39443
24384
7700
79368
98636
33336
25967
51269
33986
19656
43300
52193
93001
74856
21142
89688
30230
81589
81137
52241
64565
5003
82905
43275
82372
359
52639
73479
32417
59583
49581
70918
85224
68711
85617
81725
84285
50661
19614
50670
99448
23295
32585
90569
3864
11474
52346
72202
34992
13572
37080
92329
67499
37890
46058
6364
21259
92476
22733
44431
51213
33037
90529
64735
17510
47938
14874
36609
14117
86764
16365
87064
42029
19428
29420
89310
49205
46557
88396
19488
23555
68659
88831
58696
17555
61553
15373
71423
3503
98579
49873
48637
6948
6309
73254
64000
42487
39813
52986
55085
80925
15939
64329
7970
9666
48671
27994
93209
9296
89286
59463
73930
58416
85881
15938
82701
96114
41751
95715
42795
16860
70185
91795
91627
46132
14435
26592
49380
46761
25925
97848
64221
35758
71215
47224
57004
49291
68783
22468
83010
79527
40418
41705
25985
21206
98788
84083
40665
8099
82716
24874
63940
89924
94761
5092
21964
98803
91885
75802
70760
81039
29307
85493
21255
24742
60081
85257
16166
96771
48522
10988
45822
13475
64258
64390
12723
8884
85542
55336
80532
31292
55376
86941
72218
94569
2067
61710
14154
34092
57040
62197
58276
68827
77025
12839
52751
50892
5212
60998
73121
91849
86491
24680
70528
90967
85629
42030
41357
54926
44017
23405
73527
90647
50578
50687
78672
73392
95507
90458
76557
40791
21659
87769
58352
40119
87784
85451
18760
60934
10184
70265
13488
18084
54980
81660
68193
11148
11847
31507
37780
75517
91895
73897
90817
57611
57314
32945
72818
92152
8474
43509
84297
32915
25359
84822
94735
90089
84522
90288
1982
57114
50205
97998
38124
67796
68821
66034
17475
10549
79694
14203
20102
40742
91769
69563
5173
74438
65936
86984
52425
17212
85699
87904
37172
80274
95080
10600
54531
62783
32006
93460
21923
34021
87832
19139
5409
32004
79231
31905
35039
6150
27388
3129
97183
70780
1232
60562
17628
3506
96387
15890
78304
17984
89597
22057
42563
64037
29561
66912
99237
59808
99434
62984
74058
40401
13697
24515
98529
15370
92662
32373
70962
63450
91559
75055
92167
57091
47982
19705
9138
1630
51417
10946
54092
94365
31619
17258
23346
57299
8816
44769
779
74026
48026
16533
93989
65972
12225
71711
17767
76137
14648
73545
29145
89529
29219
27635
91021
8610
29916
2717
17242
19386
94810
15012
31034
29181
28593
84178
50800
30644
28599
94004
2548
48244
43630
94194
46607
53242
52364
60952
97781
91075
18651
93531
12724
51121
64737
61540
16066
22940
40229
33485
37721
25421
54605
10897
37775
65629
84079
64371
2521
82718
59885
17906
5431
58907
94315
56220
40250
34325
3300
35982
49896
45418
39912
66456
94480
17672
61809
87586
24517
82540
17512
14315
51262
55769
51318
34749
35138
9717
94709
46780
45327
95788
33336
92850
78851
24787
12965
5783
65865
92760
75186
9941
29381
47810
94295
31457
12248
29414
20432
58862
32012
75918
20848
61187
75113
88173
51167
14423
95915
57707
81541
9240
43173
16315
48779
12922
96797
40676
4887
36732
61169
50320
84858
16248
27744
70240
22138
46692
89328
90428
98879
27858
61152
43823
29909
64004
39746
41398
44292
32867
9647
48554
46405
84982
90056
60516
9672
59549
98866
36077
80397
6341
99805
78838
46566
84475
90008
12989
57098
68340
79896
86708
60667
28596
15035
50435
70060
71852
90519
99545
47978
16499
12412
41351
53247
54136
67932
44932
82586
96129
76290
58895
92426
33069
5507
37017
87688
41228
57003
94572
20000
54609
39411
29234
46532
83758
75790
79559
62446
3249
14330
61371
34881
48583
41612
17766
34483
60236
29619
41994
81666
87661
82978
84131
99113
19309
91257
32246
89460
36027
32647
66672
37684
94736
20028
22031
71403
36816
28112
55812
99100
81403
91286
14605
86245
7614
15754
9488
22341
51723
6711
60592
78117
45372
71549
47570
51407
99143
23447
7423
52693
92183
76233
54092
86854
62993
91010
55241
46372
9159
7802
90818
43034
94460
71355
35265
70129
30689
39237
50663
5210
48452
42489
51635
34664
96344
54364
4472
5660
11100
11038
52762
88499
82678
19714
19685
62924
97690
84133
23187
25670
82221
75293
54400
53341
80767
76029
11969
44630
1895
32138
55342
8993
33190
49829
38624
65032
78147
89565
13267
61226
95904
19720
42618
34014
31045
9986
54306
73868
5181
64099
67438
78636
4615
14193
70767
35287
39116
24986
95260
86102
65680
84996
19916
3444
68127
94112
73217
18419
58467
92110
44245
23061
19231
11073
97299
93117
37243
76178
91746
59062
88864
23947
44880
86690
24256
54819
39711
15416
64004
87750
71915
42381
65236
38599
50563
33527
36372
1136
15792
88964
79733
69807
13245
89320
19462
6728
69881
2157
28541
21931
48677
33141
3188
5462
20777
65310
45493
22727
82794
41640
5887
60347
64266
11008
5877
88765
15684
75756
8464
90026
41017
50223
28747
84347
40351
63949
80440
77524
58030
20672
35394
42689
89593
54837
32658
44583
86842
11001
11239
12255
14540
8345
56430
66969
54514
42451
43417
16132
23349
19545
33873
31140
68414
14642
31312
37343
33577
94293
29218
57670
40812
47115
92321
67979
16748
20833
95834
41819
4299
73265
10097
85050
38630
6481
58764
86635
34046
68326
97551
40941
23736
73557
57504
28987
17928
18028
71863
81365
97566
33685
58817
83909
40515
59573
63785
28701
85105
84608
74340
57653
71953
51581
8490
93610
69090
98662
42740
4848
77752
54624
90232
2820
36573
97050
61198
30130
90490
29021
38094
55972
67275
29047
75981
59669
9459
81495
95075
49410
42267
286
66865
32957
19255
17371
7790
29815
76482
19269
85181
90255
43341
79930
9051
65571
3579
56226
30243
56098
73588
83569
90589
48748
66670
33487
73927
44233
41821
72407
88179
65600
93429
91482
68168
34396
24370
60976
26447
98464
59098
99537
95138
96312
95657
38645
95616
46955
65907
5575
44871
61299
71829
44400
57447
81341
92416
43897
30101
66892
10442
43642
2667
65994
91312
45152
73081
24847
57238
63630
7120
15810
39149
17664
24141
87937
55997
69213
58928
73476
66581
94229
96765
15928
62506
85494
53915
20492
22569
63552
28933
66110
28652
99059
81570
59825
51106
30438
5514
58800
47650
94426
48802
33094
83959
73900
1457
93178
76424
7339
13765
60167
77944
97303
30563
13875
76169
1554
27016
14075
50267
89704
9589
53681
37080
766
2256
69122
90416
42518
72459
2774
78303
32297
63949
85080
52153
90651
94340
79866
39089
64214
44058
15374
54096
72248
10361
5641
2184
42484
25174
52131
42421
26184
38726
3890
15472
59842
52311
45996
94195
71450
42992
80727
2876
12984
60614
63594
64851
37571
93287
57280
80539
29737
91268
70545
8332
40196
11218
56241
19307
72855
92850
52902
23409
20997
8243
67673
19512
52064
30419
14924
4693
96026
52279
44463
89091
1008
49572
16053
1859
81664
22292
2805
41044
740
67768
35008
15589
92307
35657
28121
51244
56383
90165
73867
83762
28919
58042
11780
42630
58621
72238
40036
36396
2613
30580
69042
86782
86646
76447
69007
22861
62380
74099
13593
38903
34205
95223
75766
39887
21118
55174
89062
47221
65398
37531
47775
13863
99097
23774
82929
2826
31847
1280
17399
15964
29005
57251
73197
20959
7900
78845
76666
13608
91712
70455
83221
69769
25494
67963
22271
86765
76892
76738
45094
87551
15318
85279
43687
62630
87646
9598
96973
54483
85935
4792
92301
47177
33269
39749
64735
9877
97475
68482
94444
57110
79295
47369
3355
30959
11565
41370
96218
80728
48961
34295
98407
14197
24124
8291
53001
21215
95245
85931
53056
25183
12665
34633
1539
876
87593
17636
10951
8100
54743
38311
77488
29832
82502
65358
90408
70775
99199
45249
66326
67687
72081
5273
30258
86341
96829
25625
495
31690
29737
12205
72773
77525
22124
33151
40700
29901
97133
91583
34042
74570
42725
94653
4215
22877
81545
44707
37198
62817
18221
22213
28124
42397
57770
52087
8881
60951
34951
45145
80361
20741
93724
84622
64333
95941
8431
84066
56451
9036
43860
77373
31511
65672
10057
14323
24847
88186
79567
25720
89614
5301
99722
91058
8737
905
50666
88641
22401
98345
70989
33153
17235
58359
97168
8903
11716
98511
40456
88347
63821
99947
55412
84907
21581
53299
37967
26764
34946
9724
27746
53975
48269
45377
79284
35143
96670
17984
9867
71832
36742
92758
27891
9012
52239
41531
94985
98046
88836
73780
77547
65089
88488
41128
98936
22205
13601
67920
12245
21171
73952
99672
75388
90580
95166
28441
25201
15772
96593
49582
15281
18055
78534
27911
3531
64780
54013
2931
49646
95080
98700
42578
10249
77395
34060
62837
99940
24412
3464
66647
20215
78621
48713
19621
45027
47421
45354
72456
91699
10568
9127
60256
98975
44706
43029
57573
80180
9838
54748
44614
18773
20814
37565
44829
26028
83254
74367
27043
86135
7802
94008
26301
72711
29203
82023
26762
32522
47421
23593
67266
97166
76853
35629
75617
1523
36686
27009
11133
58977
40517
11225
96704
67736
46599
84105
51375
99996
11420
70740
92362
56292
48780
40432
61478
51047
34149
86159
45074
32154
9794
66008
98913
27367
40031
7977
59774
53349
37907
86692
24159
19404
34727
90849
1086
7252
92073
13564
787
10628
62288
14300
4002
74079
87888
20705
67613
78990
92957
61411
61522
86724
60295
46754
98952
63670
6962
43356
17771
81080
67791
20648
93974
3756
71589
82683
20101
55981
47923
36922
61186
80491
33778
93241
8704
86917
58808
30975
89053
19734
75524
19624
47244
62653
66477
29675
18771
36271
4342
24039
23029
38891
62780
77707
60211
26619
76060
33483
70231
28126
23632
65052
17053
41964
72209
85116
94681
69824
42365
5981
12115
97871
79277
32726
3743
50075
97946
44961
28903
2410
42086
2181
69790
64855
42836
89868
10391
9334
88565
8736
80798
46029
20239
97879
81054
27957
48182
74121
56563
94261
45532
64459
83161
46364
11295
6269
34078
87940
11610
90814
43346
49601
1699
29593
50557
62286
2943
30210
10480
39480
59624
78691
77648
77771
28089
38543
30848
87641
57457
93384
85337
21985
5435
79559
51655
78522
95446
77961
39058
14105
61938
60104
68877
23851
49664
12537
58533
6091
29619
95803
60461
55336
69481
29398
91848
99763
49587
32559
70908
27165
46830
92244
83285
23890
18356
74249
38240
84967
4509
41201
38431
40439
36212
92028
79370
82882
75813
91504
15069
74117
42410
15618
74899
55365
72735
98741
93375
84353
46954
31975
19338
75380
65016
28543
3931
23861
93733
41728
27794
55614
17307
93616
17074
52917
14779
48775
15112
74354
56712
46004
22096
3496
60400
83434
88505
32674
67965
37473
49807
12417
14978
84533
19687
74563
38525
85904
16979
67617
33172
90835
87504
26638
836
10595
96189
36716
56308
17182
7117
39092
44036
24350
39576
71997
93714
15753
86708
34500
92364
95253
10016
10960
78772
47831
77765
96138
72541
16024
98255
16561
34443
16463
9930
52449
17390
43825
29492
26315
8043
35396
26447
39301
77948
98439
87935
4369
60022
34707
61215
46670
41362
31679
12857
15709
16525
28481
23463
81399
76804
5951
44650
66626
20490
94960
81069
2664
56694
44825
24401
80594
41056
44534
58525
11795
25481
43543
75511
3692
26040
75969
90580
3084
13260
52325
20864
58719
7254
46268
97567
7235
16484
70375
14058
92125
93429
4551
73426
84082
93032
13480
88234
82927
10501
65343
2453
46216
43914
43092
50993
7723
74037
21665
45774
20180
78857
69774
78934
80961
3564
23316
63572
76850
88063
68911
90320
14597
13558
70740
64075
87651
67375
71582
99395
66285
40868
99859
95326
88260
69152
18459
80860
70244
93340
58279
20744
56413
76079
89655
98026
69928
29396
98240
44504
35484
20213
48386
73166
96654
3357
36720
77732
60447
94511
61357
3569
63331
36240
58069
61552
67895
29105
83743
51826
67411
96832
59569
87987
96723
29606
21678
63849
22226
2784
65313
84731
11140
99677
10120
93154
60831
76492
58790
54814
2644
95170
69006
34911
81515
15540
9570
87166
52589
82067
25558
98279
29099
62465
94474
79111
62008
95504
15668
70551
31177
83608
38621
36784
80305
22145
2216
51613
33432
91821
26758
44511
89484
53161
73237
62237
3178
72792
60231
19147
25528
80093
7816
54724
95252
99753
60024
90403
43600
30853
22602
79416
99413
46347
41229
73170
58672
68133
36841
85585
13378
32396
9354
22851
18255
97492
18804
60219
10644
62370
53849
89734
88842
57382
1512
33224
97230
41287
39253
13398
62735
88375
80642
2551
76475
77834
19335
23189
16863
3864
32515
57763
66053
9468
24640
35765
80259
9505
15038
5573
36321
9257
98814
65743
91826
43651
39510
25842
64155
59230
84104
90440
55026
36062
26172
11578
21411
13
81433
34751
21150
7147
81393
71438
42156
91491
35422
67155
57788
55002
59383
98251
37796
44291
19766
22884
84161
2517
96328
32078
54261
6826
23346
95255
79935
1809
29832
71327
90374
17685
62475
61195
99181
18252
41551
10434
21543
58125
69656
31959
46095
41376
85933
7633
97934
64428
34256
45075
94141
94877
92924
11317
11242
84902
95478
38511
55249
43038
57552
98526
49216
91270
13028
73099
30702
15795
54273
4056
82081
79239
65863
94219
365
99736
38966
43719
49979
17990
54408
48761
31894
67282
26477
60268
45597
33372
6641
98389
16547
41329
56592
45495
11093
34556
13435
95103
63275
17610
86333
17025
93489
18918
43534
10145
7693
92041
71479
53320
27644
14919
13575
32231
17600
65322
25179
15403
40978
47742
13532
76146
1678
22052
66571
8834
99055
37454
12976
67722
53007
6635
97285
64426
36190
64465
98544
96186
84049
43226
68724
41247
40217
62035
18003
49929
34722
71999
28014
80400
85542
20613
31307
76687
60231
98989
55506
63114
33647
13755
94028
34162
30271
81784
31741
51641
45159
80405
23562
22090
96257
98331
96743
16506
72650
23286
23490
11777
8221
71112
89546
78586
28292
8184
66497
14124
88008
43969
80846
19572
45507
73878
61224
52139
90424
33832
36663
39301
78767
87487
53458
28976
8967
4630
75899
63489
10667
5002
37046
7489
7784
35631
9704
30376
60431
21757
74917
42346
86496
81494
75508
9802
12965
22628
55614
30693
9536
46290
3643
33217
12632
66694
35717
72397
56623
18761
79421
38162
90852
66152
43551
55885
76043
41077
88568
55716
21703
44244
44574
10588
47343
8369
58911
94442
24637
81951
93828
92004
85108
21285
36194
99328
58466
88238
25848
90408
40441
38852
56927
89259
75752
53595
57420
79212
81800
3904
6151
1524
31748
71662
3579
43992
61825
38331
73010
96871
67025
38684
32228
58212
1799
30439
42028
3642
7921
65572
7791
96633
50379
61655
82970
4476
53973
62336
99259
2454
98250
44871
27188
94129
46445
79648
53056
49179
55324
71677
43336
61897
37112
17311
56079
63230
22143
90749
50347
77173
1438
34390
39332
98329
12109
64671
30566
81656
65278
20777
97527
77658
6199
77431
30919
16718
39259
14954
25055
44810
46798
89892
65025
39447
79967
77717
93700
89561
2278
65464
54126
5887
22097
56630
22510
39454
58992
13277
69731
24986
50686
975
15195
33238
22295
21101
65874
11773
7591
11957
65457
17157
33252
75281
13858
93264
51332
37943
55629
30116
32663
89964
77396
45641
14457
49482
99029
68735
29049
92862
91017
66185
27567
53891
1408
48304
52241
39843
29658
8510
4127
34158
41890
666
99216
55596
82293
34594
5228
21936
98781
75029
3805
22640
67533
62127
28414
39386
70665
32729
86934
65948
54049
10698
89740
69649
68143
51968
69027
5448
73739
75330
93182
40691
76634
83525
51213
73665
40502
80877
6549
32308
15612
23471
96978
20774
12542
95809
88040
41043
44682
93897
70907
54325
61056
8886
32573
62786
91871
47669
16144
85907
33229
97249
32048
77820
4534
38232
77232
82019
22406
39442
68662
48085
48273
20474
99950
41415
83340
51869
85437
61411
4236
73664
64806
46177
55407
52216
3081
82507
40215
62481
35813
58796
81672
78348
77346
95453
55912
77157
31203
62527
36708
16195
16001
47466
27774
18739
47700
67260
1044
15145
99578
28717
3787
20488
95020
28209
45149
94455
75017
47941
23612
21436
22206
49654
10829
69208
16367
88634
64471
33113
42468
71016
2931
49311
71668
55572
38145
65457
88147
57531
29254
90074
40163
46454
89511
2928
52463
42782
51542
97862
48980
8392
71975
46840
99667
95357
35462
19357
23428
64056
211
64920
50254
6908
12454
67928
70028
17204
5594
14123
72867
23857
91340
65634
16457
72390
44711
27707
39544
70035
82588
4376
77504
28595
36348
82583
25936
32505
23118
54709
41209
31562
27338
87971
63145
7845
14541
75835
94310
94593
12668
61357
72818
31151
12725
5283
31148
22567
60222
82780
42140
35019
31576
31808
15160
98966
15569
43464
20372
10792
48918
80003
87112
20648
87172
29801
43558
69318
27383
60165
39202
90157
37412
8713
19065
23486
88173
61905
99186
311
29825
5402
26572
39822
607
95036
93652
70862
7931
89501
17173
31394
75340
6249
84599
21968
6057
10649
17210
89296
74131
25087
98448
94253
17531
49502
68498
74980
74070
17745
91634
50230
70658
75191
61575
20702
49138
52193
21915
16832
87843
25250
43604
10340
57002
3165
19548
53836
28275
49031
7594
37856
43929
50497
77449
57934
39551
80606
94560
65672
5715
49355
4517
37222
68623
32197
65269
30214
67511
75860
11215
15868
7484
24123
23213
66895
70451
76623
21592
53733
73954
92298
95452
51811
77951
75707
30859
90698
52974
39294
2963
82398
39599
17535
52668
50476
48799
19969
77135
44335
75492
49256
25241
63665
23473
77699
4060
36939
68946
71086
70475
94810
21975
72211
3249
54339
80438
8141
25179
83247
9445
65037
72417
44676
20694
82273
88577
32479
70851
53618
54987
94601
45803
87429
55210
7867
48518
70048
11935
11345
62243
97051
27394
27389
17888
85500
4639
99613
54727
57022
26363
55235
26906
86330
20349
55578
74738
42687
46235
33017
49438
12887
96942
25228
52658
83452
19957
8330
28088
77041
28583
99357
21382
83493
91349
45470
6816
99436
58946
42428
64295
92067
12406
28029
78762
32500
93627
77614
25518
1966
9987
88179
99628
60216
88397
75248
45302
79609
91040
22370
42061
90669
94926
16970
8470
55302
80489
78235
91373
82394
70632
32831
18787
27176
10948
22458
8035
70531
84283
33611
37157
57313
8376
24365
7304
83806
73997
85630
46541
63587
42832
15015
31395
68359
39285
310
31467
35727
38463
6550
14564
59421
73771
35748
85052
29123
61872
81567
66529
66873
70234
32587
81399
14884
32991
87284
24576
65691
54612
31417
76278
89672
27621
94267
49780
7291
30604
44010
23972
73818
65765
4471
67706
92801
41519
75619
23184
51251
4898
18373
78989
74265
81005
20636
29894
29732
82316
95963
90190
74799
9305
78850
51
24934
75709
71348
40305
43714
56671
64592
50005
96865
76079
5744
23328
87624
20591
6019
47549
92158
92180
88619
32260
43546
88455
56802
71481
70746
30578
21747
74940
85021
42310
67496
2567
20425
20506
45958
37111
77263
27344
88844
33798
87841
77635
95316
93090
22349
90732
4291
12825
79394
25910
88524
89446
60473
22493
13961
54476
10593
21591
92306
52076
18277
55000
17381
86235
7365
48631
16528
92057
20274
2769
67200
14574
87844
79546
25830
10685
4374
49187
91175
25038
78149
20910
77544
29075
7541
11809
4699
53959
40661
87609
20637
92716
12583
42862
61117
94703
18335
75008
15472
26378
72100
46605
12116
26337
23537
23166
59137
39758
50598
20178
75436
77593
24943
92230
26119
9254
50793
49590
32190
64052
10999
93168
59068
86254
15116
17470
1030
61395
33470
42965
69444
7344
18432
4248
61454
2651
59590
38429
32795
6808
92993
89374
23494
12314
86323
67748
88429
56832
51643
84243
66076
15212
95258
3940
78262
85775
281
53456
91290
83041
51649
49330
84592
49922
55608
6052
66856
6435
76121
25203
51573
59103
9165
63363
54051
5474
42549
25768
150
81559
3687
35124
43346
16510
80634
80575
71222
78456
12779
60484
45038
18217
86687
94529
56808
43436
39937
95551
7127
84737
71139
59634
3959
47588
77924
54127
57722
78834
96288
57613
1206
15247
94521
33253
94215
22921
82809
97552
82296
80988
35669
80220
66519
10878
88526
57685
6986
3225
62009
82683
26611
48528
87982
25493
3659
34796
59848
88514
41661
35678
6304
55229
83523
75929
92561
87041
92999
27607
85889
87023
61175
59976
83441
8311
8206
38895
89425
96714
41274
47307
46015
22012
98570
77481
67763
70529
56103
27759
2852
42708
99193
21845
46151
23777
63784
57021
58854
73012
34002
79200
7352
7667
41904
77353
20076
41350
52934
87586
75156
73423
36326
98035
74065
15952
13566
49760
26808
87811
49951
35916
72752
1706
4444
11769
87864
19235
81182
41479
83897
51523
32387
24092
87983
38531
46882
60794
2116
48854
21023
48256
81188
3609
49562
8761
35499
42988
92834
96805
59098
22077
73592
54026
8834
43787
31964
19509
10648
10994
20173
40963
49455
7492
50059
73715
6819
97883
15866
99117
46731
70233
2412
41730
13887
32156
54416
15491
1208
10897
26668
83115
63712
1084
56653
70074
4416
49988
1360
34787
34575
69454
58233
59995
15373
16116
46543
96831
21091
87054
59978
62704
24783
36767
13786
66887
96701
33131
591
13553
22947
34977
37795
11032
97265
91953
36499
98186
12419
38572
46928
84025
79267
78624
38607
85120
31398
33595
54864
36813
31161
59292
40704
48902
78892
18573
80704
74197
41354
34884
99314
59247
57657
41262
69756
50533
51353
82517
49741
36536
75933
24505
12274
16375
47596
73719
68068
99063
73991
12854
82423
53933
70469
13604
73901
52438
66506
96583
44731
64255
44036
70144
33592
96517
16774
94750
283
94007
54995
87671
48733
50256
83778
3929
69949
14759
34371
3756
39668
19895
8143
44269
36879
92646
20470
13607
58802
60829
27965
59515
95560
11317
6597
51118
93462
8599
40550
52623
79681
36045
2069
80717
43086
79350
51079
63628
66077
31901
60030
19157
80494
65188
74197
21385
77026
73875
50578
31377
32017
74791
79565
25842
28151
11836
82734
69587
36246
94691
97370
42472
94203
78224
3759
49713
66161
71598
24824
15510
89982
51365
29329
84338
24417
41178
99658
31643
88673
12297
83106
16290
46538
53648
31630
90771
24852
57994
49189
22006
71806
71607
8065
65515
54433
58890
65993
78819
66582
40472
14437
56073
68818
73587
15039
15315
9852
56924
36013
72097
85521
58626
83208
88878
75745
85745
31575
98211
62529
36240
1934
59598
72798
441
95232
24827
8661
7949
91886
54649
24735
48042
47341
50880
87198
26911
66634
42295
2510
63468
20547
90143
35046
66901
73822
59671
42404
83856
31972
37746
44700
50824
77366
63458
9925
38224
57548
78554
81266
26646
9183
97612
94271
12888
49523
44031
31824
3629
43980
97281
43149
17997
63158
49238
9374
86771
75607
73047
72680
5595
83618
66611
58656
72334
98495
44642
12189
14586
69086
18144
36091
92351
22695
18265
68614
43010
51105
92636
61112
21006
76032
26661
20331
72999
58174
19623
61159
80777
71890
76079
75133
98825
53599
56660
57598
11227
46142
69271
52151
33417
3633
71564
64824
88349
91747
98659
72463
93740
16908
26288
99826
7326
44521
28812
68176
90429
21171
94048
24468
66639
98602
12382
44724
72073
68360
66342
67760
16369
55122
8629
56178
99525
84008
31523
377
58618
32615
98687
78295
50647
2016
31537
58704
12921
92648
16697
89113
80863
50788
28489
40653
84545
59223
40962
91822
89931
81769
37674
20539
98567
35443
14255
39700
70296
56374
8699
55264
87623
45968
87430
47869
37452
32345
61357
79087
46206
58772
5459
1638
67665
15542
7878
9235
89427
64723
80063
96204
93475
68183
18211
9628
79104
18491
18047
67466
32358
89557
9957
84980
5090
69310
99506
98731
48938
10212
69626
2548
34718
35106
25024
13064
76139
65648
36821
63778
68257
98503
76016
86060
45670
40517
8018
73138
63278
28227
57356
38794
3236
99364
41574
76382
15803
54424
16419
95718
8857
44896
70595
65522
11146
51406
57691
17278
47697
69831
55320
72774
82323
6335
97083
42000
1784
93307
31649
734
38931
77374
25083
97826
58015
97894
37460
61063
54379
69809
72903
67461
52841
8207
23360
18933
24372
83661
740
17493
79014
77147
79500
65516
34520
11304
52308
26052
4793
70779
35112
65759
99989
88611
44781
68784
81001
67862
12383
53737
65060
28122
88274
47889
36315
15053
41335
72826
75500
87786
54019
74001
86189
3797
67328
82981
61632
53754
35364
35671
5796
59914
7846
82364
94998
40763
70748
16222
42379
61908
40190
15613
6496
38624
22775
42733
67405
29005
26726
65992
78898
58316
32551
76930
93909
44941
9335
53707
51620
56220
93401
82741
9423
8515
29693
87639
653
39994
13126
30279
99874
26919
57030
42778
81528
84615
58922
21030
64846
92864
30005
60600
48226
12091
4123
43997
49603
11519
44344
94671
85904
13378
20892
97579
44245
68274
42870
48739
20339
15998
88001
36937
25411
53342
89575
79572
91975
25881
7856
31628
40898
84230
34377
61824
7476
96954
51892
43260
62607
92067
185
37173
6650
6984
78480
57938
58185
62837
48940
95014
7664
43187
92497
33269
56776
49503
8248
56969
18423
26131
40689
44687
9250
96062
65258
62473
27006
25439
61977
40872
68322
39528
59424
77706
9054
45813
36831
43013
38928
80871
30790
75139
14994
86888
4877
47698
74275
40920
5439
55956
25001
5441
44850
18187
17934
42251
24747
12620
84574
33461
36057
73839
17373
83075
50083
53844
58629
30601
45476
12443
59329
94131
99598
39242
66989
74530
9638
25248
2396
94622
98731
95911
89176
17696
5433
89429
7234
88184
51095
14229
51376
64011
28971
47767
89775
64923
61364
45116
33489
43990
26659
10316
47827
527
66808
46032
59138
91839
47611
37800
36466
68466
59123
47983
56530
53029
11546
91537
92595
6308
3182
40788
3076
75847
11316
59624
34085
2148
84367
98884
91635
65465
94190
94172
83854
92186
41104
94930
81292
4025
91056
19344
94313
85451
64252
73469
20552
65262
87660
94968
72536
56700
69988
81932
55847
77181
57041
45486
31566
73503
77821
81227
63237
11299
97286
89008
18241
48526
50379
83196
66202
1978
43762
26233
92928
33036
76615
87196
27418
24353
49953
74011
61557
92632
5065
13078
27403
84376
56048
53297
85351
31232
58798
52813
67924
99490
89422
66281
18636
54316
88711
88058
63054
73455
66143
22439
50122
87456
46793
45898
5779
93830
87658
98292
48050
91138
86009
90049
23034
5635
51789
40620
34595
37889
18442
69785
57065
39709
22179
47913
39904
42743
88336
73844
36001
99277
25337
89804
11187
63039
41673
61593
21545
33236
69415
49278
77213
8577
98936
68708
46643
49690
3862
97391
93642
28154
62689
9635
81056
48234
64091
35293
19549
63483
16616
24106
87704
74514
70303
63297
558
86520
97669
39966
57670
25572
74614
61783
58954
61205
47952
49579
36777
59499
75611
93674
16182
95649
77988
22083
81608
87896
44491
63283
98114
75763
98017
98752
7859
54680
31919
91265
98471
96361
98948
43746
18938
29736
49746
90467
804
30738
89624
47487
27670
70932
46723
52412
84413
4754
22029
4959
9024
33019
22363
79219
64595
66429
61080
16175
46741
26925
48079
20689
42623
67065
80651
81082
61748
57963
89745
1345
65829
94918
92458
86174
35269
96466
50822
47187
23198
27424
39458
5081
64494
59364
80184
46921
26855
93011
10390
60380
13732
6226
13791
7436
54836
58494
57113
18927
48900
78272
44346
88289
55537
83081
21366
17941
68275
33873
38075
24967
39228
5006
2608
44130
67373
59064
42776
75689
7025
51792
23556
13115
860
56576
56275
51515
92710
90182
75091
21415
29376
41900
49420
14531
17790
56723
47143
68266
64178
99915
62779
53864
85182
35053
77214
69536
47470
80573
21153
74311
61925
70874
73176
10998
31333
37176
35059
57330
26292
40657
91983
13237
43131
35750
83332
79167
79714
15067
80936
5439
50288
89034
95969
95887
48887
83143
13141
30349
62329
93603
81365
30069
28465
28240
73815
27649
33075
73632
67080
18933
39728
71752
79052
68026
50874
59829
48284
8662
5608
25627
33719
35190
29775
57043
63008
4695
67474
19696
60106
78125
39522
79065
38351
12738
94060
94827
53975
80815
37260
54137
76779
30279
57928
77924
49646
21728
88855
29689
76663
73355
79856
79776
766
20316
92702
29817
6189
48353
66547
81785
8397
92800
43923
44013
74783
3594
92040
2589
53069
64500
1848
50670
71198
20480
98225
60572
12425
10989
48650
3870
62387
28959
14835
73313
71121
25313
52059
36986
72328
57083
24333
59961
54600
33570
70005
61585
84916
49415
22059
37561
43392
6097
60118
65184
40081
14058
47034
27348
49582
36527
81946
36342
17258
83069
83827
12031
62075
86000
4800
70623
25369
96022
60852
10062
92318
14774
59116
35941
43434
41488
95504
57930
77096
48513
94209
800
80968
16201
61516
16480
20062
51517
30324
53944
52305
86663
78929
42277
78634
4155
17879
68942
83976
62969
52068
90031
27898
6764
41769
92210
99296
19609
5907
37100
58161
57299
33646
57993
49295
23013
96232
46084
87791
74964
80049
58826
84132
50608
93962
6526
97994
67136
39280
24982
84130
11149
69055
21736
21149
61795
4924
91425
94589
1091
24357
31757
39367
52780
78885
55790
33492
56772
54808
88482
74895
30088
41850
55893
66267
87163
32381
23943
79013
92516
34061
20303
66731
96956
42156
77783
51067
64894
84277
70471
8370
34765
19904
74936
44269
67184
49840
77957
55077
26182
66593
69518
39921
7695
55710
5243
45510
76481
40188
95949
96686
97709
45379
83675
90194
52715
50143
93333
6558
9746
81542
7021
25518
79983
4976
94089
14168
26768
59423
44192
93758
11625
88322
92874
81064
54566
20646
99611
43279
58117
63838
36792
1613
94600
80534
74772
68044
84433
34375
2918
2161
99568
6737
9480
30578
10628
5786
54147
80083
58952
12079
6316
37529
75419
30771
89387
64386
86826
49498
66808
61960
47530
33153
29107
4477
9173
21997
92860
31517
94552
37963
2260
18768
72991
45471
31928
26612
44110
57740
25594
59728
24443
27317
69465
57767
97071
10422
91367
77040
28332
48714
97164
16252
77584
69228
4489
85512
26142
63452
10493
17155
29704
69925
35085
69350
54937
51225
14055
79043
95376
25852
77524
79476
74366
88251
38281
9331
33527
26120
31910
5496
74042
23131
95970
89515
65056
17346
49053
28978
58575
70825
32199
79407
53465
94348
Time spent: 75
Itarations done: 20873297