87614
29735
22689
11084
24626
50564
71468
37469
37437
94298
7027
52978
51029
42476
56609
40629
32578
55787
36867
4605
94537
37584
41490
43629
68017
88600
75723
23742
55954
40559
53936
65550
83389
36953
85847
5685
98281
62939
64624
39936
40399
13121
35775
6412
88138
25943
69639
21090
13513
6469
82202
35236
24112
5515
49110
44436
47465
22431
35945
42350
18045
51260
24186
78828
60072
95562
46754
51620
20261
35903
59630
33696
93889
45807
66754
14059
4773
16908
84288
8931
45213
72133
77256
82342
55462
16901
26703
379
23948
2662
88735
31759
19266
54548
88131
98860
22861
45442
48711
78012
17369
82509
236
45577
99722
9000
17321
67224
30432
14124
39728
31833
867
86818
95334
38566
98863
45462
97200
55915
79685
24873
14379
84892
4144
4387
22436
75068
88546
16378
24154
61757
22248
83262
93461
15421
47693
92866
36378
20236
65130
36948
81589
27779
19603
5764
10254
63906
51341
52733
9740
2156
42348
17588
89206
55402
71757
23832
26291
78946
451
46901
23658
22928
41450
83094
41723
19621
36771
36187
39621
42114
53709
78563
337
24846
33923
36760
37851
93615
77241
97537
84301
12911
18752
29873
33346
21839
62546
70750
72284
96350
68371
28144
69945
45189
48501
13335
99965
19658
21293
26461
69801
93225
85161
84199
94655
45987
22152
96490
2482
71119
13788
70454
81326
5716
53548
43933
83480
76803
70130
28539
82287
44776
33517
72682
36882
21204
1969
38687
57788
35634
82149
25002
81970
26947
16941
54358
59820
38817
85874
91883
28527
5923
1656
53300
96355
27873
12918
12710
90599
41111
78127
21859
28326
15652
58458
8383
53489
23047
88526
29196
46579
44807
22981
17030
53742
16325
24281
73034
1081
30395
52376
26459
56896
56523
40535
3595
79652
67480
93260
22483
42752
2954
21967
57347
58471
41619
42058
97256
32941
97613
91020
57225
71637
5128
91367
86777
20543
5732
74515
60938
72044
7016
2088
31678
86531
38314
69696
64036
80835
89473
54881
80460
12804
82054
75711
89342
47703
88818
59425
79299
26574
87026
81538
19424
69303
3775
25018
17581
35865
87533
26383
53720
38040
18989
21025
23287
40911
56502
73559
96973
18503
96657
80693
27381
31190
18830
63865
10610
73804
74175
26843
41344
2885
74052
39474
83709
89094
30688
22968
16983
56522
3741
54360
5190
64516
10427
78230
82665
59555
64016
12259
43877
74867
15740
59899
75113
83665
88555
98196
68062
18226
7685
91721
10907
51542
52507
94594
61226
823
77103
41763
66825
52902
72678
97964
15544
30405
74030
28213
63176
14526
44412
77209
9816
15379
8371
96687
69249
34063
40518
39553
3482
91979
59699
47532
75035
12380
22668
95103
3333
26734
59091
16656
98350
44222
40638
36074
84582
66508
30870
38393
21514
51937
19790
71672
72928
33359
7175
43921
76705
72046
62179
84676
19247
86502
53208
73751
24154
29412
11683
712
23564
98632
66088
7794
92297
58779
58542
86249
89937
18875
35178
41539
74049
58451
83701
16324
18889
19624
76786
61833
98318
85864
68338
78020
69046
49547
81127
802
20916
29830
18983
703
44608
40007
34435
71416
3998
19210
83604
29042
90290
37179
4126
13214
78175
52788
59055
79821
391
57120
99885
1712
6441
60101
15285
48567
73612
86056
48583
99997
94047
28007
86688
56998
70278
73165
45911
56037
13479
52740
5984
57317
53601
88101
72616
74214
38662
2228
81035
34366
21613
40547
88230
14599
7545
98437
39970
71643
61434
84041
40198
98475
57195
54506
95021
72222
82486
51357
51267
23643
556
26438
458
50568
10323
93703
73061
18010
38999
64114
5007
36273
47693
20991
18700
84976
29815
71395
24155
55734
34487
65461
12374
19149
52776
10078
82716
82772
63214
15911
18763
95886
44930
7472
3068
74228
31633
94811
40175
63187
97743
52359
39427
31539
39200
75551
94320
89456
35746
89100
83579
54305
58953
62102
10581
45640
20826
44670
92430
76882
41486
78356
7701
25266
51291
48362
12788
3995
32647
39393
40754
30891
49866
28944
3753
86402
11608
1968
30304
80480
59743
99030
82117
2613
80942
16458
11639
12227
92842
61428
41150
37691
65344
27551
66964
91333
99409
97233
18183
75143
648
95935
28462
47266
53105
20430
11356
42917
19768
38255
65087
95002
70717
8771
70939
79527
67214
7605
91003
18779
10635
45699
15608
11307
98818
61820
58548
21871
19234
33070
49071
56836
48308
91824
23619
70896
19307
59453
77429
99514
67382
7324
96359
88184
59684
33771
52672
94339
70907
2085
15050
70706
70176
19039
92685
99877
43898
46073
6096
39092
90996
25972
53177
51452
91908
76726
17981
45247
70778
51237
51898
16570
41472
86619
42102
92086
52360
70094
70559
98588
22252
29781
58366
43891
90444
18210
84828
79648
87509
93940
68439
30827
70300
22405
97800
18892
54562
10963
4530
76110
21631
65089
77329
46972
71859
2740
26625
99359
46763
92171
22619
22869
44302
84798
46026
74641
7272
99194
10455
44038
73482
74901
38123
46720
38224
55457
96470
25901
94443
78893
32259
34038
84133
50909
71844
91686
15628
51073
91599
71935
75806
75560
808
38654
93652
51343
20882
74619
92196
66186
89365
71703
99528
46408
64950
19413
76417
80092
60610
20381
57998
27289
85951
81793
51
80694
37027
80320
66607
40423
32092
74719
94899
44694
55178
45107
26162
54601
35849
70793
96304
25607
63154
19598
39209
11021
4514
10747
67198
33402
76191
30711
58178
28718
90973
26783
97004
15037
90833
76696
89836
62637
57603
34279
94544
45639
83038
80899
87678
36615
71189
70372
19082
65101
40618
41048
88910
98534
91730
82942
18651
19862
5400
90062
77658
69919
43053
98505
69806
94635
25504
9411
81042
87237
78101
22541
37932
43843
43115
61029
29758
57165
76796
50753
2259
57543
68167
28815
39818
73104
39376
94798
14725
21586
13294
85712
97059
65185
63073
50987
86817
56792
90471
27404
51108
81047
15054
65475
23542
46896
94713
38634
50393
19649
39482
74455
48661
90042
25235
83160
74883
65381
61622
22882
90329
33577
19463
33362
48171
94737
76847
90229
21289
76923
273
80526
35551
52824
37469
76791
72741
52280
61872
91811
59728
21958
75261
29067
66053
17945
44690
4914
90804
29633
22570
7721
31434
23985
74688
76457
92176
68107
19909
26643
7712
35057
67458
25104
28990
22883
22927
16630
42375
20125
22530
35429
70786
32359
46636
92186
35991
43840
58242
13541
44990
25882
9788
24989
165
19356
62604
10497
22871
12513
67300
52497
23168
7342
60503
54508
44620
17732
43616
75251
62376
70959
22683
57949
15193
90369
4881
21362
7666
21560
66857
90206
27541
27026
32842
81706
84905
14891
26358
32357
94889
86244
88353
44354
93670
82549
86714
54714
98688
89692
77367
81730
98349
8468
15545
83238
83898
32639
57329
69032
16752
85189
36164
45842
58217
50971
46837
37424
75385
9697
20271
14601
76923
17033
26472
90516
25516
3574
144
84877
19960
61537
43688
37643
39178
67243
25708
57387
92894
43829
59658
22469
29257
3062
16865
14216
8408
17761
947
50418
62791
67041
86495
4800
29951
65437
3926
43461
61635
33944
34501
82892
84197
96112
64804
75764
9622
85541
38302
60526
73945
32491
33172
68722
10368
56774
90150
69993
48114
31703
11951
48883
64853
99605
56677
49848
10453
13219
51628
97291
62934
49321
61055
95963
73626
90971
51684
43753
7910
3034
13153
43642
90306
31943
7090
84552
18297
45178
38099
71806
17911
88502
62770
27116
75947
79740
78617
45278
98638
76725
63923
90165
14644
54003
71553
36169
61417
97999
15083
12848
68338
83563
23950
90394
77445
26152
85828
51381
23134
13396
39100
30321
25927
7383
26003
66719
42192
74718
67928
9578
51665
45261
78372
31751
57673
22431
86124
61028
21149
68045
1577
11556
48873
62895
22396
3929
8769
609
41288
95228
50690
6815
88255
1303
69813
88226
12457
82780
61549
6988
84697
83511
81868
44475
80538
55656
44947
65693
86194
79067
61288
20549
54592
84347
43744
21474
27376
18701
86342
18213
30141
51652
51345
50096
42791
3683
83715
93689
44689
95071
8916
39428
35144
54425
59974
24735
33770
96875
22763
23025
72395
80388
84656
38174
445
75343
21042
82177
39112
37285
56611
20145
36111
55694
93899
51179
92469
62621
10252
56342
55535
24236
86226
85601
98284
5575
43331
74505
33989
94232
37135
78319
47471
92231
72907
86428
59377
37008
85317
33067
78325
92193
51129
51750
37261
56818
84415
30282
54998
77581
97481
10795
11651
12984
97547
45008
77585
90436
29125
58731
89473
17817
65138
1622
24195
59544
95998
58303
81591
63843
65179
75145
50397
32693
52275
13414
98280
58854
10070
73908
96439
15388
20874
50823
62041
72281
49178
63341
77631
32023
32609
82210
25641
21431
71263
15644
58273
50548
46659
43893
8280
51076
25891
95107
34527
36624
83979
36446
87766
84934
8002
13849
76622
28298
30292
11501
11600
52539
74747
17738
5779
47201
90321
77979
14842
20027
88758
87260
6258
87303
99873
25031
57670
78352
6970
63098
97896
47212
27441
83952
20512
67441
59158
31190
19550
97067
21953
76327
19644
39808
85308
27037
98821
96011
88307
20686
31134
92151
25978
44015
8459
1274
97339
94916
36051
18427
84781
55461
34823
34885
61861
76717
24791
62944
7140
85311
8814
99014
35409
9355
23445
76972
44439
87029
74644
55976
15347
64973
30076
7382
97735
15626
96849
13902
56953
2738
73814
70855
60140
2499
30926
84095
30153
44086
34641
92145
2053
67893
8000
1089
75517
12322
86769
9932
68341
30713
8889
21426
41173
8854
53507
78776
81640
488
27979
42162
7276
23313
86485
20685
70907
61221
52286
5126
29674
99837
7149
4813
69356
81921
6101
77937
59410
6778
73412
58804
50933
13549
36613
27808
19695
82095
59336
40306
99459
57176
40887
29137
47007
51707
60758
22150
29585
13101
59600
70918
27944
43066
64741
69734
3704
45687
87926
54969
88473
41213
45729
14111
13952
23711
78949
1007
17223
59589
76322
49303
23452
20953
40006
99582
29459
22868
65537
7355
85919
86828
47350
78881
3367
84062
62460
89645
87800
21797
29510
76424
45312
23188
88176
57967
82050
17344
94762
31659
65690
99741
83866
13899
7724
45267
3076
40486
72028
56252
87962
19976
14492
6064
7954
37708
10959
95186
80256
41183
36241
71171
18526
98438
15731
76463
55840
10277
82891
78815
57316
74472
40873
7841
16789
45465
44577
68260
14055
6648
90666
25454
94453
73943
27324
62196
20934
79196
73064
86755
40271
39817
64367
32049
99693
7108
35701
23127
47980
99923
72250
5969
55930
72536
65615
24447
95123
36058
45851
4273
21026
51233
59355
52839
16739
37137
11469
12090
67071
95060
95083
7912
49121
29797
82106
23995
45187
61563
63333
90725
6555
60957
84107
20381
22638
6644
38053
38761
78893
60856
49274
60344
19110
81346
94581
29165
62894
40080
91610
843
67566
98751
6192
72512
65186
99093
12824
76900
50051
62024
75853
44387
39764
53793
5752
2610
83849
69608
84833
27012
47902
5606
49812
77718
58376
38594
64802
58216
53377
9626
17663
9541
48204
12270
25065
10001
90890
19336
37173
84988
52608
42875
91573
43959
70581
11398
77873
52455
37011
65573
39341
15828
6517
19058
56014
98347
76749
4654
24926
26433
82060
27653
77369
28008
28510
77986
50601
41289
89990
10759
61935
85817
79864
90730
16863
26131
10289
10483
19664
74207
52267
34338
44916
70623
13456
90413
71359
56396
57924
31841
75779
97536
2268
14752
33893
52566
35908
95453
77641
79635
29859
32140
13876
64284
17926
87494
18125
11564
57013
67695
78913
86904
99114
665
83084
8970
36568
51762
607
94747
14270
98671
48582
32159
37813
38922
88424
8783
44886
83226
37695
56522
48771
95743
58585
81629
7407
78437
18764
37021
19259
60807
7107
59584
98071
48604
26768
38984
32625
5526
81144
6499
94748
90430
14421
32478
19030
49261
67770
99229
41155
65675
64661
72539
48188
7256
44331
29441
63840
65252
21166
12497
64449
74911
59524
71539
97328
20802
18524
22695
52102
76898
39331
1480
17813
4739
18718
11837
43808
34654
36956
76232
10804
84806
85552
73255
10046
30740
70905
8658
23085
24130
53660
3343
92452
73610
20336
97569
74415
42825
73751
64434
68962
91288
71849
97741
29333
82122
40709
89380
63632
7467
36824
39629
54467
37072
36214
50106
39035
78560
83466
33573
11739
48820
42503
37402
34124
95208
52703
18237
62860
72472
8922
24208
35447
76758
52051
38067
85490
61571
77910
9676
94612
12239
46625
59521
26478
35196
2052
66266
29890
26337
91396
60839
42550
18697
8844
37131
74839
73900
73871
55121
3845
74089
94806
56079
61855
91468
61307
31480
60696
61112
55597
87355
53522
59371
71625
24028
99037
94980
83752
7529
59672
52883
12140
43471
34822
91831
90698
76735
3029
85966
55271
31070
22872
17890
34686
71544
21331
76117
45351
19739
80503
83372
61272
76729
18832
83820
55696
12040
51361
47127
88002
58189
5056
5142
40058
9850
59831
23049
89924
64292
83713
20964
47616
55457
31421
4271
67585
27912
79652
31383
95629
68848
79511
46148
4139
66425
16747
28790
18915
90975
83855
74054
43216
1917
84614
88136
40272
67729
11228
7006
44191
48885
57039
77914
30999
34430
53607
13126
96491
41687
50007
20366
55651
85559
84277
37969
99577
99014
32238
54420
20165
39528
57264
71713
40258
47642
26102
79902
67512
33234
457
46248
23955
52730
61812
86500
89990
6172
77844
78166
41572
26942
72788
96026
52330
58875
21231
98665
78610
15639
45082
71481
44728
95431
56835
36401
98160
80426
58744
71437
9964
84870
77157
44281
54427
28304
84035
53250
13733
1151
33506
86230
18407
58700
20374
53629
52338
26552
49579
24932
22383
25643
90892
62
16886
28201
81481
76580
54852
37349
30516
31636
58122
42523
74581
23634
62552
40475
30443
32739
21046
27371
92583
1607
41205
61314
26911
8185
43449
66609
19218
900
21632
1200
47155
53265
37516
36897
57937
49695
82878
8383
50436
97234
98629
71467
79998
68929
48978
73629
27035
23769
10517
80635
96344
15352
51027
21844
43106
96893
40889
13825
53644
53699
61160
96944
44268
45895
46690
72873
79919
23988
30120
62270
55842
87751
33128
11365
30109
94945
85028
63803
42612
90569
35602
79788
6995
19597
69008
28439
16003
6577
18682
1248
57864
34025
29303
94593
1569
28152
11273
87533
72291
65313
85524
97407
4683
45429
22110
30274
31452
39686
34674
55809
37312
8985
4721
26979
84344
6873
74585
33710
93775
26133
65997
26695
51303
21706
52412
72586
88379
44323
37517
5083
80217
48957
69820
17718
92802
175
53763
3650
5818
82445
1508
85365
36143
37665
6360
92911
87455
94426
8711
43117
55507
23966
68499
44259
25718
56269
54317
705
10030
16469
8663
20288
83326
96451
51245
33540
96220
59504
37813
18348
60658
86876
719
86227
27521
14259
59163
27098
1312
73530
2086
28339
65979
50433
14693
80813
28105
92506
40805
59707
18905
53124
47536
21221
34874
37392
86264
87493
38424
23479
24382
1631
84490
69051
56061
22310
86805
76606
87036
93114
88478
83804
28375
65660
55454
65288
27275
77509
68611
81041
9090
85954
50471
82981
4144
37023
25895
96254
85298
5368
82650
24650
47826
75172
67317
90536
21827
44826
24829
8925
19237
28851
65755
12534
82431
99347
24462
90116
19475
56290
53444
73896
82288
41037
84313
13582
68273
10651
74374
4209
3439
72000
49167
93000
95588
34054
46029
76452
29822
74408
61441
13008
15482
31772
5845
18981
83520
30022
73585
85780
76411
11385
42781
55058
68887
6411
30174
15017
7088
96637
39395
35939
56181
32149
57567
45884
2045
50782
74819
58542
61336
8239
24034
4411
16035
69165
64008
83703
3540
28052
58243
54863
61430
25820
33681
96044
47222
3021
38985
28606
27732
83837
60311
71457
60134
16378
94043
2969
67353
4279
20590
43240
44117
52181
71085
33644
16812
13396
29727
82872
20247
71918
68477
69105
47462
12919
67994
36468
74947
35930
38902
597
64916
43190
20897
82920
98753
91933
3682
26180
1300
33894
83366
4733
74342
77906
40690
32364
69475
2162
3361
87584
95476
11601
33738
21847
73361
82808
65272
89610
23505
63949
96342
40856
93525
468
38513
46447
13061
38622
7745
84635
92148
18406
41703
3033
63590
5021
24096
84569
6529
23748
97813
88184
78365
56954
52669
5471
25259
33918
80677
72978
37605
94266
2017
6556
66212
34031
78267
78935
17365
49692
45952
44592
482
80026
23099
27036
10817
8203
64238
22782
91422
27280
65182
43576
33575
91089
47890
13847
42909
69491
87893
63876
19691
2074
81970
10871
75995
97582
92169
99875
39986
57712
43771
84389
78062
13402
99400
62597
99326
49321
79275
49249
93643
57976
48430
55542
94515
8748
45785
69764
51037
39083
87036
79974
39419
75204
33609
56667
43857
67920
83296
18168
88977
85444
4698
34382
11664
39624
7219
85591
18740
34569
11124
82128
88818
17403
58040
68057
41565
79689
81287
77382
15684
5067
37563
84868
68124
83746
86743
95193
31340
17694
94950
43944
42850
21733
27548
41890
91933
85224
93337
79978
11976
96594
98996
26682
83807
48730
73674
91609
5296
37058
27662
99666
25558
34138
16184
18651
38297
74685
89619
9770
78147
13155
24820
25376
66292
22376
48734
61137
7228
86185
85118
80875
47217
1626
77929
71466
66804
46983
70835
52510
94696
90775
51293
60831
98381
13817
99770
53479
28055
91527
19952
24488
64738
36915
64139
10496
50896
36006
9558
68191
62470
16943
85918
42617
14884
81605
2326
9525
82432
94295
72529
67217
50389
65907
91471
73784
12236
93954
73266
74135
70617
18929
20965
37893
99925
35696
61848
34014
80874
54970
48493
905
22990
44388
95497
31829
49609
91310
94490
84579
31844
20164
25921
41646
22861
66049
65171
92562
61914
53233
62597
83599
88772
52326
62423
81678
33473
93086
13753
29131
23791
91207
18465
23861
83376
6873
55427
45486
77209
90490
18155
62219
97818
86708
3997
95488
75681
61704
96845
89775
40263
90674
92582
33610
54357
92561
26668
4379
93698
27291
76686
64359
46276
77128
29148
18309
61324
18212
19500
53984
86656
50990
77028
26095
94853
98912
32227
11529
13723
3662
73205
59050
44536
42139
69843
80236
72724
65514
19651
80060
50061
13894
7667
5334
54755
91495
14236
97112
16480
96691
49144
69205
27053
88884
38319
99111
44274
39890
40220
9961
36392
61375
23005
42470
7735
21836
90715
64440
92218
66733
6974
42010
770
33600
28062
1635
61165
10298
23741
44682
94290
19065
33828
37582
29603
21598
81275
89614
74320
31133
38389
47703
15842
86342
21830
83012
54964
88820
74155
17643
38644
31059
74917
41433
85373
45001
12743
98600
73683
82637
41268
81926
94851
99566
36476
58169
54584
50044
70721
62585
45250
17767
19606
42715
201
483
21881
1997
84774
38501
19654
92297
74747
27256
16481
31135
22360
82320
4251
74141
12445
31598
26307
56185
66755
93907
63874
25703
63323
65749
55590
35832
99433
78803
85868
23316
41794
9520
6755
1523
75508
19144
90146
17443
84676
77642
42418
74224
71760
78171
51952
560
50271
80134
81514
56176
25936
28283
62081
98675
15163
82978
92462
1180
36454
62396
99953
2497
50366
41355
71239
91910
16654
73377
19920
79284
83465
2716
17266
77791
22734
11311
76200
31369
78385
1942
44998
51934
99520
53378
36841
92391
89443
95871
94096
70665
13205
46093
62082
77243
71303
9452
26086
44144
65189
4690
47525
26751
51499
90788
20389
51612
6178
79392
57498
13104
97141
97343
7605
59753
94673
23366
98991
97045
32465
60565
2965
47721
68985
22092
11576
52844
88856
1209
27808
67313
26928
68943
73689
2064
93992
92607
32005
91830
32321
96719
50654
22139
31743
94161
55207
32127
92446
99918
34871
20779
29470
2327
89795
23376
75599
7491
53524
92215
54361
91345
33454
11051
62871
90868
44219
96304
25454
40989
44230
89653
53317
17001
23946
26507
72968
73603
35979
72691
66625
81204
1738
57752
1608
47683
77095
97441
12451
79548
10431
90209
39468
80274
80401
92981
20552
5574
57920
29977
79169
95450
97103
65042
50849
81105
23279
72713
42889
21135
52695
76165
27577
55898
48170
81210
27915
81543
87699
24700
66650
35928
98892
72939
14356
57484
91137
51154
90383
25050
99499
58582
41664
11829
39631
25405
48720
89810
61347
97554
85599
2363
80004
93291
91099
82179
59481
61545
92279
29333
18291
86104
58098
79965
31240
22088
50961
89919
3045
21491
87007
29669
97478
3174
12186
36922
15816
49286
50459
1564
31790
64931
82932
63912
6718
20781
72265
91740
28129
9368
55418
64126
37952
84964
89595
30906
42213
24229
51195
35355
23189
40225
55642
84692
7104
5935
87167
28108
75695
95055
1911
55232
48358
27666
95186
59303
3100
16249
4274
18787
49127
43572
51852
38765
11685
68137
21933
59175
40613
45141
172
80779
8100
71343
3430
81772
18259
10736
69705
97979
11375
34605
78839
17855
9071
14325
26845
99836
13145
38163
82297
54045
40453
84400
11873
42998
48958
72221
73995
46618
85966
29125
44429
5769
68561
59023
55783
5458
88370
68707
4032
83969
18066
12040
99520
57403
85374
41024
17304
30462
71870
10777
32326
23763
88460
71509
8521
85602
77231
94746
47852
71765
90180
23320
95148
70874
99390
5084
37732
24699
317
68801
34988
42982
80116
27363
62343
40527
36305
48253
56590
30670
47592
14079
5019
93717
18286
7040
29554
1516
40501
90365
78861
20078
44209
27022
56380
30990
34228
71419
80278
9347
45348
93361
92492
71022
82050
45174
8408
55312
47648
62692
26082
40359
9220
98729
94551
98211
89264
23681
74421
83965
22828
92047
10761
19205
69709
65995
78268
73741
25323
7439
51731
71663
30986
98689
1017
47822
44600
28358
9120
59036
96098
84021
64240
10723
18539
26003
82460
94086
15333
77735
76238
41596
96876
57265
95775
99240
95703
91794
35266
82857
48314
2518
14066
32818
13937
20606
14063
6470
85744
96775
78791
50919
38418
96745
57323
80124
47489
32730
6494
39722
10447
67188
48754
80598
97446
39191
19704
77970
60236
6076
29366
26554
32019
63430
4268
14399
58006
5026
73625
28042
6739
10956
12236
69879
25602
7005
55110
74975
20459
21239
54459
99039
58987
74772
58331
11841
20010
82885
52024
71132
37038
9918
18321
70912
13217
16790
40676
54912
17002
63518
94672
61230
3159
80788
47368
17286
42031
4395
11630
35618
81567
74295
83068
70504
11169
36033
20912
82995
44249
46486
20987
27666
87185
78137
68862
18253
16435
36502
54339
51288
42651
53873
74615
66968
925
99212
52799
4714
69640
48780
50877
67201
86945
95046
61787
41136
3455
32398
23994
35665
82587
47407
13715
89971
35757
58601
34927
70523
58732
96190
45353
25382
17504
85670
27781
88064
17345
909
40439
26700
77070
82112
57535
15559
22026
71958
41684
65507
3964
9242
73604
87520
53724
33523
1301
79155
73500
96548
60880
17666
79488
46650
64217
15482
12849
50844
44889
43828
47147
45995
3089
58489
33835
65244
92705
68093
43829
68763
49275
69745
82880
18952
66268
39419
81175
79363
88906
5294
83482
83902
9735
51008
95181
18285
18179
92812
71620
79252
77515
49700
73516
28711
77040
78796
49477
39750
34619
79649
48242
39395
5374
80543
7866
88994
85983
7540
16802
7303
90853
2681
92761
33591
16378
1633
79181
48545
2579
3033
16310
19237
47572
61881
4126
11114
29675
17559
37729
14740
44373
23393
62312
67935
68939
79157
64469
14983
26196
80511
89351
33754
30729
90082
49037
78860
65790
3763
66531
34376
57204
32749
81875
43200
81780
46959
32177
81771
72060
28688
5677
78676
56640
66697
61523
33551
5918
80417
1535
78743
36767
1540
77985
40358
66482
55992
22318
97591
96271
83136
83730
9655
47628
1011
73652
78157
71138
76540
22431
39444
96547
87822
67914
36187
95399
72010
12088
438
83101
36721
1616
91379
95951
75539
10822
70176
40517
68885
31576
61617
27658
70385
3525
47631
71566
75821
50261
61318
55396
46876
22246
1791
39368
15084
85707
69889
14656
22744
38230
32762
86964
67049
76382
61341
7365
1257
88470
48881
54794
12470
96409
11040
14555
39418
24686
88371
90219
15634
31523
20640
32532
23496
97610
39048
68237
22835
31152
27199
64165
74149
14468
34601
67519
10960
87029
87492
21961
28408
32558
30948
70926
45946
13704
53545
24549
70797
76803
91198
84621
35866
31363
80406
93218
10832
94179
32727
94941
88423
76337
32151
80152
29191
82903
14885
7160
7599
89691
77170
85002
39800
59275
70848
35278
89252
59290
88720
41436
40114
50061
12135
36987
393
15727
91780
80298
46848
23311
59305
12945
51943
7502
22214
1038
39435
95504
77337
14510
99701
5851
89261
8032
58463
77906
19235
29062
33325
14607
57369
93442
31374
50030
6343
37061
38058
85487
88382
73259
22672
73099
98913
59984
38988
64198
10106
8163
30919
81390
35417
43272
62593
17749
2259
65849
79778
14364
44141
43437
75354
18357
15830
6449
75371
77452
55564
13467
84175
84352
66851
97702
27222
44409
69031
5665
8403
3448
70615
91503
55038
39119
52260
36073
58201
88791
7339
18476
28606
59727
77170
79605
79029
43173
35291
82213
13068
33020
20564
90048
47029
31781
92410
59819
16836
11916
83181
64061
25041
88905
52410
40401
64418
53967
5623
93315
14048
8965
26416
58138
41419
43771
84680
73910
59801
97272
26109
1589
83975
47170
18571
67223
99387
80890
29435
5860
9899
10134
34611
31310
57512
5017
14861
59281
13799
40223
77818
67018
27267
65245
55217
81231
73427
33510
63984
47934
95132
51119
87121
52755
39530
34860
25722
28329
94994
1364
97021
6610
6477
44456
4994
48214
942
96182
89854
8378
85911
8465
70662
79673
93595
37002
31345
85296
30704
56726
64538
83598
59749
89086
79964
84432
81475
75360
4496
70971
10085
87366
49547
66859
32940
27188
98116
87834
24725
30911
68607
69457
42354
57849
45412
68087
61386
16419
27348
90992
27325
50506
34131
23255
85900
86114
28393
84108
25239
17035
56164
63370
9880
90447
82242
59876
11594
38584
98567
68091
45277
90988
13487
36534
99478
93395
87710
52229
10606
53895
68781
89066
67486
34779
90076
94791
48607
9370
42593
81261
88312
7129
98226
25707
40096
77460
61756
86883
55309
12879
55434
89361
23789
85628
94829
31604
29259
68270
97524
29081
56847
28460
77275
12331
52637
10847
15406
61721
75919
44908
68498
75581
3627
46554
66851
36475
43445
13463
81720
61525
87150
49328
90991
97072
88981
90641
52746
45358
85181
51073
4087
91485
80320
43181
38605
32633
13613
84925
80061
98287
84168
49331
62108
90193
57938
69671
44323
63825
1143
69635
43317
19342
85002
48238
34391
69307
84859
12589
83952
2909
53114
18124
5841
71987
79868
45576
95753
82827
67760
16673
87080
89559
38220
26451
88805
49878
55200
49077
11478
21913
99409
56184
60846
52246
51202
72006
80359
29393
43464
77947
53575
54515
27191
70745
35379
11690
51964
73022
66977
3748
1062
92731
43794
56526
36731
28946
47666
84299
4945
25389
25148
52250
20972
80259
92288
67991
7168
31152
72879
83507
82630
47262
31975
91299
10690
77546
49382
54098
94718
23164
88875
16185
75275
25257
58017
6198
22401
85024
20786
56222
35665
62033
20602
30046
61574
28857
94877
74644
13025
95352
13892
83268
28735
54316
56556
85973
41911
41712
43566
63965
36881
49329
84455
17853
60053
75459
59235
6704
17225
50080
47587
14736
33189
25024
38986
95559
71475
76734
5661
90060
12236
29480
96979
13339
64458
70285
18591
58562
45054
93286
92620
71143
91847
80933
56198
5367
90076
2132
44802
87389
82752
83360
24142
73481
4059
87755
79767
10446
21954
19318
47071
76354
1232
54637
66062
4019
1530
92897
75029
67124
6101
6456
15146
39428
36657
68891
4126
21209
47182
35191
51127
63910
5335
49617
27484
13866
63914
60778
78171
39106
96815
30615
57485
99375
24039
34188
99088
68849
78489
60596
85318
23476
73693
41837
63607
60408
16006
56029
68866
25711
67493
74211
49868
88335
6386
45772
64929
13294
50866
46595
7628
55030
8894
46124
46799
13175
91907
84797
16721
67199
83434
91698
73218
33913
85007
13760
39260
72315
71241
72494
99723
94016
73544
11956
69121
24241
77629
52577
48386
98384
63880
19438
7211
72148
41554
70742
76989
69486
27940
12464
16039
91877
1778
48554
13621
64932
16638
82557
32103
3865
94373
56162
47737
38061
31414
82918
39616
46811
41355
11274
93680
23193
26150
30057
34079
1178
15200
11677
67679
52189
36724
73558
29220
81716
89005
26709
44361
33958
60477
71843
85815
43113
7073
98051
83758
53543
32854
36852
65902
67932
35678
25251
44862
72441
73483
35504
40914
30970
78774
36359
26710
36791
98956
60851
7234
59180
68419
69064
3037
25060
24590
10801
87696
31293
64681
12729
41507
91892
2416
37308
22545
86292
24783
86710
23532
89731
67674
53918
78371
34859
26263
55347
5700
74892
91074
14559
28538
92957
53903
5033
88826
29681
59097
1473
83612
81676
85208
33726
85644
57247
29580
85172
75313
62480
34187
28318
3150
30773
34885
44310
22511
2008
38202
30243
80618
3661
29885
58368
32764
85559
97668
14705
49301
12354
7048
11038
17931
23406
3340
33941
4835
28429
25885
67195
27374
19079
10986
99876
8353
41606
29028
11351
27246
93758
48181
6597
57344
80310
42193
60479
79409
85917
63012
18005
92246
1428
80307
89102
98471
70357
49443
71056
29817
5907
7058
29533
90482
65769
9115
69974
39276
61821
20137
35153
1782
24977
34341
71825
2238
41564
59428
19635
31531
26983
22069
88852
22472
4794
60427
9981
86433
14975
53564
57944
76468
83779
143
76276
81170
49421
99598
52649
20862
52785
7755
26057
13056
70402
35888
38111
97710
88134
37279
76162
64439
88322
78566
94322
3635
50599
24532
39986
11353
47129
74439
58080
13866
46739
75628
92993
41943
29195
5804
59054
77184
50859
59303
4416
13182
95994
94588
50322
22779
94192
317
48000
99382
83715
15577
58803
45052
52976
96191
29709
11032
97957
53493
5950
57366
92053
4574
95256
87468
76641
63698
74107
30758
45629
73471
5382
91888
15280
21277
18915
58645
41839
11626
91741
62241
73752
68275
53162
13518
2765
21303
31309
96487
8714
93848
52462
86655
76529
40747
2184
75765
792
7100
58161
26860
83118
68587
8691
53964
70704
87362
77853
19255
80584
67436
88662
67224
3435
21686
8901
70121
83234
68971
40794
41888
24617
64322
35357
88827
88490
27745
34973
4401
98264
77933
73657
82843
94020
95998
93448
21694
39973
41325
67506
6864
11810
16744
55763
25553
64769
33446
57317
32057
10803
57385
65312
99497
13701
28438
74616
26447
44751
31126
40432
31676
28354
61482
36789
62455
46912
78454
17910
62305
67405
50228
42571
92611
98252
5951
81797
79157
84366
81551
93664
59452
766
4697
15428
39616
10654
98423
92875
30614
12584
95537
39522
22821
13137
46644
94159
75150
26485
73481
24275
40408
20277
66217
4973
22077
98467
48485
88313
59365
36039
37114
66311
67172
58014
4901
22415
15522
85678
14216
60831
19032
56699
26846
884
21185
62563
11185
24445
411
36761
61762
68463
95433
70172
18024
61784
45853
26306
19432
15683
70594
78401
62115
90905
61644
92757
28714
80540
53413
38326
47470
67654
39075
11208
99265
39382
44428
24556
31990
65053
37062
29320
60517
74905
44079
99327
27474
8126
75111
35391
75166
34143
99045
17461
32161
89529
2669
61249
49454
14344
67345
16355
30557
16396
35852
76606
87486
39633
5712
60113
20323
63781
77587
56519
61880
16327
7749
31981
50986
35083
62165
28581
97978
79824
46389
94225
84234
54861
90241
31506
93916
70932
99179
59573
10568
44404
45275
41739
23805
4542
59893
43395
82074
55480
7444
49717
96280
18533
64993
90723
46077
62616
6040
92449
65700
15792
88463
97288
89447
39338
76363
74036
18257
37254
83517
68687
28323
68727
12123
30775
80252
28841
74710
86834
3018
63711
29383
22496
20817
90191
28951
77839
62868
97466
83039
56755
46342
18077
58959
440
50799
69313
1861
77552
8867
82395
37647
99147
22372
56526
33112
75183
75720
97621
26980
91224
59067
27410
12763
98885
32645
77622
49794
81658
60588
16067
2307
78917
17714
86714
58115
25255
25929
84217
58204
89705
8256
24855
76482
80000
57996
20487
24961
10698
8094
9867
23788
20820
51524
52543
67867
66583
7347
44580
42164
7903
49074
72459
86400
53484
12059
81775
86411
28694
74867
717
74318
82797
65925
24838
52504
57731
81216
39230
17453
99300
11381
26997
48678
3438
67335
88769
45217
55181
62315
77039
37617
36036
55280
31194
76849
46608
85678
84404
3252
15701
32790
1880
28404
44510
14253
1537
20701
65117
97793
2718
71509
76184
37837
46391
32843
55550
64348
31099
59894
39383
45130
12979
62061
608
14778
25248
64728
55519
13565
82853
10668
76802
7778
51326
84751
93629
69368
75414
28516
15069
77236
82668
22248
21731
65097
99931
51319
32383
81561
46557
40854
67230
46941
97170
38204
97603
88262
38932
46221
92994
9030
83518
62000
50698
3564
32398
55558
20758
57033
35494
30779
19483
81802
27960
47059
58484
28305
77536
44175
3016
74380
25842
5240
13325
40842
60960
12989
15792
3052
15799
3186
96835
68329
46973
95593
11870
67289
12314
87744
54052
63520
31642
29656
33087
20499
85050
58664
73118
77239
75694
62707
50478
74872
59982
57704
57052
45254
27054
10038
93072
19599
91560
8724
64334
40297
49005
93487
83172
62258
31330
74771
49931
11490
91853
39587
22288
28097
43378
23182
63415
58444
70999
40623
96847
77017
42001
14720
85801
12299
39306
7094
97821
22988
51986
57744
11754
20972
66649
65111
73427
65690
16901
93454
8809
60874
64534
77228
59021
69122
5778
3203
10235
22360
18686
90242
53343
46964
93576
53900
23188
41184
17501
38461
35242
39443
15825
22529
58795
73227
89225
55970
40029
91479
22842
65784
15812
34750
85792
76391
39594
66870
83889
25846
74488
55449
76169
23680
95432
58285
16696
88314
82281
16578
37138
22446
78713
77827
42711
33303
38072
71397
54371
81339
76540
37937
93483
45738
6505
70221
71718
27989
28540
57402
18564
75832
19108
37326
51570
99044
62920
52227
70327
65803
43821
71989
34220
13802
26131
96152
66071
83800
29582
70907
9080
84955
25283
60559
52835
31098
57611
94295
35671
44973
27461
68553
25283
13547
56027
22888
77259
91624
85051
22968
72064
93296
59444
78146
35035
81165
81263
93079
51037
61823
20181
2907
95732
22708
14947
69771
18749
271
2734
24767
30566
52278
68874
23936
64560
18107
18144
49441
8388
90081
30604
27869
24800
86127
79906
56377
10943
9501
60094
24422
77357
4820
88058
93893
63134
71330
23178
53683
42071
74099
73086
96093
16156
1759
35066
71943
37353
55429
56301
68829
46425
17642
82992
22730
68381
42354
8303
16986
58163
27543
22170
44653
47304
80443
12200
10341
2550
62089
64180
25846
70811
2680
63204
10269
51318
12138
1934
39752
5477
71295
61253
4565
87691
78290
40360
22041
56266
42068
78293
22634
2554
60236
26953
73406
18588
92118
6873
28332
8741
39480
1313
98005
39296
77182
21676
12716
11340
33942
7836
12328
37014
9415
10643
33960
96894
27955
40682
84241
57190
71719
57324
76717
29402
6174
15160
86979
62263
9611
81091
28187
65997
44917
84688
77853
82332
66661
66861
93151
30205
39445
47441
36429
76718
54501
40974
95248
5665
70705
11857
21965
81821
73423
74851
36745
38207
40045
15119
34842
45639
24592
23087
14088
59171
25421
13767
91783
74364
79878
27616
11471
67874
37609
90569
49611
41433
326
44580
19719
36091
79940
46809
37303
34424
19286
75560
52723
22465
40073
74111
81134
40193
31205
9791
58715
9719
67317
24962
32646
93641
52111
9014
48632
2575
14027
26049
34227
40497
42796
91601
88848
49252
44580
3585
82053
89517
10718
97593
30525
74455
40455
14720
71175
54477
31633
41296
72867
36731
54920
4227
32500
11367
56977
83070
82523
48087
95863
30559
96436
21154
98010
76954
16419
18758
40260
30449
42973
93533
2745
75768
20278
15027
8806
16180
22965
92031
66662
336
99
42968
54229
24662
60367
5868
43245
4462
88852
96021
41794
62474
70204
38965
45336
92306
55660
29278
25517
15985
52038
91482
53333
69803
29737
48378
48601
20722
43689
34290
71253
36756
36344
25894
21620
9109
44987
1752
96655
51253
67018
83112
56952
80719
46311
53217
95466
23049
31368
84
62985
64189
21690
78607
97699
17538
62668
41849
26613
64924
71219
48495
55101
76984
74544
13718
37533
17744
22569
34065
26731
90616
90996
83500
32862
88612
26351
47336
83491
70267
97040
33577
65585
94572
5097
77049
47628
13159
82223
30701
25357
36056
40622
20607
8207
58506
74282
26421
65168
60685
9550
37456
78598
69555
85210
26016
12390
2712
1738
74292
86966
97716
16999
88829
67719
67254
81400
37502
15792
10419
99320
47905
20532
53430
75661
13211
31444
89339
56407
61798
34173
35579
343
60331
69804
30627
25419
36465
79676
46670
57710
27013
68972
3790
73529
80115
21454
33062
65973
65879
65065
50860
86024
78925
83460
74745
5300
48429
92121
32500
22665
6489
49338
90207
90095
4020
52127
52667
64587
4916
75084
70071
2331
33795
46186
18497
98995
449
17723
8630
45676
74966
82837
17040
13923
41503
8527
27437
5206
15833
4550
15482
326
72014
24283
10081
22441
86934
98400
16508
83771
77983
35137
92288
20499
78710
81948
25434
32980
70118
32511
76493
39106
61086
80335
10749
17508
90447
65629
65025
64256
5350
35614
64724
11817
55811
40155
31036
62255
33725
14322
95707
67993
76112
57461
71324
52945
47020
4325
8752
4409
10219
98045
10189
81853
5760
16937
56238
82555
47413
77608
48461
76038
65176
35332
65088
69344
27271
29312
76834
93405
89444
75277
72262
7123
35866
90726
97664
241
95581
49180
25138
38680
41193
98990
24354
36753
2364
49485
28437
59497
55692
22698
52474
55358
84683
92425
44326
94529
38769
84021
21759
41510
58707
88149
77342
21756
77209
49587
13121
51802
48260
28235
782
89793
6361
93638
49819
29142
7790
6609
6182
1810
59992
61963
96921
79741
2333
14885
82557
63033
61703
90147
78215
21688
69850
78140
57004
14091
95792
54629
54683
39888
16340
22141
53348
97479
20457
60098
33708
7113
19108
88037
50433
29387
11229
91738
3134
55934
38584
35538
46738
74186
47530
85842
9322
11315
64090
584
62918
43811
80240
97300
23360
18613
43934
98542
38953
69325
43166
67489
64540
26764
75224
88915
7500
16919
96306
21075
75264
11416
53804
42612
50136
45618
13796
45242
66518
47779
9689
77767
68090
28961
54433
29863
78035
67943
78391
55142
24134
87911
77658
72134
22318
62456
83542
49121
37264
7275
92903
74180
6636
10895
31179
35304
36803
32887
55178
87151
52151
51228
41107
60738
7581
71826
44794
80328
54309
22706
65711
87773
82825
42929
94122
38745
53637
42067
71623
27581
66401
49878
49259
17854
11090
97816
84623
4346
91046
74107
79512
8739
7082
72331
23169
16132
44235
9812
72576
92400
8347
26588
70950
83457
18324
88321
78304
86621
71771
7245
63845
1591
66602
64086
88959
13941
79329
60862
91688
37572
71900
59576
68835
44231
23277
65028
40223
37981
59400
91325
71141
90417
85731
11147
23634
38480
10273
24402
5038
60836
81780
98660
83063
91126
57800
27570
40717
96759
60273
25461
51477
50480
72604
26409
65415
48597
81411
84285
10297
84533
68648
76648
28252
69293
15302
99808
88169
1449
86624
4991
36785
28428
30603
66261
77272
8159
36388
89695
93163
75551
67400
70289
67551
41806
5068
78162
82788
6244
13462
8846
24265
40068
62499
63818
53354
9458
28013
36870
59249
41367
20616
69540
47166
99598
82154
4528
71262
30982
28446
9895
74629
61920
10095
68772
55838
74086
9352
29465
41795
64711
90307
88992
10002
1716
72147
39513
69860
16799
770
41514
82266
40693
52744
262
69498
73894
17425
12728
43283
3514
67960
21055
57931
22276
50001
55592
77549
79220
88132
75647
31613
93355
34324
19288
21545
91267
60177
54920
32437
87606
25286
86799
98724
13413
37736
4262
70331
11404
59579
80167
26703
59625
46
17889
90157
55270
82362
18189
97081
89043
66179
87368
95795
67045
56987
36342
53258
91997
36292
26624
69290
98507
1926
3673
16645
48103
16523
20663
47977
28953
24048
96442
36667
72448
9173
70318
47453
94244
42374
13268
64934
90891
74826
30249
43301
74853
21462
41558
78984
10477
98033
62479
49449
21413
58554
9973
5980
75997
13210
52737
56052
21284
93635
86700
21760
28697
72386
61853
14801
34664
36533
8299
25615
8164
61446
9495
84535
53748
30210
48888
16213
63393
96504
12493
75050
63460
94382
64429
19022
64054
57054
25032
52009
7261
18607
71888
40664
27983
37529
52966
90816
86569
98978
48024
50553
5896
23921
39529
92381
47283
37580
57587
15236
89360
27093
44702
98628
31946
48817
45670
35812
33025
29430
65504
70670
1051
41793
54008
63821
7131
26464
69478
17520
52006
72846
45961
96005
21318
70114
38622
88235
89289
87407
49968
73311
85741
45194
46052
65392
24281
95308
56227
34552
514
35810
12643
22767
8320
48685
26372
93
89494
63298
15930
35133
27477
16611
904
85970
19427
2346
48516
53046
12565
75612
14154
73817
70461
6933
48277
80518
42917
60196
51536
87015
49052
2730
47603
Time spent: 37
Itarations done: 11420647
