07285 75631 96565 68353 50679 29068 23028 40446 68510 06009
80534 79595 64848 99365 62486 05141 68954 55466 45126 07509
92225 79505 77208 71467 12947 12643 83541 60962 73512 89820
54683 51543 34166 12433 14049 38886 43050 94095 89133 22138
84507 82644 84687 32055 54927 80715 44772 67704 80612 74885
61514 41999 21910 28784 95418 41256 34224 72739 84076 61165
88943 41359 86464 98367 62138 79785 07015 38622 66442 96156
43474 26170 75472 95680 63684 41011 89941 21490 15045 29512
69632 77099 23829 38507 86707 63377 07840 70800 87330 71265
52286 91086 97950 18429 61822 40730 36735 88396 13756 15332
22787 78642 77772 10121 76381 23100 56658 37725 75027 86561
85834 41220 33922 10434 56676 22411 84639 49801 67940 00536
95028 12286 15757 21008 50703 68108 38796 97139 23171 22182
38204 76491 17304 79100 92848 33490 91674 70218 67585 21138
67250 34236 55203 49152 62609 24053 30255 23937 01970 33334
69520 19033 57810 59933 21218 73574 47135 70958 49968 70460
38983 16634 95273 28660 10849 60357 98294 11977 35727 55905
93451 52509 89083 55498 39091 52358 75709 86311 84887 65400
60071 36498 99846 32012 93082 19416 83384 70291 55724 38363
97517 83039 41007 90468 77740 28687 94318 27189 71005 56249
77218 55701 75657 89361 87696 74055 60550 57792 82236 38454
38981 72266 15923 44513 70411 27302 99687 37833 97327 38933
25968 58219 33637 42055 15709 56828 33115 37340 22859 71833
84217 69593 35044 20767 68531 88629 44795 72925 10096 93625
58559 15116 78177 65808 39897 87439 46251 13113 89193 82987
48883 90458 24000 14646 66706 49467 15761 15399 53261 35226
13582 96723 06911 94819 83714 14847 75266 09110 22832 39781
34965 19216 32224 48302 69290 47895 66105 05843 30349 98950
16111 62281 25729 29264 78089 81671 76442 45448 55003 34555
43187 00082 10735 10227 08584 25249 20170 47784 69637 39676
76408 81058 44693 48987 60000 29778 89305 91624 56436 64325
17648 36012 49328 57001 39006 17725 87288 70755 45650 20284
84187 86673 22681 59513 41227 19977 15932 50276 00148 94494
28470 85981 46887 96526 83309 99072 68594 10443 22297 64710
32520 34280 33138 18892 50457 62285 16021 43205 77321 82631
72983 92653 81977 76237 15789 34917 72664 74138 72429 64946
91976 65849 28033 78321 78945 91715 80807 64573 86686 43958
12574 76597 52792 24038 13195 48433 48836 54989 52854 39693
74178 87228 65544 22198 77896 54704 74769 59606 86495 32801
21104 29105 60070 96119 11219 76564 99864 62081 11412 50809
14859 21332 59404 74898 88502 14248 41458 53089 54361 67804
23071 32298 32219 26269 82051 67802 34648 83850 17540 64319
78877 94303 67869 37702 46053 71892 51417 97485 03339 72105
63101 64794 75862 57782 26340 48541 57588 86134 98842 90611
04796 00310 58430 38204 34584 45079 80056 52036 27458 97488
69426 44565 84715 85622 27677 11642 68956 32190 19246 39078
92375 32565 35718 66316 83790 18973 46744 26097 33396 60079
16411 53628 21165 71080 33164 34249 92764 20229 12198 17817
96925 72652 70033 30532 25127 07569 89684 34762 53767 44866
15498 60307 74444 07643 78542 19767 98088 41792 19130 41021
58232 18353 71144 52703 43990 39625 92915 84655 58711 50297
63465 40940 19988 23053 81113 60999 38258 96950 30294 71856
59925 93748 51656 96651 16062 40665 28847 80710 86105 75462
30137 57974 79245 66512 70717 79725 21095 58767 91733 32374
26248 97979 65869 46678 33432 21872 30686 50050 72467 22478
58331 98467 58808 37849 72404 48870 34327 27805 20077 87640
26554 56279 76823 71043 96203 70593 88734 48146 33618 99793
54160 47853 64751 19378 22140 58008 83278 77744 35921 95634
79980 92110 68420 89208 69344 14780 03364 25843 26871 28930
47101 52064 72777 98169 29522 48064 17884 00276 22224 88635
20293 72689 66756 27375 33605 20112 83836 01720 29014 58456
35939 14237 48815 13902 55007 04366 92537 97463 09667 13023
20761 95964 21672 10198 05167 84266 75319 47263 52810 83020
13939 57992 46454 56095 51478 68229 94426 35695 15664 71661
29947 76891 14069 39033 64184 29189 69577 07715 94798 25627
67257 10717 86348 72831 24514 40947 72924 43782 18230 89184
45899 75727 71217 14612 58960 52885 12169 29239 99139 46025
67021 89949 15475 56684 48518 36042 53124 92081 24939 16208
62098 27014 48490 31245 56085 14370 10558 57055 53654 85776
94726 78158 80540 27415 45436 59737 68468 41044 93325 69453
11800 72217 11793 15392 38185 82158 02393 59784 07259 96611
13821 40159 74706 20187 84559 07559 34704 44188 01130 21148
09892 88296 50158 89857 74585 84509 96731 05792 25097 39400
22146 62305 60660 48195 19465 83999 80101 13144 81596 14378
67303 51074 54330 16990 31066 27753 19838 78337 14539 57046
18489 72179 13764 41888 92500 34762 48132 53673 02353 59909
16700 75990 85707 92463 66766 30420 59040 38474 88948 98876
76424 69050 57407 35210 82557 40729 38063 23851 37030 83229
58560 74717 88783 23535 96802 45695 32221 22013 63275 30335
92985 85156 50295 98932 90249 75872 12163 38089 17400 63432
97388 18867 96885 78708 92291 33291 68805 43914 17237 40023
99462 55831 42020 18641 40969 77168 77524 72342 33727 22571
18871 68374 14768 22537 57016 35467 96090 05895 33204 88835
81319 42600 14659 29677 92573 05279 24250 35873 64445 81705
64119 66977 49990 84233 49250 27538 76248 06549 69042 77716
15012 00288 84672 28709 11154 75833 25495 04948 44137 45203
17872 82875 21304 27103 81404 09165 41915 95569 34722 38486
27094 96793 28297 04037 31900 35061 04661 26488 22437 16990
83105 64630 61518 46135 56221 14981 03361 60143 47888 71666
14779 09132 34857 87701 04597 18275 91826 76391 67623 76053
91216 18256 23971 20882 04869 59440 55734 15341 03528 57337
22167 29181 15143 77013 16533 29582 95749 85109 55708 81293
89519 66191 46572 81412 52486 81846 53241 42412 66422 20567
21818 89176 90478 91846 10174 74275 55153 65553 80600 51894
58292 58997 70119 10636 96877 15123 33902 22884 55862 00930
70670 97484 64710 23171 00513 10047 39028 07843 31376 19081
88001 64431 57280 19708 39036 76308 48556 14707 55982 90899
51036 19855 69986 70074 51124 87400 90312 03041 67679 38935
44548 66035 68635 86058 26702 34577 67300 11896 12799 40120
15232 51144 08894 48625 76338 47774 39925 92949 01208 43932