6746 3434
7121 6917
4688 316
2318 1673
1648 4653
6004 1254
3115 283
1790 5363
7293 6224
4432 4750
5421 1281
4726 6153
3571 4774
5258 2161
4852 7365
2527 925
7160 1613
4971 1743
4877 364
6609 3818
3332 3405
3340 6369
4121 7010
472 6823
6545 2106
5689 4793
1180 4384
2031 7252
3545 4208
1026 7460
5097 2661
6343 954
7211 4468
7285 5993
7335 3903
1089 957
1030 4695
1717 6312
7118 2929
5375 1242
6428 4323
5909 717
2154 5660
5831 5819
3984 5949
301 2796
5446 4280
4351 1263
3352 1315
7492 2180
594 3193
2929 292
59 4862
6723 5582
5246 3548
6488 3327
1730 4894
5480 5709
7196 4505
4497 1200
1707 1906
5295 5422
7265 3040
1675 4833
7185 2335
1962 3879
3363 6926
2647 197
2517 2662
1819 840
4876 4247
1255 7099
3128 6192
7156 1230
6629 5595
4482 7097
1357 2259
2221 61
2763 2402
1710 2115
2971 1196
4766 2419
5726 6498
4933 4547
6217 3091
2784 4682
3036 773
304 7024
3808 2348
3423 1588
7274 2005
1150 6473
2316 5122
7242 6446
4891 7187
3725 2249
5579 4972
5457 863
4134 4264
4751 4018
3867 6730
2054 7016
2195 4092
5703 2740
256 5127
156 1459
2238 4429
2905 7445
3259 1622
7387 2133
2643 5173
5196 5639
4707 6822
617 61
5375 2294
59 807
6816 127
2705 949
4821 2607
6495 3017
2266 4916
0 5982
598 2550
6998 7327
4910 3200
1170 3221
5399 5196
7231 2737
5497 3147
3673 962
1950 4094
3995 3844
522 5605
5222 1574
4549 1553
6253 741
3172 2519
3437 5258
4597 1603
6618 4988
2009 2918
2581 6516
6396 5358
3370 540
5727 3313
7525 7234
807 950
1188 5855
6878 7104
1496 6222
6920 2167
1605 459
5600 7253
4169 5866
4800 5514
761 113
1120 1052
3911 4019
6133 430
3840 730
347 4316
6434 1408
29 5168
5082 6906
5009 5940
1275 2914
6497 6261
3003 3055
4036 1281
2839 6787
3355 653
4327 7089
6 4772
2717 7337
6151 1536
342 2657
1471 1630
7139 1409
6965 5698
6177 4731
2421 2262
6356 1254
7573 6832
1090 2246
3522 367
3276 6793
2793 4369
3608 2480
3985 7221
73 2760
4038 1863
5072 6436
2641 142
1884 1497
3122 1054
2556 4421
1328 6314
1238 2765
3879 6170
2176 434
2768 1332
3627 2495
4334 10
5951 338
2404 4736
6353 1300
1525 2873
1970 5639
2835 1229
6801 7483
5017 1657
2305 3277
3284 1603
2245 2188
1884 1271
1047 3113
5136 1683
3944 4762
3439 3804
5201 6059
5555 7499
2440 6963
5560 3960
1039 30
4491 7233
7431 7340
7453 4391
5218 2629
3735 2213
7541 4871
471 2381
5596 3006
3736 5537
3031 1630
3904 7227
3186 7408
306 4602
7139 1863
404 1385
1612 4958
1436 510
785 5807
2835 1564
3971 7266
7579 6597
7179 433
7133 3631
4290 805
6715 6321
4797 5102
5620 6939
310 3027
1414 7568
1349 1588
2461 1105
6142 1913
3721 1574
6787 4746
3070 3499
2714 4793
1494 2134
5818 5071
2289 2545
3535 322
4284 4120
5741 288
3407 3504
1312 2474
7009 609
3250 5808
3190 6402
1638 4597
1272 2256
6834 5951
3459 922
5321 333
4538 6380
3270 1429
3800 2950
5653 6553
1505 3993
4923 5413
1575 4077
1926 7128
1416 386
6542 509
5892 1345
7499 629
3740 6237
4513 1250
3814 1772
1030 114
7245 3548
4356 966
3477 5828
5001 2222
3149 3336
6859 244
4301 1480
3930 1281
1039 5334
7454 6047
3642 1682
1215 2349
7513 4755
2436 264
5370 2964
5427 6108
4850 3497
998 487
6541 3613
6991 5206
6932 2938
7586 5471
3144 5587
497 2857
1738 3265
5397 6876
4973 2104
7175 5889
3683 5046
4399 1157
2035 1992
20 2400
7324 3432
2370 6524
596 1878
6410 1700
3466 1698
6675 6394
6665 2100
542 2053
3213 1272
3287 326
4768 4713
4647 3381
6333 3769
743 1149
1414 6362
6575 6592
6225 5148
2684 2232
1741 1491
3199 892
6722 1156
5298 3995
5735 5037
7383 5863
4589 7374
6937 5169
808 7400
3699 5518
4509 6112
7343 6755
6887 4911
5510 5762
3908 4041
7382 7168
3469 6969
4515 6130
546 3381
3252 1492
5059 6867
7310 7221
3100 6296
5630 4738
3880 3064
1631 1406
678 7168
6955 7003
5353 2475
4926 952
1657 5364
1174 567
2567 2777
2007 6826
189 6873
1420 233
84 5194
1704 7346
4079 4393
4186 1037
3125 7023
3294 459
7468 7324
4335 2331
1729 7394
5451 6056
3268 3329
2768 1315
3151 4186
386 2824
5527 675
2414 4975
6364 4390
4120 4370
7051 1622
961 1574
7106 5487
4613 5416
7331 3032
7168 4181
7218 5192
6689 4677
216 1090
646 2246
346 6351
2455 2593
3780 2887
799 1802
1807 5339
2820 3993
7314 5794
2920 7120
676 5485
680 5945
3615 7401
4017 7214
432 1713
7507 804
6219 4846
6606 3876
4860 5852
617 1335
4120 6057
6865 78
4210 4717
1614 5980
6793 2833
1714 5440
2591 1005
4090 5586
6388 6066
39 745
1233 1985
886 6103
2880 2726
4219 2706
2392 1972
3613 1328
183 6414
1690 4190
984 3088
6107 1805
5781 6008
723 6170
1446 5332
6881 5720
2614 3816
5556 2459
3414 1276
5582 2964
4571 4816
2609 3476
6355 2685
3287 1823
5221 5626
2654 3727
5142 391
5967 2658
5384 7178
5199 689
3501 1699
527 2829
3257 3614
4958 7000
2038 6485
2463 877
464 6639
2325 3422
2704 7097
954 3528
6903 1008
4943 6133
6976 1032
3614 5997
1224 5051
5979 490
7177 6401
1657 5687
4369 2473
713 5971
5522 4082
5020 5016
595 3288
346 1139
404 2046
5387 6896
4447 4996
899 531
233 725
5659 3604
3031 3072
4394 4728
7278 3953
4531 7129
2963 2012
487 786
2049 1221
2187 5032
5464 3678
356 3656
7282 1582
2079 4809
1186 1834
4669 5038
3446 4435
2059 3403
3307 2157
5856 1984
4511 2967
4880 2615
7057 3243
4046 7510
485 1747
2830 2370
787 1622
39 2816
7087 4686
2616 3801
4372 2711
7554 3705
6506 3927
4722 5108
3718 3812
5634 2102
4112 6278
4501 4917
2368 5163
2305 2022
850 5456
4314 7352
5769 5603
5656 2544
3583 466
7162 3634
985 767
2868 4826
3593 6451
6212 4852
3006 3915
2659 30
1031 2980
1382 2599
5684 1983
5908 7188
5373 3169
1938 7167
2780 1257
6474 3500
5829 4398
267 3978
934 5157
5049 786
5337 2348
2629 6048
3846 406
23 795
1909 1027
2775 5826
5954 4875
3020 1380
6121 4760
1324 5836
7569 989
2690 3368
3717 1718
509 6260
301 4077
3572 7096
1051 5142
6424 1307
4801 5400
7298 2690
5329 5225
5980 4248
2284 244
3372 2956
3531 6921
3146 6770
4364 5986
4210 5895
5636 7550
4053 3045
2291 2652
5066 4270
4646 6437
3234 7512
4293 2165
3209 2278
7052 3944
5352 7247
5655 4318
3144 6462
2167 7114
5361 3637
1457 7277
2864 7310
5590 1689
2087 6879
413 5765
7486 3833
2251 4621
2823 3550
6949 1122
3119 3212
5725 6837
2273 6074
2968 2507
5700 4270
2912 6910
6869 6585
5541 2049
1823 3280
5502 7117
2630 3112
7565 3036
1028 5516
6977 257
1019 4126
4629 7554
5369 2584
4485 5060
1369 7213
2081 2914
6133 3682
4762 4265
889 642
6714 1186
2468 5218
3664 6476
2536 3634
3864 5270
6720 2444
5690 3047
6673 1005
6089 3434
5737 2573
2811 1097
2756 93
2632 7220
2446 3659
3179 1390
2403 5125
2405 4629
2993 2968
5873 1628
4735 5987
3619 6390
887 557
4666 7569
1758 5088
3444 3965
4101 288
5505 408
6744 7020
927 7287
3827 3728
660 1555
3717 5204
6411 2413
1372 3269
4021 1055
1536 1502
4352 7073
4396 3859
7366 5493
3046 4249
4444 1007
1904 149
4091 5060
4199 1952
6188 5407
2009 6307
7067 1434
4196 5061
3678 2111
361 3598
4367 1626
5135 3591
5317 4746
5235 5521
6689 373
7261 1326
4292 2837
1391 6559
1566 5747
1526 6091
5953 7182
3923 1417
1060 4888
6115 1675
4739 6862
2442 6407
1908 673
3551 6883
6197 342
3809 764
2784 214
7415 3106
1264 6258
6004 7284
4702 680
1561 6595
4292 6235
1893 3654
3410 1233
6584 2106
5919 5918
1845 6211
5079 5048
5845 964
483 2472
2024 871
5463 2268
1639 3769
7044 4251
7477 5
5854 6710
5972 475
7079 1671
3683 3789
442 2153
7477 2822
6340 6852
6717 1095
3021 6947
4501 144
405 2100
1102 6743
4905 6043
2178 2936
5588 6163
6453 6185
4130 1811
6074 2472
4208 3192
4402 6451
6079 1044
4799 3604
5272 995
6487 3271
4665 1654
2851 7402
2541 4127
2007 752
7162 7415
1628 865
3412 4991
3945 7154
207 2993
1313 1228
946 562
3589 2476
5206 6854
6410 4198
1101 1600
3189 5126
6624 3893
6051 7589
4257 2348
1365 3349
4671 1684
3545 6250
6264 4897
1428 2868
4953 1557
6811 381
1408 7191
4912 3883
5235 3107
2969 1618
5769 4750
2525 5657
7221 5076
4504 7512
1044 6607
366 4107
7500 2326
4796 3077
5716 544
4266 629
2963 627
1708 5197
5280 2974
3128 421
4888 815
3810 5563
5663 6481
6114 2084
1213 5942
248 36
6906 4413
5078 6646
6852 1472
2187 2680
3388 925
5471 1975
3938 559
3898 1490
805 2456
2000 749
6988 4125
4007 6005
2834 1486
2665 3978
3356 1233
3764 4958
5334 3578
1743 1849
5468 200
3368 342
1589 4894
7256 2494
6121 7101
6791 3119
6275 123
6908 6984
1521 5523
5245 3188
5432 7497
6069 2096
1557 5687
1827 4155
5486 1192
4223 3865
327 2560
1879 1764
401 4023
6408 3695
6700 5505
2521 3320
3485 4459
192 1418
3979 947
1032 4988
1876 756
2650 3226
5180 1149
7016 4590
4053 7293
6041 1946
538 1982
6270 1124
7573 6859
2259 5166
5249 7055
1089 130
5385 875
5185 3927
4367 4067
1291 2306
4281 2309
4572 2571
134 3095
3046 3866
1231 3117
6673 3375
5000 5444
6351 44
1653 2734
4382 15
2234 5594
2694 6479
2458 1983
6402 2130
5409 3029
5979 392
5261 6320
80 5512
1207 3193
6898 822
5328 3963
3116 3373
2934 2983
5984 2254
5942 7237
6924 2229
5771 1624
7403 341
3332 652
743 6096
1172 2062
2348 2532
4627 5880
3737 2757
4898 5863
6048 3267
5116 7387
5373 360
2583 7467
2691 1472
7322 2819
1329 4853
7241 731
5651 7478
5227 581
773 564
2701 50
5714 7593
575 6033
619 3909
3724 2325
6340 5430
4599 6690
4776 1875
3904 5108
1308 6565
326 636
6145 1923
7207 5560
3347 5272
579 2206
5999 2579
4063 5605
2401 1995
5301 5088
203 973
5848 1303
1873 7492
7045 3859
3441 3267
2965 5334
4865 5937
5407 4997
6801 3986
3386 1508
143 3438
7456 7420
2233 3281
254 3531
3148 7086
3481 5208
3595 3249
7162 1409
3116 6911
1290 6051
1533 540
473 2053
6340 1049
7111 5090
788 2727
2581 7105
4410 461
4198 7266
5607 1473
3568 4168
1449 2087
3711 2429
4465 4388
408 134
6953 2109
170 5141
2687 2961
4672 4533
506 1951
5363 7557
1166 4517
3709 724
4794 1479
2505 1557
2062 1416
3974 6783
281 456
1754 3204
5521 6299
291 5980
1500 4497
1161 829
827 6583
6527 6009
2807 1417
536 309
6051 3378
4790 6577
3361 7154
2733 2120
5393 2154
6855 4438
7203 1959
1376 3729
3037 6921
2130 5685
7593 3631
2555 6816
2438 6833
1818 3175
6159 5034
3832 3427
2296 3472
3043 7244
2580 7504
4694 3760
5924 3739
4260 5759
6106 3415
5812 6150
5675 4883
518 7191
4355 7548
1988 2513
3107 5301
6356 433
4933 3334
4265 6373
3552 3939
5977 3177
2791 4647
6937 6592
1179 670
2820 4240
5697 3996
1179 1098
4703 3149
1798 3764
591 314
3464 3061
4630 948
3985 2141
2334 2641
7198 14
3807 3392
2955 6443
5261 410
200 2556
651 3367
1161 2571
6605 154
4471 1502
651 7531
3908 2849
609 2543
2012 3199
675 6581
7206 621
4894 6207
4714 3315
426 4875
1085 6648
2940 2621
5304 2953
3543 5452
5895 885
1042 6150
509 5528
3397 3488
6596 1634
4749 1293
2258 6947
2351 74
7207 3398
1145 868
4979 1799
3156 6551
4948 3042
1030 1653
1437 3290
6563 415
4723 7010
2996 3410
209 4507
352 1569
5003 1787
3014 2330
879 4262
4157 4376
1143 4316
7347 2485
1147 5679
2833 7402
6004 2655
367 228
4748 3571
420 6212
5872 934
1174 532
903 3580
5136 465
6652 6160
6162 4969
6503 3884
5569 2946
6315 6323
6319 5349
5432 3246
613 2837
7168 7169
5773 7328
3399 489
2125 4673
2035 3445
397 4031
243 7278
4522 2853
4172 5525
963 6767
3967 6999
5504 4542
2342 6751
3122 6232
573 3528
3189 4895
989 3821
2707 316
739 6752
3282 2040
4832 3715
2381 1719
6106 5238
1841 2577
1823 6109
1501 6014
5945 2381
5501 829
445 3988
4112 2898
1406 3826
3844 2682
7230 4535
3844 412
5605 4186
3976 1581
2458 2724
1850 576
2718 1079
2825 1288
504 7070
7350 1580
459 6114
6492 3638
6259 2421
7229 951
6974 3791
4839 3355
5352 1283
5253 292
2719 1550
4177 630
5685 11
1320 3870
1236 5381
4614 3247
4860 2122
1296 3131
2391 6041
2497 7403
4669 4312
2012 1963
2467 1652
3488 2213
5807 6901
697 3720
2311 5277
4627 6741
6823 4286
5306 4901
2256 3429
1885 922
3278 951
3729 5425
6386 3878
5905 4385
4062 6223
2210 723
1728 1076
3061 7245
4437 4001
4998 7069
3519 4397
6770 2286
5537 1903
2933 2810
4775 3274
4401 7149
1826 4935
6970 1281
3009 2926
4159 299
5771 6368
5955 4514
41 7123
473 6423
4673 43
942 1669
5837 5314
2768 2854
6345 3844
7277 5392
7275 5113
3942 5499
6190 3439
4402 6447
2678 3556
3855 4094
3320 3533
1635 3467
4050 1654
3521 582
3541 1383
2838 6502
2083 3182
611 4593
5651 2079
6326 3531
3506 4197
7297 6040
6435 1731
3708 6928
4679 3132
2837 5566
2904 4171
1574 1604
7199 6096
3679 543
1973 5944
2994 4963
5655 4728
7326 467
7058 5221
1203 3663
1310 1410
6181 1226
1640 6567
3739 5990
3031 4235
694 3903
303 1678
4527 1697
3652 5350
457 1894
422 2532
2342 5264
2571 6913
1158 5087
683 6362
4361 3680
3781 7157
6278 963
1790 6191
7268 583
3081 1892
2117 7428
5490 1050
7475 7444
5781 6091
4114 6430
1340 4621
6806 1377
37 2159
1405 6026
6641 1106
3308 6818
5209 1282
152 7255
5340 6015
4299 4886
931 2572
4151 5521
4805 6947
3622 706
3302 2595
47 1740
6138 1688
2981 1002
3208 2310
1305 6648
3129 5537
4720 5850
1776 7115
4784 4348
3699 4859
4372 3270
2664 1350
7358 6476
3451 6557
6764 5888
11 6339
2259 20
6437 2409
2296 6624
4871 3448
926 4460
2279 4219
6617 1195
3276 3366
7073 5972
2922 5510
6274 6350
3003 2103
528 1799
4121 2220
536 961
7368 3295
7570 5945
1632 3653
3811 5542
7112 2748
1646 4251
4974 6499
6762 344
7043 711
7119 1347
5891 3718
3642 6815
898 7410
7296 646
3042 5828
255 4617
5089 2521
3664 1584
5903 4302
3353 6160
7278 5043
1327 2648
6866 1135
2024 6263
7495 7201
5375 5199
6322 1933
3184 2990
2960 1163
7507 2495
6538 2664
981 3244
3642 4199
258 4893
5544 952
2144 1874
861 1379
5572 2088
4168 4018
6663 332
5886 4408
6067 3114
6700 4241
168 1712
6441 7287
7500 7444
1991 4254
4366 2926
6136 3789
2075 2819
3868 9
298 2576
7512 7120
7186 6431
2291 2783
6283 4025
7195 3040
6689 5768
1765 6948
6501 3224
464 169
1119 3417
5386 7096
126 1331
1613 7358
223 183
5970 2740
2796 7518
3253 4941
2555 3137
808 155
6056 6595
1490 6303
5069 3999
1920 6395
7117 2745
7595 3110
2208 3444
5226 6475
4808 2464
702 5726
6803 1869
6923 1885
4297 3728
951 6750
3749 5313
5371 1738
1505 6079
4902 4502
761 241
4769 986
6162 266
6861 4017
3732 3223
3065 3291
1329 5160
5967 1314
6490 5048
5406 887
183 395
7250 2664
5379 4852
6383 6497
7531 5408
6317 187
3803 5810
6701 6245
6473 3548
2858 3166
7069 2534
5579 973
5645 1294
501 7437
6520 2941
61 6152
1208 5202
10 4014
5226 4829
4553 4050
2522 6538
1978 3857
2407 6055
6760 7488
6917 6868
5270 338
1394 7079
2805 3667
3664 5128
4482 3075
241 7392
6428 7202
2705 73
3251 7092
989 6625
6076 4802
3169 305
6961 845
4447 7444
3525 2303
4828 3719
3909 3680
4180 204
2986 1889
2318 5226
5579 5801
762 2260
672 6650
2870 1828
6369 3487
4240 836
3772 356
2614 2777
598 6050
3961 2733
3801 3974
6080 4983
7483 620
2137 681
5775 2829
1194 6998
4357 2690
2582 6830
6908 1508
5995 3399
3128 4978
2855 41
1887 2366
5355 1639
4829 2181
5576 4965
7543 6952
2790 1978
5420 4363
6468 6899
328 3946
1673 1233
482 7123
345 2945
7557 5140
7171 2055
460 370
6951 6310
1942 6035
3589 173
1114 6729
1600 993
2628 411
7138 5331
2332 3201
1609 2206
6184 3628
4367 3200
6280 1087
7255 6098
175 6926
3347 1478
2113 4978
7395 1164
7368 7286
6936 6529
3857 5682
102 6196
4915 4513
2359 6710
431 6641
6205 6142
6835 2838
6720 3318
5801 2059
4293 3653
3757 2182
7215 4154
3515 7463
3279 146
4374 6701
887 1734
1350 117
1581 5572
7257 800
7131 536
74 4047
1346 6646
5086 973
4111 5575
731 5034
5190 1774
3443 1984
5291 3030
6303 1060
4208 1418
2359 5002
967 1584
6973 2597
953 6498
4329 3354
1952 5723
6831 7120
6303 4459
1373 1974
1473 7255
3904 2752
6478 6576
2326 5408
3866 6462
5535 1261
1304 5784
893 6675
1149 2547
58 2582
3118 4085
6344 2724
635 517
3619 6071
2773 4673
2675 7171
4954 2858
2126 5554
5730 1952
7466 4873
1730 4390
5488 2183
5677 3346
5756 7530
5930 2275
3089 1149
1729 5519
1609 178
4495 2936
3258 2824
1914 1883
5621 3849
4046 2581
775 3283
1573 4705
5602 1729
5285 7106
2502 5605
1619 2602
2745 5604
1877 6997
1126 4494
1157 3813
4017 5912
5074 7050
3193 2856
2609 1470
5862 3308
1504 6586
5745 7544
4507 3800
5683 3578
4248 1799
726 6779
7484 1172
3975 7141
3776 2396
2285 3803
6511 202
1556 1802
7542 6814
4002 1114
4846 541
3914 3616
1110 6159
1599 7172
1976 5753
3344 1577
5598 6583
1730 7310
1390 1846
7019 6769
33 7291
7402 4987
2337 2676
3765 7004
4624 89
3450 483
3446 3165
6087 2521
4034 5111
5301 1179
7361 6456
2638 2067
7533 4968
2783 3410
972 7586
329 6268
2554 6552
2034 7551
4337 5668
3192 7329
5140 6317
5190 7030
6491 642
1167 2667
5113 7142
6886 210
5177 4152
6624 42
3767 7549
962 1881
1803 1596
5844 3465
2031 6246
2695 5821
6466 6561
1986 447
3894 6992
904 7479
1619 2576
4790 4202
1134 4720
5096 6012
373 3054
7163 2243
4097 3050
4349 7418
4094 7370
2785 3742
5574 5242
7246 6793
5241 4781
4375 3000
2905 2116
4453 4187
5058 6250
4881 41
3223 5978
2542 4238
1703 3597
5810 5842
927 1476
2821 1718
7337 5246
6035 6637
561 4134
1612 5461
5128 365
3658 2290
4258 6623
1410 629
4666 6980
3075 2686
5286 2198
1756 3787
5557 7450
4170 4603
4468 1725
4751 6355
1248 764
158 5244
725 7280
4035 7320
3653 2772
208 5231
6725 6724
5889 4954
6433 4820
193 1883
2160 1626
3750 5095
4530 6409
5959 4625
582 5067
4205 917
1431 4170
7303 2893
7446 3451
4632 6755
2532 2599
2060 36
5718 3367
5128 6189
3275 1132
6414 2197
3129 457
6672 7367
2483 2029
1756 2570
6903 7056
181 4174
1155 4074
5890 566
3608 5898
528 5804
615 7274
35 101
4616 3181
7161 1011
1690 6065
6511 1121
1972 7047
4222 3582
2586 6267
2685 2425
3916 5442
2410 2933
3752 3088
1138 2905
6943 1988
4381 3351
3828 4656
1320 7430
7409 3880
7434 4175
4660 4054
4552 49
2407 4616
804 2529
5389 3799
2271 2481
3096 3940
5599 3275
872 449
4428 3867
5374 4298
6853 4503
5902 2814
6528 4411
3187 6702
4526 3109
6668 5568
1388 746
6340 5952
758 83
4639 1092
3734 2775
4417 6971
3978 518
969 3457
4244 6304
6490 1073
7066 2640
650 584
1710 2584
4675 2593
7400 4010
1046 6435
5359 3616
2224 5075
4104 3720
4917 7415
7301 2784
6665 41
5582 5258
6382 580
2668 1132
1383 5918
7490 4438
5658 4689
5751 7201
4580 5351
2014 7553
5607 3666
3431 374
5327 3606
5326 5493
4530 3796
4912 1758
7365 4691
1022 4762
2651 7405
2187 5202
3960 19
5535 3199
2996 4382
5614 3529
4716 3348
1827 4174
3106 2594
2229 2466
6900 1964
2732 765
7162 5614
4653 3606
2185 5614
7344 1162
2836 6641
5363 3592
6723 1270
2119 7068
1804 5219
3576 470
2909 2362
7482 7590
5211 2935
1743 5047
4356 153
1286 5077
1537 4650
3997 5932
7224 5661
4247 2942
3166 1059
4264 913
1002 234
3533 5219
596 3059
4856 778
924 4302
1913 4893
1431 7348
1705 600
3107 1377
3216 1456
236 2012
3670 7380
600 2820
3319 587
4828 3209
847 4160
7490 7283
4244 6087
6594 4099
7427 6331
2669 3125
4515 5557
6648 2110
774 715
1397 1256
3102 3923
1582 3463
5692 5298
3659 999
3475 2053
7107 6244
971 7403
6910 1702
3234 5965
7177 1639
2589 443
3667 4306
6652 3749
3444 1561
3387 5810
3406 3859
6644 2432
5179 1200
2898 1481
2086 5674
2753 2607
5206 6843
1505 6676
5332 1653
3882 4232
3997 6482
4713 6111
2659 1496
6456 750
5039 3992
3675 2418
3553 532
1495 1214
3064 2411
3101 6367
348 5778
6116 4669
2264 2288
853 5184
934 214
480 5420
6691 3801
4747 7179
145 2285
5675 6342
1883 2928
3259 3152
6803 2673
4185 6942
2360 5627
3312 983
1731 6626
3264 4772
3264 7272
1786 6515
5353 7068
1495 2398
6430 4256
1897 4915
4113 2757
729 3600
2142 4581
4670 94
1432 7421
5263 4566
5599 4341
2016 3748
2989 4269
1161 4055
5823 1894
3893 5633
289 5275
2773 5090
2370 218
4660 1723
5943 6434
934 7297
1947 7402
3401 2417
4356 2092
2318 3258
3153 124
2257 6459
6975 3289
3107 5930
3291 3151
2089 1166
3986 2039
5213 6026
2308 5900
4306 2855
838 3690
4902 6316
7351 1572
2752 6029
3755 4658
1576 5677
771 5542
6518 1489
2973 4969
1122 2162
4119 5383
1083 5470
2479 3460
2307 4012
6518 4553
1431 3963
2676 1823
4109 5830
4261 6711
1494 3285
5312 403
6626 3203
3272 4805
6611 5928
2475 7202
1754 626
3383 7522
5502 1301
3165 5190
5995 5244
3806 3286
630 4250
5235 1719
7535 530
2617 854
4463 4143
6152 3204
1921 881
3604 7213
1133 2677
1660 3078
5311 2047
1648 627
294 4103
6336 3250
7129 381
4592 6487
1780 2058
6903 7221
7120 580
6535 5190
3216 4078
6743 7479
4903 1242
2619 5011
2552 2428
101 123
5941 3340
2965 3438
2969 1847
2332 571
5313 7523
1294 2912
2804 3469
6006 4669
5700 5265
6275 42
973 7077
4352 6594
362 675
1186 1355
4119 977
5002 339
1088 254
858 7113
6521 5867
6821 6052
4535 4787
5726 6996
5339 7320
4306 5427
3055 7212
354 1992
1465 2874
1801 5048
12 4687
2188 4153
1278 823
5839 2868
1877 4952
7524 5318
3242 7013
3630 1172
2047 6096
2116 1672
5676 1008
4592 1964
277 266
823 7490
536 2783
1044 6445
5011 1202
61 4320
6834 3444
1623 6897
6486 5502
6934 2570
4177 2058
924 5372
4621 5215
4786 1183
924 3975
7524 4219
7066 4174
1079 1692
479 41
1830 886
2626 4513
3802 6917
6615 1515
664 7438
2104 1765
2916 7032
3441 6142
1875 4705
2149 4947
3038 7022
3375 1714
3874 6819
1043 285
3492 2299
6290 3292
3795 4133
1068 5503
4534 1227
3504 2735
3764 1712
5871 2704
50 5093
3711 2198
3110 6904
1643 7216
5963 5897
3656 2005
4814 5402
4770 3561
3940 4163
1940 3484
2494 4224
4663 3536
4325 231
1314 2374
6304 1625
6639 5891
1573 1125
5967 5620
4891 5299
755 5243
669 5876
4987 3284
6667 6019
4076 137
1691 3064
7242 1597
2893 2825
4374 569
6731 285
1024 7458
3807 4191
5741 6963
6399 3899
5235 3676
6340 5624
4402 4471
6249 5282
2157 2834
7598 2147
6358 5854
5627 7517
7015 2147
322 4662
7340 1710
4381 2065
5919 5624
5255 6165
5611 3060
7175 5596
2882 3348
2054 2410
2922 6153
6034 6840
418 53
5803 732
2290 6206
1498 5143
288 4626
2482 6426
3807 5522
7038 6886
434 6188
7034 5583
719 1977
14 4828
5758 5663
325 3069
6576 2388
5868 5977
6749 4416
6005 1955
7381 221
4603 6297
5928 286
304 4249
50 2217
5251 1040
3550 5298
7261 4017
6763 1062
6938 5086
3116 3425
6836 2229
3576 3660
2507 2234
4434 2486
6802 3261
2212 1486
1043 2296
5380 6698
7378 5384
6521 7191
5534 5397
3254 6014
6820 1231
4516 3007
7006 5319
4287 6461
2985 7287
6823 1046
724 3439
4966 4973
3252 4013
6241 2261
612 7592
2744 4140
5514 5369
4327 3649
7301 3079
143 3092
5954 2350
2783 6889
6718 6026
7211 4441
5894 3078
4911 6645
4618 2011
5949 3031
4128 1927
6930 1911
1060 6316
4663 5142
941 1122
3074 4171
3099 939
2589 6968
29 3536
14 856
383 5389
742 6343
6832 7205
6694 3662
6001 1955
4842 3961
5049 2703
937 391
438 7018
2901 2285
1183 4102
5101 4728
661 36
3810 605
5959 7483
2279 1214
5412 2658
2097 4396
4426 1594
3870 2484
62 6187
6498 7335
3141 1258
3196 105
6511 2291
423 6310
3107 2265
7228 4572
1173 4647
1189 3945
3029 898
4093 1970
2257 7437
2435 1436
4202 3048
5116 2219
4388 166
5688 245
1510 2362
989 3218
1618 4894
720 5443
5183 1631
4947 2043
4337 4616
104 3470
1610 5961
6867 4693
1690 6563
6925 6363
1538 2435
1221 1496
7127 697
2081 6327
6113 693
914 2261
3395 6829
7493 7321
6133 4188
3062 2395
5548 2266
6816 3266
2156 3892
3887 2221
4276 296
902 5229
6951 4880
1227 1198
4203 4328
2000 4785
778 4877
6958 6039
230 5749
2122 5532
7098 5925
1001 221
2443 7282
6000 6055
7533 3767
1987 2718
2930 7248
2255 4726
5133 161
6404 1826
7077 1703
7034 1207
6469 4440
2356 5099
5904 1369
4738 6864
7009 380
6192 5623
641 3556
5292 2514
1506 743
5045 4811
4120 5358
7407 6490
3224 7004
7523 7335
1448 4073
7378 6380
5365 1578
4346 2902
4292 6782
402 216
6320 5735
2591 2124
1858 2851
937 5879
735 4711
3768 1304
4363 295
2824 2573
7339 2100
939 2113
6360 6562
3437 7302
3823 4309
7123 5819
6966 3448
4173 2202
4729 3465
4011 2961
3666 5444
91 6378
983 4874
4608 2361
2654 7358
4158 3282
6827 4525
4274 4277
1306 2247
447 279
1559 5838
1891 7022
858 186
5176 5096
4385 2086
486 1785
5078 1323
7077 2143
5104 6726
7056 915
2789 6585
3302 2063
1436 7547
5451 2998
5616 2172
6459 5877
4449 4698
6846 7300
5413 6889
422 4104
5772 674
5829 2344
4385 4811
652 2362
1308 5599
5390 394
3140 2665
580 6422
962 7122
5161 3865
6464 5941
3349 4962
6977 1404
3383 2768
5258 985
6428 3756
6318 4354
7388 755
7143 3305
1667 2607
5136 2343
3917 7473
2000 2373
3435 7341
3600 4231
3042 5969
3902 2357
2690 2435
3882 5495
5412 4663
6909 2029
7277 4826
602 3768
2447 3773
2045 2329
1103 5649
6896 1059
2689 6300
732 3247
3199 3718
7580 4445
6905 4867
4748 5809
6246 5116
6049 7425
952 1260
611 3034
638 7588
7525 234
5107 3851
3670 3966
1427 4102
4159 7544
2878 2704
4412 4220
4837 5270
2808 2215
4946 5234
2880 2285
1668 4273
1866 5646
2599 4947
3487 7044
2370 7519
3027 1819
2474 1984
1670 4301
4548 944
530 4281
40 6496
2452 3391
2801 6993
2088 3403
7264 4882
4414 316
1585 4390
4457 1296
149 2769
885 7582
3246 5775
1368 5743
3593 2417
3697 5081
3286 789
3117 5562
1763 32
3321 1757
294 6939
1906 1996
4233 2360
4824 5443
3232 1279
2193 525
2566 3257
3498 3197
5205 7384
7367 2154
4405 6257
4156 6392
6571 1815
1476 6991
6995 6565
2206 1034
1641 3160
1384 3983
2960 2647
1796 6838
1173 3552
2679 3671
846 6000
2800 5540
2908 7230
3990 3408
5472 1716
3850 3067
7242 1291
1995 6076
60 450
3560 3242
2333 5660
2048 4886
1433 2403
7173 3016
6918 5660
2159 4180
7121 2505
733 4889
407 4500
4295 1030
3136 4367
5247 4441
2293 7141
6277 4998
5154 2188
697 2416
4071 1962
7580 6727
1448 7121
6847 6430
5524 3513
6861 7527
115 168
6101 5982
3641 208
5999 1247
5655 1509
7407 1748
4080 7273
3559 4271
5625 3526
6871 2192
2714 6744
5824 1876
1809 2932
1911 4987
6902 1753
7541 1828
40 3378
2346 3879
5990 7060
5025 526
763 5914
4959 1057
5840 251
7493 3485
1829 2709
1206 6128
971 1528
6866 6563
1608 5921
3248 1908
4349 4913
986 5855
6996 4746
6930 6025
6787 470
4179 4041
3502 2019
7442 1764
1049 6399
307 4067
3482 1212
6296 1522
2509 640
980 6103
5665 4635
5310 4253
3552 1542
4817 5181
1852 6725
6944 6120
2964 7576
6775 3267
54 708
1116 3264
2046 4888
869 261
3741 1343
5331 3643
1061 1586
7259 4420
1392 4215
214 4090
1137 2826
2622 5697
7442 22
745 5512
2652 6111
3554 4769
3157 1087
4514 5018
1908 1948
2254 3447
4000 4771
6074 3694
1270 1027
6331 3775
1497 408
1418 5038
3812 4882
325 2254
2331 2929
3487 3692
3536 6880
4440 4485
6145 4907
4215 5573
6734 1470
3347 5533
5752 4971
1105 6144
1509 5639
5688 6618
5440 4098
5648 2142
6766 2258
2665 6762
1163 6219
1304 3817
7043 5565
812 7573
1533 3609
3631 7558
5681 5185
7432 460
2057 4059
1549 7141
2150 5570
2341 5179
4714 442
1484 1485
3074 1102
2111 4376
1463 1879
3303 6066
3450 7563
5124 7507
684 3487
1934 2897
2496 282
816 6486
5256 216
6497 2928
6204 3064
775 2613
2265 5555
2016 2960
6101 3225
3851 6493
1761 2986
801 44
7368 3645
5698 517
372 673
2921 4089
2624 701
3409 1281
7207 3430
5953 3430
5323 6301
3314 524
7218 2642
5330 5355
6331 3849
3201 2875
1358 3015
921 3067
3346 3449
2539 1998
1640 3265
3811 6052
7300 4063
2749 5072
6172 7416
6353 4155
1800 7253
90 5076
7177 4506
6565 6433
551 4401
1845 1543
5235 6482
1891 4979
5403 3282
5762 2211
3212 1862
2321 6995
2657 7122
1273 7543
1465 994
3382 6770
7543 2195
5859 1313
211 1135
1486 4632
7230 2308
4138 5798
3650 3872
4051 5111
1784 2059
3261 2182
3571 3073
3589 5597
3386 6571
6521 4667
7059 4568
4883 5472
6459 3837
6656 6344
98 1958
3631 6097
275 2791
5861 1691
4593 3349
4094 588
1980 1882
7086 3965
5363 3976
565 5316
7156 1757
4720 1006
3343 6639
6700 4201
2440 4117
998 5035
2587 5106
6590 5699
5098 1487
4570 2794
6978 4659
2743 7541
3436 3009
6698 250
2127 5967
1812 2605
7122 2142
7172 2982
6495 635
6822 3056
5076 561
7529 5984
3667 1464
6239 4432
3913 7022
1085 7271
2587 864
6146 6551
1820 7590
7349 627
5355 3352
5255 5851
5609 3393
4007 1973
6969 7471
2852 3114
3600 291
4205 2794
860 4395
6756 3676
577 3897
5810 1239
5102 1664
6900 3286
6671 3243
1538 7403
5531 3882
7552 83
3597 1497
6606 1457
2912 7119
138 5994
1491 6624
4533 3869
6572 7199
6419 3229
5928 3140
1068 2972
6993 294
719 7205
5881 2437
2023 1862
5987 7366
3573 5305
1985 3820
5772 4237
583 6463
5980 6278
2734 6908
1143 6173
6453 1497
3199 4613
5762 3523
912 4156
5031 22
954 3081
6175 3672
3830 5096
6599 7202
4329 4720
1209 7548
1927 3742
5540 5028
6975 159
40 5835
4213 2911
189 5500
1501 3625
1955 5962
3266 7145
4627 725
2262 5030
2245 6360
5076 22
4347 4626
6225 2365
5162 5742
2161 1718
5705 5266
6870 4780
2386 1169
1875 1605
5382 4093
6863 5452
3869 4125
1541 3561
7243 7190
7001 3247
5374 6217
948 7507
1763 4457
256 5924
4856 4151
2959 5754
3132 6284
2085 5471
4499 226
1591 6917
3526 2319
5291 4787
3015 4767
3375 3424
850 125
2341 7018
6222 4382
588 7042
1843 7595
4330 5032
70 633
2021 1439
5936 1382
5297 2781
5229 2881
7379 5602
5919 7319
389 2402
5699 1478
2434 4704
7243 831
2065 1128
3259 1773
622 7337
3903 2301
6339 7246
217 5881
1911 1048
6025 6068
4589 3930
1796 7380
1245 6752
3751 2727
7343 2572
4901 2260
3475 6606
4652 1872
7246 2096
2166 1657
7023 2987
5291 4770
2288 5418
3700 5915
2056 3977
2698 5500
7229 5673
2541 4814
134 4643
4065 4966
4607 6870
5826 3711
4790 4799
6776 978
6850 6308
1893 3093
6803 221
4700 1790
996 2607
6284 4658
5373 4742
1689 4991
1189 4415
6492 3218
3749 1055
4656 6901
1368 2691
1806 5145
1406 5350
3891 1980
6368 1416
2908 374
478 5377
5828 614
3043 5746
7220 6852
2890 4579
5433 6899
1162 4015
5636 5221
4653 7593
3626 2090
3230 5417
4540 1159
6353 4886
4433 5487
6476 5666
126 7265
2979 957
1944 4493
1586 2278
2321 3604
6147 2213
5774 4875
3407 398
5113 763
6113 5139
402 4105
1174 42
3984 3005
3041 7285
2198 5393
827 4052
6832 2984
5879 1155
764 3576
2228 1473
6502 4149
2299 4079
5900 7356
200 3168
7408 3129
6198 7011
5868 6229
1683 1306
1311 3935
1939 3831
1302 2774
512 6370
5350 3760
2670 6521
2709 7434
4749 789
3912 2381
631 6900
7367 1897
7418 4408
2013 593
608 4684
6620 1890
1401 5038
6509 6513
5562 2478
2532 3456
4415 3409
1954 4365
2348 1538
4933 5944
353 278
2874 2814
2300 6538
147 7318
3256 3100
2691 3928
3650 6738
565 629
5053 4138
5005 55
1884 5264
3302 7445
3180 2965
7099 5907
308 4642
4337 3636
5461 4937
1649 7533
1467 676
7524 7336
1558 2269
4519 7425
4226 3353
1069 4817
3089 2834
708 4228
2731 5071
1183 3369
2316 7506
2467 7430
4636 3662
14 2325
7372 2498
1217 5183
4411 3895
2846 1747
1160 7250
5820 834
882 438
4727 5899
2955 7129
5269 1982
3548 6017
4756 511
4226 1819
6046 3705
6470 3832
1742 7533
1642 4517
5405 4006
5198 4821
3253 6057
4851 4141
7271 558
5031 11
279 5717
5535 3172
2997 7032
2691 169
6631 4283
5314 5349
2433 6978
4455 3302
7399 5344
6451 6293
3833 1815
4362 6820
4333 160
42 307
7371 4664
3605 2654
4577 3510
1407 5111
4823 3381
787 7323
349 1634
4433 4660
4304 3620
3666 5339
1611 6434
700 4455
250 1445
0 6566
1866 4972
5521 135
109 6470
6751 3122
921 3792
2833 325
5584 1450
7090 2059
5178 3240
1634 5099
4014 514
6381 3499
2208 6792
4856 5310
3636 486
6679 6497
5712 2496
2604 4046
3456 1114
5179 5931
499 5767
6313 1491
2579 4236
2434 5278
4018 3775
4073 591
4608 6225
6410 746
4088 1078
2059 7264
5994 4349
6658 6552
2148 6000
4304 284
2265 2234
2843 4493
6067 6159
2665 4276
5237 3069
4584 5222
3337 5133
3482 3267
185 3878
830 3756
4169 990
1194 6366
5729 509
5572 703
3480 1137
2480 6036
5723 6808
1476 141
1502 1389
4823 1421
4505 4226
295 4073
708 6070
2458 4989
6845 1123
5933 4005
406 6
1016 3055
1980 252
4722 2699
5361 5462
2688 3323
6635 2601
5161 6189
310 5269
6262 7538
2404 5727
3221 7370
341 2380
1708 5646
145 4733
4874 3882
2050 1826
5833 6997
4671 1612
240 462
5955 3748
1349 1653
7037 305
2960 35
6672 4713
4186 6246
1306 6424
1460 2333
3313 1734
5844 1661
7305 1912
6074 2718
227 3445
5010 6565
1104 1091
1858 6670
7363 2349
690 2133
804 5540
2107 6658
976 6720
5112 6703
4366 400
4617 5334
845 5653
1927 7452
1752 6440
5538 2165
2284 1187
613 1410
3248 467
3339 7054
19 120
4795 2256
7396 230
1135 6589
2330 683
6883 1886
5428 4445
1864 4314
5163 3279
2024 5264
4835 2384
1219 5427
7072 4561
7144 2289
2326 7217
32 690
2728 5911
229 3562
5330 634
464 5563
2131 2416
3055 3786
4369 338
3781 2843
4672 2776
5451 1212
5854 1654
548 3996
1813 4018
4143 4358
4340 6449
6565 3534
7575 4990
6210 4678
3794 1846
2049 6189
157 1586
6560 2357
3913 2066
579 3423
2305 4147
6948 1429
2123 3309
3864 436
126 6555
6588 6341
1070 1783
5438 326
1826 1137
6376 6281
7047 3004
2872 2296
4365 2646
5323 1508
6863 6802
5543 5161
5040 2628
4728 3887
3857 6568
402 5568
2191 7391
2485 417
6825 2199
2287 2830
3215 2805
7483 1431
2310 610
3815 6593
6760 1024
579 7034
3064 2407
4501 4493
6195 6080
7546 6366
4322 2364
2439 418
2236 1058
6269 3262
2472 5237
5099 3771
6448 5422
1053 3379
2130 4378
595 3627
5120 3010
1388 7452
5911 3091
6369 4655
7324 1578
2862 6645
3922 2606
7595 464
1753 2473
2073 7234
5776 852
4359 4080
7307 175
5060 4114
1743 4026
431 938
1594 962
6587 4798
7441 619
1166 2516
6561 742
24 4953
3750 944
737 6669
2298 5991
3595 7295
4981 7530
2279 1361
82 5676
4355 3655
1267 1444
7009 786
2859 4644
5699 3731
4985 5251
5218 7214
1012 7401
2829 6237
1170 5975
6302 6141
3491 3329
6585 633
5594 4569
4831 4098
4379 1097
879 7304
1583 5469
6939 4295
4741 5738
4632 4480
1044 4191
2815 3
6827 1879
1808 6870
1257 311
2663 6085
1832 2490
535 6726
3843 1191
2850 2231
3673 1163
4026 3879
202 2937
7458 4701
5406 5451
2590 217
821 3619
617 2677
1993 7090
3606 312
7343 5236
2350 6247
1005 471
6375 2040
3621 2998
1637 6196
7183 2742
6442 2328
4966 172
1722 4633
3656 3576
58 5265
1585 19
4070 5050
4993 6288
17 6774
1993 2834
1143 6633
2294 1130
1999 6484
4388 2699
188 6558
835 4237
5059 3856
2135 6169
5254 7294
3001 4407
3599 5581
3931 7314
152 5733
1641 7349
7271 117
4443 2485
6008 2062
7143 4922
4418 4301
2691 1578
1627 6824
4760 3764
6775 3331
5218 518
2172 1407
2932 620
801 7025
2296 3078
5893 7355
36 2468
27 7337
6440 5456
5795 7273
4020 1592
5156 5704
4871 1239
2358 437
2722 3696
636 5621
5626 1302
3966 6946
812 5178
4757 400
5883 257
5023 78
4326 1025
6162 5829
3413 5497
2189 3105
6737 1050
826 3096
6339 678
3376 4315
5076 1588
7285 2937
4084 5052
6273 3499
5751 6581
5005 6991
4121 7576
5034 1764
7314 1361
879 4910
613 1522
3466 343
5266 6404
6791 4355
4844 7003
1086 6158
2916 708
967 2228
2692 3230
6441 3676
5160 434
463 5618
534 144
4396 5583
14 7543
5894 1240
3341 577
269 1200
6012 1705
6415 7083
5861 4570
5652 5648
5957 3413
5380 5321
6461 2702
3993 7066
6194 3844
399 6620
965 1099
103 6421
45 776
4459 2934
224 1960
4572 5745
7377 1373
6439 7076
1171 662
5830 5990
1483 7482
5602 461
6867 497
1222 2522
4859 2399
6367 4482
1690 766
6944 1033
7219 2839
6947 3053
5139 588
809 2556
7398 5173
946 6468
1801 7445
2743 4069
6602 2728
4116 1204
6187 6715
3844 4431
4566 7080
3077 4136
939 2829
1003 5536
2084 7160
4736 1729
7145 3233
7113 2119
6159 2420
4116 5628
5372 3753
1805 656
2774 7122
1279 2754
4329 3104
5143 5245
6519 2994
1365 2033
4921 6028
1324 5116
4916 480
5609 5845
6055 1227
6656 7397
7121 6094
609 6547
3391 1016
4650 3083
1907 7020
7334 2954
6400 900
4899 6936
1858 6738
209 4866
1194 3727
3222 2706
1031 1394
1071 2926
3056 5054
2193 3163
6158 824
5486 7563
919 564
2594 6426
1413 1371
1789 7024
2597 6683
667 2644
4811 3003
7151 302
2530 4697
4287 535
321 6435
6680 896
7129 3566
7025 6731
5980 3590
1006 3289
5160 4754
1291 1745
4528 4531
6376 5754
2507 489
3364 5413
5973 2386
546 5466
852 3376
6249 6606
5174 4790
615 5486
5430 2511
1653 1306
7117 6586
3669 785
4149 2950
1959 1620
6376 3030
1724 2426
6615 2898
3314 4976
1190 7402
7486 1786
6101 1734
4584 1179
186 799
1552 621
4890 660
6494 6205
5558 7258
6695 6454
2946 6468
6220 7576
2449 5786
3468 2725
1820 5913
7385 4120
3457 4311
648 130
1448 1329
6530 3394
4225 3
504 6656
3849 6595
4867 2567
5084 2650
1769 4957
132 4656
300 432
2143 6851
5276 2398
3183 2388
3917 7345
7386 6238
3443 3973
2050 6867
3545 7351
2639 3749
2338 4925
5816 1470
102 2236
1649 4621
3198 6201
3727 862
6347 5936
1814 3476
2689 3418
1747 2277
2145 7471
4438 498
1523 4840
6694 2833
4818 6671
3401 1818
1986 3557
3483 3114
7053 6064
3835 1431
122 4287
774 4785
2655 5644
5867 6913
5469 1693
1965 289
5578 5510
1159 4488
477 3534
2537 7152
3073 3820
6417 597
4812 4207
1333 5740
3066 3703
3325 6493
5090 7283
2125 1199
3498 4712
5920 815
4982 5370
448 1516
3388 5562
1842 5858
3875 2845
5695 6706
4698 212
6364 4330
5781 4429
1563 2246
3345 5126
58 6578
6441 4505
794 714
3041 1544
282 737
4768 5958
4001 3963
6747 5632
1003 119
2155 7430
299 428
688 26
4078 862
7280 2388
7232 5837
6552 6703
6376 6763
6051 2532
4846 4024
2200 3761
1373 1884
6013 2965
4708 400
3194 7226
3958 6473
6073 6192
7233 6273
4665 2402
892 2004
5441 6823
4585 917
2673 6840
1658 1819
1637 825
7455 1931
3219 5
3262 5155
4595 1930
4780 6175
4958 4766
5335 7068
2015 7421
5078 439
391 6048
7160 2705
1885 2556
2041 1666
7329 3860
5379 182
7505 171
5809 4952
1509 6378
6207 4682
7093 3210
3965 2702
2075 3471
2626 5348
4963 5330
7070 4833
2879 6937
1239 6632
6230 3940
4069 3336
5564 2039
6057 4641
7293 7343
5528 867
6659 4371
2757 1782
5960 7001
2124 3072
1333 4737
828 2966
4344 3554
5340 4578
1348 3695
2110 5021
354 1750
6480 1130
5014 1205
5855 7071
7389 1433
5670 4080
5537 2564
4869 1882
1967 730
4461 2041
2384 1913
7175 1190
6227 5810
148 2768
1100 7096
2031 6869
4661 2196
639 7550
4850 5618
7433 3973
7267 6988
178 2531
35 7122
209 7466
5854 6978
4707 2668
4383 3049
5960 5911
1430 4950
3323 1821
5417 1943
3024 6404
1138 5635
5253 3270
6230 4627
1803 3382
1205 941
4974 5984
5645 4015
3999 155
3657 2517
1891 2671
5879 3255
1540 7229
3111 5473
2469 5471
5840 1504
6803 460
3244 6918
4743 6648
3636 3003
1288 4886
3430 1680
7422 2347
2418 2833
4129 6593
4101 7030
1344 3444
4044 6037
7485 2860
7514 808
933 552
3012 3895
6206 3411
3418 3170
4425 7046
4496 3662
6534 7578
7291 1609
7095 7112
2039 4522
6013 6319
5636 7050
4478 944
5106 1977
4473 6473
4801 4223
3216 2141
1963 5888
563 6909
2413 7355
1966 7093
6240 1535
664 4997
6390 4411
380 1962
4640 4512
5829 4953
3229 6724
1283 3431
7260 454
2602 3016
4258 1226
265 5378
4807 704
5624 7549
6027 6245
7130 2009
966 7013
1842 4476
973 538
5170 7511
5953 4678
6239 467
5985 6314
7008 1981
943 5601
1830 3756
3952 1980
6613 1291
5661 6362
415 2279
5639 6595
1378 4310
983 3217
4088 3202
2724 1676
1213 7073
1261 4736
7534 114
54 3342
1340 5862
7231 6652
3103 5465
7136 6169
5415 4268
2113 3457
7550 624
5541 6985
1050 2704
4423 6888
7550 1003
2669 3203
5024 3133
3913 7459
5877 4346
3743 2196
1513 3158
7152 5693
2523 3716
5908 135
2724 4760
1431 2955
1192 7275
282 6637
917 5931
2954 4927
5560 2348
3806 787
7392 1759
5209 305
6426 2734
160 6289
5547 7489
326 4630
1612 2176
3362 2728
799 3349
7426 4667
6640 4988
3513 161
4023 7563
852 1481
7162 6056
3722 4562
3904 5100
737 5648
1472 7378
7150 841
7191 3899
6404 6765
5464 4865
6526 880
2429 5942
1271 2934
6748 5336
4182 5097
5270 1155
6328 2938
3977 740
5381 3378
6260 3766
933 1667
6187 2139
1819 4448
1920 759
2959 4453
1217 6508
2362 3861
722 5070
1114 3934
3391 179
5286 6203
5203 2841
5915 774
2935 6787
4772 423
1554 5729
1688 1598
686 636
1757 809
315 2987
4555 3506
1597 3844
2716 3096
2657 1730
991 2281
429 3136
1627 1705
1013 6735
4401 5649
4137 2346
3962 2327
2795 1427
4047 2341
6479 1465
4248 1353
5628 3609
5676 4729
4575 846
4039 2208
3518 3623
4394 3961
6362 4883
2267 6407
253 5179
1437 3359
947 940
3115 3092
3910 623
5086 6380
5553 6455
6959 1907
6326 6983
6789 2796
6427 3181
3487 1087
4126 4575
2782 6468
5386 7440
5738 1227
2738 1151
4085 2789
553 2077
2716 802
420 4825
6825 6360
792 3225
1942 6716
4637 4967
6604 6481
7572 4486
297 1834
3061 7327
5248 4445
6192 1244
6058 1271
5813 6112
3675 2966
464 1506
7552 4438
5148 3764
3795 2219
6824 3188
1313 7176
1366 4670
3427 7163
1312 3947
4520 3205
4166 4043
7492 3753
4658 7451
6945 6143
3357 7218
2372 4422
1322 5758
5659 212
3808 726
6722 5883
5957 6507
468 2491
4261 112
4911 7469
2258 627
6144 1059
1669 183
1070 1562
1347 2223
6546 1705
3436 6313
7460 4649
3308 4789
7073 1184
7172 6641
2664 3819
3843 5986
1156 3352
7197 5937
643 830
6030 351
4774 4313
4824 3703
6081 1861
6279 7023
3602 5095
3654 649
6398 1171
859 2892
151 7517
1069 7082
4474 5951
1878 78
3924 756
1171 1109
2485 2239
6472 1446
2444 5659
2944 2974
2610 6687
5874 5708
1124 4365
5216 2230
6839 7144
5913 1286
3728 4944
414 3765
4219 6972
930 7475
5913 1570
4458 4496
6999 197
2836 5481
3801 4476
1556 6866
6421 3979
4824 6940
5036 5584
7469 5828
6435 3949
300 3208
3568 6605
6716 1174
2161 6228
6059 2499
1045 3559
7175 3045
4270 6901
3814 7518
894 3249
5349 3701
4094 1005
6814 5859
1198 884
4610 2438
1270 2484
374 3829
1291 5991
3963 5713
1150 2909
1765 3956
2206 599
3405 7002
1982 4706
3458 5208
3216 1405
3722 989
7521 5401
7142 2611
1294 349
6371 242
4932 1363
4413 6738
134 4979
5790 2346
583 4985
164 1962
295 2037
3249 3441
2714 5263
3084 1804
7540 1445
1268 2108
3745 5395
981 1795
6177 2926
2035 1114
7408 2573
6659 5986
852 3412
6329 3125
6223 878
2956 2984
5157 1926
7558 5536
7511 1650
4280 509
3294 2925
6698 5591
5555 6144
6287 7156
1514 6940
1767 1940
5424 2918
4718 2953
2201 1663
5794 2182
2236 3711
5921 2626
2155 526
6753 1705
4377 543
986 7152
3440 5065
270 2291
5675 5234
6952 2060
5726 6539
3314 4018
4438 2834
5200 6076
3306 6152
10 4576
6832 5088
5000 4813
7133 7520
2997 1153
5316 4120
2166 744
3056 2188
7588 642
1309 1375
6660 1999
192 7166
5496 889
2854 1990
3327 3806
1562 1459
1591 3801
1024 5526
7555 2524
1775 5393
5479 6812
4620 3618
1536 809
3505 2331
3329 1993
1036 2394
4424 7040
6355 6138
1055 2685
5286 6756
878 756
4221 2307
3821 643
2448 4195
6567 212
2598 7333
699 542
6404 578
5660 4456
5847 3961
7016 2187
6141 1559
5478 4307
2382 2594
5928 1554
7016 3762
5040 2049
264 77
6575 6612
1156 3213
1417 7336
3396 2047
2132 6955
6674 3963
6350 3704
4727 5035
5982 4542
3780 122
5619 1692
7410 3739
3562 476
577 1267
6123 7001
4653 3076
6978 1054
3391 2167
1643 988
352 6084
5846 2295
4408 5185
4491 3726
756 7381
6823 2469
6645 1592
4084 7169
7333 6473
7270 6079
5285 1371
3906 5649
2082 2525
5833 7542
7575 6661
642 6261
1579 7384
70 2838
2554 2120
4373 525
1458 218
2358 3235
5540 5315
6379 3555
4794 2960
3699 7406
5672 2702
6697 1116
5291 3084
281 2224
2702 763
3491 518
6907 3102
744 3195
2798 6004
97 937
6245 4656
6416 4734
292 3633
3246 3464
3878 5219
3987 191
2637 369
4995 6527
5274 708
1142 1712
1944 1869
7408 4467
2499 6763
5007 844
1110 6122
5732 4823
2754 5464
3464 2376
5818 4421
2991 7187
7115 5078
3018 4020
5994 406
5654 6301
2789 1466
7394 890
7339 2815
6607 4865
4983 4627
416 2507
3543 2940
2848 618
1068 3193
7346 6263
1562 723
2740 4857
2479 5695
4189 6163
2273 3187
1989 1802
2367 3538
1412 4433
7049 7414
1010 3092
396 6393
1118 14
613 480
3754 4583
4087 1253
4595 4349
4936 5743
4799 6557
1349 1664
5455 4686
5446 4075
2948 1323
493 911
1310 1019
4487 277
2367 1759
1685 4370
4526 5447
4644 6329
5111 6225
1112 5633
6847 7567
216 1773
2214 4147
4354 2926
1237 3786
4943 5234
5175 6755
4033 1366
4196 715
5449 6528
5448 566
246 3522
371 6635
231 5435
6793 7340
2002 1520
3689 1633
2445 3618
7467 1008
105 3852
1427 1355
3518 6684
4082 7367
1297 3915
1867 4708
7363 235
6563 5405
4307 2044
3906 2638
1828 3002
6182 3005
4793 2951
7318 2295
508 2673
2020 7432
6590 5167
1388 7509
648 2877
3113 4202
3569 7170
6775 7291
7352 5594
131 3081
3841 2853
2718 5300
3741 6571
960 4423
1009 1802
6666 4693
7305 3485
6308 1725
1061 2411
6404 6220
3665 2154
1872 6336
6643 4158
4731 1077
1406 1233
6059 1294
5683 1808
5660 3265
6855 5392
6781 319
2879 2908
1543 1038
6519 3740
78 1237
5139 1683
5680 1236
3805 1269
3147 5870
3581 995
6331 3588
5111 5605
1281 303
29 562
7487 1865
4725 7183
7439 152
7478 7010
6404 2872
5180 6049
4072 1076
2459 2588
788 913
2799 5604
7182 2215
5906 6279
3629 1389
1159 7561
808 768
6180 5967
7260 703
4333 2331
3516 1462
2698 2384
2163 5974
4698 1473
245 605
7473 6490
963 7143
4253 5754
605 6560
6742 6988
6258 6788
404 2016
4419 4854
523 3531
3254 5577
1361 680
7287 2350
688 3097
4008 4011
3926 5422
4952 6788
1913 2192
1698 5433
3145 3995
4412 4300
1662 2774
768 4429
4784 6944
3640 3716
6710 3129
2978 2986
1798 4026
6243 5172
2650 7506
6248 5644
2980 6062
855 2398
3144 2611
7492 3245
1704 5515
640 639
6509 2650
5915 4172
5712 2397
6346 3198
6617 3598
6164 3573
1599 2965
5622 5226
1998 2718
6455 6414
2263 4403
3701 4286
833 1479
2782 1861
4541 1999
3659 2142
455 1308
4246 1284
424 4169
1501 1321
1705 5997
2207 6623
4418 6030
1411 4470
4032 6051
6104 6275
293 707
5910 4361
2712 7247
6995 1190
1630 4361
5442 3229
2049 4848
2806 7547
3036 1449
6389 5416
7065 7212
71 7276
17 4071
3406 1308
2339 6611
95 3936
5456 113
3806 6130
1202 4752
1128 6628
7197 3631
7273 7550
1438 7177
6031 5652
976 2242
4310 2368
6653 7100
6209 145
1585 7158
6042 4751
2122 2706
4881 281
1500 3234
2545 1997
4834 2206
1344 3860
1423 2996
2213 327
4882 5340
3763 6226
71 2135
676 5844
2122 2804
1137 6912
230 6110
893 2387
6540 3590
6418 5586
5839 1432
4579 3279
1676 572
6848 1239
2743 2236
5352 508
3057 3645
4857 7450
2694 6988
627 4872
3442 6294
826 6382
5892 5363
2058 3293
4234 3984
6085 398
4140 2008
6088 2715
4069 2543
4236 3028
6267 3531
2199 3872
6832 5615
851 2129
5377 325
6247 4481
1355 5575
4849 2638
2814 7338
405 3696
2954 3143
5823 3331
2630 1463
4068 6214
6095 5483
5063 7230
2477 6341
4471 2295
4082 1431
2229 5945
3387 6838
7236 3715
3081 234
2345 1686
1657 2485
1986 3216
2783 221
1475 3284
4386 3736
7067 5475
1536 6323
3093 585
1474 2175
7242 2582
1147 7000
6068 4231
1018 6643
3502 64
7006 692
6391 5385
6297 730
4997 3474
3661 6407
3670 5524
340 6703
4161 6614
7196 4844
11 2409
4238 1275
5942 1296
6159 3784
6644 3391
3936 1601
1289 5838
2768 249
5982 3754
7426 2155
642 538
6505 2313
7547 3657
5215 7312
5978 452
1653 3834
5325 6129
2229 1935
2493 442
7123 4808
3736 6341
6898 2099
345 3937
3475 588
3683 3055
1303 4366
4653 1802
262 3446
5223 1237
345 2623
4522 7408
4753 6192
3966 4134
6170 4046
6181 631
2458 79
2660 1532
4276 1581
1010 6764
2425 1826
4825 3354
3726 7014
6186 937
5992 979
301 4877
3044 3985
3077 1167
1363 4067
946 861
7250 4716
7280 635
6248 1183
6621 3626
793 6899
3000 4099
2856 3951
7333 6241
6073 3335
3981 6216
3364 1683
1570 7509
1333 7016
2128 6532
368 838
558 5544
3281 5630
3988 1291
2962 6173
4855 5666
4982 1113
1968 1659
7299 5174
5994 2422
7421 6198
5626 5437
1308 6843
2105 4721
4863 2378
2813 2675
4890 5214
518 7052
907 3254
2900 3338
6859 620
1445 2167
4896 4307
6188 3911
7502 7484
2205 606
525 6389
5589 5707
6038 5167
1895 4661
4696 3802
1777 2801
4535 2751
4125 845
4676 1674
2291 4108
3783 4082
6124 367
4632 4614
449 3980
5774 3381
5362 7181
63 1578
130 6407
86 1507
4736 6021
6562 3692
1457 1969
5963 6669
3992 5615
4959 2892
5559 6886
395 736
95 6460
5781 484
2004 2061
6486 1524
5132 6423
3909 232
2598 6804
5950 1530
6231 117
6002 3252
495 5288
4504 5243
1610 230
3841 2466
947 1996
3481 7293
3395 7475
6169 4243
5015 4718
5194 3038
1023 2752
3620 819
3619 2263
2356 2456
5072 1721
3180 1239
4704 393
2628 1598
6872 6294
1198 479
5243 1441
5943 6459
1835 3480
7082 822
5279 4996
5182 2439
6368 619
544 6895
3486 563
6875 675
4640 7284
4515 6919
73 473
5218 2617
181 6883
4202 1464
7458 5961
3497 3791
1164 3055
6730 7329
2545 6962
4103 2642
1763 5694
6140 4896
6859 1132
6840 2413
4203 7596
6605 522
5676 2618
5750 2769
182 7360
3960 1887
7534 1272
4417 684
7113 1228
6909 6952
3039 2764
5160 4148
3131 2459
2334 2843
4495 6311
1453 4507
2452 5011
3644 3587
6607 2307
2613 6282
5758 115
3885 1177
4162 6355
4357 3479
3335 7155
537 4400
3663 4471
5333 1489
7437 2648
7016 4626
1020 5095
4096 5872
3744 5182
1909 5606
4548 7333
4754 599
1458 878
7597 5819
850 3118
6616 4132
6698 6568
672 2716
5475 5623
1987 764
1916 6007
6943 4587
2088 6865
293 6897
6274 1442
476 3319
1041 2918
513 6974
854 6262
1948 5880
6706 5772
1327 1190
181 5678
5351 735
465 2415
3381 938
3613 6350
6918 3369
3941 5528
6990 2322
5535 2865
5204 602
1032 650
3703 5552
5645 2831
1006 7508
5142 6081
7388 1122
4588 283
2722 4431
2939 3299
303 4479
2179 2319
5731 304
7480 4656
2337 5542
3690 6640
5554 5044
95 2564
4566 4692
5979 3790
5222 1171
5618 5121
6229 1372
6500 2081
1749 3727
2967 1511
3717 5646
7539 5999
584 6676
4870 4750
3153 2850
7368 883
5370 5032
1624 712
5061 2716
3701 3157
1385 2505
7354 6609
6062 2119
2897 2646
883 6707
7288 224
3436 3932
5664 2258
4106 4985
6625 3270
451 7498
2412 2430
4704 6425
3289 5211
5269 605
5663 5257
6955 1259
6770 3445
1497 3176
5014 3516
3138 7456
5809 6258
535 5500
4799 3292
6781 4308
3903 3706
1241 6353
6811 1252
488 2829
5861 4128
892 426
6028 6941
432 795
3902 4576
5484 6131
5431 5560
5684 5128
7496 2384
762 3524
6963 6992
437 376
4419 736
6361 5068
2440 4187
1013 1911
4927 5052
2364 4904
5073 6647
3291 3695
2098 3974
3594 7131
3193 5502
5454 817
7472 7038
5690 3125
1505 2820
6517 1225
4352 2188
2071 5807
1720 3237
1869 5372
5901 4306
4908 3515
6497 5098
4322 1562
7346 5132
23 2517
544 194
6259 6334
7532 2161
7050 1110
6972 7291
1618 1195
6108 1409
6517 13
4094 1000
6994 5646
2514 5478
2349 4534
912 873
935 4880
5810 2869
1800 2389
2271 5000
7320 387
6658 6364
4366 3353
5833 3880
6880 5170
6650 5187
6937 6955
1727 4950
2680 1123
4690 61
5733 2510
308 2522
542 5926
5862 3365
96 6574
1995 5892
258 5044
3397 6659
6378 5235
6924 6497
1923 4706
2077 3031
3606 861
5007 2852
933 4637
4609 154
3495 3479
2078 1071
1197 2430
5779 849
5715 3733
6967 346
4755 3317
5593 3675
6099 6983
744 7448
6174 3088
2747 1696
3888 5558
3137 199
1307 6930
3682 4321
3735 4212
1941 5341
6982 6845
2475 3516
7126 6766
24 5101
4319 6651
2978 4535
1772 1099
1073 5346
4790 1054
1079 1074
3532 4987
617 897
4031 5189
1307 6471
2986 6410
5467 3721
655 2360
4659 5099
1404 1548
3601 7011
6412 216
7124 2908
3913 5696
7085 3203
7376 530
2453 2178
7165 1296
477 3607
5285 5291
6527 7072
259 4317
2932 6165
1354 1922
4207 6321
4201 1028
3591 4190
3852 6274
2499 5389
591 6381
6045 767
1741 4927
6040 2739
6423 5560
2590 813
785 5398
2434 5806
4806 3744
709 7030
155 5663
180 1395
4993 2298
158 5060
6212 4636
3539 4302
3265 7588
7239 4090
6660 2201
6534 1450
1999 7448
4834 1798
1398 3179
7512 6920
2679 5608
2209 3888
6248 4723
5300 7460
4873 4081
2521 6311
792 3034
808 2468
6835 5562
2351 3128
7207 1748
5170 2922
6119 5395
3997 312
3737 111
3893 4687
603 3576
3965 982
1347 5075
5621 3768
5124 1230
5772 6076
6251 5216
3350 1555
3913 1090
4104 3661
1420 1637
6656 232
5478 3279
7122 6230
430 5285
4877 3721
1125 1526
7437 3422
4081 913
2761 4356
2470 6356
6268 3095
2755 4723
3409 989
5160 833
3767 5357
2261 1422
244 1687
509 1165
550 4611
6297 2497
4436 4730
2409 164
1924 331
3174 1331
5926 2459
6131 120
2460 556
3122 6901
2093 3960
4035 4555
7567 7163
5718 1125
6242 1243
7217 2484
3292 901
6542 311
7279 1780
6092 4118
1078 7136
2038 4460
7038 2161
880 5486
7442 4975
2461 5452
6414 168
814 6499
3765 909
3317 2413
7342 1657
647 2038
9 1774
5360 7531
5888 4382
6273 5921
2168 6931
6724 5503
919 5259
176 6906
3295 2756
536 7259
920 7424
6269 6782
5100 613
2292 5514
5932 3828
3955 1448
4576 7571
2596 3202
6284 6729
988 681
4574 4950
277 2035
3779 1885
487 1855
6089 5823
7574 7558
1951 6404
7125 1152
1321 6024
3048 3488
3696 3408
1063 61
1942 1048
3198 3934
6391 3387
3553 6738
6859 606
7597 6185
136 4793
5642 7106
4148 1555
6717 1073
2232 6185
3161 684
3472 7498
6421 4851
142 5490
2393 6219
5375 5889
1762 4949
6357 1672
389 5103
5812 2399
2960 7190
3224 6438
2028 5254
5651 3638
5647 6913
6997 2146
7405 2200
7427 7264
2463 1544
5802 2142
604 6819
5758 2642
1059 5338
1355 2499
6731 2949
268 3757
34 5695
5961 5381
6049 7024
1051 5242
1361 5080
7499 5956
6070 1845
5561 3932
1353 626
7529 2086
1316 748
3127 7583
3815 4401
1483 736
551 4215
3191 1756
2374 7447
2558 5948
7006 2724
6911 3908
2278 2316
1758 4610
5271 4218
4660 5186
7176 4724
1661 5153
1110 952
2191 4284
5840 5550
5722 4468
1278 1274
5995 1008
2497 7250
4986 3487
6469 1702
708 4889
4244 6544
3267 5968
2900 745
5096 4376
4208 3668
2619 1872
6821 4332
1514 3517
1858 2950
3773 7330
2483 162
2874 4477
4439 5428
4307 3136
124 3929
6637 2235
1197 1576
4172 2995
5874 1654
1978 6769
1381 4758
5495 3673
5397 779
4859 4213
947 5595
3750 2686
5994 3315
4072 1127
940 4977
3628 2726
6967 7042
3327 5311
710 2472
3199 5886
3587 6806
4942 1633
2123 4380
4918 6240
6890 474
7462 6106
3557 1155
5611 1981
3143 1632
4858 641
4515 1133
1433 3538
5720 6964
4701 2953
7235 6068
6126 2598
1293 4557
3271 2059
1445 2459
1722 6919
4201 2845
7216 78
7550 2849
4494 2946
2143 5022
6195 4961
657 2077
2254 6826
245 2932
4812 6332
6807 800
7151 7182
2740 4095
5610 7029
6424 7256
5752 1685
3861 6711
2573 7446
1232 5817
2692 5618
1285 6800
2264 2521
7466 4707
6799 66
3825 5014
6847 1038
5031 7057
5172 1402
5034 3951
6266 2257
6488 1494
4453 2203
7378 621
7104 2999
2175 1503
1874 1664
3421 5963
1724 1774
18 1557
7279 4956
5953 5405
4427 658
5848 7002
5811 5567
4357 3682
5532 4884
1817 7337
2803 1407
2821 6947
4398 963
4817 3863
395 1825
2475 3539
4036 4997
653 2918
6484 5359
5927 4638
6980 2763
4795 5567
5022 448
8 1388
4163 1106
2126 2101
4280 1365
5889 429
5962 4687
2920 1638
6770 759
5076 4011
1924 1456
4910 1658
1169 5372
1961 5629
1549 15
6663 436
4827 1346
6552 4128
2084 4431
2060 558
2230 1968
4698 1294
6089 5903
2329 4607
7133 4905
4171 3528
7295 3860
6426 7110
3082 6009
1499 653
4410 2160
1023 1037
3692 1720
1399 4003
3218 1247
2312 1080
1507 1604
5156 106
7102 486
7032 4901
2174 1800
2181 5198
441 3141
437 5132
6355 3514
143 4787
2609 1252
2902 7374
3175 6982
1435 1064
3586 7446
1843 1672
5569 2805
3636 4647
3806 6762
7305 4654
2011 811
6308 3089
6216 7399
6835 3762
784 5202
539 4179
6131 6461
241 4316
223 4033
3272 1589
2295 1880
4004 4192
2006 4985
7037 4215
316 2814
4591 7053
7063 5619
5646 6676
6477 2589
1335 4378
4070 6677
6674 1360
3238 6256
6452 6794
7528 908
6816 2252
4710 1401
6189 678
1444 5025
1507 2638
6141 2613
7535 5335
2806 6230
5350 4779
1662 4317
2999 410
7207 2551
4280 815
7566 3585
2594 827
6997 6492
4809 1681
4227 4348
2739 6029
1377 3443
6555 1330
1749 2677
1069 830
555 2327
7361 3884
3231 4377
5653 2453
1080 1390
6546 3268
3662 6724
2609 2021
7276 5524
1814 3945
1296 6567
2442 4921
6384 6082
6663 5445
3543 4640
1437 3096
4588 6043
6914 1097
5283 5655
1989 2480
6749 4971
99 6402
939 6909
6067 5564
6080 3656
492 1848
7092 2620
3318 4575
2884 323
2237 2763
3847 2443
4738 7207
4332 6245
7277 3846
1055 1561
5789 1677
1002 4356
2031 1326
5976 607
6237 2594
6133 845
29 6018
3041 4241
4811 6593
6803 5449
3569 5113
474 1803
3458 1489
79 2778
4678 2953
726 6485
4335 5938
1796 940
7499 6524
3786 5520
450 764
7071 70
2079 602
7260 6104
2156 5909
7184 952
4582 7347
2852 882
1599 889
7513 3661
1282 5412
1469 1037
6449 1121
1261 2904
6170 719
3924 3810
6648 1231
1938 6760
6582 2805
680 3174
1518 654
1199 2773
4687 1789
1416 5349
5822 852
6654 7202
4739 6139
1655 5750
4068 2496
4746 5243
5344 6700
6459 3419
6225 4078
4162 4710
7492 678
1081 5951
6293 2144
3332 2404
67 4970
3322 6600
770 3748
1442 5774
1408 6323
3993 6676
3903 7298
1024 2458
321 5526
5794 6557
5746 6077
5219 3557
15 2354
5604 5079
1380 2063
4962 727
131 4479
7184 2094
3265 526
1721 6996
4458 1792
1239 1835
5909 3387
7345 1463
578 6547
6206 3645
3471 1328
2217 3383
4778 6253
1757 690
7425 1743
6143 6148
1093 4976
2059 2317
1885 6839
5399 4777
6471 2790
1284 1119
5321 3408
2290 1513
3718 1781
19 6512
2284 2539
984 355
2745 2794
4535 628
4478 3620
4846 5983
572 3488
1521 3064
3851 7346
240 1568
4426 4376
7300 1987
3888 6499
6584 545
1121 768
6500 7448
6060 2290
3508 5002
1073 6110
215 5968
1632 5299
227 3691
5212 2292
5142 2530
4511 4419
1208 3933
6359 6971
7388 5629
7310 5562
3349 4582
7495 105
4997 7274
7268 5514
3905 5363
6949 5357
640 6828
7259 5583
2498 5132
6874 4271
686 897
3980 5294
6547 3813
5331 7571
1568 3407
6199 5672
7119 2617
7213 3172
2699 6601
5048 3142
4115 159
3833 4730
2743 7002
5538 5516
1519 3703
4905 4454
1435 3303
2472 4471
421 4123
961 227
7219 367
3518 2353
1896 6144
4870 101
826 4523
7452 6746
3534 4484
3538 4571
6143 7008
2235 3966
3454 3599
2621 589
1316 7417
6085 611
82 5940
2565 6688
313 3391
1960 4153
3078 974
7046 1343
4245 4787
4147 2858
6934 3925
4130 3425
845 4944
3512 3017
6883 4617
75 1992
6555 6059
6440 7364
3103 6211
3203 5837
4919 2260
1897 5508
1659 6408
6738 5271
4737 1093
3475 2874
2912 5543
2063 563
6069 2015
1101 6993
6098 1624
1125 1482
5844 6257
517 7376
7438 3964
4512 224
1873 3155
677 1031
3213 577
1325 640
2305 4340
6030 2286
2814 4797
1453 1619
3306 1761
448 3643
4480 208
7105 6392
1188 6751
7135 7402
740 7348
1967 4314
5770 5262
1183 5380
4447 5550
635 4767
4858 4837
2505 4971
5909 316
6430 5173
5424 3466
1876 4729
2383 5462
4739 2261
2142 2153
5451 6198
1669 5006
1668 6706
4503 5594
3789 4753
4388 6114
5777 3832
2383 4109
4887 6723
7081 4023
2920 5039
3356 1070
6908 1697
5588 4797
7085 3910
4743 979
6237 6792
2054 3279
3060 2650
283 3642
1937 1617
5698 801
5713 47
1781 5774
1022 2316
6111 3842
7214 7283
6770 6785
5133 3542
3411 5530
3573 6047
4851 3249
1017 5861
1273 4810
721 1975
7035 3188
4752 6392
4348 5968
5281 7335
4351 1469
5952 5657
2745 7330
3077 6229
3077 5399
5611 764
7345 4256
6030 3300
2597 3622
3763 7439
3476 3316
2545 6956
1466 6219
3789 7594
7302 146
4773 5940
1090 4286
2290 3710
3181 4074
2256 1659
73 5219
7417 7464
5632 2739
3149 3736
6657 616
5822 1292
6905 4015
3432 5150
4653 7538
4158 4235
4884 4508
4015 3052
3281 7413
4888 2271
5261 767
3219 7223
4083 5947
1500 2524
1701 7352
6628 7503
4605 5545
3359 2175
2445 2962
4985 3985
6712 3631
3973 304
2073 6897
6901 7537
353 2086
2741 1313
1375 4004
4898 2045
3111 3697
905 6334
3253 466
5881 3071
5802 1726
3546 1340
4245 7102
7495 6281
4030 4180
2151 6076
5275 2581
3754 104
4789 7093
431 2166
7109 7357
7106 6274
2904 4811
7569 2608
7282 5206
3408 4714
2686 2203
7347 1735
5955 6426
105 6953
531 583
2232 6354
6557 7117
147 3380
6482 741
5848 7044
5925 207
3061 890
939 1339
1384 2849
5399 6955
1077 7213
6501 6957
2660 893
4791 6848
2454 3964
3418 6668
2632 6835
5628 6386
3146 6412
524 709
3486 6721
6269 5634
3305 995
5334 250
1625 967
3177 4992
5779 5162
2174 3342
3912 2374
4155 4562
6067 108
3106 2822
690 2065
2615 5837
5918 6150
6460 969
4696 2879
1580 6858
7266 3525
7568 3473
1048 1910
4897 1298
2713 1466
4811 3176
6422 7153
2009 5698
3605 104
2147 3771
306 123
2801 1192
3107 5412
5915 1354
4310 689
3951 5107
3210 5684
3997 4101
951 4324
1746 2342
4139 2656
5375 4176
6049 4516
2886 3428
3936 2020
1073 6911
4317 4757
7343 7205
5886 3915
251 3498
7101 365
7162 784
1813 1141
7457 4874
1531 7571
4465 1662
1628 2673
944 7401
6015 5906
3765 6317
1607 115
4224 3174
6984 1267
4099 2538
5891 6431
1633 3550
4511 182
1714 181
3286 4219
96 1539
7529 3465
817 3392
2817 1057
1185 1433
2435 2142
1147 1584
4031 6362
1123 4947
3798 3865
4324 7050
3221 4371
2129 3242
7522 4304
4106 5159
4338 1227
13 5590
7588 6185
2422 2032
1630 3923
2789 1170
5138 5262
987 5185
3004 5660
304 3003
1963 7403
3571 6825
6537 4332
3375 3217
1417 6702
1943 7576
2108 6185
2110 949
4176 6454
5429 6864
7574 4651
6738 1113
1054 1557
633 4581
4753 94
74 5682
5403 1438
5670 7532
6627 6701
1247 6729
5704 7190
5708 2702
4585 2456
5750 3589
7521 6230
3857 7430
5630 1998
6922 2658
4125 2871
4682 766
2227 6803
2692 7084
5290 6068
4065 3910
6854 6459
6197 5588
4051 3547
6013 1085
3533 3068
7048 4521
5420 5948
383 5781
4170 2111
6402 4880
3617 1623
5889 5106
5126 4688
4803 1613
3020 3042
1975 2907
5063 7593
1429 6231
78 5937
7119 5544
812 4010
1449 2743
6339 5851
82 801
2589 3331
1614 3688
800 4043
1442 2821
5357 6120
6508 4184
4246 412
3164 7232
3402 7164
1602 5413
3310 4092
3925 2611
1401 3014
3997 961
5724 1417
5679 5503
6748 5646
5219 6351
2989 4342
6002 473
893 48
4289 34
6699 2935
6277 2760
2626 2023
3778 4836
7589 288
3396 5314
7273 2387
3897 1388
5017 2553
5449 4594
6970 3715
3747 6038
2957 7484
4181 1460
6154 5563
6647 3183
2574 2677
709 7255
996 4495
4423 166
6185 4657
5439 601
111 4213
5295 5196
2896 5359
4820 5166
1229 3767
2242 7524
4034 497
3966 1161
3383 7342
4626 2307
6422 5883
112 6193
3075 647
2487 1392
7485 5875
6731 4845
880 4801
132 245
436 7055
837 2760
2118 4013
5142 2011
961 1337
6913 3389
4905 2860
3046 4130
5732 2078
3403 7163
2069 3092
260 2022
7317 2986
1338 1713
704 3515
3099 42
4954 3213
319 7394
6204 1818
7362 7537
5775 5848
4594 1331
3828 5386
6631 3135
6221 2576
3754 4296
2587 6410
6163 2412
1957 810
1539 6986
1218 2598
58 4144
6772 6668
6438 2275
2449 7105
3258 456
1007 7554
5814 3119
2475 3996
1848 7135
2438 7350
4623 1788
844 4604
4136 4085
2578 5031
791 1722
4859 1463
4036 4155
2488 4578
4831 3868
3818 5207
2913 6581
165 3211
7265 5381
3955 5157
1487 5798
993 6053
2144 6811
2650 7102
423 790
6910 6421
3949 6263
2063 5297
6860 3023
3608 2018
7230 803
1083 6671
6284 3083
6565 1351
5830 2505
5327 937
6847 6167
4372 3567
6385 4986
3034 4357
5780 1347
7471 3400
5782 5412
7202 4025
2344 7472
5210 1760
6837 3050
6231 1822
7472 5071
3315 2171
2153 1152
7237 5549
5019 3416
322 3594
661 7324
1440 2357
2435 3632
3384 6916
7128 4630
2983 2930
3242 3985
897 5600
922 4648
7075 3463
2319 150
2692 3209
5758 2077
3654 3445
7480 763
271 3657
1184 7269
4879 2545
3447 3889
4477 4125
710 304
6178 4897
1352 1223
498 871
497 7438
3074 4031
7006 3441
1002 5334
5098 7253
6697 5060
75 3157
6671 5535
4967 3706
4556 2429
7590 7497
3730 5943
741 3062
3033 7098
1316 4758
6399 4535
813 7490
3465 5817
6593 1351
5163 358
3489 3995
576 1663
4806 6394
6567 5938
5693 1022
3866 5023
3122 3261
5676 3735
136 4124
4686 4464
4643 1761
4413 3237
3810 2567
1644 4170
2220 1243
10 1022
7526 4131
3744 5833
4670 7565
5993 4820
2807 2677
3358 4808
481 4801
5725 5679
4004 4263
4773 5639
5977 7086
5665 6229
2165 6305
6591 3142
6467 3136
6059 2944
6701 7505
2780 6119
4407 6100
4907 6923
5320 7252
3260 6783
6021 1608
27 3636
4508 7418
3716 3828
906 5295
5774 539
745 2725
2725 1280
1098 4603
3314 6897
1675 4137
2202 508
6837 3457
1936 7146
532 5725
183 6037
4627 7480
2073 4619
5012 3545
3053 5067
4058 7417
4760 4475
323 6246
7554 6460
1124 6560
820 1350
6979 832
6811 2781
1547 6393
3212 5829
1728 4038
4932 7361
3664 787
6362 2326
6433 2472
1476 7199
2732 2736
2035 2538
1526 1896
5468 5007
1975 4562
2659 3233
297 4809
4406 6733
4399 2015
2979 2239
3519 2595
503 532
94 5630
229 5035
5526 1164
6383 1812
2326 5511
4019 3034
6822 719
6709 7421
7302 391
853 2375
2242 3609
3533 1377
5860 7561
3530 798
2278 1702
2820 533
7505 1149
683 796
5832 2520
6496 1439
6634 4868
5405 5280
2776 4336
3330 2921
692 1105
1501 2157
2465 4226
325 4156
5405 3513
7571 5077
5720 6933
4270 2694
143 1587
6289 4542
1770 3616
2859 1924
3470 6857
7027 7345
5983 2542
1318 168
4310 7333
1167 389
5387 778
5233 3491
1663 4340
260 1080
2617 3027
5433 3419
2539 5142
140 2406
4480 889
117 582
724 2619
43 6319
2144 3101
5526 1037
1904 2263
2671 1557
7043 2052
3030 2154
1663 782
4432 2987
7358 1493
7051 6345
4169 2440
591 87
2943 2102
2962 7450
6818 7102
5976 5200
5550 1154
4246 2524
6134 1546
2609 3087
5982 5013
4424 5348
2335 5946
2587 1042
298 2365
4486 4180
2540 5022
1406 3028
4586 5467
3398 1859
1450 2645
6942 3382
2669 4400
7353 763
2061 4579
4394 3289
574 3168
4731 341
4356 1262
5321 1649
3106 7521
6639 6911
2474 5691
413 275
5798 5596
3444 7110
4305 6197
3809 2023
5794 4843
500 1147
2326 1062
5116 5462
986 3785
6514 434
7154 780
926 668
6393 3317
2185 6254
197 2373
3264 4742
6022 5390
3105 7478
6699 2082
5814 5461
2576 3431
4763 2147
3528 5383
1773 169
3316 6852
1825 3039
1005 1449
5967 7511
2595 1723
2025 3638
5138 2190
7211 3747
766 7588
4513 3496
6156 6656
4495 166
1740 1433
449 5269
1734 5418
5776 2392
1328 5862
2430 3711
3193 7577
3838 2438
4533 5977
5475 6395
4342 4795
7027 6701
1555 1378
3351 2735
2071 611
3442 6524
6521 6580
1307 7093
6548 2578
3577 1846
1762 7074
2763 3302
7002 6911
4353 1917
6082 130
730 5856
4019 4576
5050 439
2424 3229
4840 272
3634 3518
2610 3069
1340 1884
5341 1480
2421 1652
7213 678
2543 2204
3324 7257
3731 4928
347 2016
2559 6730
6355 5162
7438 3952
3286 4999
4418 5640
3415 5375
400 6326
4643 3611
3655 5222
6138 6689
5999 6852
1166 5870
5754 1000
1271 5708
6650 6016
3776 7059
127 4742
7490 4860
2331 4673
7354 7408
5236 295
4265 3103
3700 6783
1977 780
6929 7204
439 7413
868 6310
3266 3921
2424 6235
4222 6514
3041 3075
3076 7338
4071 2729
1610 4282
7549 629
6858 5622
2066 1646
2402 5764
5892 829
488 883
3051 6893
4328 3096
2809 4974
5387 51
3868 2328
133 2064
6078 3773
12 4218
282 5959
4528 7098
4890 6721
5611 7133
193 3906
1494 6131
2834 4451
6629 2484
5819 226
2768 1037
4018 3759
6047 5224
4091 3012
834 2249
6611 7297
6442 1589
6812 2757
839 7390
2757 9
4815 2233
1764 54
3992 7280
4579 7271
2098 3538
6197 2873
7348 3752
2755 5086
4433 6836
3160 3601
1655 5922
5397 4532
4484 6592
5297 966
6613 2586
4257 4096
2956 5422
5840 6718
7213 5422
3019 4283
2821 6099
5676 5748
3080 1262
3952 6735
1157 2539
4615 3317
7000 4719
4600 1322
4173 4416
5999 4782
2620 7091
4932 2859
4597 5695
3672 2607
1112 6513
4398 1524
4689 1882
7236 74
6159 3235
2253 6886
5520 2657
2573 6115
1755 3458
448 3703
1625 4471
5943 6577
1952 1564
3408 2254
4350 2274
7537 571
7262 7518
4240 3061
1818 2443
802 3628
4622 714
1662 4422
3108 4410
5757 2464
5922 1762
7505 6046
6268 3258
2463 6756
3254 4378
1594 2973
6875 3194
2205 728
6179 1881
4997 3748
4132 5930
1433 352
3016 1640
7271 724
2503 7322
1564 2878
1857 7313
3375 2885
7354 5630
4922 5098
370 96
6006 2332
5280 3468
995 4746
1242 4165
3889 2083
3236 5691
2078 649
5923 5520
3147 3668
1564 7381
7373 1955
4877 3651
4478 4174
6792 613
4477 7031
1960 1139
4216 6590
6033 6426
6757 3699
2681 103
6040 2727
1036 7394
4611 4027
3936 1575
3200 4026
7143 543
1876 323
170 3997
5649 1646
5016 485
3483 4143
6635 5783
6644 6072
4675 1049
3287 6393
3089 5042
3741 2691
3298 867
1215 7099
1494 6800
5912 458
844 6524
6422 2816
2380 243
5870 5160
3520 4784
4905 6183
7456 1679
6734 5662
5161 6589
2365 4688
3001 635
3158 5181
6233 1906
7172 2364
775 3152
2793 5815
2895 256
5750 3296
5734 6360
2775 4338
1043 2556
1354 7330
4362 1856
3194 4996
1926 3594
3148 7466
6371 4950
4581 2439
7253 1235
4038 7154
3336 3882
7445 486
37 3967
2105 3078
5613 2352
177 5822
3797 3307
3010 2516
6655 6605
6796 7038
5457 6660
4967 3485
4131 1429
5359 3014
2074 4138
409 7362
973 5763
4961 3195
2448 2669
5314 5655
4741 6561
881 4209
4459 3203
6870 6418
2656 602
871 1247
5019 7071
3107 1772
783 3375
664 2350
3757 6859
2402 2478
7113 4815
2785 1706
5574 4943
6597 85
5777 7100
4905 5551
4807 1334
5785 3647
6436 6684
5089 4220
1897 560
6803 4315
4153 6886
2613 2643
7344 5754
1621 5516
4848 2352
6089 1110
138 6007
2871 3622
5046 2919
2702 4827
319 362
1600 5919
2653 6087
5260 6393
2592 1577
7068 5983
2373 1358
2712 7208
2121 5323
596 2592
5336 5357
1325 5141
272 5546
3995 4558
439 5542
7588 5515
1461 4690
4222 6743
4368 6542
318 1114
4418 6799
4081 2603
4793 7340
5989 5939
5339 5138
3174 1436
4883 1304
7249 2505
1116 7229
2326 207
4521 6812
351 6225
1087 3010
3735 2073
1376 4614
105 2850
5285 7127
5110 4259
2359 3172
4786 3798
6762 7012
2396 2886
5366 1221
856 5750
787 514
7243 5615
656 5342
738 3234
5392 925
2224 475
2898 6002
5106 358
6652 6963
1152 4203
5171 6345
7058 4373
5306 1843
956 3377
6580 602
7496 6050
6327 814
3327 2641
3792 5248
2771 6993
6908 1913
7100 3985
5258 103
7357 6954
3323 264
450 6184
3571 671
3033 2006
5375 5012
2938 2578
3218 936
243 1215
6670 4198
501 6921
4252 5844
6533 3508
1016 3241
7359 7437
4252 2361
3038 4210
5734 4843
769 5293
2985 219
2106 779
333 2924
2872 4683
6324 4933
6959 5283
4267 444
881 2620
2952 4385
1579 2813
1750 6529
6606 213
7067 1739
5545 3458
6354 4430
5968 3118
5113 6097
5467 1993
3465 5613
2045 6242
2941 6965
3150 2127
1154 7174
1640 685
4314 7049
4635 7425
4556 3829
1789 2428
443 4289
3153 5693
6881 2199
3475 5376
2729 2516
1918 6180
1078 4220
1402 3195
3923 3979
1509 2906
7127 1158
925 16
6644 5280
3303 7220
4157 7433
95 1991
2114 2672
6396 2376
1881 4840
4143 1302
7163 1897
6488 4176
5640 4782
7173 4488
1495 5836
3128 4807
1038 3442
1140 4522
3291 2571
6612 5401
2221 6064
6984 6824
3362 1547
4653 3303
3949 6199
679 4404
7251 4899
765 1472
7475 3573
6930 7519
6080 3995
7275 953
2524 3724
6898 2446
3538 7246
134 1846
6720 5680
2717 5685
3247 1543
7079 1070
3297 4327
4448 3039
1062 455
5649 570
1067 7591
419 3731
7408 7245
5234 1557
7091 5146
5258 1584
1374 2444
4529 6877
6410 6220
5457 2610
7199 5160
2320 1136
4649 923
189 649
5208 4424
4856 6128
5188 2214
7135 1209
219 1317
2833 4015
2681 6607
2753 4756
5283 3705
2761 627
6848 2168
1144 4897
1828 4705
7402 1058
4842 4457
3218 424
1053 5643
1494 694
6291 3320
7047 3523
6327 2408
3580 5963
4209 5374
7354 3695
1620 6746
4546 3675
116 5545
1479 5320
1954 551
954 2824
2134 1124
1396 2959
1336 1699
2703 1154
155 623
5889 6359
2182 2873
4759 428
5919 6813
4458 4515
374 35
832 6267
2908 3473
7329 6842
1263 6925
6276 6070
739 2735
1670 2851
6126 2117
1351 6342
4367 2113
3201 3465
1100 6637
1573 7127
856 4735
1380 1111
7437 4231
6630 421
6299 4485
795 939
1453 887
3564 2032
932 1648
6989 1047
5938 6741
5953 4024
5397 7585
3418 6315
1679 6568
1628 1472
2270 4904
4412 828
4172 3195
2010 6110
37 4985
7144 5728
5696 1931
246 793
2205 6154
4492 7215
4042 4598
1347 5706
1505 4642
5072 7459
6353 1773
4606 4075
1639 3836
5031 3576
1960 5378
878 7578
7326 1601
2220 5020
1614 154
7126 5414
5106 2833
5015 7423
7175 7452
5279 4800
3701 7018
5384 4484
5206 7312
6048 2443
5397 2494
2184 1502
5893 7137
7576 4541
4907 1665
7260 2611
1721 1835
1376 747
6199 1465
1235 6092
2304 5692
6619 6128
5574 700
5637 946
6995 2278
3014 6838
3966 3588
4115 1154
246 5707
362 650
1310 1614
5724 1610
7093 6511
7351 7196
2721 3494
4115 3513
2679 2410
3673 5756
1449 4972
3115 2930
172 4339
3796 1870
7173 6545
4813 3977
4800 5173
6601 4374
5389 4266
1806 7140
7144 4765
4001 4108
3458 7451
2188 74
401 1001
910 6153
5377 5885
3087 4231
3973 6650
5582 4616
4366 5353
4074 4566
5127 3042
2265 5925
1675 2586
3304 5845
1283 151
1328 5905
976 46
1761 3012
4273 3869
5422 5915
5778 1365
6212 453
497 5199
2504 6807
6782 5440
6509 2429
7582 6503
7566 5387
6012 5859
2542 4801
2973 4001
6089 1549
3918 2946
3191 1818
4860 6060
4061 6198
320 4967
7215 2737
7301 4088
4486 6241
4903 6986
4026 4642
5482 5703
6908 1563
7076 6007
2339 1501
4728 2624
5457 6660
1040 7083
6321 2128
6102 775
5183 3389
383 359
2659 205
5957 4710
1436 2984
1919 203
21 474
6559 6455
2071 4379
4807 5723
2171 1580
857 1143
826 1900
1178 6157
6371 4154
4963 4724
5768 2677
5172 953
5141 928
7188 3279
3229 3425
3577 5143
6819 1592
5408 6203
6467 525
6538 6788
7355 4962
5748 171
5609 503
2065 2701
514 2909
7238 2583
5323 562
5553 4177
7352 763
5655 6183
799 4976
6825 2658
2536 3792
3330 1638
5427 7526
528 5556
6550 2275
4748 2864
4194 4059
4151 1309
753 3468
3715 643
5054 2808
6556 2675
6288 7268
3041 4545
6548 280
4867 3056
3495 5271
937 7452
4061 857
6044 5377
4785 1396
5030 3289
553 554
5042 7058
100 1419
576 2205
1523 1642
6344 7555
130 2493
5704 1874
1986 6367
3451 5253
1460 3152
4872 210
387 4172
6116 2237
4878 1896
965 2298
1026 3976
7093 5456
3104 1022
3199 953
6208 4254
2233 3429
2545 6573
2173 2350
2027 2055
3254 4518
3315 175
5204 6092
6603 1473
7403 3982
6260 5251
174 4712
6032 5547
3652 1435
6920 3530
3765 3257
3591 1270
2195 4733
3986 1317
263 7255
6468 3653
3718 4709
3177 120
4400 413
2567 3357
5414 2711
1973 3354
6933 6791
825 1093
3235 4103
7425 6226
3765 2036
6429 5799
1818 5839
7143 203
6680 6516
7329 2524
5489 6519
5850 1600
7153 6970
2412 6356
1623 4203
6965 2000
4014 6426
2863 6843
5479 7513
4750 7531
3092 3772
7238 6244
4883 9486
6802 2693
5495 2214
1634 1274
208 4985
5354 987
5750 4894
6233 5348
2272 840
3417 4572
86 1832
545 5986
4979 2276
2775 454
2245 2182
6979 1793
1873 5060
6126 417
6020 2743
4505 2389
3525 7482
4842 6994
4438 1041
7249 5232
7385 2131
3066 2884
3262 438
5227 7594
5706 70
5436 3870
2676 1729
7558 3943
2074 5714
740 6177
1184 4056
6326 6
1784 3810
37 1065
6205 4313
5313 958
825 426
2741 5609
1063 526
4332 5889
3331 3928
989 4273
829 1675
1522 6987
3276 5717
903 809
4031 4028
5213 5586
1534 5924
7486 4709
2272 6106
906 1044
1174 3375
4144 3968
3684 6900
5529 1197
6912 4095
5631 6755
7027 424
6251 1120
140 5890
2875 2493
2100 73
6050 5179
3676 1364
7353 105
4498 2903
1763 1318
6659 2361
799 893
4506 6860
4550 6306
5238 1822
4548 3431
7178 4939
3908 4875
1470 6557
2756 4352
1811 1841
6360 7591
1716 4039
4138 6490
5384 6694
2895 5606
4100 6777
2196 1891
220 2826
4279 3874
6682 1018
1746 4866
4615 1450
2675 6254
7207 4185
3991 4806
5122 5002
7252 6281
3132 5200
4982 44
117 713
3281 778
1660 4581
6629 7031
3999 7442
5024 482
574 1350
3533 1847
1038 3927
6186 7039
2905 2170
391 485
6706 2806
5738 6821
4710 1188
6032 738
5214 2022
7518 3076
4497 3121
4805 2541
6167 568
1028 4807
6584 1910
4279 5116
2978 7176
3806 1953
5706 3076
7336 5583
201 4586
1774 4783
4760 4182
2012 1906
5815 5199
7514 1418
4518 4608
2649 4633
6535 96
1368 7172
5642 3839
1894 2467
5368 5375
402 4263
684 4540
2847 6137
1563 714
2531 4939
484 523
2542 5309
6627 3913
904 1599
5023 5270
1635 6238
3939 6861
3232 3261
7098 7396
3901 6656
2723 1457
2748 216
1156 2310
7375 1542
2603 4202
1951 4654
6240 1974
1163 4682
6806 2632
3406 871
624 1479
3817 864
2928 613
1904 6230
4363 2490
6369 232
232 1218
2446 7157
4999 5205
2972 5755
3230 1678
1940 2858
5855 7211
7062 3483
3013 2032
398 1719
2397 5928
3471 6725
6610 2698
4363 1427
4016 2132
1044 6943
2666 2982
4717 3763
6391 477
3626 4700
7015 3546
5847 4149
2612 175
6708 2741
5636 2069
941 289
5994 1725
1335 2223
1100 3345
838 4040
4735 4358
4876 4777
4638 5281
2605 3399
5914 7219
2318 988
2171 2994
7451 3650
3173 3957
1287 1499
1030 5739
5470 5771
795 7177
1943 4018
34 3358
5493 122
6955 3893
3085 3705
87 1047
4513 2451
67 2730
59 7248
7406 6537
3990 5653
7301 5537
4581 11289
6038 6871
3239 7588
656 1826
1812 3370
3221 7500
107 2759
4212 2409
180 7002
171 6639
4589 4389
5990 885
5292 3731
2373 4698
227 4119
5240 3825
3902 1269
5194 3242
4971 569
1623 5100
2679 2357
3754 4351
609 1225
6888 662
1725 4187
4771 2745
6472 4118
5132 6545
915 5054
264 1276
590 5233
2686 4832
4114 7481
6218 7484
3562 1615
2817 4906
5247 2457
7377 1505
7599 3060
3172 151
6378 2109
7186 5796
1336 4088
2575 4785
4570 6468
984 5551
4524 2870
2373 5509
7587 914
2140 4369
3289 4104
562 3359
4674 3322
1838 327
4425 5724
1820 2929
3084 5220
3051 660
7586 5649
5844 2284
5333 2136
3479 7129
687 1450
4899 3844
5589 17
6610 5197
7130 1529
2559 7055
5554 3659
6789 6213
5460 2133
7269 7190
1642 3797
2739 3276
4008 1716
5278 3475
727 2607
1610 2956
1965 5361
6012 5569
6827 1997
2785 5779
1843 2374
5499 943
1427 1041
1274 6399
4130 1586
2866 700
4182 3876
5454 3201
1904 1957
1202 6380
6613 6285
661 2829
4873 6127
2003 6017
458 6647
3293 4008
1030 4596
4555 2050
2186 4271
6576 1112
6585 3401
4744 6471
3973 5860
6945 2919
6013 4968
4882 5129
2770 4789
2060 6704
3511 3224
7132 4279
4550 4422
6458 3696
6073 2229
1778 6668
6715 6890
317 5062
6652 493
7530 329
6746 4585
7086 4866
2291 7392
3125 3985
2292 5500
931 6953
2956 5679
6236 5319
6274 5708
6220 1215
7103 3230
4965 1409
6922 630
7267 2811
5807 1186
1229 3128
6746 5145
762 2582
4566 2227
2524 5557
589 5701
206 5931
6346 2986
1526 7349
2883 5901
2615 5448
1948 4756
1191 2550
3178 54
711 284
4710 252
5732 5527
1817 3429
7272 3830
3034 1620
1326 4363
2081 3173
1009 3324
1287 3149
3615 5590
4124 2174
7247 4641
6901 633
6508 958
4240 1278
573 284
3189 2639
2483 2954
