2754 1049
6298 1575
5685 5171
1741 6763
586 1631
2261 0
5930 1243
5094 2837
638 4691
2869 553
4821 442
6905 1168
4474 4409
1116 256
3404 4311
2775 6608
4271 712
6826 2274
4808 6212
1954 6159
805 910
2589 3194
3955 2166
3596 6426
4033 3772
6061 2660
3794 6297
628 6401
7080 637
1653 2732
5219 323
823 1384
1026 1648
6855 3601
252 5949
4605 694
3423 1560
7064 5500
5667 4070
2129 1614
6892 4377
6656 3593
2091 2213
6967 4858
2539 3761
1290 2142
6497 1640
5361 3221
858 3590
3786 276
6623 2053
4865 6546
3172 3668
5224 4655
374 4331
3452 3573
6064 2929
2723 5123
4785 1747
3678 427
2627 2386
3155 475
5531 3337
5939 115
4197 2317
1393 5315
5333 890
1479 1845
6100 2763
6799 2971
5541 1177
4691 3699
4375 4188
1765 343
5112 3168
6205 5620
6428 2600
1188 1494
671 6357
1655 775
4026 6693
258 813
5913 855
983 6266
3751 544
6892 6163
1611 3836
3404 205
827 5443
4454 6936
2895 7082
819 2977
4330 6765
6738 6240
1781 3016
5447 3811
3497 4595
6121 1959
540 6743
3181 6577
145 795
1031 1092
2345 867
4260 1221
4450 4801
4827 2867
3774 954
1165 2695
2509 5839
3444 4829
4332 3401
5547 2473
6434 6439
6372 880
2357 1628
3265 4322
1798 5789
3305 5213
4547 2616
38 4365
5194 3050
750 80
350 6348
6587 2645
1685 1338
106 2796
6745 4998
3033 3116
3365 2915
5445 6482
6841 6968
3386 2361
499 4357
4204 2644
5140 5937
1304 3776
729 2035
5229 2763
1071 351
1089 5262
223 3513
5556 5406
292 3617
5095 4768
5914 4389
4403 5286
1667 3464
2333 155
3710 832
3987 2042
1505 1404
5520 3446
2605 864
4692 2203
4924 6841
7035 1748
997 5012
4951 391
23 499
6790 2573
1457 4437
75 1439
1856 5676
5206 1534
1748 2785
2571 4634
4789 6243
1043 4468
4592 5056
6965 229
3797 1473
6244 1771
4476 1544
882 1298
4033 817
5790 2844
2390 3746
6080 6519
5620 6504
37 3228
6721 2976
242 3174
1592 3835
2245 4852
6052 2083
4186 2096
4276 3754
3661 4917
4344 6692
2354 4888
2060 1449
2979 1131
1462 4820
2118 4443
846 5048
661 340
6942 3282
2363 1003
3688 5304
3077 3304
4184 3405
3890 6521
6306 4553
5282 5084
1798 2973
3109 5485
4324 2624
3388 104
1231 2736
85 1894
2030 484
347 6858
4465 6450
6698 4225
2694 3874
3144 3382
5183 6647
3642 4108
5365 2383
3142 3346
1084 4497
5205 864
6106 914
6426 2214
5170 3501
7010 82
6597 4604
2019 818
3195 953
3663 2531
5489 805
6383 4176
2063 2357
1997 4157
3621 6978
5815 6701
6067 5567
2717 5602
4602 3054
505 1589
5199 6824
947 3140
2559 92
1633 2769
1201 2518
6455 5314
334 2805
4211 6381
2203 4365
2295 3335
7074 5595
2739 4460
5136 6593
6838 6667
4471 6514
313 825
2271 5324
887 195
6327 5091
5345 3421
2573 6393
6277 5969
3544 1965
459 625
879 4646
3496 175
5518 2694
4483 5371
6425 6479
3523 714
5069 1497
6122 30
5536 5973
5367 2121
2357 6431
4094 6956
836 759
5310 61
748 1827
478 6701
258 3893
1697 4376
6448 5915
6495 4510
1752 4985
5064 2232
917 6634
2495 5280
3499 6100
5237 2471
1594 2178
6321 2021
2383 208
340 4514
4405 1217
43 6391
142 2312
2824 3287
5726 2466
1198 2186
1343 4416
2773 1529
6451 1763
549 6696
7073 6840
6920 7096
1950 5153
3350 5172
5236 5266
6209 2659
2869 2921
4775 2065
1914 6287
3824 1496
1244 3319
5270 4741
1340 6072
6082 476
5770 1702
4380 4533
104 2862
1204 5989
32 6673
3657 365
6073 4515
2925 2281
3996 809
3294 4158
1274 6004
3686 154
767 6409
3805 6373
4649 6636
4260 1954
711 944
968 631
553 4661
4422 6314
4513 648
6906 996
1924 4779
5974 6948
6019 3370
3967 5666
6158 3858
2640 5998
938 6142
1968 117
5604 2916
546 1787
1153 3974
2252 6642
5617 6097
508 4206
936 583
208 690
6347 4101
3102 736
2086 7096
6523 2781
2858 6490
3397 5256
242 1220
4690 3513
3835 784
3997 2134
5133 330
6613 3006
3266 5803
3749 3362
122 1898
4916 6461
6309 4365
2916 5072
4784 2003
5407 3147
1906 1498
4821 7015
7059 901
4045 4921
6292 417
5100 6280
5166 149
6035 3559
6902 5678
3322 1814
2714 2068
3638 4863
4949 5648
4332 892
5337 5927
3261 5201
7002 2850
696 556
1348 1987
1167 2206
6346 6219
1399 6476
2025 450
5382 94
4483 2399
3585 2969
461 5247
2169 6443
1817 245
2383 4262
1670 2540
5437 3873
2234 6917
2355 4259
562 767
4005 4262
6208 6965
4054 2475
6593 5619
5198 1390
3999 2673
3973 2348
750 2130
4519 1273
4604 6252
3916 2836
499 4706
905 45
6178 191
3117 279
880 1849
2615 767
3260 1523
4333 6221
5963 6215
6758 2102
4777 6965
6066 2235
6738 2876
1534 4158
4738 1422
1559 1579
3499 6949
1463 3900
658 3985
2091 2585
5638 3525
2440 5532
2037 5137
3609 2782
6463 818
7027 688
1640 1949
3692 2229
4493 2067
4279 6644
1306 1847
4237 2138
2391 2604
12 3082
5507 5086
5079 4069
6978 723
2682 3365
67 2501
3285 493
5424 5827
3685 6412
5986 3600
7088 3311
478 3401
2162 1885
6486 3397
3628 2826
902 3685
5388 6507
3031 4946
6751 3870
1125 6475
4247 2794
3833 1272
818 5087
526 1387
4872 48
5178 2703
3641 1393
4377 2407
1514 4743
309 3075
1446 1443
3457 5950
5982 6928
567 58
3267 2629
6602 3141
2556 6291
6613 1764
3078 1483
7002 3003
6812 4985
5599 6448
2596 6154
2011 6574
2717 5384
1427 4422
4503 2260
1731 4964
4056 1095
4007 537
365 6746
6722 4244
1401 1569
5170 1744
3007 1770
4692 6397
84 3888
3275 703
2139 6155
5044 3144
4421 4531
6280 6492
5941 2122
6237 163
2764 3330
1408 584
5663 160
4360 6506
2741 1826
5704 6461
2009 1040
3519 4306
5249 2888
6501 1259
1504 5279
5787 246
4343 6548
4700 5685
1814 6268
1530 4472
3223 6944
6468 3982
5860 4056
4246 6437
5785 6448
1107 358
6182 25
3728 3906
791 1589
449 4676
6655 2212
5144 1075
4426 1892
1859 2231
3961 3588
6491 2573
1765 2561
1736 3312
6052 625
5500 251
3101 1734
5227 4335
748 2324
2722 145
5989 6119
2527 5975
5518 5540
5493 1509
2028 3333
4073 4949
4259 1624
1224 2970
3309 4745
2953 5877
4664 5413
6903 1262
1641 1556
2252 6257
1970 742
3777 1839
6209 2774
2299 5187
1319 6091
3271 6175
4343 3801
198 2908
1294 6608
5891 165
6733 420
4449 6041
5123 3310
3518 2067
13 454
5230 2568
4704 5766
155 84
41 6151
4136 3473
2273 6606
5537 1421
6740 6251
1406 1298
120 1982
611 2625
6351 6019
3905 1853
2717 1080
530 6954
2232 3177
5165 1190
551 2501
233 3427
3690 4172
6968 3907
6892 4173
4848 1910
1435 6595
3737 67
4249 755
930 4946
899 6045
3298 6960
4339 1764
4027 6047
5779 119
1665 3881
5842 3299
2894 1158
6608 5395
4598 3672
3881 2620
1847 5028
3219 6265
1115 1661
595 3250
3376 2691
1187 977
3798 110
5759 862
596 5486
366 3602
1246 789
3625 3687
127 859
1214 1263
2242 4498
3343 2214
1179 5525
3094 3193
5728 2727
1588 1293
4231 3550
5477 493
3247 5456
4835 2186
2925 2379
5521 421
1849 3693
5025 5802
487 368
2613 6708
3528 3357
3258 4304
5623 6014
6094 4512
3456 2530
5775 3821
5616 3069
2967 5324
3592 290
1663 5791
1852 5853
5080 736
5256 3213
4112 5160
5724 2555
4658 3522
2349 5469
6142 1589
6873 2095
472 3264
3475 5080
377 6502
6577 3777
4627 1987
3660 2874
2201 3398
2262 5514
2450 4051
1528 3442
2457 6596
962 217
454 1837
3403 3351
6272 4226
1317 3296
727 3219
2630 1657
4056 815
6018 4758
2333 5784
2921 5970
1139 262
5621 4868
4632 58
2433 5903
609 2731
3746 3382
6164 1134
323 6787
1527 4699
4908 6737
3937 6264
5235 5871
2334 993
766 3784
6287 4305
3141 5050
1500 5588
473 1345
1842 1398
5108 6629
449 6961
247 4874
343 1803
7033 2523
5016 4496
4161 3158
5936 1855
2883 6653
4155 4731
3214 935
6043 5176
758 3045
4761 6588
2821 2675
5324 110
6939 2607
1850 6169
190 6353
5330 4074
5925 4454
6461 3688
3229 3427
1393 1616
6843 3380
2661 6650
4789 1391
3758 1963
5339 655
189 6626
2254 5087
1441 2661
5051 5061
6748 6916
6111 3299
6086 5362
787 5729
720 5860
1816 4703
5400 3972
4141 1750
126 5774
4236 4696
1872 5577
6156 4973
2180 757
3175 3806
6762 3277
4005 1244
293 1754
3769 2480
3359 6283
4196 6142
5620 1363
3449 5688
5192 1093
3174 1715
3821 6327
6474 702
3165 4583
556 7038
4454 5621
997 246
1291 6626
587 5015
2907 3658
1388 2219
660 6974
42 5545
3706 402
3277 677
943 673
5427 1134
1862 4428
5740 2296
1568 5215
1681 4479
4772 1168
2516 2980
8 3210
2590 1766
9 997
3218 4334
1222 5785
5642 2348
2736 2049
2567 1197
1835 5015
2406 623
5134 362
6245 5284
1367 3335
2294 4855
2900 4420
526 4707
3984 5486
2767 4862
6551 1711
5556 3883
6314 5734
6745 6542
4872 2335
6995 545
41 1095
2969 3631
5488 4252
4798 472
180 4653
6403 6942
1145 6602
2766 5533
957 571
4416 1751
5986 5127
4592 2880
2029 2431
6113 2004
5558 6033
1734 2829
4665 4301
250 3509
4084 6247
1823 1357
3579 1643
2388 241
3076 2133
3114 1089
4509 5864
6011 5104
5977 2946
1142 2015
1002 4314
5872 4480
1712 3267
2016 4034
6314 2785
3263 1109
4483 1583
5983 3112
6734 2168
1081 1059
1647 5946
2062 3986
917 3133
5399 3973
600 2792
161 6409
1176 5342
3616 5154
408 5388
6660 2498
1437 1544
2631 2072
5896 3475
5530 6663
379 4248
4602 6401
3433 5861
479 1310
6216 3506
1991 5570
6687 4056
3510 442
2742 5624
3426 2372
4597 861
5371 1181
5107 6464
4233 2446
3995 5412
2237 6743
1436 1247
4035 5322
6758 6537
3077 4663
1920 1063
1293 2832
2599 6655
936 6198
4025 4586
2515 1137
6832 1646
2801 3029
1845 4643
6111 3697
5060 5926
4748 5468
1042 3990
4016 5267
6014 5447
6539 6450
2255 5208
5844 6635
2815 2700
156 6921
4397 3126
6770 5190
6899 6143
836 5217
6014 6184
6571 4899
5696 3656
1946 433
528 4652
5365 1046
6662 2603
801 5372
462 3426
2219 4406
5331 3125
2822 6823
341 4274
226 3849
4176 3342
3535 4965
4048 7003
179 3820
3738 4991
6508 2200
4969 792
4286 1810
5157 3572
4489 6519
3605 2611
4836 833
632 3599
4364 340
7015 3768
441 6214
306 6122
6656 3824
5033 5813
1294 5811
6374 5855
369 1748
812 2540
5391 4916
4920 5735
3552 5896
3852 1605
674 7085
2768 5893
385 4291
1749 4291
237 1748
1754 6469
5579 5272
5791 132
3160 4288
5760 4535
3525 5452
5102 1127
5652 1422
1493 6840
1964 5319
1342 2739
3545 953
3058 1453
6775 1326
2796 2379
6516 4559
3875 4880
1821 4695
4062 3410
6533 40
1549 4880
1742 6038
6875 2942
3541 1104
5970 4306
4625 5659
4716 633
1976 2665
3907 2716
4022 6719
6523 6101
529 1728
3465 4495
7038 3718
648 5873
2116 5510
4908 5098
1853 4420
3882 6263
3031 6113
6779 4446
1558 1050
6946 6764
6705 1534
5681 325
6015 5471
6296 3075
1704 146
2764 1913
2825 3129
6831 6395
3871 691
4253 6344
2577 5455
3101 4568
180 4785
4418 2968
1576 5395
6584 1578
1719 4759
3511 4394
5958 599
4297 3095
4664 6009
969 6039
854 2905
5068 5531
1445 4830
1733 1631
3651 4536
3782 3515
493 3545
6473 3183
3943 1945
5333 281
5866 1377
4697 4572
1350 2109
171 5724
927 6462
315 3701
5862 708
4623 3245
5874 6835
3915 3191
5550 4481
6966 4462
1215 6328
3271 1644
1449 6122
7010 7012
2718 5151
2295 170
2784 2210
2414 6794
1796 4796
4138 3814
4321 6014
6848 2022
3654 5007
4719 663
1268 6243
4089 2064
3984 4722
1996 4586
5877 1900
948 1146
5951 2469
1958 1206
3735 5618
3810 1085
691 800
1107 6819
4858 6257
2326 1888
633 4457
1265 7032
4729 5158
3618 329
6837 4684
4541 1051
3037 5848
6828 858
2509 4340
3941 1133
2335 3293
3958 2601
4024 4177
1064 5388
4962 4576
994 4277
2471 322
2374 6782
274 2589
470 978
5471 2906
3025 6368
4649 4934
917 1369
3904 2372
233 5898
1586 1274
6599 4842
4751 6296
1267 4336
6392 3511
2640 6980
128 6697
4653 2960
3615 2638
4957 3761
1432 6858
1216 1264
586 3723
6565 1836
4312 1471
1500 1602
5153 6943
537 6741
3376 6512
7068 6888
5965 6337
3828 5513
4908 4018
1615 1759
4519 6388
519 6268
6398 5306
4327 5833
4908 2344
2622 6528
6021 1967
3284 4469
1959 6683
2784 4973
4091 4737
1249 2699
7052 47
1594 2408
699 3370
6018 255
6762 1562
3384 1894
6919 2774
5288 5720
2470 2108
2810 8
6047 2056
4736 5994
6185 3817
1736 2029
3996 4964
2292 3986
6046 3042
1921 2021
4794 4692
5640 311
6405 6930
1107 6515
6601 5093
1285 7093
3524 2742
2913 4343
810 3021
5349 818
5550 5350
4556 1355
1075 6536
5368 4905
3394 3572
3282 2313
4731 3549
432 80
600 5206
754 759
346 1559
1890 3655
5379 5362
3593 7063
47 2322
3714 6133
3128 5487
1629 595
1944 298
290 196
353 4090
7073 4806
2907 6008
3934 2749
1458 5767
1799 7070
4940 405
3757 1051
5455 179
2424 5616
3612 208
3691 2738
6999 2542
4187 711
5551 557
4253 4770
2254 1784
6154 3058
698 393
6603 1459
6208 5797
3410 6108
4457 1446
3996 372
3967 2535
2547 2104
1314 5558
900 6798
6544 5536
5901 2673
1460 1601
1133 4968
798 6446
3324 6952
6780 2865
1770 2766
1217 308
5229 102
691 7031
374 6395
3636 2668
5350 3968
2577 5145
1166 365
6910 3585
3249 1339
275 4715
4710 6709
4645 3872
1825 3720
4226 4907
2735 2546
2629 3788
2554 5203
7009 6479
2004 5672
6121 3172
6765 5973
486 1900
5288 4763
4086 3277
289 3639
3996 2206
1677 4358
350 4254
4063 3878
22 928
4831 6118
4498 3673
3842 3359
6247 1454
2321 1606
2851 1621
939 866
5219 991
1834 7066
6984 40
4666 328
6088 3330
2944 639
141 1623
2850 6443
1113 2559
2313 5483
5717 3547
3049 5954
3564 5237
5141 1535
1321 4292
1313 6235
4362 7087
2524 1045
4187 6130
4576 5250
4701 2824
98 4063
5431 233
148 1993
4496 2432
4393 4020
4301 5062
6947 904
4386 5847
5912 3580
2168 2705
4355 2784
7005 4315
1659 4730
2460 6938
4710 1725
3216 6144
2152 5596
5040 1686
3299 6598
4113 2348
2231 4586
64 5749
6331 6237
6776 225
3927 3476
2387 6612
325 5445
525 5027
3498 750
2410 1914
3610 6138
4066 3801
4840 5255
5183 6268
5361 1521
446 2079
6476 861
3394 5534
1387 1254
2262 4850
6248 1157
2475 3701
127 4943
1091 6608
453 3413
273 4628
4834 111
5481 6059
2069 6391
2485 2401
5004 5822
1537 5903
3507 4093
6184 1551
973 2709
6724 5558
2558 1759
2584 4348
3300 1408
4069 6538
2605 1686
5158 1289
3023 574
6950 1978
4559 6538
6401 6826
5840 3021
2172 3370
692 481
2053 1605
601 4380
3778 4090
874 3212
1189 5984
6849 1362
1993 6436
381 3162
3085 2282
5389 1858
358 323
235 6260
404 3443
5419 6938
1353 1676
3936 553
6666 5653
1277 1402
6055 4037
738 6218
3462 7015
4910 1060
5882 3974
6553 2413
5261 2449
919 2947
455 1918
708 3215
461 4280
159 6550
4422 5684
5729 107
4415 1453
4187 5179
5253 1428
1297 3126
2328 1207
4303 6022
3283 2168
2793 5486
147 3171
718 2917
4627 7002
4566 5009
945 5477
3689 523
6470 3518
6121 6165
879 2698
3864 2904
3555 3358
7099 551
6355 6210
6175 3060
7098 6743
5106 4358
98 6064
3330 2201
104 695
4153 1519
187 4738
389 5907
6644 419
772 2496
4898 6580
2836 1147
5641 1355
2668 6890
1382 2562
3531 7027
7045 4559
5011 1444
6407 5592
575 4909
5752 6126
1046 6516
3540 3467
4431 1317
714 3798
1720 1243
394 3363
6691 1090
3016 1804
4497 6519
3605 6232
5099 2649
4206 1519
1612 86
962 2799
669 5479
5305 842
5180 1749
1603 5248
3306 69
459 6860
4555 5307
2976 5202
2704 1020
3506 6224
4945 2545
4817 1132
4083 852
1148 3207
1718 62
2566 2528
1983 5182
4645 695
75 6318
5077 6720
1179 3848
3126 2539
5737 1468
3870 6475
3061 1673
1364 3992
861 405
2410 6382
5715 4363
4535 632
3324 1476
167 1549
6410 1594
4659 3766
4495 230
4469 6305
3118 6196
1917 2090
5268 4421
5520 1893
1044 6181
1658 6807
5387 5231
2471 5778
2118 5442
4622 1953
1930 3125
3894 1744
1014 4279
2390 5806
5681 634
4484 1465
6443 6571
3127 2435
3338 5187
4957 4087
2370 5008
76 5934
3309 4498
4593 5724
97 3865
5979 2786
4152 5377
6070 419
3627 6597
3936 6972
2196 2777
4770 4025
505 6867
6424 5034
2382 2074
4958 5178
1338 2970
2822 404
6631 6231
2779 1620
6172 3064
3653 1268
3715 3680
5464 2016
2488 1173
5172 4671
101 217
4626 4465
1782 1474
2332 351
4136 5993
950 1711
890 5272
2129 5201
3583 5277
118 4549
4087 2184
3056 5250
4502 5657
2172 2688
6083 573
5122 2856
5750 3428
1956 1133
6320 6395
4255 995
1769 1961
382 5968
1208 3024
5447 1590
4627 2306
197 5641
4185 5239
2740 6973
1929 1904
3197 5011
5074 6107
1969 329
3361 6418
4206 6633
4676 3390
941 4758
1276 5038
5865 570
4441 6636
3221 5974
3382 3816
5185 114
5528 427
813 5444
421 3383
1504 3918
410 6986
3655 2397
3446 2872
1281 4713
2649 1288
4754 2470
6517 4899
2788 6433
2372 5051
684 577
5540 3667
4854 6005
6350 4623
1767 4211
568 1272
1468 7038
5610 2054
3467 4629
2583 1606
5243 2805
2885 5823
5778 4818
2280 993
3819 5565
4755 3482
1818 2324
5170 3036
4523 783
4956 1543
5162 3491
893 2952
7049 5374
4664 5836
1861 3628
5742 276
1056 6257
5450 3193
633 4015
6670 1795
4557 6442
4136 1599
5628 4902
803 4175
4796 1330
6353 6159
2026 2984
4377 5462
7073 5753
338 5330
377 383
6594 1201
3459 5444
1741 1437
1163 291
1026 643
7034 1943
6912 4783
2643 2636
495 3448
1754 5431
1471 2496
6055 2696
1066 2283
4365 435
1677 4998
3855 3256
6039 6130
3605 3052
1566 3579
4644 2386
7064 47
4267 6378
3915 3211
2185 3365
343 5442
613 5622
5060 5640
3473 6949
4523 5491
6916 4587
1492 986
215 5906
5354 3827
4165 1083
3036 3507
4520 3998
3009 3059
400 285
533 2462
6940 4270
4709 2878
6220 5727
3301 5869
5244 2659
5124 5485
5679 3527
3601 948
6153 2358
3066 3539
1208 1663
109 2461
1199 2422
4796 3420
6304 2602
3605 3912
22 5178
2263 3359
2067 834
5529 4526
4968 233
533 6547
3257 2921
1106 4539
5405 3603
4791 2063
377 4698
4135 4642
3473 6095
2897 1982
3831 4963
3748 4593
249 5709
1169 4275
6763 2350
1198 2811
1590 2087
1035 3818
1228 5998
368 5371
5463 1874
2113 6010
6221 1073
2643 6452
2414 167
1132 5085
4794 5581
4530 3841
1907 5832
6293 3175
136 529
5758 4632
12 6802
1693 3049
6304 6091
3731 6593
1875 3394
6005 2281
5040 4488
89 6649
2835 3418
566 6608
5373 193
7 4869
4638 3842
2425 3170
3081 1897
2026 357
2283 4185
3407 4282
5078 502
1823 4567
3993 2719
202 5856
3653 2155
3140 6268
2066 1639
2210 4920
2995 5637
5191 4863
1449 3836
6896 238
867 3752
3542 335
3863 1509
1410 3353
4449 3492
6571 4239
3193 198
6329 5070
5296 3166
5977 2077
2168 4430
5328 52
3985 5214
5069 4353
855 4385
3863 856
2737 3588
3474 3061
6637 6581
4601 2368
5150 1873
1697 1984
6196 3618
200 5717
654 3085
2284 1044
4550 6851
3657 4066
5646 303
5034 6526
3302 6845
4997 855
2792 3822
4937 2974
691 5877
1432 6945
5041 1204
1267 4410
5184 4812
1553 5086
4151 3407
6989 3378
2514 3492
4604 4259
4003 5878
6554 3354
341 401
3402 876
4535 730
5432 6332
5239 2154
1864 804
6909 5687
369 3893
438 6183
343 3980
5570 7086
2460 6581
5717 2526
929 2862
1539 3586
3521 149
4580 220
2406 4967
867 4584
2039 6178
1223 4927
5587 5911
5935 2025
6061 201
6834 6359
6363 2213
5271 5428
4600 3851
6364 5179
4556 1445
3871 598
3038 155
4399 1079
6558 2424
299 1408
226 893
556 5576
6967 5943
3162 4785
6477 3807
3317 473
3591 3282
1051 5371
6334 6323
2057 4638
3854 3813
3647 1004
6230 5457
3397 5397
1480 7022
4556 5974
4877 2259
6227 2086
288 2603
6142 661
2166 4349
2953 4484
2097 6586
5654 4709
3266 2045
5422 4336
4754 4177
2465 4658
6389 2874
6728 2242
6087 2001
7037 3474
7015 298
718 3125
824 5833
5073 5739
536 5173
4512 3853
2385 4954
3543 4459
2208 4129
5305 6392
2440 1518
5012 7026
699 2082
6143 3507
1068 1875
691 3936
3265 5449
5027 5088
6181 3106
408 1396
2135 2326
5780 5987
897 1778
615 5085
1935 3371
6848 4814
4824 3088
3342 2138
1244 901
4430 2447
2357 6806
6138 2555
3703 4511
6748 1835
4890 6666
6585 4297
2378 4068
5722 1818
2903 1397
2009 91
229 2340
4261 1807
4443 4398
6403 131
6851 583
6105 2779
1745 5446
2293 6725
4077 2263
1159 1462
3580 3956
2740 608
3167 2351
1031 5795
5942 4896
3538 4201
3968 3630
1646 4699
5588 3993
2912 5505
5253 600
5912 6862
6220 2409
2004 1232
1606 4002
767 2746
2005 6697
3369 4186
1408 6720
2953 2981
5059 4303
5145 6475
5673 2307
1610 2764
6960 1805
5981 6920
4654 4280
7071 3032
242 1689
5441 1049
5163 2433
2267 2555
4299 4981
7006 2702
609 353
3082 6013
3688 6541
5523 5285
2659 6754
6832 6425
3849 5118
5945 5408
2498 4760
1018 3506
4308 7014
2537 3956
4648 2245
6153 2288
3034 4999
1562 4626
4052 6212
5261 6982
3935 6699
3743 75
6776 6095
2818 6903
6909 2079
477 360
1292 6531
3069 4351
6345 4118
1482 4986
2501 4788
1436 6541
3152 2416
1031 913
2219 3304
5841 5920
6359 4433
4366 468
4250 2546
47 76
5187 844
4916 3998
1602 4577
5956 3132
2986 5367
984 7061
4002 3488
3024 5783
867 2259
2537 6863
5100 6405
1724 3988
2741 2554
960 6973
3090 884
4983 6659
2752 771
4783 6717
5778 4594
4304 1908
297 1465
2570 4809
1950 6696
4308 5421
2014 6101
4177 5303
5456 7063
3952 2262
268 5543
1840 1731
4624 5023
2801 181
3235 6918
1701 5396
2921 3430
6955 355
2264 1078
4805 6560
2498 2092
3910 6219
6942 1526
6882 154
5026 6646
3219 4580
6240 3896
2170 6604
2547 4993
1651 1285
3860 6429
5359 4909
2710 6345
562 3458
5387 6124
2648 5577
2762 885
4433 6766
2193 2474
5477 1149
6369 7035
5844 1248
1393 4648
5791 5665
6124 5905
5860 5780
5147 5058
5484 4078
5439 2880
3669 4713
6184 6019
988 6720
4710 3661
3421 2929
273 5856
478 1474
4152 6728
3607 2434
6416 1484
4159 2778
1432 863
1996 3957
4945 4059
6497 4336
6510 5902
37 4794
213 5377
4712 1936
517 810
2578 6529
5269 2497
5368 3214
6196 6135
3712 3333
756 5628
749 375
4100 4335
4919 4056
4688 6200
7085 3035
3876 4235
3652 6351
1697 1871
1245 1791
6973 5151
6148 7033
4646 296
3212 825
597 3463
5986 5725
6233 1507
3937 6832
1019 450
5513 5818
603 3723
3101 6007
1400 3215
4595 1456
300 1428
5026 5479
4612 3699
4691 2169
495 2318
6057 1451
1699 2628
2083 6591
1236 6006
4893 3373
5036 5310
5402 2314
3347 3529
6788 6928
4612 3166
951 2528
6883 5482
2360 4357
3595 4137
5839 1186
3668 1163
3428 3072
361 1422
3258 1538
3983 2788
4878 4494
638 1637
1210 2665
4882 5117
3927 3578
5078 6372
4482 2019
4549 2694
807 3077
113 3038
3584 6544
6101 1690
5488 6656
3624 3062
4339 3562
3820 1918
191 3058
618 1218
3473 5546
2383 1941
4798 6060
3219 6998
294 3970
1858 4352
242 3439
3556 1947
5094 4365
5687 4044
4713 3178
3008 4138
5898 3396
4163 6196
5345 1203
4464 5249
4687 273
3446 2666
6088 7064
2299 6666
1565 5828
3307 2267
501 771
2678 6889
325 5343
1625 1033
3225 1748
4217 1484
7091 764
6590 6226
1643 5031
5855 3634
6960 635
716 1608
2593 4125
5354 2646
4308 5890
6502 5864
2509 1865
6796 3902
2953 878
3375 2749
5082 1360
6370 4859
3554 3196
3339 675
2898 1252
2512 5645
2656 6695
2655 1110
6222 6454
4191 4121
5760 7051
1809 6022
6022 4313
1034 6668
2050 5169
6845 4339
3444 6596
4509 4651
6279 6499
3645 2260
3341 4308
2204 5491
3484 6242
266 4009
5251 3696
6827 787
892 131
6604 2690
5323 1255
1339 2870
2525 6668
4868 6583
6328 5002
4504 5240
1238 2814
7017 144
3318 4720
4724 2154
5334 567
5570 4880
4719 4448
1010 5380
3203 7003
5025 6116
6081 1286
6112 3477
2276 200
1431 515
1445 2619
1200 2622
783 6251
422 6057
3389 896
2971 4456
1159 5786
4545 1077
183 3040
5064 5725
5095 1258
4910 2856
187 5616
4593 2531
92 868
5623 4637
5484 6787
1216 7010
4150 6709
6272 5692
967 6804
1564 1940
4047 3432
2302 3361
4410 3093
5325 1668
4302 1464
6910 473
6194 4235
6214 3545
1529 6977
2154 6553
6017 3398
1678 2387
40 1717
3591 4588
1387 5788
1618 1918
5551 2300
5033 4251
3781 5851
2196 4279
2578 3218
2146 3556
5853 4196
6215 6512
1568 518
182 5877
2250 5580
3056 740
5895 2110
7092 5047
294 3576
3478 4962
3645 3319
890 4385
2927 5994
6902 3697
2882 2032
5989 6340
3461 5496
3867 4307
4403 4803
2110 1511
2718 5137
2075 4239
4220 5977
5642 1662
3980 2071
3180 3137
1850 3652
2998 6744
6381 1525
1003 1278
3566 669
291 2258
2809 5613
176 4226
2979 941
5255 1707
3739 1093
2307 2448
7079 3245
1637 1208
1776 2971
3835 1877
3331 796
1732 731
6914 3630
3011 3498
1209 817
7084 3810
3686 4808
4564 1909
5797 4711
3612 3043
6982 3011
359 5285
189 5946
5513 478
2762 1938
2897 916
1106 4061
637 3976
2983 4620
2021 2866
2221 3752
3173 3891
5447 1125
555 4532
1547 2694
2613 3937
558 5533
3957 671
1808 1197
6403 2484
3840 5098
2052 6565
6049 5474
5023 4532
5011 5690
1690 4568
2917 6907
6164 1206
921 964
5643 308
4099 5381
5178 6761
3555 3605
1067 5123
3449 5525
2002 5205
5895 5869
1917 1820
2622 2692
480 3814
187 2362
5674 1590
481 4554
7068 5471
5783 3936
886 5243
6295 6812
6491 6016
2495 1049
3318 2512
4901 6415
3766 3350
1489 3584
100 1993
4287 5077
5580 5356
1642 2958
425 6315
4049 3060
4754 1222
778 251
1157 6511
3557 7028
449 4042
1939 3423
5369 5198
5718 4382
5572 2015
1106 4971
5092 816
6818 5765
1301 5931
6241 5975
3395 6463
5061 905
6668 1362
1302 3648
5664 3967
947 1292
4359 5087
2330 3412
3762 81
1570 3738
6007 4612
3337 6558
3222 4298
6201 3027
5045 2886
5516 5225
5135 4078
5965 1325
357 883
4738 3134
4327 2243
4231 1101
3218 5266
2505 3864
3127 5049
5211 3264
1227 4780
6063 5789
2906 2933
246 7
6751 3626
3998 6812
6226 1576
6557 3510
1809 4923
3890 4034
2169 1387
6372 254
5149 3684
5123 2315
3777 4062
907 488
6288 3083
919 4832
3152 2251
4679 4042
927 2027
5500 1660
432 3702
4053 4917
6040 5464
6987 6301
776 5220
2845 499
1404 2345
6997 1601
996 6833
5232 6216
4851 5983
4906 2519
3456 6115
6287 2335
1486 6896
97 1409
6637 410
2925 4676
1511 3366
2673 117
1006 6732
2600 3949
2843 5312
2278 3050
2023 4992
4932 1066
1603 3338
5100 1501
2257 1765
5598 6791
1755 1258
7097 3687
1776 2386
6621 2066
6881 5219
2163 6083
1723 2977
5152 2187
1662 4030
984 1830
4636 6401
341 2662
3260 3044
3996 3132
1492 57
4131 753
4334 3789
6133 3101
931 4541
5665 1364
4439 1205
2458 3871
6197 3830
97 4762
2094 3878
1739 172
3761 1239
4169 6667
2682 4847
2502 3154
2541 3400
5912 1765
2820 420
5581 3425
6564 4779
3625 3857
2979 5832
949 2433
2190 5731
4574 5141
6386 4633
5232 434
6351 6851
1211 3397
1514 3696
5667 277
1784 488
2504 4736
299 3252
1328 437
6339 3892
4370 1753
4255 2190
2901 5373
448 3940
2449 4516
4427 5535
3779 6502
3086 1363
4606 6205
4907 1862
5002 1699
2301 1931
5175 5213
6301 4789
3707 4503
2366 1697
4934 4309
6575 2821
1205 210
208 3229
2989 3492
3643 6044
6943 1593
4929 4020
5072 3302
194 1699
5661 2777
431 3476
6825 6116
1942 5110
4065 6425
571 1272
3234 6804
3861 5397
6830 6926
2365 3803
1466 5776
3524 2395
5332 724
5077 4119
3696 2904
4001 684
377 2591
5311 4735
4222 1938
164 2736
1179 3724
272 6607
4290 2899
5035 3151
1639 4132
6858 1076
1640 5385
2498 2573
5135 5733
5146 5623
1202 4856
5282 4833
3488 4401
6501 4192
1945 6647
1365 5279
4233 1632
59 3189
1735 901
1784 5927
4785 539
298 1042
5491 5722
2375 3397
1444 97
2864 5992
5858 2693
513 3005
6966 5143
1561 4884
3804 2053
284 3582
6173 1693
3268 3410
4695 1255
6356 1985
2651 4336
3302 5076
6607 4116
6617 5308
610 4512
4443 614
2931 20
272 1381
2606 3089
3974 5889
158 1091
1474 130
4842 5643
1841 266
607 6544
3672 3464
5958 328
4182 3026
4580 6209
2367 5894
2690 3090
5350 4221
2631 4176
3033 1173
1909 627
2297 4905
943 6802
2465 6227
5430 4466
2156 2701
5596 2652
6915 5609
4898 5317
5901 5724
6226 1548
6085 6978
1071 4978
4290 1345
5973 2778
779 4864
594 48
3502 1235
6783 4084
1735 328
2141 4234
3494 5832
2100 1860
473 1864
7014 416
2401 1803
3785 3494
1468 46
6294 3770
5047 6671
1065 2749
2554 1391
5322 3394
5449 1947
4299 3749
2768 3634
6512 602
5495 2233
1797 3743
3599 2396
698 2049
20 3021
601 2278
1619 927
5302 6005
6101 4318
447 1505
3011 3985
5048 3059
5874 4517
2961 2287
5598 4456
4415 5516
6375 6618
233 2585
7011 4626
4063 5412
1159 2944
4254 6505
6346 2580
1076 6754
224 3918
5999 3799
2161 3263
117 5677
4200 6569
3846 1061
3375 6132
2321 6938
6005 1690
366 6119
5883 2681
5969 3748
6862 195
5496 641
5814 1259
2915 6106
3223 1595
1725 2970
1364 5641
1552 5382
5796 6712
5874 4472
5550 1603
6310 277
2586 2665
626 5233
5167 2210
4995 4231
916 1798
6800 3337
3670 6112
4192 4374
775 6405
3721 7042
4268 3827
3498 6371
6874 4680
5213 82
6656 1572
672 4762
5138 4636
4027 6725
3437 3937
1021 5240
1558 2041
4860 4186
1534 6737
6706 6352
6360 4548
895 1032
5962 4648
2734 5800
3950 2107
2752 2907
6051 6145
6120 2407
841 5997
5180 3854
6291 5346
4225 6358
5841 6752
1413 6611
2554 432
458 857
1786 7097
2572 4004
2685 6809
2501 6101
1391 3004
1693 3146
5309 1859
4936 1509
5543 2962
5044 6881
1424 3772
2760 4723
6274 3068
6955 4961
4927 1149
4428 6113
2608 3034
4226 1681
5382 277
111 3454
1335 1487
2673 3459
6462 5458
3132 204
4603 4353
5021 6544
173 996
1217 6233
1764 3624
4815 391
487 1846
5767 1564
5731 6361
4530 6471
3219 4045
3487 6898
1828 44
6648 5311
2696 4833
2747 920
5918 1860
1982 5235
4033 6589
309 5265
3529 5003
5303 1261
1605 4337
3211 190
6939 5265
6856 2982
3970 2393
4725 1347
5946 4496
695 6965
1561 3933
6494 2181
4580 4190
3022 3212
4160 2612
4747 139
2859 5391
5644 4708
6406 5190
1033 7043
1416 1706
1700 6751
4078 52
3474 1280
191 817
2096 453
1464 3369
1916 6210
5956 5588
2411 1206
5454 5649
532 6507
2016 4031
4891 6143
3264 35
4977 5094
5518 2769
5179 1770
3536 828
514 6760
857 7037
2981 4944
1090 4058
1626 849
580 3236
5024 5718
6748 727
3243 2629
2916 3908
6978 6763
4690 4150
990 745
5140 3228
2363 5017
146 6326
6880 5905
4770 4351
5296 6577
4097 6196
6460 5948
2718 2375
6305 3658
88 2407
886 4225
1753 2516
6343 3547
604 2623
2676 1098
2011 4477
1061 6755
3646 1845
1073 5041
5559 315
6851 5905
4203 2866
165 5841
3439 7018
4310 3574
1801 3973
7089 3867
6305 3913
5500 2219
4915 5644
405 1402
6471 526
4638 5561
4056 699
5676 6125
7015 6145
1408 3443
227 2057
4745 46
947 5068
3367 4424
3444 5112
1569 4650
5237 1206
4639 1336
170 895
6922 6494
5028 7061
2160 4133
3098 2076
4541 3933
3781 1461
2889 4588
6334 2933
1405 6584
1802 2941
3772 5195
3843 2149
2430 2792
2477 1214
4098 6637
269 1764
2202 2768
4037 4625
6409 4283
2894 442
890 5365
724 780
852 5038
3795 718
3837 6027
623 1645
749 2900
165 6656
791 1419
4601 2539
979 3143
3740 5428
5414 6757
5151 5999
5751 1642
4979 2575
2397 5237
2289 4396
6823 2280
322 6899
4616 6331
4719 40
1906 2833
2862 5521
5948 1485
5136 4433
6553 5989
5440 699
905 6821
6374 2617
6072 870
1690 6108
3158 4261
4404 4767
5537 6031
95 1888
5574 4380
5758 5295
4051 6450
2970 2747
5806 2368
2808 1130
6471 2679
1460 4429
1636 6396
3254 3333
1582 2371
2621 2120
570 2181
6889 5488
5945 3146
6299 5647
604 4818
6504 1336
5744 4802
6278 6158
6401 901
4131 4152
3455 5110
2352 393
1934 3978
4931 4957
6675 1803
4162 6172
1780 1248
6915 3879
4653 6878
2313 2662
3286 3553
5960 6865
4569 6413
5041 3740
4752 492
5578 2993
5612 313
5081 2888
4613 2234
212 6059
3070 4503
792 1836
1157 1892
2011 2184
20 561
3545 3154
4015 2576
3059 2713
5190 2332
5816 1315
24 4265
2896 3691
4733 5097
670 2729
6977 4574
2406 5282
4190 2613
3968 3127
6760 5683
2721 5716
6530 742
3535 4274
2396 1433
1969 1708
5027 5798
5793 4835
4156 6936
5154 6593
4704 2961
1235 4690
1979 4728
1989 3970
2785 2204
6209 4690
310 3195
2069 5993
3390 3974
4900 6187
164 1946
854 2495
4916 75
506 2741
932 3981
4125 531
5792 4189
3720 4340
2551 6802
4925 1028
4538 6813
2879 6056
1939 1410
3154 3773
242 3980
327 6041
5068 6021
2738 248
633 3908
283 6733
6758 5620
2763 3314
4573 6070
4254 3594
1164 2834
3773 1610
1520 879
5218 331
682 7013
1330 443
1597 5461
4340 975
3603 3380
3128 2048
3871 5580
7070 927
156 4600
2272 4812
3703 1231
6620 946
650 1517
5643 4874
2625 6634
711 2265
2139 3796
2391 6579
7043 5836
2452 462
3526 5528
2989 156
3700 4256
6909 1754
638 1947
1198 6275
4250 2949
3250 6421
4182 4695
4293 1494
796 2347
5125 1402
83 6235
2450 2241
1868 4861
374 2041
3844 1281
2941 3091
4557 1879
667 1907
6769 707
7063 4629
4630 5583
2868 5246
1452 5801
4412 6840
1097 6926
416 663
5802 686
986 6730
1708 649
1982 4382
2330 1527
284 2705
1267 1730
1948 74
5700 866
3852 5664
3403 730
3071 4458
843 788
2223 5536
6064 517
3457 2112
2003 5349
6613 3108
5863 3011
5385 1995
899 6170
3158 3118
1368 1975
837 7018
4592 5058
2221 3907
2389 7008
5906 3285
6268 2139
3048 1452
2052 718
3590 5533
3339 3856
2181 1609
781 3380
6045 2464
6524 2686
2090 3703
3153 1961
1721 6408
1848 296
5990 4155
5116 2408
5566 2431
5718 2681
1681 801
2475 3585
2409 2073
6193 1278
1595 608
4478 6895
3404 787
1817 3911
4117 4574
2135 6122
3020 4975
6005 3644
2342 4230
5652 1511
3673 5915
26 2114
1767 1664
6424 1949
3294 1181
2490 6093
5515 3505
3498 5236
354 1377
6281 5268
6235 4673
4552 3526
3111 2333
4983 6618
2594 1542
1781 3844
1745 5013
127 1005
6906 4855
3023 3438
4587 2501
3465 1091
3328 5604
6277 4320
3781 29
1348 695
187 5315
538 4473
6788 3867
6921 3614
6862 5285
787 1896
353 191
5306 1504
849 6892
6604 5101
6234 5528
67 2325
1000 785
3655 1470
5383 7045
2475 4018
2195 2679
711 5652
6801 6648
3796 5076
2262 6933
1106 5517
1230 1887
2478 6145
669 6786
875 6681
1586 2767
6951 4764
3089 4225
5620 2031
675 1722
5774 1643
2029 6460
6073 3234
5686 6902
6619 7095
4893 5457
1474 5078
855 1950
6500 3301
5082 1630
6417 2003
5604 6993
4974 1574
3408 6258
3461 6346
2066 6108
360 2376
6622 5863
543 1672
2121 1806
6458 5389
1681 4630
3388 1112
5244 5879
1631 221
5400 4334
5040 5558
6143 2179
2372 6964
236 2542
1660 5555
662 4702
482 4566
2206 113
4800 1657
2780 3115
146 1205
5772 4810
2926 1126
517 6295
1512 2943
5647 6743
4309 7094
1947 2157
4780 4162
6179 2016
6030 3947
1057 5349
1363 3581
3068 851
4286 3062
6406 4119
2871 6578
4899 2922
229 4993
1875 4038
3807 5064
2454 6890
1932 356
44 2115
2114 2840
827 4052
652 6709
990 5296
672 1593
6274 4300
1788 4690
5880 6111
84 1145
3017 4159
5030 5992
737 5787
5743 2292
5155 4554
849 1295
6119 1720
1211 4437
2825 6962
5604 370
1798 3924
1728 5170
6822 5520
1397 3381
5521 5498
98 5758
6832 2312
3851 6807
1655 4803
7028 4078
2268 6595
6760 4108
259 5868
5142 2075
2377 6787
5031 57
5116 1985
2808 6504
729 3319
3863 5760
2413 3486
2064 5626
3362 1661
4201 1275
7089 3106
3071 452
3889 3629
1698 1802
1224 2333
3201 5413
3015 2897
3678 5267
3052 3279
4095 2554
3110 2221
6329 6874
5288 2788
7027 3435
3096 2818
1689 5155
5940 5003
3912 781
4708 912
5721 5857
1878 4661
6345 1106
5154 574
6291 539
6538 1841
1546 1686
3467 1238
4351 1760
6067 739
1159 3754
2778 1727
6685 4384
3671 6623
1266 2376
5679 881
5322 4434
1058 5241
612 5356
2959 6605
4392 3601
6903 5640
624 3298
3726 7079
1749 4885
2748 2292
3979 3470
3843 6381
607 2049
5062 6697
3678 6691
6439 5214
5454 2852
6003 4164
358 2553
1910 4210
527 5261
1798 6019
322 5736
4852 6982
3454 5137
1342 1027
2335 6217
3028 6034
1441 3126
14 5435
2339 444
6064 1221
4655 1600
2813 791
1202 362
2611 5373
130 6673
5659 3747
6988 6858
541 4737
384 3345
3610 4171
700 6314
3330 1148
2093 3008
1990 3955
1161 2196
6414 5469
5363 4077
521 5334
4001 3359
1853 1358
1707 2102
1599 3112
993 4897
5700 4959
594 4008
2870 1301
2457 4204
4234 2658
3977 5682
6742 2157
6122 6504
3137 50
4320 4263
4850 2388
2826 664
6582 5650
4744 4502
1976 3597
965 3341
6003 4976
5188 99
1921 5449
395 2981
2167 4140
1739 3309
4898 1214
4203 822
352 948
6603 3715
4324 814
4822 5401
804 4195
1735 4016
6784 2615
2149 1086
6528 1509
6986 1129
5343 5838
6118 6367
4888 5058
5602 2892
5907 434
4463 6979
2040 4432
6773 5444
3927 1288
276 6730
3912 5991
1726 3969
1139 1286
5229 4876
1888 4748
4740 527
3508 129
2645 2464
6812 5681
1457 147
3264 5645
1344 4714
5809 1648
3573 1219
6600 6989
2905 5147
3237 1173
2888 3380
2519 5461
5092 5303
1415 1111
3998 887
1549 5842
6525 5954
6892 4399
4982 4731
3633 714
318 3529
2582 6350
2854 3911
298 5722
5260 6199
6621 1393
3700 4630
1058 3621
5954 3495
6064 3508
2484 244
3929 1780
4453 2894
1004 5870
340 1503
4759 1182
870 3291
1989 1721
5166 1244
6081 5311
4146 2540
1674 1903
1512 110
500 466
2913 2180
416 1409
3503 6991
5433 5856
5893 5704
3511 6197
5170 4936
5217 28
6915 1528
1604 6425
5699 4699
3762 4723
5467 5060
6045 564
2523 6936
4335 6895
4870 4021
2075 5721
4125 1838
5715 3386
5503 5864
3371 3340
1498 1489
5559 2450
850 4895
5624 7018
3855 2983
5003 1435
6578 3545
3485 3886
481 529
3417 3525
2391 5772
3853 6849
4507 229
4505 1849
1916 1313
3578 5867
4695 5206
5797 3285
2243 3353
4428 2480
621 5581
5594 5319
263 1153
2360 7027
5954 6608
2065 5632
1064 1327
122 3231
1721 3763
2515 4286
3627 3921
1645 2622
1405 5340
972 6388
5157 5319
5818 3148
5365 5884
4643 6814
6323 1945
5520 3822
2121 5429
5275 6495
809 879
5961 265
5531 6452
2075 5289
3185 343
3719 6206
3612 5894
6335 841
7016 5899
3800 4232
5490 6409
6812 4977
4494 6521
2406 6271
232 2149
6088 4523
4992 1560
4071 585
5818 533
1511 969
1785 62
1442 7057
4944 6285
3926 1441
5157 3538
3111 5838
6366 4767
591 4216
255 1669
1130 1970
1094 2544
1199 260
2872 4011
2140 4701
5768 4449
3842 5303
6225 4160
3540 1149
2605 4144
2558 5855
5800 5524
6851 6749
4900 4610
2984 6594
294 5605
624 2336
2267 1289
3080 3745
915 4166
7020 6028
2658 1948
1780 1535
5257 1011
5006 6993
6539 1712
114 6108
1932 561
2236 6581
5396 3551
1317 5488
3609 109
2771 579
3795 3192
6711 3435
2089 6833
1839 3578
4981 2547
1398 2192
2498 580
4320 2893
4478 3543
2662 5188
2358 1549
2173 2802
1314 6257
4076 2393
3677 3248
3757 2625
6490 4857
5153 6538
1983 3330
5668 1952
2443 6618
1195 6847
1947 2528
4710 3429
3278 3404
50 2371
441 2484
6651 6665
2758 5200
416 4399
5072 5068
4504 3073
1656 1181
2125 5817
32 6608
2228 376
6594 2175
2739 2751
6457 73
5231 2018
4431 4052
335 5988
5582 6177
6158 448
4508 2189
2325 5451
6910 6732
6616 6519
3269 5428
3039 2389
7097 947
1867 1512
2124 1804
1251 6441
656 2060
6120 574
2309 6346
3860 3547
4044 3618
6946 3081
6880 6488
548 4684
734 2567
6519 3451
3230 6713
6896 5706
3634 1674
5648 1387
1055 1333
4105 2361
4231 5984
3149 7083
3008 2219
1077 2102
2184 3869
3598 5663
2898 1903
1928 6512
573 4094
3903 6517
2141 296
4011 679
4570 2070
869 3361
6577 2577
1496 147
6210 587
2538 7076
596 681
4950 4259
661 1616
4680 554
3482 3656
5673 6256
3839 3710
4317 1810
5559 1125
376 4981
6818 4940
6576 5918
3108 5720
509 3742
1654 2976
4998 6681
2973 887
804 5355
944 5385
2442 5942
548 4095
2015 4399
26 4897
357 80
6100 6857
4435 1999
5153 1410
7090 3734
4078 27
2837 6263
2051 6042
6275 5554
1140 2286
2366 4165
2024 173
2713 5660
3012 6355
6947 3127
5805 6908
4207 2565
6688 520
2361 2102
679 2757
39 4970
1585 2901
5345 4009
2268 6255
5151 207
2071 4241
3344 5970
6718 1984
5128 1322
1382 1036
80 6749
5086 6067
6043 6288
652 2461
5081 5122
5438 2217
3190 5852
3196 5795
3493 6805
2146 1581
3819 5053
1555 6409
3351 1230
5794 1538
6229 1630
4642 6279
1635 7044
2113 4282
3860 6337
3914 4720
5707 2703
2687 6246
5401 1766
1646 2944
3011 4607
4128 2646
2126 4442
2377 225
562 2328
6979 3547
966 3291
1460 543
2034 1694
3059 2740
2379 4956
1027 5202
2432 1344
4349 4092
914 2291
3501 5664
3813 419
3 20
3650 4992
1471 2113
1721 557
4889 3635
4036 4649
2217 3785
2843 4540
4952 6059
2028 3410
508 6430
5455 926
4889 3367
5910 1403
1248 3760
1474 3944
5090 5200
3077 234
4782 726
2533 2265
3937 5046
2683 388
3723 2860
1997 81
5207 5330
6498 4925
359 5972
6736 4476
3766 2707
388 3958
1727 6015
4570 2491
4050 4098
6512 52
6827 5947
3248 5727
5091 1191
3366 5084
691 2800
2749 7038
28 5692
5979 6695
6102 5821
923 5331
5245 2643
6258 4908
13 2030
4874 5395
530 6742
19 1663
2220 4421
4988 4852
6054 5292
6047 5297
1034 4070
1181 967
5045 2182
257 6607
4831 3504
5829 4315
6053 3877
3946 2686
7004 3140
2756 3633
3183 1780
5661 3057
455 11
6165 548
4043 2643
5800 4004
1894 3661
1703 6383
2931 2941
4397 3501
6188 3766
1405 4516
6444 4199
2049 4267
1563 2049
3715 913
1513 296
176 1204
1638 6221
325 3626
2249 3330
2782 464
3196 2902
359 1079
6184 4143
6862 3833
1019 2654
3167 2009
5246 3914
5751 5378
6350 3222
5588 3982
3667 5933
2074 1066
4699 6296
6766 6219
3272 935
4636 2385
1593 3808
2603 1719
424 2357
678 4827
6826 3337
1787 5694
3520 6259
3787 2949
177 4650
6397 2257
5833 5761
896 1261
3728 4647
3163 1734
4426 1667
1956 1719
1239 1803
2821 3615
3662 4467
3555 1684
6967 2286
1226 4401
4362 5832
3079 5632
2928 4130
6933 2006
6952 2674
5397 5548
163 5587
3349 4765
3324 6550
2104 810
1728 2484
1548 6238
5287 6653
1958 6570
5460 2129
927 5088
5903 3266
4417 1913
5739 2961
5976 5028
60 3622
4071 208
5735 6307
3034 2893
5965 332
2837 1766
6090 5738
1473 5492
6402 4215
4427 3023
2711 1155
5351 876
1411 805
6338 2569
4558 2511
6895 5168
6112 6767
5652 6543
1419 6015
3128 1165
3099 6041
1151 340
2511 118
6050 1947
5620 2301
5046 982
5910 2179
3336 236
1191 188
5441 757
3725 4897
6524 526
3504 5334
3325 4135
961 3144
6275 3919
1222 2237
6846 6931
4445 6727
4609 573
2621 6350
6062 5935
116 5777
6040 2025
927 913
2168 5016
6700 6322
3553 6261
882 531
4306 6502
2228 6693
3357 5720
4419 28
6117 895
5630 1094
2261 4330
1128 876
4412 3294
5521 766
942 1055
838 6283
185 54
3579 6307
2366 1550
783 3366
3810 4478
4603 6635
4024 996
2137 1857
6741 4276
2617 5665
191 3728
5109 3093
1284 6388
888 3353
5007 3813
2313 4273
277 2967
4394 4699
4338 261
2713 2127
4531 5190
6512 645
3619 5606
2141 6254
3070 398
769 3899
62 1601
7089 2043
4802 5471
3959 5299
4494 5540
2407 5073
5084 375
18 987
5956 6897
6180 4362
4019 2246
5078 5459
5295 1783
3067 6725
3748 6973
5220 6301
1402 3449
4775 4204
5030 5309
181 2187
3859 3628
5585 1305
2326 2498
1921 2898
1635 719
5291 6187
6483 6643
3909 2
2666 5354
4646 6807
742 5229
6445 2786
5459 3229
6760 713
6607 3741
3250 4746
5742 776
4314 6026
2682 2693
2236 5044
852 3523
155 6061
6755 1159
5777 2033
206 2172
6622 6125
1710 1847
907 6319
1078 1233
2840 4962
2062 4855
3130 6947
2868 1465
5099 5693
4437 4839
1511 5254
3333 4992
2672 470
5362 2140
2670 2325
2094 4193
4368 6865
5898 3306
1448 4186
3298 5265
486 1455
1939 731
649 4298
4083 5079
2271 2264
2231 5683
3835 4943
6609 3967
3348 2972
6117 1956
3480 101
1879 2956
3612 1816
5454 118
6271 342
2567 5268
5659 4812
2766 3418
2391 764
1722 3301
1075 1720
3308 5276
3982 5391
3668 6275
62 4581
6268 597
6731 3118
1456 2955
3873 874
5132 4247
2704 1492
6646 6311
2014 3037
882 6326
948 1772
1702 3176
2507 3065
6527 1363
6853 4891
1831 950
1224 4983
4259 4158
6679 3839
3477 2915
1216 6855
2066 869
763 4795
3465 338
5496 6281
4152 5185
6544 3359
1037 6963
5189 5558
34 1741
3025 2958
4329 2342
5694 6187
3502 2104
4700 6268
6902 3827
2512 1174
6274 3429
2292 4152
1666 5804
480 154
1500 6026
731 6552
494 4276
1468 401
3031 1903
4376 1561
1138 2663
925 5605
6580 2709
5166 3722
1340 3213
1406 3593
3370 1121
111 2177
5 442
1411 3502
718 1245
5357 5775
4221 6617
878 333
1455 2339
1560 3067
1431 5850
525 5113
7078 5899
5041 6848
3478 5398
5757 6315
4258 3187
4428 585
6036 211
5312 1139
3002 2678
5646 3309
6443 4330
1583 2965
6669 1695
2231 1353
4890 6739
857 5351
1668 5456
4281 2306
208 1801
5282 4471
4584 7070
3715 314
1321 6020
3668 95
119 6841
3566 4869
2858 5716
3801 6231
755 4622
4711 2090
5510 5518
2625 5043
2862 3078
5690 6725
1191 683
3852 2586
6402 6790
2956 2184
4992 4945
5674 583
2830 559
6041 1480
5949 2411
6481 773
4003 6300
74 3734
188 2174
3622 3612
4472 2508
3732 5676
1761 3396
724 989
133 6935
2847 2283
6759 5354
2995 6512
4515 1398
2268 4077
6065 1715
6629 6540
1830 781
1770 3838
4453 6552
476 5576
5349 3946
2564 5984
5172 1683
109 5066
409 5661
6668 1464
920 6238
3302 2016
598 3188
6509 300
1348 607
3381 1732
3832 6374
4266 2785
4618 5675
714 6113
2054 861
4760 4492
5080 5465
4564 2086
4070 1573
4015 251
766 4306
5116 3660
3018 6244
5613 3374
5481 4392
1676 5489
5060 1045
4109 6880
6927 4092
4065 7021
2283 4655
3701 6265
3227 798
2241 1237
5503 4090
3708 346
4077 5669
2481 5631
756 2378
6896 1467
2960 4881
2231 603
1139 1852
129 662
4674 391
1784 3906
2755 1762
1227 2458
4007 5461
5099 2079
4317 959
3592 1288
3126 1048
5388 2015
4256 5670
1091 2177
2901 984
2057 1850
1758 2054
265 4387
3781 4072
1612 7009
2268 4917
347 459
5471 4207
2678 4100
4028 4114
3021 4918
2968 6023
1389 5519
606 2725
1728 438
2025 1538
2379 3702
1842 5595
2256 3968
1427 3606
164 602
4360 1768
3731 7009
6984 6996
5983 6359
2264 2562
2148 402
5331 290
3549 2706
6002 1225
6485 1166
2763 1190
2756 3067
814 4879
6324 2188
5696 5885
2049 3973
5040 5379
465 2931
5409 1703
3478 762
793 3764
681 2904
2219 4188
1656 6
5035 2036
2092 1028
996 2202
5441 3644
5085 5599
6376 6484
4429 3131
6 398
2584 4494
6851 5950
838 4049
3338 5524
3822 4158
2109 1802
829 6961
5445 6425
854 5701
5830 3664
4978 987
2901 175
3166 6221
5088 5935
32 6718
3404 2789
5571 5762
6011 1377
2627 2202
5872 580
3052 5374
1770 2343
5848 3891
2245 4605
5907 2940
4732 5183
5027 4560
4181 4550
5778 6271
4 5725
808 1775
1379 1326
3975 4525
4027 2260
4392 2661
5599 2183
1515 5431
6569 952
1628 6876
3795 4024
1150 6441
2160 5396
3203 142
1013 1302
5825 4564
5076 1727
3578 545
2526 5165
5218 305
4349 6824
5974 2055
988 3326
3275 736
6279 4091
466 3225
3019 4243
5831 2544
1460 3939
1052 325
1572 2980
7022 5956
4276 1392
184 5769
3973 6301
4277 1705
7051 3412
1728 375
5858 1019
2151 4660
4066 6744
6573 1697
2735 1146
117 4674
823 425
4552 8
946 5478
6671 3031
6976 5661
29 5687
3525 176
6183 2377
1211 3973
4015 3823
686 6451
3449 3260
3696 2869
3353 1801
152 6473
2717 2321
80 1185
4754 1192
988 4517
5906 1393
920 6349
2449 6654
5290 656
2442 1377
6071 4550
1370 1945
3439 2630
3331 5697
1171 4997
1614 1257
925 408
5607 4475
4109 5300
786 5725
5622 1537
2292 3271
3108 128
5825 1431
4683 1814
256 6553
3493 6163
5429 1121
1398 3176
3629 6032
4665 637
1545 4404
6632 3342
666 2735
3269 3297
5457 6131
5695 2166
1568 2467
4620 4603
2215 34
2416 615
2426 4430
3988 4889
3524 4556
6158 1393
6009 1771
5741 3043
813 615
3409 6453
3588 1085
6643 2613
4358 377
3392 1067
2416 303
3008 2329
5293 7010
5370 2709
496 751
180 4195
1051 2770
2284 6084
6061 1300
570 2675
5690 5122
5977 4416
719 1057
6473 1211
4277 1071
624 5818
3618 2686
6116 6611
103 1032
2281 89
4382 6832
3948 2762
3787 1471
4331 6599
2462 6302
4230 6112
6345 2296
6243 2758
6780 200
2486 5815
3263 5515
2439 298
1279 5508
6624 3112
360 2300
5024 6295
6539 825
4070 4965
2143 1310
3460 4132
5856 1325
979 630
1408 26
6524 572
2303 5368
22 4994
3538 5411
2671 4726
2563 6813
3284 1880
5871 1077
612 3434
4320 1742
6521 3192
1464 4
6199 6741
5387 6378
6915 6630
1117 5416
6836 807
3039 299
3953 5115
6320 4299
5081 7051
3718 4454
2613 1300
1171 5276
1244 6804
2917 731
6029 268
4356 2728
4171 6024
3939 6027
2461 5415
4668 4673
4782 2609
6462 2044
594 6751
397 6485
2212 5386
5719 2665
6617 1596
2141 2933
4461 6024
1638 1868
5402 4524
4789 6199
272 2514
5943 1782
2797 1077
2803 2262
4498 4623
5718 279
3783 5004
3199 3747
4329 4361
2319 3724
3709 1058
2879 4783
4894 2473
534 5402
4236 6957
2979 4005
6187 2187
6956 4262
2186 4189
668 1158
1673 3109
5032 3736
2111 1493
3136 4345
4371 7097
1654 5074
1229 3900
5436 711
5992 733
94 1112
1123 10
5884 5794
6276 5083
3762 3407
5930 6986
1583 3423
2167 5279
3363 4600
3398 484
4319 5845
6780 1466
1996 7099
1110 5954
2740 968
979 5246
1006 3726
2759 1968
4674 2653
3566 3182
2184 3645
4584 5529
1146 350
3323 6017
3445 4589
5072 6345
1361 904
456 5664
1472 599
6806 3155
3432 1816
3281 5673
3270 5540
5380 5926
1900 6798
3514 12
2828 6860
5364 5845
5555 1610
4822 3542
4908 4037
1333 2520
2805 3769
2092 5435
5348 4470
1363 3031
327 24
557 6210
1526 106
3582 6800
1850 1547
1767 6849
5824 5152
4614 5235
3241 1013
3727 4432
4121 727
4873 1386
5723 4038
4260 6178
5390 929
3199 2379
281 2191
577 1813
2865 817
6969 4431
6993 5154
1998 4053
4465 6190
2442 5034
4548 5408
5079 6313
5700 4059
5572 1595
1707 4628
5251 6335
3866 3302
323 2014
4987 6647
4161 5082
3116 6611
3249 3582
528 2544
5686 6387
4535 3229
0 5026
5109 615
5113 1971
3004 1769
5222 2914
5229 4663
3713 452
2734 6963
5480 3341
5487 6745
6074 5645
4483 1938
2790 4849
4399 432
3980 5645
4533 1269
1412 3956
6911 4617
1594 1296
5811 3853
6060 1983
6286 3062
183 1503
4585 1011
3717 6495
6748 6709
1472 5358
6266 5461
1428 2809
83 1671
1347 5685
1193 446
4222 4415
2422 6079
2133 2221
39 5975
1080 7026
5657 3454
2769 6070
1106 6526
2425 6932
5895 5506
5502 409
3865 1696
4251 6717
2731 5609
2560 6188
2341 6956
2814 696
2002 6336
4231 1411
2337 1680
6607 4877
3463 4894
4230 5962
886 501
6874 1713
6801 3633
765 6777
4075 3147
2320 4142
1539 2933
2866 723
4810 2643
3876 642
2868 3717
500 184
3508 3143
4753 509
6434 3848
2771 6800
6392 1646
5094 921
6395 3481
4424 4200
6477 1042
6505 5579
527 4244
1946 4868
175 4796
2504 2269
5199 4666
4082 297
3146 576
6231 5444
1868 6925
6999 4582
4938 2527
2819 2528
6965 6647
5768 2200
3951 5398
7091 5825
6684 1230
3612 72
7014 3669
1995 6814
5504 107
6960 2053
657 5027
5203 5541
1013 1944
4070 4121
914 3726
4280 1407
3437 5843
6996 6367
2637 1265
3674 971
5328 5190
3179 2291
6229 3604
1375 1564
4461 5335
5312 6882
6294 4472
730 6073
5719 4047
4506 7020
6029 4697
6332 3366
305 1536
3825 195
1182 2225
7075 5541
6990 721
3591 1128
2093 6788
5529 215
7040 842
6446 3983
2293 6955
3369 3451
2544 5775
6772 1757
6507 6159
121 6800
6768 6707
6642 1637
6675 4637
5660 6980
3399 4535
1569 1645
4210 601
5897 68
572 4018
756 183
4746 1081
1658 4811
403 2811
3451 4855
1276 3068
3306 6813
4926 864
1276 2745
6416 1209
5919 1827
2101 3735
2101 1585
699 800
2844 3031
4426 7093
231 3244
4584 6389
5454 6306
3173 2185
6565 5577
4143 6173
3675 5697
3508 4239
6298 6747
1325 1418
2350 1707
5679 3086
2958 6759
997 307
4272 327
1072 5388
2245 4340
3216 2543
3714 2623
2116 5930
4342 53
5586 3824
1280 241
6212 5699
6857 755
2698 4130
511 6995
1637 10523
2541 5773
616 6478
3364 2448
6830 2854
6909 498
1347 2568
39 1230
2773 1247
7013 6247
3303 4352
3389 2917
2516 2896
3992 4174
15 3652
4059 1176
2500 965
3885 1021
3165 3991
2398 1974
7012 6773
1929 74
1429 2398
1265 2982
5656 3639
2975 2135
829 6085
3984 3088
4820 1048
3180 6926
2415 1203
568 5847
587 447
3848 2813
764 109
2798 4248
1710 251
5993 2755
349 5494
114 5261
5604 2691
5577 2377
6338 1614
3262 6455
6453 6497
5426 6062
2328 1166
6473 5050
6024 2274
4287 2691
4660 3018
1284 1676
1867 3587
989 5702
2568 5526
5369 1318
2668 3555
5568 102
802 6147
3627 2093
1864 2746
6469 4074
1953 3911
527 2033
5153 6115
5296 5285
3286 1296
6695 6445
3068 1146
3509 4660
4512 4349
3678 2285
69 5534
900 5483
1257 2940
3176 310
4492 4991
5638 721
7031 6696
4345 2773
6212 6425
6040 3108
3108 4125
3571 1852
481 3347
7065 1378
5723 6558
334 4662
4219 2128
2801 5337
5636 549
6813 4915
5502 1589
3710 6512
6064 5371
1227 897
2409 2045
3878 4012
4807 2863
1657 5371
889 1371
1084 919
5420 1831
296 2698
4973 1267
3387 2347
2093 3894
6797 2446
954 5852
1431 6851
426 5915
1270 3793
5441 6850
3456 6564
4352 5444
1224 5232
6157 285
2084 5609
3643 1287
5836 2132
2144 4344
6733 1512
346 3320
2204 333
5367 1611
2046 4154
6739 4956
3973 2226
4312 305
4013 7002
5070 5318
5576 1226
269 4930
340 3350
1200 6658
4739 3772
672 5657
6677 1975
3354 5265
4447 6544
3294 131
3323 6369
4665 1229
1253 1823
1502 1401
3553 6428
6737 2531
298 774
6996 6534
4343 2480
5616 5691
6357 4266
5600 3382
4958 201
1217 2018
769 3994
6555 1335
1702 959
1391 4004
2097 1316
2630 6827
5779 5175
3233 2762
3613 2587
6307 3632
1778 7027
2609 4024
1688 167
933 6606
3063 5614
759 5807
7058 6430
4045 1668
7043 665
6433 6120
1469 4865
5981 6475
5144 2675
18 5798
4778 5769
2746 2216
3062 6877
1741 3760
2554 3314
5783 4414
6017 6729
6325 6344
3167 5411
3621 6893
4777 2503
6708 2469
6766 2435
5566 5788
2453 6811
4065 2829
7064 3884
2252 4139
1401 4064
1335 1687
1343 6159
1001 1205
685 6960
1781 217
555 2198
1238 2063
3518 893
6682 1899
4255 1493
538 4138
3248 2736
5413 1294
152 6889
5646 3349
1628 4905
6063 1957
3566 4051
3492 3928
2613 565
6457 1351
7051 5613
2814 669
2689 450
2881 7070
5389 2219
4961 1751
3138 5002
1977 4389
5672 2595
3464 5677
4907 4632
3165 1334
4107 529
4928 4954
2130 3261
5912 5244
6478 999
6411 1672
1789 3584
4391 4566
639 2737
2867 1192
1951 5869
2191 1910
6115 7062
5105 3107
4394 6229
5122 3718
6267 3641
4384 1252
4544 2492
1466 5077
5393 5840
4893 5023
4539 4853
2742 1467
3346 1412
31 6179
6255 6521
6994 3784
3066 2987
1782 3853
1489 6415
4912 3789
4573 3864
4169 2306
4891 693
2931 5623
6243 4401
625 1395
4816 305
2185 1381
5557 3399
2774 3584
6134 1869
1099 6641
5888 3944
2318 5952
4435 1428
5645 2559
3290 6328
1599 4147
3639 3581
5607 5840
5648 4105
483 6612
2150 4817
5636 5416
3983 5239
3206 168
4850 1908
6920 6702
2979 3567
5586 4914
3362 700
4020 121
4279 2989
407 3191
5889 947
4438 6937
3400 187
3345 6734
2074 1956
2612 710
6139 1522
360 3620
1071 3821
438 184
1622 5915
4328 4701
6941 3732
3162 5021
1952 3307
1729 2242
1718 3535
1409 3059
5336 1350
6436 6639
6972 5165
2436 6450
5578 1359
5336 435
5674 5788
919 3881
4394 3218
439 6559
3416 1311
4542 3784
2023 2059
4776 4635
1027 2221
3008 6652
187 1520
1420 423
2471 4171
6404 3619
3959 3026
3386 4935
679 6549
3218 4100
4033 1964
2185 6258
409 5061
4344 5418
2576 1186
1847 5710
2036 6062
4859 1382
2831 1191
4021 6198
551 2214
4353 5215
1051 1462
5260 3223
3689 2416
2510 5461
3664 1301
5263 1767
3228 6950
4809 2726
4516 1340
6059 1789
3033 6028
4634 1710
3402 1442
7033 4490
6659 2342
2590 28
786 3728
5972 4072
6072 4705
4220 2930
4382 2151
2993 5990
254 6530
2892 5057
4634 2214
2629 1474
252 4597
1075 3373
6529 6770
6095 4937
3807 2927
3860 1809
6279 4040
2127 1898
2565 1320
3651 7061
2933 3385
6823 6703
5166 5814
4821 2445
5464 1096
3339 1289
3066 531
4781 6480
4103 2002
1246 368
3496 4190
1618 6754
6591 6724
1957 6109
2154 5350
1731 1137
4026 5405
3541 6533
6384 2984
881 1920
3255 4197
2190 3700
5648 3589
4321 1927
1354 2114
6336 6143
752 2769
217 2012
1570 3483
5670 404
1077 6777
1201 1358
3984 5447
3671 2710
2944 5745
1548 1789
2615 6634
5166 5401
421 4254
6057 3788
1847 6272
1271 3710
2169 1613
6104 3194
2827 1811
2858 5376
789 4310
168 2277
6257 4360
1829 6884
530 2946
4636 161
5603 1418
539 617
4176 1608
485 185
157 2853
3708 56
1062 4467
3963 916
4635 4688
1685 2489
1026 3613
1405 1133
5438 1232
5943 1276
1234 661
2503 1083
1944 2130
6536 7000
5075 198
6739 1453
597 5488
1015 3554
4327 1333
6311 4098
934 1871
3115 4163
6808 518
1159 6230
2334 3562
1160 6709
3989 1947
6477 5827
1641 2505
6399 6930
5082 5424
425 2932
4479 3355
4712 1488
6012 1217
2423 2025
2291 4952
6919 458
4043 1642
1010 3512
2954 6818
6962 1157
1766 3189
169 977
5223 6708
6643 1290
6603 1305
1555 4891
2530 5374
2115 2666
5689 261
6692 2680
5451 5374
6755 3977
4448 763
2895 296
878 290
591 6158
405 2869
2727 6518
1782 6659
5031 6026
6940 1823
6252 1844
6240 5766
4688 576
2555 2
1233 3839
2802 4618
4021 4649
3285 3974
1609 4473
1561 7035
2876 4081
1954 3621
4780 841
3633 2664
2432 5176
4487 3297
1081 2
3006 1302
3943 1625
4704 173
446 1899
3863 2635
5731 4466
2568 3696
3897 751
4873 219
338 1141
6189 1539
2139 4134
2477 2142
6339 3504
570 2015
2288 3694
3779 319
3359 5774
1366 6525
5972 6479
1355 5306
4843 1456
20 643
2418 6999
343 2846
5751 2404
5046 217
3432 3190
5798 983
782 2740
4316 2977
2604 2146
6989 6545
250 5795
5884 5697
5090 5747
2638 4550
1002 58
1921 3269
4088 6720
3630 3627
1048 5760
5986 5554
6472 6803
640 4687
3458 7018
3741 4423
4622 3125
5068 3603
5103 6884
5266 951
5169 399
2079 5044
1312 2377
287 5376
6200 5254
2024 2699
4269 3026
5667 2277
5350 2844
1070 6375
191 1843
3574 5733
492 2623
3830 757
6197 592
5844 1761
6076 2968
4391 3923
41 5761
3147 3070
2981 4097
1421 5533
998 426
6555 3952
6239 6758
6596 4563
1697 3831
1905 1659
4914 5685
6121 1232
4365 5772
2534 2465
3559 2733
6541 1260
2673 4374
1363 1853
6672 2382
195 230
3502 6632
5337 2329
2102 4038
448 2770
620 3238
104 6621
4831 4357
4081 2760
3979 6224
5465 6862
5651 2054
3050 6330
4548 5624
1125 6467
6332 3104
4272 870
7023 1651
2769 1758
6220 6241
1008 3049
7044 2224
2885 5903
2999 5977
188 6108
2471 5668
752 287
6407 5332
2194 5082
5730 4126
1100 3507
2841 3095
4824 3040
4987 1072
7043 5674
4656 759
1181 2439
5168 5332
4374 6893
4218 5805
1600 6341
7081 4780
4551 2330
6948 3102
5549 68
2578 1761
4224 1636
4952 1740
409 1160
5244 1347
4820 5989
1222 150
2286 585
30 3675
3882 392
2530 5320
289 2606
4497 5271
4394 3114
5197 2488
2094 1026
1350 3729
313 1092
6601 4593
2605 1367
5820 2988
4086 4091
1463 2264
4864 546
6684 3225
374 3498
3780 3269
4573 5060
323 954
5165 5179
4114 2478
3962 3143
584 3694
6239 2926
330 6596
5580 5504
6385 6695
5939 4911
78 624
283 6163
1024 4005
5692 2428
3110 5407
30 6558
6767 3357
696 6545
6480 4601
3832 5009
3845 5175
6135 77
5437 2037
5687 2448
1757 6663
4978 415
4340 5210
1414 1659
5164 6357
5646 1046
3887 1283
164 1185
2388 156
4771 6396
383 1496
6025 6549
6922 590
879 5351
6874 2098
3038 1335
3205 5709
4435 1622
3332 3559
686 2655
2809 6231
2326 5844
496 111
2317 620
5796 1918
3079 2056
4685 3315
1561 602
2401 3369
5093 4827
3396 5733
3209 916
2437 6273
6158 5272
1786 2642
3702 770
3795 3768
1654 2427
4392 5690
4710 168
905 7057
887 2504
3372 6519
1696 1676
4755 6289
4108 3549
5215 5294
1127 4880
3753 2142
1332 6597
7047 4171
6888 4385
2306 5168
609 6585
6224 2720
6242 3280
1509 2351
6275 3358
2548 1519
4469 7092
2724 385
36 4973
7016 6143
4445 678
4360 3266
563 6573
5774 842
386 1187
5966 4566
3663 4848
2926 4106
1279 6901
2090 2177
755 301
2488 3
6345 3618
5044 1015
169 4182
2162 4154
2983 6843
1272 423
6481 1584
4131 4792
2408 2677
2019 6071
4829 4098
3077 6795
5678 2299
4865 2606
3687 6786
3088 5155
4071 5489
1702 3661
2380 270
873 3542
2812 1242
3572 5382
2377 3270
3955 5100
3424 523
6953 1463
2353 6984
4714 3939
3159 4473
6906 2408
2568 3479
1445 2372
4500 5654
484 6524
4399 4428
334 707
2761 187
2283 6779
6487 1023
4070 6798
4875 404
1695 826
6209 39
1532 5603
2629 487
201 2817
4900 5581
3366 1801
1104 5672
1973 6475
3408 6548
2389 2334
3709 20
3431 4318
727 5183
1075 2987
6692 6860
6443 2624
740 6137
4336 3005
3485 1846
2186 374
3213 4884
4287 6446
4702 1032
1756 4792
4078 2658
3448 558
2906 5847
1458 5354
3777 4075
4122 2890
881 1448
4743 5140
4174 1184
4864 3788
1062 1186
425 314
594 1708
2789 3695
4163 2521
3110 6125
3949 738
346 859
3425 5328
3865 400
3197 1537
4340 4587
6215 1924
5192 3820
115 4062
4975 4729
4341 3998
2210 5379
6579 3677
348 5337
3635 6120
3940 4339
5113 3193
1060 4186
4797 6684
4324 3656
4512 4410
3272 5630
5746 1747
659 5018
5255 6473
6458 3029
3726 5250
4388 631
444 4219
2246 6539
297 1785
3724 7022
5455 6241
4324 1629
1668 1670
3155 4502
6061 4702
6922 3568
3509 1366
5686 4354
6230 5648
1704 1845
4633 460
6049 5995
4421 2559
1685 2845
3146 6423
3799 7098
6669 4367
5197 2250
6851 6571
826 3501
6232 4213
4163 3524
2729 1368
5422 6634
3481 3934
3094 1849
809 6169
455 247
3007 187
3181 6868
5682 6942
4917 1438
5493 1343
2592 5697
3493 6859
3925 130
3809 2404
3454 4730
6033 2214
7067 2448
3375 1517
2455 3467
5955 1488
2535 5227
592 5960
965 4335
4504 6203
3014 5052
486 1357
512 4116
339 5025
3748 5381
1484 949
3820 4663
5334 723
3457 5221
2308 5704
1283 3677
4386 6422
3494 6210
3290 1047
1145 4562
2845 3790
3150 3342
4752 2657
2918 477
1509 6969
2655 3254
3913 349
3040 3634
616 1876
3464 5377
1432 1095
2683 2658
1783 3582
3166 6937
4384 4186
886 1066
3005 4626
2440 2180
6459 516
3937 6275
1471 1816
6349 6493
6757 6737
3998 1627
1695 4232
3339 2188
179 1033
6922 4798
2694 6813
4184 3368
3922 4502
1615 3685
6451 2583
3138 2056
1419 6704
2733 1891
1032 1394
232 5837
6235 4763
1039 6750
5330 1276
6004 6097
4377 2120
557 1978
6574 5874
6600 2631
3333 5584
1369 4373
4640 1054
4027 2480
52 6678
6827 4947
5924 1530
1010 6215
3115 1549
4242 24
4398 6895
3393 6757
7083 6623
5563 288
564 4071
3469 54
2739 198
4515 294
6716 2843
5338 5329
6399 4887
3270 4961
3809 6869
4144 1683
1653 5473
4352 4900
5486 222
3712 1800
1855 690
5804 635
4076 2732
4889 5448
886 4762
6165 4142
1334 4561
2328 1783
2955 277
6923 2137
5213 2046
6347 2825
3373 3805
7064 5598
3491 496
2871 2074
395 665
3489 2080
3210 2386
2743 1098
2432 4550
6944 5483
1007 5781
5962 5062
468 4493
6197 2525
3257 4849
5869 5940
3103 3583
4927 5878
137 2266
4895 255
870 5708
3273 657
65 1464
2850 332
5335 5936
1831 4504
3535 2614
6818 5697
1054 208
6181 1899
7044 1024
6235 4350
1152 545
1360 4997
591 4500
4364 5774
3204 6951
5857 985
5845 2599
1684 5338
66 183
4239 6726
6537 5577
4649 1002
4973 6244
1689 5514
5407 412
1821 1325
6578 7038
3115 2926
4306 5717
174 1952
622 338
2656 2460
3820 5895
5327 1051
5106 174
4195 1887
3382 3953
6723 5299
5377 4739
1856 475
54 108
2786 5298
419 2101
5221 1266
2966 5814
2777 4741
2930 1629
2694 3927
3948 1671
3757 5101
1489 1291
1523 3597
1385 3123
2148 4105
5011 6736
2087 6588
1120 4018
1480 1948
2994 2808
961 1571
4302 5346
1941 4317
1174 4636
3364 2196
4281 4556
5420 4926
5660 4057
3960 1344
5372 5146
4996 855
194 5790
3708 2131
438 3198
514 3501
2583 5842
1987 6679
5607 6629
6498 1183
6421 2891
6382 1137
1637 4277
1777 3694
2432 5963
2089 5930
6468 2879
2610 4338
3997 1235
6331 5388
6200 2465
3611 1471
1570 4086
5980 981
4477 3588
5459 6877
1723 7082
542 410
3766 5278
2892 2891
6720 3755
1107 3013
1388 4158
3748 4195
5266 6013
1859 3921
5025 3914
4025 6559
2056 3478
1820 1658
5299 1003
3754 4893
3304 1569
6914 5522
7028 6765
3189 5663
1404 5856
3637 4324
3946 350
3060 4984
5369 6518
4308 2696
3890 7098
2662 2949
7 6549
4669 4273
5970 389
1649 2996
32 332
1366 292
2741 567
4264 6543
1740 6170
4959 2936
3907 6963
3628 3089
1544 3561
323 2700
71 3649
3503 504
3061 6171
4426 1142
5306 2711
2954 7005
4955 2032
3601 275
6434 2967
6400 907
6444 485
1762 1667
2450 5410
658 2912
5588 1489
2855 5913
915 1534
6065 4413
3305 5832
468 2197
4882 5104
975 1174
3382 2919
3767 4476
2806 3710
343 6575
6961 5829
6818 5987
4901 447
5587 1663
5482 6828
4240 3112
4703 1161
6998 1385
3131 820
6169 415
6823 6925
4621 2385
2272 4202
2221 4517
4039 5787
6687 2303
1062 2341
5977 3631
3469 6353
1131 6147
1709 4685
183 196
3138 5175
6655 5697
2763 4403
6232 6474
1957 282
4332 4099
4572 1793
4522 4261
906 1472
706 5602
1546 5899
3049 3464
3461 3748
1638 496
3557 56
1987 4829
710 1196
5916 3944
1294 5293
6918 605
4639 1329
1064 4055
6768 541
5030 1744
5127 5445
6510 3553
5655 6454
2934 5461
5215 5893
180 5934
4566 2825
2853 5760
3145 6243
1900 2633
6462 6218
2986 6193
5926 5193
1077 3679
2308 6988
4242 6327
4989 47
1588 2460
5424 1218
1295 5798
1928 6976
6133 6704
3768 2192
7072 1711
1639 6413
1733 2879
3981 1286
4065 6544
1814 3968
2775 3613
6426 2592
6606 289
3721 5969
1433 4538
6026 471
1752 5083
2375 1140
4385 3119
5260 1641
1925 840
17 4693
3342 3107
6806 1385
4506 3885
1502 5634
2090 970
3467 6839
6844 6650
4379 3412
995 3029
6543 618
6538 565
3389 3386
6256 1975
3520 5612
7083 2823
2571 2368
1818 449
257 6291
5769 436
3003 2452
4933 5030
1412 3779
3218 5687
406 384
3119 5983
6177 3905
3436 3395
1642 3677
3173 6492
4070 1997
2814 5062
2437 3973
4803 5136
1974 268
4003 4886
5165 1330
170 5769
5860 30
1516 3922
5419 1164
568 5641
1282 1741
4082 4573
6697 4266
5574 3665
4309 5676
3 4915
1242 1277
5875 853
889 264
1547 5546
2871 6715
1127 5050
4455 374
4401 1314
2237 5272
2228 5087
4596 1838
4713 4488
6559 3812
5857 4496
3817 6801
6209 5142
1095 2927
3695 241
3526 6695
1486 5844
3030 5211
1174 2278
3033 4669
5897 756
7017 1738
1330 2468
5594 692
497 5946
4876 5288
4655 6771
5666 1012
5132 4825
2891 3768
6327 2126
1306 3581
5027 4584
6497 1508
1281 3153
190 6737
5709 4637
5971 1579
34 2465
2736 6991
1228 3049
2723 2526
1125 791
1552 5745
4149 4070
1915 6720
6863 6796
7044 3883
5315 3
445 451
4393 3779
395 4632
888 974
6371 4325
3415 134
983 16
1416 3941
3366 77
93 87
884 6536
5584 1672
511 5625
1643 2777
4948 1575
5980 1676
4702 674
1050 2140
406 6192
4847 3123
4168 3764
5498 2955
4317 6109
4469 924
338 6045
64 1485
1496 5445
6084 5343
7091 3018
667 891
5106 3814
1037 6383
5000 1509
7016 1759
245 6004
301 1586
4630 5623
6780 508
4576 3439
4922 2248
2710 4471
6402 5859
878 88
6769 4288
6166 3661
5951 5759
1534 2913
3643 6777
6930 967
5535 1557
1667 3899
1514 1453
5643 1919
659 3180
4435 2447
6919 3744
656 6779
3866 3534
1149 5154
559 174
325 6286
335 693
1848 3246
716 2544
2781 2545
23 4862
6032 6239
1183 3163
3193 4911
2932 1533
5466 3463
5201 4693
876 5084
3214 6178
6481 3505
2531 3293
1319 530
6674 2700
3709 5418
3072 3002
4504 6806
3031 4274
88 4407
1259 5820
3941 800
3735 4629
4585 2628
4567 6754
1511 710
2121 4590
6155 3670
4305 2733
1001 4049
4938 2682
6980 2554
3354 5191
4172 835
7033 700
1396 3243
6311 2925
1154 6446
1904 5716
5676 6431
5910 3159
5865 2730
1502 1188
2997 6434
3104 4587
5379 2190
1437 685
1673 5864
4546 4385
1585 6712
5483 4325
6874 2143
5890 1464
3161 6471
735 3148
3904 1426
2933 468
174 5148
263 226
285 2343
4956 958
5104 2702
5664 4250
5400 3226
6377 1006
335 4116
3215 3217
6460 4999
372 3804
3870 4146
4204 775
215 4603
4668 3002
4457 5107
6898 5169
4605 6938
6409 314
6245 6380
3267 909
1549 178
1242 3626
1245 3847
6107 5352
4977 46
5258 2994
2560 2753
3190 3950
4959 4820
2352 4679
1011 3804
924 6256
1383 2340
496 3452
1346 861
6215 1497
2844 6114
3489 583
3011 6226
6168 5882
5249 4666
2991 1948
836 3768
4967 5345
1915 2339
3880 6622
1496 5414
2646 7065
4186 4387
3201 4079
2586 5660
922 2843
206 1652
2411 2355
3259 4317
62 234
5712 1582
1448 5249
3006 4100
6437 1876
6919 6567
5729 4432
2823 2174
4914 1298
1023 6129
1327 3175
3274 1398
4601 3619
1493 4570
5396 6685
307 6319
6901 2577
3294 3506
588 957
4373 6073
3134 5302
5967 1259
1014 4283
705 687
6537 3792
6472 6280
3438 5372
10 5814
5575 5305
3027 275
1338 989
5700 3588
1213 5247
6531 6754
2079 3089
3646 1726
2824 1773
2315 6085
5543 4214
4377 5578
1998 3555
4523 2682
223 915
7081 6997
1270 3825
3719 5722
219 2552
4501 4281
2190 2768
3844 1287
1126 1927
625 1912
224 1403
5736 2792
941 2213
57 4810
2847 5294
3730 1153
345 3475
1304 2414
5365 6058
4925 1125
6935 1501
799 5322
3460 2883
3520 5231
4028 1189
6641 350
2370 4544
745 3787
4079 544
159 2020
1399 4755
4383 5771
4120 6404
6971 6534
279 5586
577 6871
293 192
3062 4430
2135 558
6335 2875
6850 947
4779 332
690 882
5269 6012
1250 1356
5955 612
998 2024
3337 7099
2369 2555
5149 4397
6906 4199
6184 2468
2669 6298
177 5254
3282 5315
793 6543
2451 56
5211 1544
1448 243
2402 3654
1953 6044
6090 2609
6647 6470
3972 5396
6411 3470
4799 4410
4940 6845
6292 4899
5116 1397
1085 1293
7035 6390
5418 843
3000 2163
3040 3479
5520 2309
1132 1573
2656 5693
2336 4911
651 325
2349 3384
2411 4895
5181 5657
5758 1482
5539 4022
1797 1827
378 5464
5600 2997
3622 3291
4627 4091
4087 3463
1514 2297
2005 2981
6476 3262
3861 4635
5815 1212
3842 1522
6048 1966
6274 735
6925 2636
1608 3000
3413 2324
1819 3082
6530 3634
2522 820
3883 3417
5716 5184
6805 3310
3942 2501
6589 6366
2076 1041
3217 5428
5637 5649
958 4069
363 2844
1067 4159
5449 4159
5026 2313
6676 1585
5315 4405
5904 5413
2031 6042
3770 1219
135 7056
739 4057
5148 3257
2076 4490
4193 5841
2459 3066
5662 3308
5151 4325
3266 5496
305 5367
2279 2148
5409 4250
6346 2747
2368 3756
280 5318
2887 4982
5615 4286
5170 2778
2277 3002
4800 6866
2375 6449
6351 5440
1189 40
4380 3858
3934 3284
4572 3638
2598 3883
2950 1199
4903 5500
4321 6257
5344 2012
674 6116
2031 688
5882 4972
63 6681
6990 81
3686 4396
285 1766
4840 4196
1700 3640
3159 3197
3578 3803
2724 2627
2078 4268
540 6848
1317 4134
5056 6831
4645 4715
6243 6930
519 3662
3989 6547
3578 5355
1185 5455
1777 5382
209 531
4343 6954
3030 7093
5503 3279
2840 6943
1066 2379
2167 4699
1641 6982
5639 1744
1440 4640
3250 804
5641 4512
4244 1795
1295 5968
5462 6959
3611 452
6155 455
5748 4472
4419 5247
1535 4697
338 1449
3126 6043
3273 2962
1170 4530
6701 5182
988 2215
414 1294
3688 2255
6346 3270
5770 2619
1039 4389
2379 2299
4198 5905
3348 5741
7038 770
942 7025
1594 4347
2333 3804
3378 4979
1670 4821
4239 1307
4061 4492
6481 3549
3957 674
4061 2620
6546 6230
2728 5716
7013 395
6671 1560
2994 5862
4839 5437
3008 832
1944 6201
1083 2937
2598 2912
2755 3700
5952 6484
5098 4355
232 5312
3474 4829
4652 4192
5964 6627
5935 2075
4305 361
1817 6706
5247 5308
2025 4389
2509 4713
301 3240
2801 4199
1276 4732
5339 2530
3164 1056
379 3448
2247 5023
1844 6729
3524 1308
1936 3028
994 6644
575 4400
6784 468
4871 633
5945 6067
2034 385
1452 1156
5351 179
3757 3607
6404 3059
1511 537
5697 6550
3613 5362
987 858
1064 6945
5052 2895
1554 6835
5107 6161
1217 2042
1608 3994
2259 3404
1041 831
5730 6529
4792 6687
2681 2957
4240 5288
929 24
2092 6367
5064 6721
5903 3290
516 3858
2491 1249
3723 3158
5553 2335
790 6631
6317 1095
6183 2991
91 6159
358 7006
3085 4972
2920 4179
3733 1944
5807 4684
1239 3661
6778 2060
6681 4715
1396 6917
1683 3210
225 3195
1949 3870
4045 1744
1780 2248
56 4468
5336 1234
3291 6048
1593 5210
4330 1767
6358 2344
6757 4451
2791 4218
483 4292
3515 5549
7009 5122
3952 4874
3831 7092
443 4083
5530 2488
4565 3057
7032 5487
5581 6539
4260 174
2189 6617
6 747
3254 3158
1465 2746
775 1040
1077 5067
3038 6051
5389 1647
3547 7081
5714 1115
1940 2569
5163 4132
4485 5958
1997 6188
324 4887
1914 1250
1256 1149
501 5998
3535 1749
6245 3208
2444 4172
215 4227
4715 29
3095 4742
2652 2735
6566 6215
562 4889
6426 6608
4484 6162
1219 4567
170 6557
5531 3085
4883 4458
2135 1836
5620 3063
4016 5207
433 6263
4452 2499
3572 2664
1588 3083
6154 2484
83 976
966 6030
626 6387
5477 1327
2204 477
5996 6909
4818 5058
5717 6492
6832 3097
2585 2160
5706 6456
7071 3051
2457 4611
4914 2799
4562 5376
2361 2715
1225 798
3892 6240
2872 6950
3584 4776
1254 2697
856 6164
3468 4587
2515 3518
3291 522
6006 2292
6508 214
6497 2748
6426 468
6282 2707
2540 4551
2594 3074
2091 2130
2649 4764
3734 2909
5947 2328
5475 1630
1592 5426
6819 173
1428 1310
6581 6449
4414 4956
6460 1082
4432 4940
5330 6232
918 987
4246 5616
7089 4831
4014 1186
1595 585
1222 5044
2947 6800
5429 4711
6734 1177
6329 2651
4409 5022
6734 4956
3743 4264
5605 1292
3060 3670
5550 909
5492 5323
5289 2644
7049 5224
6074 4908
6203 5352
1184 250
4458 6816
2892 3149
52 3091
2533 3450
3694 2147
3550 2098
6032 2171
5048 5691
1744 3670
4843 1949
394 2576
3200 3391
5515 1655
5931 6659
3474 1040
2066 3915
1052 317
2714 6865
5984 2628
3516 4826
6002 4773
3145 2507
6225 3685
3291 268
5632 2751
1562 4306
6670 1533
307 1017
1358 5657
6780 3659
2370 2097
2482 6445
3432 2497
7025 5499
3140 2079
2645 3038
2773 1145
2326 4343
5738 879
4953 6671
2885 5599
6798 1099
1483 4803
6506 1353
4459 6674
514 1072
713 3692
2247 642
2775 300
942 3476
2670 3728
5036 5107
1356 2233
5510 2146
1107 4228
3866 6367
5775 4336
3518 6689
5100 6705
1262 1536
421 2402
421 4067
1949 4428
2090 2438
6452 3064
4721 2655
6212 6920
5293 2773
6903 3690
6941 3985
3200 2304
483 501
1385 6919
4781 5162
3991 5911
2618 1662
433 6537
4041 3834
3820 3610
4749 955
4600 2580
1578 2644
3741 4394
797 316
3541 4271
391 4170
4333 1256
6826 249
1071 1477
5616 4075
5875 5342
5770 3918
290 359
4338 671
1808 749
5810 6975
1931 2748
1332 4887
1113 7014
275 395
874 3950
5679 4955
3126 6431
969 2546
6214 3768
4947 2857
4519 4489
4311 5793
4693 5744
3251 737
3435 2693
1757 3374
1483 3267
1424 3176
2115 1437
2411 742
1456 1086
6238 1711
6275 1834
4768 3837
5994 4481
3753 5807
229 4357
5792 5098
