6575 1852
4989 6146
881 7179
311 2709
4947 6905
3257 853
42 215
5256 297
2119 2589
7354 4212
7250 3932
2693 3979
848 3305
1694 2365
7388 1093
779 3114
5698 6540
438 2405
2650 3878
3446 4231
3444 6280
4195 1336
345 4082
4094 1957
2110 5709
7211 193
5588 1732
916 66
1812 3596
1555 299
7083 2529
3875 1059
1695 241
6151 5501
2414 3816
6921 6023
7172 2890
2035 7186
4585 2508
1709 1208
7216 1633
2435 6225
4383 261
2204 6280
320 3441
3312 2666
2133 146
3950 293
2748 3769
2747 2614
5597 3500
5652 3781
6886 6986
4318 3199
6454 901
4969 4810
4461 3625
522 6281
6612 6266
1438 1730
6496 5815
6149 5781
7206 6065
1060 880
3115 4882
807 5765
3389 6539
6586 349
2338 3806
2531 1693
7335 5090
4117 95
4006 1
869 4128
5707 6056
406 285
3521 4797
4027 4
4221 5517
4080 6995
4802 2714
333 3781
5720 3804
873 954
3652 4069
2779 5122
733 4967
1279 654
2542 2777
1859 3822
3283 1518
1556 4910
5982 1329
589 5896
1379 4139
788 1284
7259 1224
4765 2510
6022 2524
2623 3537
488 6594
2897 3933
6572 755
3782 228
1961 445
6605 707
1521 6312
3236 3504
1926 5718
6508 6208
956 6095
3595 6897
6893 2159
4442 177
5069 3475
5078 4718
2503 4399
6285 1923
432 4595
6753 2205
1599 4405
5258 3472
6893 2504
822 4713
6179 2908
399 6404
3483 3504
6896 6747
6692 2381
4232 7129
4699 8
3900 2081
3207 6759
1244 4215
6380 1102
2 3469
7104 3658
438 2120
966 7363
1962 3286
4857 3758
7098 3796
289 6830
6301 4626
7361 4005
6208 6546
3464 6531
783 3450
3570 1438
3581 7321
3388 6765
6259 4268
3696 3890
6326 5647
3373 2504
3320 1027
2498 7122
4586 2097
3033 6982
2096 4149
7482 58
7025 5688
274 4973
3237 3016
571 7348
4112 2569
1622 4591
6413 2965
4292 770
4925 6578
3205 5552
3400 3960
1955 4691
4750 3770
3288 4928
1154 6661
3033 1198
6907 2084
5691 6642
4083 7164
2590 3317
3694 3576
3939 3001
4013 4185
1407 134
4640 3111
5612 638
977 3009
3249 6845
3207 5783
7226 2411
4223 3722
4569 7400
2187 2833
87 921
977 4110
5159 2085
6795 4585
2810 6322
3237 4264
889 6435
3522 1780
6284 6824
4356 5349
6659 4512
2016 1937
1498 7147
915 648
7077 6248
3300 6683
471 4974
1451 6810
2194 7372
7394 888
2029 1087
1014 3410
986 3287
6924 3865
4385 1910
5418 7109
3101 4528
638 2442
578 3102
7174 1727
1692 3902
5727 4630
4831 6027
6768 1111
6036 4210
7275 4169
609 4467
6788 6727
3574 3760
2933 1168
5132 7221
3673 4037
1647 3917
4451 6432
6231 3965
2532 4062
5267 1921
1999 4439
5435 2889
6702 4062
7228 2551
1850 6893
6678 6215
3190 2278
185 5132
861 6907
6553 7016
1542 4740
2161 171
906 7331
5756 5902
3365 2074
6083 1567
6653 6185
5386 3586
6848 3203
4789 4547
5876 2151
5435 6263
106 7072
2288 5896
6165 4198
3604 5244
5173 6820
487 6190
1136 1282
659 6201
6473 15
1801 639
488 1721
3729 466
2117 7238
7453 6586
2237 999
7325 1694
251 697
6569 1005
5304 6415
4168 2861
2222 3887
6254 6630
4752 4256
4841 4837
1159 625
832 1109
7236 161
6919 57
1903 4171
2076 2372
2788 6070
7024 4784
440 2413
3326 1321
758 2860
7006 3434
3493 478
6673 3707
4755 1276
5725 7355
489 4636
3543 5849
3518 1147
2494 5613
6620 4877
2604 1705
5713 4559
679 5898
3559 2451
1742 3694
7464 5272
3141 2835
390 7037
6476 2113
1579 6323
3332 1399
1449 3099
2748 1279
1077 3922
48 1913
4089 1641
2242 2397
3180 602
2819 2504
2846 6772
4293 7042
3666 3375
4403 4846
2913 6515
5123 7241
6439 6619
5414 911
3476 843
3283 5335
3249 539
4413 6383
6834 4627
4411 5592
382 6415
3271 4269
6810 6972
4931 7383
1834 6810
1881 1864
6169 3673
3998 6905
5432 215
734 4602
350 5584
4390 338
1543 3733
4258 5923
5903 6019
1902 6723
6355 4175
6252 4482
107 6555
985 6036
2451 148
678 2811
544 1607
4601 5638
6321 6187
837 6998
2748 2018
6327 1586
5175 1220
1863 7438
2496 744
7127 2776
2126 3421
7094 790
3973 2356
4653 6488
6166 6185
2932 4859
380 7329
5505 6740
6883 6672
6387 6955
4164 1772
2268 6264
3956 1220
1839 3979
6929 2903
3470 4588
1331 6829
7365 3618
6196 4425
4165 2557
7401 1781
2012 3091
2598 1463
4156 6416
3849 3385
6179 2866
5734 4487
5995 2460
3934 3790
5824 3863
5814 6356
6583 3152
4971 6992
6276 5049
6252 6460
4120 1962
3160 6033
4581 2236
3699 6252
5560 2708
4683 5450
2282 6747
4096 4755
6639 7346
4497 1696
91 4250
3795 3847
3470 6150
3633 5136
4464 2352
925 3358
5162 1939
497 1860
6120 6401
5549 2890
1748 6650
2126 2987
5552 25
6381 3632
4744 3383
6062 6901
2871 4047
5871 492
7332 1955
3193 856
6632 950
4351 258
4523 2563
3471 614
3585 6751
5097 2487
3128 4152
4069 5325
5312 3336
4197 4326
6538 5773
3689 5558
1874 1074
4484 2154
5196 3112
7296 3849
7105 5148
4489 6402
488 5020
6847 4084
7056 3205
1719 7387
217 1539
7145 2675
1171 6745
1911 6640
3778 4297
1485 3909
6857 6053
1164 6222
2789 5111
5477 6193
1335 6745
7057 7248
2267 285
5575 461
2044 6784
2955 4364
5561 2692
3145 6822
3261 7008
1549 5799
2950 6396
3066 5521
4031 3349
6468 256
4981 6826
569 6699
4042 7018
425 5589
3850 5586
4739 3725
4769 3808
1120 1596
1790 1793
6449 6088
3389 4520
509 435
2552 776
380 2122
1169 3552
6365 6200
6292 7379
3635 1539
4381 7127
6683 5185
3132 5947
4249 1176
4653 6352
6548 4704
2146 1748
5306 6743
2932 2846
84 4344
4111 5590
1420 7141
4635 3006
3253 2134
8 2304
3060 5609
2820 4183
4145 483
4689 5804
5992 6143
386 1116
2722 5952
467 4348
395 6054
1841 3745
6058 2813
4803 3003
5558 1276
2848 3410
6145 2089
4414 2971
4942 362
1729 7174
6972 2921
4237 4149
905 3225
7404 5825
3577 744
1272 2996
153 430
4522 6466
2603 1571
7056 3401
6213 5042
2825 3053
273 2386
1935 3882
5556 2377
6114 769
2920 1213
6476 2450
3242 2770
5497 467
6754 4663
5113 6038
139 3653
7100 2000
147 4694
6839 3502
7497 3868
7410 7086
6060 3073
2762 932
1128 1846
1800 6884
5569 7208
2659 5895
5451 2351
6663 2953
1718 6047
4243 5012
6793 2705
4402 1604
1206 2098
5898 1929
691 6000
6322 5990
968 4253
583 6056
3998 2206
234 4742
1575 6342
3428 6672
4415 6043
5406 563
3011 2746
6164 2292
4368 6178
5406 5410
928 3083
6131 5649
7194 4841
5398 249
3404 5964
7258 1428
1586 3532
4789 2884
3749 5210
5441 4961
2506 3282
4892 7367
3994 1516
4674 1553
4819 274
2133 3080
6545 4460
6549 3888
2866 3143
7350 4082
3359 920
2095 3139
5917 7416
7341 6629
2609 5633
6369 3926
477 7208
1603 7422
2475 119
6488 7423
3375 5519
4643 6245
1000 1290
284 4984
528 2798
2477 1409
6059 1886
407 5049
3250 5479
1545 7081
714 7187
2128 1399
6031 5290
4999 3222
6746 4133
1838 4725
2139 6380
6423 2767
6227 4293
5876 2083
3515 6267
824 4927
6590 5970
1536 3805
5290 2599
7338 4034
2567 6636
4174 6380
4848 2343
5270 2339
2239 5672
3972 1697
1055 4101
4338 3406
5800 5277
561 1232
3136 6721
511 6803
5381 2799
3056 1529
6776 1286
6596 6021
4197 5628
3896 4934
3309 1163
4854 5532
1825 4381
4918 6038
888 2527
4907 5115
5893 1129
5548 7086
3534 6509
5545 726
3181 4959
3490 3724
3709 2856
146 3133
5873 3734
312 2175
6425 1779
4491 6306
3626 679
4209 3252
4249 6853
6167 6314
604 495
3419 7047
1601 149
627 7000
1676 5824
3094 2966
2828 7323
4257 3447
4829 6107
6020 5084
7013 3441
2839 2333
1388 6477
2847 3359
327 4427
2138 1710
4646 7049
104 2386
4706 2335
3061 472
2599 6343
1276 5039
1649 4625
1181 7102
3634 7295
5703 2889
6960 5647
3643 5007
2709 4490
6258 2803
5289 5850
7336 6600
5943 1608
858 4363
4005 2426
3622 6511
3898 2123
3628 4571
7053 2125
1597 2428
324 2302
5925 239
67 6157
1898 1487
4619 1803
6329 2028
5724 2841
1188 5915
5251 4151
4997 6390
6384 4895
5887 628
132 6022
727 4266
4911 1896
4098 2957
3359 1512
2898 1184
7261 4929
2958 1411
2423 4232
1212 1158
5586 872
2698 4231
6230 2512
6482 2459
5233 857
4107 6076
4123 6166
1008 1468
488 5561
5348 5558
1871 7116
4030 7306
1218 1005
6176 2587
902 1372
1796 3437
6186 4383
7312 602
240 6589
4523 750
4636 5424
4751 4962
2490 4556
6022 1101
1231 1360
4246 990
6267 6111
2654 2999
4507 6321
3056 7384
6262 2857
319 5421
1969 2223
4968 4881
7200 3823
4434 4983
2060 1272
6183 1191
1704 1432
6787 6809
3448 2885
4805 798
3185 4925
4772 5109
5043 4559
6273 2470
6608 345
662 6486
7462 3859
27 3679
2044 5601
6685 7098
5953 5734
1879 1846
5051 3125
495 3344
1580 853
6140 4046
5591 7373
342 6814
3514 7069
2072 7168
4100 2229
982 6236
2502 6555
1568 3613
4066 2425
6874 791
2036 6069
558 2772
6321 3385
2908 1950
130 6342
972 6409
3387 1417
4479 3160
5081 854
5616 2050
2797 1497
5110 6227
7207 3447
2856 3382
5112 6485
4712 5230
5316 7241
4113 1652
7327 2570
4899 1384
1511 3630
1037 2224
2267 4575
495 7265
4524 2202
7422 609
7177 4752
1914 5944
3828 1716
7403 1040
5784 5986
4331 2255
4782 5042
3599 6563
721 5525
4949 448
4658 6045
2971 6314
7472 6180
159 4991
2221 2390
246 3461
1739 3120
514 4237
350 7193
4324 6239
1919 2748
1040 926
1929 1313
5730 2840
355 229
5377 6295
3131 1134
2381 3035
3503 2420
2337 5896
6694 41
904 3869
4194 5375
4607 5963
2132 3455
5296 5184
1177 6627
2169 2315
6557 6805
1279 216
7485 7424
6631 3705
3859 693
968 3953
7366 3754
3663 434
6215 6839
251 3914
6228 3777
2847 2398
5979 3572
3175 6686
6578 4698
856 5014
1811 1346
2033 3679
2627 3104
1659 4391
3809 4290
6959 433
1850 3568
2171 44
4275 3212
7280 627
615 6188
7400 5831
7102 534
1936 7498
2530 3815
6412 6167
3782 1649
6402 7432
145 2602
3541 6999
4602 5889
3264 5822
6918 544
1687 6593
6830 4665
5838 2365
4284 1419
1785 6044
6697 6472
652 1244
1245 3536
1149 5107
1507 6825
5343 7247
3899 3074
5705 4310
1197 4047
6972 6381
4040 1335
4514 4799
161 5377
6614 1907
3347 665
5538 4090
7009 967
6083 4663
5091 3709
2775 1900
1933 730
5723 3009
4272 7444
4256 1541
487 3779
3138 6409
3231 804
817 4449
1043 5360
4244 4590
2592 3603
2635 3618
3485 2213
988 4623
3923 208
742 1487
5408 2221
6359 594
6058 3031
1329 2782
5851 6466
2808 5228
4586 4249
5770 4739
4093 1975
5423 6813
1463 6432
2264 1118
7202 3952
7484 5482
7283 4827
1075 4540
4329 3256
4743 1109
1979 2044
6503 2735
6209 686
1815 7206
3883 5916
4550 3745
4866 6149
3164 4785
7076 1550
2621 1232
6063 2964
3951 5321
4197 3827
6908 7432
4527 2137
1438 6155
2404 6219
6616 3742
4966 2165
990 3988
5700 1926
6242 3859
3242 7422
2387 3234
6555 5927
1647 2042
3564 4287
2724 5042
7443 6912
2435 3925
4615 5404
6317 4091
3274 6156
5108 1769
2021 2427
2134 4209
3931 511
2673 1824
2362 582
4360 1319
4719 7192
7137 4358
6742 991
3916 6253
5895 2554
4727 6921
3348 275
6724 1789
1491 1154
4973 6326
138 6890
3039 1986
2106 1450
2727 2366
2233 3830
382 1548
4334 1401
6703 1926
2832 4979
5554 5197
1798 924
6464 3274
3518 7032
3218 1043
3940 3007
4160 2787
4178 4180
5841 3219
3406 4513
1048 3788
5652 5829
7353 7450
6706 6138
3997 4820
5115 3292
6944 819
4108 392
7282 4818
6978 5658
897 4230
3225 3733
4366 5203
3128 688
3075 7427
2987 1018
4848 1350
4406 1787
2459 4453
2757 1455
3839 1127
4970 2333
5512 5750
6881 6496
2989 7123
2747 2961
4310 2833
1217 4568
514 4213
7373 1274
6985 6458
1341 7034
5516 116
3660 1741
5806 2760
6325 3103
1313 4846
1765 4018
1266 4011
7385 5637
3938 5131
6178 6866
6536 330
2238 7214
6748 4851
2332 2799
2965 1561
2680 1252
6030 6394
7104 4346
5702 5195
4707 4755
5712 2299
1865 6331
3387 410
684 3334
1468 1392
3038 2124
3805 37
4451 6257
7164 5044
2950 1826
5633 1052
6648 7202
2976 5537
5625 5170
7093 691
7375 6903
2095 6089
7153 1540
39 1117
1165 2200
3915 848
2279 495
3137 3147
2371 1027
2978 6311
6722 1307
6753 3974
6944 4526
7065 4275
2876 5773
997 2132
7333 1302
197 1228
4438 5250
3558 4595
5950 6448
1635 3882
4670 664
7093 2851
3204 6322
3567 6106
4180 902
5587 2468
4706 825
3793 29
7491 4712
1854 2009
6601 6
4272 7463
2687 1148
5211 986
4298 6440
5036 5577
4038 7010
3005 4818
1252 6962
1365 6196
1105 56
4929 129
2776 6339
2889 2047
3882 4330
1742 5879
6223 3177
4460 6064
2956 7127
4187 7270
2748 6540
4738 4811
44 4265
4941 4492
5880 69
2606 7361
6432 3840
1883 1170
2032 1896
1259 7221
3392 87
1751 5517
1627 552
5035 1326
5282 2377
2097 2368
3353 4154
1834 1023
4991 4877
1500 4060
1069 4805
4413 5057
129 5127
7231 1182
1708 3019
6492 6920
3565 5880
1797 4544
7100 7422
5006 3017
3060 5784
2526 3076
5142 6856
5274 2048
5612 371
3639 4690
6961 4727
1178 5448
2381 3583
5879 2886
633 1281
3321 5662
5950 5875
6981 4487
2508 6229
2882 7397
2223 3200
2574 5897
3673 183
4768 2872
3074 2098
6438 5527
917 5759
5945 4369
4424 4518
2391 649
2999 2426
4821 3312
4238 5250
1635 1759
7233 7471
7434 730
3718 5275
2149 6188
5791 3639
1339 5974
2833 6190
616 2215
5149 4349
6482 5106
3061 3119
2473 3232
3150 6942
5632 6947
2701 5757
2219 5148
753 6969
2226 6372
5582 7215
1274 364
300 4732
5359 1118
7098 5812
7126 7181
2100 7196
418 5986
1220 4563
471 3951
854 1384
2006 2257
3280 1670
4052 3533
2806 4203
6750 295
4666 639
70 5421
1539 5413
5688 4032
988 1998
2232 5394
3784 4402
3636 6049
3133 52
4929 4065
1943 1818
2192 2463
927 979
3451 4398
1881 649
1326 5799
4106 7367
2360 2669
4498 5399
879 268
2455 3558
2349 5729
7100 2909
4571 7092
7317 4136
364 346
2140 4154
3236 6634
2548 2896
7144 4660
594 5546
5702 5844
2539 5520
6953 7213
2952 5062
2710 2214
6104 6504
4246 6459
5611 589
5341 5465
1676 1807
5404 3371
6999 3905
220 844
3929 5275
4590 3974
4585 2607
1215 6330
3520 6721
4845 6868
568 6274
6511 4934
567 1802
3650 5611
3251 5088
1882 1069
4849 1875
7077 7212
5635 5334
2315 6043
5250 5786
4342 6993
1422 5508
1520 5849
6693 4342
7411 3159
168 7490
7125 900
2686 6438
7050 6190
1978 268
5920 7044
628 5874
5314 3244
3607 3671
1680 2681
5398 1300
4991 1673
113 3377
2013 3273
2939 5888
2540 5409
3242 5436
720 2072
3703 571
2514 5119
2389 1198
5960 6246
45 7083
2940 5891
416 5774
5670 2920
1973 6441
770 3289
3457 7157
2822 5335
6753 7361
5884 6912
412 7174
7372 3702
6634 2190
2758 1843
2464 5998
6451 183
1045 7251
3631 1262
3031 3660
6330 5414
4676 3930
5387 654
6492 7322
1711 4465
236 7387
3698 4188
3212 6077
7473 3394
522 4010
473 1058
1151 3928
5352 4736
292 1068
6174 1853
5382 5537
4569 177
4794 3010
310 947
2697 4218
1628 4000
3163 3110
523 2394
1079 1088
2080 536
6831 571
2256 5710
2462 2635
295 427
7025 2600
7314 3327
5654 5232
7360 1964
7132 4265
7434 4989
4203 5098
1482 7292
1631 1048
6435 5481
609 3533
400 5988
6154 2785
3646 5742
6497 293
1256 3741
1068 1967
3726 6421
7371 4543
10 494
2425 5555
3163 4979
5175 6689
7299 4518
411 1623
6229 1782
422 5254
3184 7347
2798 2477
1824 3928
7332 4596
799 6434
2630 4923
2043 3218
5241 2288
6271 6089
5105 361
3559 1530
669 3913
5877 152
7195 1543
806 157
7358 1876
3186 3851
916 1669
7046 2872
3779 3005
7388 7039
1918 3310
4897 1995
7299 1007
3515 1192
4997 2782
156 1073
1242 6564
2663 4163
5552 5062
4618 2637
904 5023
4630 389
1955 2276
663 4768
4305 587
5736 6714
5752 2987
5623 3807
1403 34
5950 2311
5712 6706
5095 5393
5460 4311
1313 6092
1657 1758
6796 1691
3626 6418
3802 5329
131 5123
2625 617
3348 4512
2642 2701
2921 2230
3375 3719
4168 3908
2292 6494
2387 5078
1179 4645
536 7158
5391 549
6703 2762
1993 2
5767 4799
755 3596
5041 5200
4741 4601
4818 7494
5149 4358
3752 4580
946 943
6425 6148
1554 6128
6857 6777
97 2
3897 1312
3298 2036
6525 4862
4569 4054
1058 2536
3274 1684
4052 754
810 1068
244 3838
2767 4103
6542 5796
5719 4765
2812 3447
1858 167
5822 6915
6109 4375
4233 4171
3044 5487
5351 3883
6675 6176
6500 558
2562 2922
817 5649
7090 185
2830 6727
1468 5598
2994 3710
608 336
2667 4197
6226 3878
4563 5484
7154 1285
2939 4169
2887 2568
4882 1055
2188 1000
5846 4996
1735 2707
6267 2262
3081 3925
1481 1835
4658 3325
3425 5835
2926 4290
2235 3993
4165 1373
1883 3069
6429 2880
1110 287
3770 4229
6673 433
148 4233
498 2744
2793 5741
194 3167
5773 7391
5947 5344
6062 2718
6922 6830
3252 5771
6212 3385
3599 5720
2163 5113
30 359
4516 5476
3237 4220
5873 4494
3638 236
2637 1848
784 3254
4499 6687
2424 5148
996 7015
4649 6075
2213 2911
3235 1428
798 1779
1513 71
5934 5548
269 922
55 2650
7432 5416
4205 4240
2971 2112
2443 3853
1116 2216
4725 2367
2971 519
2650 1516
242 3287
1807 2674
5419 3965
7245 5356
1485 1374
2360 943
4445 4342
3236 663
6736 2636
6729 4978
3570 4866
3284 35
746 7041
25 4177
633 6113
2084 6275
5441 1581
4671 6212
4575 485
2113 5399
1093 3953
2002 5285
1254 1467
456 4900
5227 1194
5094 5652
5252 3166
5135 6265
624 167
5798 3228
5919 1705
658 4971
190 6447
4353 1996
4304 7301
522 558
1403 1284
6279 3602
7450 4108
7293 73
6287 2333
5635 5755
1205 5411
482 5905
5060 5000
3613 1856
4445 2736
1259 3289
3521 2376
1178 1850
1694 5808
2055 6895
3021 4119
7424 4330
4226 6862
1944 2825
5339 3585
4709 3889
6273 4577
5616 2801
6801 3475
4208 3049
4910 1446
773 6253
2079 4716
1030 782
2988 6662
5070 2815
6395 2419
2964 978
829 440
5893 3722
5007 2981
2059 273
7439 2457
1176 5354
1123 6307
614 4472
3315 2398
1158 527
6150 1214
379 6129
5019 1837
745 4278
967 6130
1512 6133
713 7011
3903 6666
6879 6627
7489 2364
1244 2230
2608 5968
643 3358
3272 6076
6259 4496
4359 5467
4036 3856
4587 2426
4815 1198
3246 4480
1834 3221
5047 4487
7299 4346
4900 3318
887 2014
5368 5660
2531 5913
4190 3454
4743 5451
6765 2182
2168 4149
5084 412
1220 797
150 7021
5431 3120
4827 6936
3153 5820
2021 4761
2615 550
5687 1089
1628 2274
3047 5856
1609 5010
3319 6361
1949 6718
5630 6124
244 869
5986 6675
582 1297
5219 1951
4500 2237
497 1475
5606 3736
1627 2605
7084 2338
4331 1137
2168 5359
1375 560
5242 836
6807 2569
5508 4342
713 7484
4111 1519
7139 308
7414 6696
4274 1555
4334 6925
3976 3633
6163 1567
1588 241
3763 7471
5854 2228
5333 1657
4047 6304
3018 2436
6154 2718
5824 2885
885 1678
4130 4499
1163 3675
2568 534
3160 6765
7040 5001
504 3514
4799 622
5764 1129
200 4384
6022 1367
2474 4980
6220 3881
3084 4041
1116 7124
3473 3914
4347 6924
5953 5079
7236 7267
2781 863
1180 5669
2955 4340
5209 2237
1214 982
2372 223
3874 5234
360 6978
6683 508
5813 6274
761 3491
3801 1602
4679 2641
4770 4192
3292 7216
1761 6345
1348 1371
1059 416
5235 371
5211 4076
6757 2013
3571 1769
5390 5401
7004 2161
3416 5493
4406 4252
2132 5480
2821 6578
946 6294
591 53
1390 7480
6710 985
5236 1178
552 7077
1003 7006
5602 4953
5394 6352
5874 1527
987 7476
1123 4155
6986 2455
5496 5013
5310 5141
2564 4485
3523 6381
4425 1571
4912 5047
234 7175
5127 4796
571 2260
6976 3424
641 2449
3747 7260
4956 5183
3291 5231
6295 4005
6147 6566
2342 3907
7215 6065
3465 3574
2557 4986
760 455
3958 4608
4002 171
3701 5225
5981 4238
3529 1389
6738 3315
5907 5459
5754 4239
3595 6127
5084 3119
557 7210
1212 3129
4990 6017
4366 4796
6492 5365
4181 5388
4775 6104
4899 6732
5168 2953
7089 6154
2096 1402
2811 533
634 4151
4463 854
1450 7372
2592 7249
787 7379
4219 3212
436 2016
1809 94
3860 18
6479 5182
5488 4123
2095 3879
2517 5185
3404 508
1411 47
6754 1601
6580 1747
1563 2796
5442 4857
1494 4866
5485 4746
7422 3995
4281 6428
7371 2433
6997 3265
5166 5441
3204 4659
7339 3492
2073 6787
661 5184
1478 2195
7461 6704
1777 4946
599 3298
2556 2867
1949 6888
5615 2533
2914 6166
3596 6269
7136 6277
6675 6298
2915 1862
476 5399
7375 3355
4287 6264
5040 7031
5646 759
4645 4054
4138 1962
7446 6087
4347 4773
3611 3217
6786 5305
150 245
1222 3868
3257 2846
2843 1533
618 2248
6712 317
115 3507
495 6892
1062 6244
3639 482
1106 2886
5529 6361
4317 659
2837 7411
4794 5434
2508 6442
2895 6417
6243 3092
7456 3195
2835 5587
1781 7051
4883 6045
443 1541
5497 2676
6339 4859
3313 4689
1304 2209
5588 3893
4455 22
2071 2927
2604 4082
6491 1553
744 2545
5246 6538
2357 4109
3401 5070
7103 1128
7319 2356
5587 7057
5157 282
7225 4289
4107 3979
5631 3555
5254 7429
1440 6793
2112 518
6367 471
4714 3368
7409 3981
1804 1522
3074 3908
7084 3027
5373 6722
565 3462
454 3303
6179 6743
5998 77
1926 4029
5243 3948
171 2797
6609 5411
3814 5991
672 2739
2889 6964
5751 2169
6737 2643
62 3236
2292 2118
3009 573
2988 5934
6798 5883
1440 3468
282 3531
7269 6818
219 2876
1999 3268
1285 948
166 3908
5975 1235
4112 930
4697 1930
7132 654
4533 6709
150 740
859 5290
4546 7440
989 6352
71 3795
2444 5243
5329 3335
6805 958
1810 5956
241 1001
6255 2549
2788 5659
3379 948
3524 1799
410 3638
2838 1430
4496 4871
5649 5047
5456 3046
3125 5919
4171 4494
4484 78
7246 7411
5475 5732
6397 2604
3412 3765
5382 735
1959 3810
1758 2980
1671 2640
4847 3551
707 5092
6376 436
198 7314
5681 437
5888 7348
2442 1207
263 1343
2383 5755
6123 3796
6943 4176
1138 1288
3675 689
3328 1162
1686 6764
7066 7222
3586 5687
4154 867
2208 4224
219 3291
398 4607
891 3
2740 1696
3960 4542
1154 4598
4475 5743
7215 6268
364 6278
1385 7364
2362 5681
2786 5070
4042 156
112 5919
5452 3643
5914 929
642 5724
1903 6460
2886 3503
4791 3767
5263 7200
3120 1725
6040 3876
5551 2832
6861 5772
2281 3472
3487 6924
4298 6912
6850 6506
4301 4401
6717 423
5665 6057
6227 443
2287 4391
1785 4726
5560 466
6809 7115
5448 7208
4118 6156
4063 800
1858 1801
943 4420
5777 2546
5658 2260
679 4408
5952 1629
645 2328
5738 6830
1889 4727
59 3165
6072 4154
1788 1839
33 5953
1220 2838
1153 5972
413 6872
2802 3793
1190 3548
554 6305
6798 6933
6304 6971
3494 3863
2184 6038
287 4778
3276 672
7327 1985
3003 1724
458 2076
240 6798
1420 6211
1449 506
5134 4720
825 6953
6599 177
192 3755
1394 466
4613 5610
6850 6865
1002 3393
5745 2679
900 6007
6130 808
5606 5539
6238 2404
4469 3800
6378 6009
2762 6618
7455 248
3084 3724
134 2751
4980 3625
3279 4173
2599 1389
1502 3386
5223 3065
269 7167
5874 3215
4189 4498
7285 1357
1772 174
5137 4445
4312 1313
4332 4174
2483 1248
3150 902
5994 6349
4102 4591
6411 5481
5369 5093
4947 4236
831 6941
3158 6912
1294 4276
3448 222
1795 4404
2520 804
4919 3496
3607 1057
474 936
2030 2204
948 5163
376 92
2294 6372
6256 505
3352 5837
3624 3979
5785 4398
3700 1596
3339 2643
3978 192
1438 6765
599 6841
4371 2878
3334 7429
2706 2413
644 6808
3777 6740
264 7151
2796 3734
6069 1755
443 4229
5259 2388
2843 1412
1059 3630
6669 1979
7236 2849
6436 1896
1611 5705
7478 1070
2094 5016
742 565
4949 216
1269 4216
3429 675
1588 7
6146 4270
254 3661
533 4562
607 1819
2644 6401
1425 6524
7382 2628
3606 5724
6426 2592
3991 4252
1663 4859
4532 699
2581 573
1713 4435
3148 1707
3586 3520
3928 542
2158 6150
6197 594
2675 4971
7241 6627
2634 4574
6747 1286
5676 3046
6351 1310
1459 1148
512 5385
6642 6161
3081 7161
5881 10
5349 520
1753 4289
5913 5223
3338 363
3573 1268
1157 6279
6560 5927
5816 754
6664 1455
1654 787
3458 6018
2821 1787
1730 831
2109 5925
3380 7085
5335 6735
2159 1089
1211 577
231 5705
4823 3788
670 6543
5262 2064
387 7045
608 6123
1089 6346
6624 3644
5047 7254
4917 2996
5609 5652
121 804
3358 4930
5949 240
387 947
6258 5109
6221 6748
2784 7090
1787 4132
1346 3030
7120 4368
6322 1005
5049 1688
2462 2552
2314 3321
6008 519
3392 5349
866 262
179 1890
4343 705
7013 1805
3951 4261
5079 980
3410 3215
926 2950
2205 5896
4798 5370
2820 7337
481 3272
2776 4982
6808 1299
3593 572
1840 5782
6920 7022
5603 1330
3384 2629
1500 2928
2891 1293
2849 1685
6360 582
6748 6662
5415 6032
6566 6550
5092 7381
3980 2475
4098 1837
3588 920
1856 1260
7396 6526
947 4049
4578 775
1352 1931
5325 4460
1060 1617
3939 6667
2534 5064
6476 3119
5708 3904
286 912
4286 4339
1204 3332
4819 1070
6025 4284
3058 4042
5434 7057
1791 2024
3161 5119
36 7082
1027 7352
4823 5956
1577 2514
3257 6807
6407 2261
4023 3553
2380 4536
7441 1339
2034 5496
2677 2473
3661 3164
2199 4858
6932 3788
1471 4928
954 872
4323 463
6719 6564
2992 2635
552 2566
3108 5097
4413 2286
6618 4347
6426 2182
7129 1247
6789 6654
2274 6897
4736 258
834 2601
2606 951
4833 2692
7343 7020
930 2624
729 2141
623 3574
4927 1303
1799 2321
5601 5420
643 217
378 4286
5939 4461
4947 959
8 2392
4148 6355
7403 2242
6361 241
1447 7142
1835 5577
2476 6024
3997 1875
460 893
1154 3381
3551 696
6860 6355
5192 1720
7187 5692
2090 2104
1477 6790
4973 3820
3926 7311
5971 717
6189 1938
6651 4200
494 1249
3197 4087
5642 4345
790 6484
3661 4828
511 3376
374 3808
6439 2057
4858 3888
4411 1261
5814 6268
1534 2510
679 454
2625 3206
2098 6752
6059 4256
5948 586
3450 3478
213 2935
7303 4690
2316 3353
4620 7308
818 4862
13 7469
4301 5458
4465 2379
1752 2340
6727 457
4814 3716
5085 282
1079 284
4956 2974
2262 6598
5314 4716
1881 3135
6557 660
4203 6346
1297 1068
3213 2850
4630 1199
1413 7243
4596 6334
5184 1547
6952 783
3019 3170
2676 784
1069 2284
7106 1632
2514 971
6581 5277
5931 1422
7106 250
3143 2872
4535 1757
2031 5184
1730 3574
7363 3825
3049 834
1213 4081
3429 1390
5086 3698
4709 1380
6335 3848
401 784
3874 4580
5028 3329
1583 6219
1284 6544
2578 776
2129 1658
4939 6943
4493 449
1006 4321
3931 2428
7137 1485
4978 3119
5679 7129
5917 5503
710 15
2265 3271
6321 2153
6351 7193
5425 6031
1540 5093
878 4736
631 1871
3414 5231
4947 85
3290 1643
938 5146
7381 7059
5506 2046
5650 596
2259 7207
2454 3230
4062 2641
2995 2945
217 3956
4828 2165
6694 6106
1686 3501
5366 96
4876 845
864 3981
3455 2415
3831 5571
6200 384
6935 3850
4856 5057
3039 1375
815 432
4647 5170
6952 4206
1130 5294
3249 5386
4622 3263
1686 4752
981 1410
3248 6041
543 1687
2629 5922
558 3100
3059 2660
4327 2665
2556 6554
6766 4368
7052 6958
4686 949
6381 655
3226 3468
7347 3637
4744 7388
1122 1843
305 2172
4155 430
6442 4769
293 6742
5446 1723
2754 1574
6052 1581
6277 2417
4543 6444
7438 5832
1793 4924
3520 4048
954 2149
1119 2752
7064 5320
4435 1500
3201 3279
6373 5476
4927 4965
4157 7032
2635 231
4148 1171
1148 2307
357 2916
7207 970
5848 5217
4762 233
2707 313
522 1889
293 6543
2774 5889
5539 1217
4673 1213
5621 7249
84 6692
4267 5197
3818 80
1770 2598
4428 3575
852 4209
7085 190
5831 3149
5907 5764
6125 418
1949 4476
4960 23
262 1745
6540 1672
4654 3776
5964 754
6347 433
6254 6831
146 2847
3444 5467
1488 2752
7216 1534
3910 2596
6731 3541
7089 7367
4142 4014
3647 5911
5305 4151
719 5597
5473 6339
1911 2259
3958 3606
6133 1287
574 5784
2963 4586
6598 4688
3748 3835
6302 5993
5685 2253
7323 1760
6764 6304
1670 7147
1864 233
364 2708
1527 7048
186 7064
6937 7023
7498 322
5354 5281
3527 3634
4726 3440
5071 6758
496 3924
2995 4692
874 2228
2768 6484
913 1780
3905 5312
6841 1970
5900 4210
3420 6592
2195 4210
7195 5386
2009 6041
2574 532
7242 363
2802 3526
7023 1132
4276 467
3290 5214
750 1866
18 5714
5533 6523
1740 3618
794 6735
7202 7096
4491 3115
7289 7480
1553 5498
7350 5912
5849 7428
6569 1625
1088 3846
2604 5296
2464 24
3275 2090
3392 333
596 836
4779 5009
4869 3239
238 439
5382 1239
1416 6138
7254 2140
928 4203
1251 1894
1855 2924
686 4642
4171 1915
5624 2626
2800 2874
3258 3434
3052 5695
4668 3890
3154 1302
1794 1940
4273 3010
3467 3206
4072 4933
3892 901
1223 7439
4402 5633
7367 3738
5940 1304
1403 3221
5735 2943
3551 2923
4683 4889
3135 2019
3903 711
4498 7313
5090 3185
5040 3228
590 6622
1433 4540
7058 62
7203 52
6211 3057
4307 1200
4067 6045
1225 4396
7319 3410
2839 1557
6251 5302
2985 5658
2528 204
982 2287
5665 1202
1226 5358
3263 5542
4843 1906
4456 2265
7383 5553
1939 3047
2746 6107
6119 2812
5192 5321
3666 3416
2386 1064
1880 3775
6120 2802
6345 3940
7208 76
731 1807
2803 7307
2045 1574
7440 5888
1942 585
5059 7130
6638 1251
5387 6914
2168 4585
4017 1831
2136 2909
1377 6726
4972 2611
3507 2234
4814 4112
7346 6287
6373 3568
3688 5175
3413 4960
4183 4262
4428 466
1428 2388
2848 3112
6491 4407
7055 163
7291 471
1294 5120
4408 5093
5862 5574
6507 1027
705 6887
3329 4782
7069 4934
2644 5479
5667 413
2432 4596
4467 5828
2622 5274
5836 5970
3087 6548
2930 5460
3539 607
6388 5577
1635 3982
6926 620
1226 4306
2791 2766
5013 7075
3465 1699
5428 929
6926 6652
7262 1393
6561 307
723 7020
3742 4558
217 7434
883 4435
3008 5405
3086 3413
2202 4189
1824 841
5035 7012
2079 4968
5903 3591
0 2940
5379 2872
5687 5551
7047 6078
7272 1191
4645 5343
6008 3476
238 6021
505 6552
918 7201
5371 1868
5885 7050
708 7053
5227 4305
6883 1454
7073 398
4842 934
1198 921
3389 3634
125 7384
2399 7468
7484 5358
224 4007
2834 381
3412 4287
6766 4565
5140 477
312 5000
6995 4260
465 2095
3120 843
99 955
3663 5687
5872 690
3066 86
465 2000
1846 7330
4959 3425
2271 6564
2396 4361
5372 1083
1583 3571
2309 4161
4843 480
6120 450
2270 1956
3458 2988
2779 3015
1123 2924
3325 5933
2500 5202
4747 2933
4677 7289
6202 4392
2096 1934
7070 3422
2666 970
4493 2910
677 5551
5637 3858
1062 5747
4225 1155
4988 1149
5408 2294
2219 2014
1294 1489
5355 2867
3027 6837
4353 5341
5094 1564
5764 2342
6639 5044
700 5255
337 6990
6933 7256
4808 770
7279 7135
4738 3420
5151 505
3910 5480
4705 5051
1846 707
6076 357
1641 4802
1988 5410
5706 3384
2535 163
878 5199
3340 1418
3682 7352
2988 1827
2390 7000
1034 6522
6174 6184
2327 5976
2912 7309
2407 6501
6445 1845
2551 2575
837 4001
4872 4616
3014 880
1656 5714
6601 4395
5101 6379
2349 4763
2195 313
1789 1627
7064 40
3480 3757
2179 6787
3580 2996
1896 3378
6160 2674
2140 2674
795 4557
2392 7435
1111 4936
541 7490
34 7283
3319 482
6249 1931
5042 6957
5667 4196
4103 4001
541 2730
632 1282
5244 3923
1000 3696
1747 6546
134 6697
6763 5173
6812 5795
6201 6417
3059 5128
5803 896
7370 3483
3903 6284
2377 6132
6001 4819
7249 3646
2172 1940
1985 1188
977 1580
2648 2746
3748 662
26 1904
896 3160
5720 6193
6354 3210
5577 4611
2926 3538
363 3755
86 3979
4463 1030
3763 3096
5069 6785
5602 4345
2107 3430
891 5715
6074 6699
3622 6605
391 3584
3216 4803
2973 855
1664 6144
3025 1404
3976 2916
6400 5920
3858 5735
6825 5121
6541 4970
2067 5239
5629 1496
6230 5979
4302 742
3368 6753
3854 991
6898 1081
2301 3014
1309 2074
7227 2765
3199 7183
6661 6412
4095 2575
4280 4972
3810 1196
2831 291
1231 2520
7384 7205
266 7480
1382 6951
4192 6863
3574 2364
2283 2514
4568 1069
3670 6735
2210 6679
6229 4491
5453 2548
7411 6200
1431 6703
3535 7141
1893 6825
7137 1273
5996 3288
4022 2392
3879 2827
32 2712
5118 3409
4893 1828
4026 2487
571 2120
5121 6505
1521 3848
1996 6361
5460 5767
6140 5611
5828 2620
74 2072
5489 6680
5635 2530
5847 3760
4917 4130
2763 1494
1952 5429
942 3510
4869 6049
1587 5694
569 6212
3735 467
1169 4951
2130 6577
6774 5424
6273 6350
1220 2274
180 7003
3697 5894
7412 351
3068 2316
4913 5624
4935 3068
5195 1401
6650 3843
2161 7182
4389 1346
6365 4644
2414 1929
6349 1140
5609 255
2513 5543
7321 6177
4208 6432
6853 733
742 4330
3411 1488
2083 4438
328 4411
3415 4229
5933 6413
1930 3470
1542 4550
968 4590
2730 5369
5701 5997
986 1210
712 2582
2719 6947
7383 3317
779 2705
6861 392
2052 6983
2867 1303
2025 6525
4172 4824
2078 531
3467 944
3931 77
5703 6997
1824 2145
6623 3637
6744 1327
4072 3792
3748 4978
2344 500
4164 5456
1149 6174
6473 3430
6275 3713
4458 3478
731 7013
7420 3864
5985 1658
6400 28
6596 4303
5085 2058
3690 474
1224 774
1499 308
4973 5206
6348 4347
4303 482
6465 3052
3075 2142
2998 5015
2005 1150
7107 7198
3265 6733
715 4242
6710 7164
3932 4605
4518 4367
2858 5013
713 5577
5226 23
126 3233
6985 2768
2384 7457
4869 6989
2567 7054
808 605
7133 1074
3577 103
68 2650
6953 2490
6112 368
5975 2218
129 7014
6015 3751
5367 1830
7304 3188
4631 2621
4608 1733
1508 1723
3335 1129
6055 920
3861 4943
6983 6605
3125 4417
6008 3447
6459 372
3575 3181
1448 2755
6247 473
6857 4962
3151 1452
4638 2612
1076 1423
5246 6796
5134 1615
5681 401
1700 2357
6405 1625
2353 3939
4838 5904
5086 5891
5001 5747
4662 5462
4560 951
788 929
6928 6996
4972 4044
1672 4122
3437 83
5222 5947
6175 6805
60 901
6046 3565
397 4943
5863 1813
1893 6899
5699 6947
7331 6438
7301 1491
3783 1527
3100 3414
1965 4371
1079 3740
4393 1367
2082 2213
4100 4769
1514 1286
367 6492
4432 232
6703 4297
3116 3266
542 3683
4757 7411
454 6911
5653 5868
6824 5426
702 1356
5775 2109
2911 1010
1790 7158
434 6748
1908 5289
6968 2973
6851 4242
4124 5365
1977 1727
2856 1574
6520 5031
4381 3043
860 4669
1477 645
2060 3350
3456 2930
3401 6717
3840 1213
307 2800
6271 7365
4482 2481
5988 2546
2204 5521
2129 102
4114 3778
7408 3985
3480 607
3523 3335
467 5295
2454 2759
546 479
4941 4077
6493 2830
4091 4174
2511 2277
3323 4092
5515 1740
1970 7149
3533 4778
2826 1221
1494 3164
1167 4012
7286 1073
683 2570
3074 5459
6039 397
6659 1670
3688 6841
2751 4090
5288 7148
6467 6108
960 4885
6797 446
4995 2255
1579 7439
3937 7247
325 6610
4173 46
2129 2622
945 2705
5061 780
4328 5000
1203 4247
1499 190
2909 3112
3977 6839
6410 3177
4784 675
4226 1371
3854 5607
2570 884
1760 5387
5844 2820
3531 7455
3862 7173
4104 4764
3165 4902
7366 1122
1998 3781
3292 2231
6676 1435
2692 6699
5482 4117
3552 4848
1517 6926
1160 2442
6301 2036
2180 4151
2229 5394
7076 1136
7445 955
1174 5295
4804 3965
3201 7265
3083 2796
5600 318
1001 4921
929 853
3817 2128
1064 2206
4758 6077
2592 4546
6117 4196
3722 2133
7042 4885
4817 2615
2221 7203
2718 7489
212 7153
5643 6861
1811 1925
1059 4509
3031 7437
219 4784
3287 7445
1464 1478
1433 2015
4022 6133
726 2772
4200 2762
6746 7199
2493 727
4551 2114
4083 3308
2928 2030
2962 2392
4349 6080
2613 608
2166 1679
4658 5556
1454 4040
2628 1443
6150 7168
4947 2402
5339 2755
3075 341
3717 201
7297 5885
7122 2951
834 878
5412 748
3538 1360
4814 5040
5886 4469
2746 783
399 2038
5071 1323
2348 4043
306 1676
3570 2418
6613 3005
919 6312
7095 996
5507 5975
5620 4944
5212 2159
1188 5507
3266 1932
7482 7094
5322 866
4479 6329
7281 5676
4497 5235
6864 1644
4268 1623
1512 287
1172 927
6599 4105
2568 6458
4866 2803
5514 2169
7179 6141
3532 1979
4238 6792
664 4389
3825 2089
470 5581
2132 3168
3462 5226
3135 7311
179 813
5704 5247
7319 7396
4769 1309
2073 4325
7023 6644
5883 4867
1628 7450
4340 4076
5451 4917
221 2358
1779 7244
5817 6267
6505 214
6839 2988
3259 4972
6877 2098
7078 4030
1075 1877
5992 5300
3777 1787
4401 5271
3677 7406
6471 4276
6225 7294
6140 6418
885 5036
5511 2299
1726 3095
1692 2444
6072 1120
4790 6030
6649 6435
7183 4174
6623 5162
1231 5570
4351 2682
29 70
429 677
792 2237
4050 7253
2421 6591
1276 4456
4195 5028
3092 4921
2359 3512
3412 6935
638 1083
6736 3862
6590 5493
268 7426
3036 2354
4489 7388
3893 6840
1706 4320
6794 549
1046 1201
1227 737
4765 2693
3689 2365
5783 1689
7137 2721
6656 4373
5881 1393
1728 1192
7176 2886
5154 58
2025 1089
1043 4563
292 4817
4002 6620
739 6362
4372 7418
990 350
4644 5080
3414 863
6659 2967
4499 1504
5591 980
2604 1953
3823 6085
452 6774
2401 6525
4335 3499
6999 1805
3131 2158
3834 989
7394 846
2741 5289
28 4273
2847 6276
5370 6982
7136 183
6755 2348
2594 6119
6655 5450
4508 7425
2678 1359
4688 1199
1586 3160
6118 7140
7153 2874
565 4586
3882 3258
6542 4624
7427 1207
7152 3450
1390 474
5231 381
965 421
6493 1728
3362 4786
1807 6141
2099 7067
3424 6609
2902 808
6961 6727
1771 233
5885 7304
1309 7162
7196 1600
6615 2197
4855 5226
1184 2070
5203 5029
1655 2979
3820 2355
1733 551
2812 4823
330 6422
3896 3723
1675 4454
7391 757
4284 2019
7223 1534
2665 1306
5341 3945
5691 6440
5538 1387
3420 7299
3587 3867
7311 5807
1238 7417
3224 630
4067 4476
2224 4634
974 7344
325 4323
3599 4972
5080 5497
122 4137
3515 3477
2051 2740
3495 2792
4271 1589
6448 1365
6069 1436
3861 5399
6711 4070
6414 6931
6092 3993
1772 7285
6971 689
2176 6371
1367 2451
5008 2550
6219 1004
3427 2456
93 1375
2092 2647
5278 1997
1307 3396
1684 402
5100 6906
7385 4737
1865 2146
20 5532
134 2378
6830 3390
4772 1978
4343 1229
6743 802
1622 5584
7069 2335
6867 4368
5325 4743
4761 6463
2017 3720
5977 1422
600 6661
4518 4918
4639 6678
7349 7094
727 3673
4105 3805
6992 6095
6853 712
6646 6878
1627 3112
1997 1566
21 7385
5551 3419
2946 3334
3969 3748
338 5336
1090 6758
4727 2823
6602 600
4725 4440
7 4951
2917 5785
6130 343
7055 7275
2372 2605
965 7045
5775 7337
6168 776
3737 4339
101 5455
5005 5981
7189 4269
5169 3136
4223 885
6176 36
5147 4996
1536 1291
6325 1416
4708 7470
5479 834
6101 5579
668 2347
4379 7251
314 255
443 2400
1647 5997
4719 5139
6545 4451
6406 3947
6731 4598
5174 2018
480 376
4400 953
1938 7486
6651 6168
347 7161
3190 988
6410 5033
6616 6337
6637 6912
5170 5129
5468 392
7068 358
4037 5044
4192 6980
4327 318
5256 3565
5062 471
2119 1570
6116 3140
4216 2585
4630 1700
5826 4557
2641 5127
2612 2839
1600 2405
7325 1514
620 6522
56 1549
4304 642
5464 2225
5270 712
7198 5795
7302 4268
5652 713
4259 1574
7305 6860
4396 1631
1370 1877
3822 4446
4785 4617
431 984
2525 47
7090 3372
1015 2030
287 931
1864 6749
6853 4673
6884 2250
1633 7377
4127 3758
3874 5095
2403 1358
5946 2750
5493 1028
4152 4834
1545 1550
1354 4603
105 6381
4047 1809
5117 4239
5207 7057
4663 5845
6592 5736
3366 2467
6354 4584
6213 309
3397 1315
4094 1347
3410 133
7096 5975
2632 3446
5642 6867
5346 3308
21 1551
5363 291
90 2392
2945 26
4982 1503
1750 5578
3648 3945
7173 887
3677 4807
2238 207
6198 3063
5682 7060
4781 1157
478 2542
165 1976
4385 3918
3998 6369
513 74
1794 2079
7439 7496
5027 3506
4020 483
2037 1114
894 5921
1663 4623
2107 4995
6438 5089
6380 2595
1463 6858
2921 2143
622 2721
3065 6477
4175 3272
6326 1103
873 4974
99 4897
6918 5542
5722 5105
1759 3312
2301 5790
4140 6321
2892 3706
7488 4291
2130 6610
3967 1510
2014 4821
2493 3734
3565 6100
265 3798
1553 1973
2358 963
6836 5224
426 3751
5547 6583
7152 3748
4634 797
1932 6701
227 709
3227 7355
1783 5021
5571 3090
3613 3967
2170 4414
4393 3197
483 1770
5659 4849
4591 4431
1758 2056
1767 2574
1360 4991
430 5382
1374 5500
7145 324
18 4315
842 6481
1452 3005
4147 5281
5365 6698
941 3618
5657 2123
249 6353
4692 3711
1906 2845
6970 5599
6498 4798
2209 4277
2055 4133
4856 3386
5926 4113
5289 5313
2202 1907
691 4648
4918 4695
435 7325
5526 7250
2233 378
72 5217
6372 6330
6233 5972
658 584
5558 2148
2189 4750
2644 166
6196 6375
7192 1884
2154 418
3696 4031
1178 3415
4648 6305
2026 3577
3084 5786
4206 4274
5792 73
5706 1542
1306 1647
1624 6918
3735 3718
1761 7262
5581 6905
4750 5427
3429 5750
5107 3747
6158 1719
5055 5806
234 5133
7088 4329
4869 5033
3646 6291
6859 621
5435 2952
590 6379
5335 5183
3166 974
5381 2724
4062 3254
4826 1250
7181 6910
2884 4023
5157 7089
1516 5218
5819 7310
1631 1030
291 7233
1039 1073
4479 5477
6390 7320
5521 1212
5351 2906
2494 3424
4824 6765
3651 5921
2952 6780
3114 5208
4587 2103
6441 1277
1496 5757
2019 5413
971 5100
5044 3300
2152 6888
3932 890
4240 7493
1103 6817
52 4335
4996 446
6327 200
5208 3593
6913 1189
6942 3688
6490 6862
2610 2837
5271 316
3875 5964
2325 502
2874 7095
6593 2896
5405 4143
3445 4208
680 4588
7438 2138
1343 1378
6529 1662
7385 6552
1563 4517
4705 6303
3257 5329
3268 215
6002 2580
911 1333
1789 3312
3378 1037
6610 1677
3474 3677
7060 7304
6912 2771
6993 5915
6332 2283
6420 1654
2401 6652
2972 4496
1206 4268
581 772
3898 3968
1787 1603
6661 1299
2731 1255
336 508
4592 3511
628 3206
2327 4050
1722 2255
2122 266
6806 369
4693 1672
574 245
5615 6446
5369 239
54 7122
4166 1700
356 1479
2275 4423
250 771
2824 1890
3997 7474
4030 2968
3531 2213
692 1784
4980 1431
4489 2669
3707 5290
826 3897
5804 7379
2451 1469
2840 1763
754 5643
4636 3162
2821 231
4347 7163
3758 6084
4527 2934
6404 242
47 522
348 2081
7490 4302
4682 4990
48 3562
5566 4462
3044 4935
3912 41
4022 1952
704 6944
4199 4498
1518 62
1733 3835
5066 7089
1869 6307
3195 1313
1437 352
5976 964
2871 3671
3436 5540
3849 3548
2287 1762
1393 7286
1642 531
5141 3249
4158 3080
4681 645
4382 6956
3038 5884
7459 6391
331 381
5939 820
3349 4268
4286 7487
3668 2278
2559 1527
1773 7305
1619 2
7205 5705
3375 1303
721 6989
109 4603
4834 3853
3942 6186
335 3262
6019 3356
6405 4233
7114 4919
6017 3825
1607 3307
4162 1947
5268 1376
4690 7432
5839 5853
4443 62
5815 6470
4337 917
4794 753
6350 6005
661 5555
355 1868
1117 7457
4680 1857
5878 6146
1447 376
6323 6111
1042 6854
1479 2622
4961 6410
1455 5266
1910 1382
5172 7099
2454 6892
2879 5426
5374 3676
2084 6347
3748 4419
3672 5690
5754 3766
199 7370
4575 4269
6498 673
3974 2383
2471 2722
593 4583
3391 4652
6713 3141
6577 4030
375 483
3473 4301
2321 1248
4558 3302
2867 2762
3249 6075
1581 1280
688 2038
1759 4599
4788 1359
4124 3895
1748 4390
5676 2670
1034 608
3269 1712
7363 6292
557 5465
4663 771
6703 7264
1047 3481
4127 7394
817 3447
1991 2432
3337 4050
6669 3990
5297 5378
5803 6540
3102 208
6543 4687
194 138
3971 7441
4724 5920
868 1355
175 3436
260 3643
5044 303
6581 3090
4958 6332
2910 436
2931 5150
2381 4335
3461 6538
1603 7363
4338 6551
2333 1951
4494 5777
5600 6841
5404 3378
2043 7072
4760 1584
1168 2199
4216 1144
1557 7479
453 1716
6902 2962
4697 923
5333 318
6931 5810
7296 6356
3736 6992
451 3026
7269 5071
5210 821
974 1346
7312 4653
2853 554
5891 3595
5692 3681
5266 6136
846 6239
3029 2000
5004 3772
4447 2494
637 1136
4935 7020
1435 5025
7049 1515
2497 2242
4895 4355
1102 4033
5268 2817
2524 5291
6702 3279
2507 5661
5186 2714
3048 1103
1500 1168
7259 6189
6595 1192
545 1734
4035 5213
1671 7008
1786 5946
5684 4627
6218 3353
6993 2226
4386 5789
5183 3703
5619 3635
6817 7276
1698 4445
3969 682
6732 6644
502 2027
1619 299
1401 4285
4607 1084
5800 1385
4584 2297
887 2246
4467 2829
2486 4813
1104 5341
924 990
244 2163
1367 738
7365 3287
2824 4253
4252 2226
5498 4741
5436 595
4515 580
6721 7402
1047 1974
296 1105
394 5374
6027 1665
1809 6987
2463 7424
4897 1816
5804 7307
2796 2124
2397 1435
2640 7036
2044 2888
1630 195
4277 6214
2976 3601
7316 4813
5244 2681
3217 3993
6273 4924
2324 1504
6547 4378
1374 6414
391 4188
5243 1919
2797 6977
1814 6515
279 5699
6064 2464
4335 289
6920 4290
5968 5190
3140 807
6886 929
3221 1654
2700 5824
3252 4069
4872 2656
6970 5424
2618 2407
118 5391
3737 1421
4958 819
7403 5477
604 7252
7188 5740
3338 6391
915 4732
5202 6746
5569 6371
2072 2611
151 4482
4050 5050
6878 5629
5703 2210
1494 5701
5143 6739
3764 1421
735 157
6858 2700
2420 174
141 6851
5331 4898
3717 7463
6228 904
1466 4061
4692 1750
4762 1826
7070 6398
5631 5695
6372 2627
4315 1338
3348 7223
5359 6272
5761 246
4662 2982
6673 653
1803 1806
3966 954
6478 6078
6404 5791
3216 6761
5911 4343
3812 223
652 6216
331 2400
4886 7183
4260 3221
4672 7235
1069 5038
2498 572
652 5031
813 4225
6921 1142
4424 2168
9 2387
5353 2561
2155 5758
5509 6083
5027 2458
4436 3546
5725 6648
117 2640
3107 575
2875 1779
2899 995
6628 4095
480 2217
5898 1193
5004 2366
1216 4179
2348 5904
5715 1261
7128 4465
7184 2033
849 4459
5970 2087
4793 6665
5100 3463
1935 1297
5893 6163
972 244
379 5566
7482 2242
6995 1899
699 350
3796 6644
3934 6754
6006 2418
558 129
182 5250
6128 5082
3627 4635
3084 6113
5940 6575
7395 5392
2002 4875
2813 2180
5497 2390
1034 4051
2700 6646
2070 6594
3073 3215
1838 437
6218 4278
1330 6226
7447 2022
1182 7275
3646 1789
4969 3811
3301 1
3069 6815
2874 5135
4733 1967
3632 1662
1535 6616
6734 686
1910 947
6162 6547
7289 4272
4464 1160
2167 468
412 6164
7132 1169
1191 1579
6145 6963
6730 768
3343 2600
554 2076
4652 5278
3964 5827
735 5029
659 3455
4319 3548
6361 5212
4872 508
4063 2676
3413 2344
6649 4400
794 1997
3850 6672
1571 926
1368 3045
5954 6217
7065 5892
5267 6587
6686 5532
568 1106
5445 5033
1615 4229
6291 6915
1577 7253
654 6569
981 4105
6874 3095
560 7027
3867 3576
2079 6195
3711 3447
1182 3015
438 3124
5001 5685
6342 3602
3360 3054
2667 3540
5704 5251
6271 7336
3273 2219
571 5653
3735 5419
14 2421
2178 6787
1542 4503
7034 4234
5422 4616
243 3949
1283 3021
7010 3881
5904 4041
869 1618
6773 5367
6734 1620
6662 7166
4340 1994
1937 331
3893 43
5870 6061
1868 3548
5604 6553
5327 6467
538 1368
7225 2130
6716 1269
2119 3845
2055 6819
3552 3246
1455 533
5264 363
4840 6126
2221 3921
5805 4275
1134 415
5098 3428
7245 3895
1711 118
387 7111
5643 540
2796 4005
2331 2257
2103 79
804 6347
634 6977
1137 3031
2266 2777
7281 2467
6626 4453
2797 6557
7335 4481
1377 5245
1731 4164
4005 218
4209 725
5400 4863
4083 1491
6337 2018
1907 5322
5987 6051
7073 4837
3663 2258
337 4832
5744 70
2162 6538
5327 861
6454 7321
4756 5497
5 1319
1009 3537
6881 4753
4706 5218
1940 6552
3691 5438
5522 1843
4731 4423
5606 4388
2898 1322
2000 3862
6601 6562
1360 4144
2205 5207
2874 6433
5086 7151
3910 4124
7079 3595
3984 228
3288 2653
3766 1404
6984 103
3225 4820
2497 3456
2772 407
4489 2235
703 2590
1766 3292
2694 283
5053 2123
1236 3239
3320 2488
2647 6382
6984 4937
2389 2665
3688 131
4532 6498
5576 215
3291 4996
6020 1242
4277 2162
3431 5293
3575 3293
873 6119
3774 6838
4934 5553
4947 5270
5270 6259
2061 4862
4954 2545
7177 2680
3980 1013
5663 687
6887 6744
4124 4431
5093 1224
3928 12
5742 6688
5316 529
3307 2856
3194 1058
1196 4361
2116 5523
6800 4805
3086 2324
1463 2904
2563 1593
2528 5426
3596 6539
1749 5889
3493 1878
6636 2707
4408 6062
3358 6788
200 3725
4387 4638
6808 1835
6892 4867
778 1073
3853 6445
5163 3956
1154 4622
423 4993
4777 3114
325 3498
6843 6141
753 2592
1329 4570
5483 689
2861 1726
2314 3521
4230 5630
1845 5685
1732 2479
4785 5688
6618 6680
7328 597
2222 3328
1554 5751
6943 2751
4911 6807
4099 6298
4957 3793
4959 574
3291 2710
2848 652
2947 5566
6996 4772
4717 5551
758 7357
4934 684
4598 6222
5417 1928
4786 7480
2563 3443
6466 4074
7378 4356
5099 3823
5412 4485
6387 2946
7206 6256
936 3727
1433 1627
7196 5655
2268 2090
1817 1470
5420 6130
4546 314
6541 7390
2455 4067
5499 5722
1529 7110
2422 4947
4934 3423
3534 4241
3540 2151
3798 1397
7032 2944
5439 7012
5039 7499
6446 1350
6053 3940
2628 5496
6598 220
1642 1120
2698 346
2165 2647
6933 4004
2810 3957
6804 3608
5928 936
5415 3920
664 1147
4364 6589
846 1326
1333 5941
3634 6155
7282 6640
3225 457
7122 517
847 2337
3852 1687
4413 4858
7145 6187
6852 5621
5877 213
3221 6302
4940 1394
1136 6816
6772 6880
677 2419
1833 533
4706 1309
1800 4147
1631 5682
3749 1665
5555 2967
3287 1951
144 6263
6446 6849
5683 6561
5310 6022
4185 4488
2178 3708
1298 1088
848 2991
2541 6717
2300 6314
677 1227
1136 1923
6515 4733
4695 3791
703 4575
3101 5783
2502 3067
6992 5914
6994 1879
2397 3099
6558 5729
5286 4895
1998 1753
2249 5907
2549 2812
1977 5669
2934 7130
104 1165
7068 3449
7358 7236
232 249
4329 4577
57 4277
398 1407
4527 5536
5204 2895
6381 3769
2676 2878
5128 3553
909 1169
245 3114
5970 681
5218 4698
7122 2742
403 3486
3084 3439
6584 7333
3887 3355
727 3273
7170 2971
4944 7428
5470 1648
3516 4208
1936 3782
103 6645
3062 4788
6978 2837
4613 1107
786 623
6249 4628
6099 2949
890 7105
3820 4103
6520 3675
860 3227
461 6587
6826 6423
439 7197
5874 1599
5213 7151
353 2969
4323 5507
1427 6620
4038 4402
3212 1436
2841 3977
1056 1424
4035 3173
1444 6750
6026 2255
3743 2436
4578 87
157 5436
6783 4870
7244 6041
4671 2348
6024 2541
3636 5436
1613 396
7254 1979
4677 4754
2006 6531
5887 1506
5008 3180
5772 4775
19 6774
708 1131
6859 4866
4409 6392
6278 5811
1417 1918
432 741
1626 6640
713 3577
3931 3603
4861 2237
797 4889
949 1416
5743 2620
6609 201
7348 3702
2734 4475
7396 2337
2208 2452
2530 7019
3576 3224
6257 6263
4986 1771
5701 5384
6703 6180
6297 1975
1079 3753
7196 1693
4652 1586
109 5200
293 3261
2584 2426
6575 2220
394 72
6143 510
5288 3805
1954 2949
7441 2091
5581 6282
1382 635
2000 3020
7376 1692
2651 4834
2957 6398
4101 6951
3584 4253
6969 6599
5579 4037
30 884
7074 3770
4406 2756
7463 4365
2227 5806
5120 3202
4843 3609
3237 7154
3030 6928
4583 7344
1582 1881
7170 3391
3247 7133
6040 4827
6405 6720
2407 2209
595 3634
1137 446
1438 3513
6282 972
6199 2588
3295 3136
4818 4173
2086 4084
5224 6146
3303 6477
339 6205
1610 1361
3310 7390
2010 2618
5236 3892
6850 6279
3942 2484
5687 5509
3650 4422
3467 714
1798 3241
3461 186
690 213
1649 3122
2674 2953
83 3674
5484 675
3812 1652
4678 2945
6002 1547
6827 4130
6798 335
6336 5605
4235 2342
4743 7342
1480 2503
5168 7222
3262 619
4477 3254
5942 6489
3372 6145
3600 1836
930 2447
3582 2340
731 737
3194 6197
954 5634
2217 3892
384 5421
2145 3969
4937 6910
5815 4695
266 5131
4623 5663
2160 7339
4985 5967
586 3030
4804 3001
6120 4984
6646 2632
6026 5128
7212 3929
6412 3005
4728 240
2558 6520
469 1198
6911 845
7094 3945
2298 1720
3236 3259
278 3665
109 396
2121 2972
1526 7103
1320 222
5729 6638
4845 3181
3684 4429
3118 1319
723 957
6678 5822
4204 5141
1274 5040
5562 570
838 3834
1915 3493
7089 575
1636 1198
2395 3899
567 3173
1967 1094
1143 3196
6818 2756
1413 6567
3687 2371
1286 68
2684 347
4698 1011
218 1678
391 1342
7109 6607
5390 3884
7458 3194
4388 3235
2690 3266
2705 5776
600 6976
5888 2783
5604 6048
5155 5923
4025 2541
4845 3756
5556 1423
3977 1496
5906 1116
6373 4069
2299 3528
3677 633
3801 793
247 4860
2985 4079
6128 2543
1356 1179
6216 4330
3627 5479
5395 3547
3133 2622
1624 1067
2431 7234
4584 4522
7459 6794
4820 4407
5124 1034
4999 4126
1149 2573
4815 261
3316 7125
6087 4102
4555 3332
7111 4731
2251 6712
7428 1145
5714 2174
5698 3279
5067 5532
4356 3231
1520 4519
6720 4047
1616 7371
6556 5805
5247 2198
4645 4229
3895 5156
4270 7329
7085 3726
6677 5680
5501 1855
2446 3756
2222 3472
4185 6897
7198 7317
4099 742
4459 1875
1581 1954
4112 6945
6725 6993
5094 1687
6817 2474
4875 4841
1758 4513
2549 5130
3554 1522
4147 3924
6782 900
5642 61
4976 6333
4599 6293
4589 447
3354 855
86 6492
2998 4742
105 7123
6024 3248
427 778
4338 1066
3994 2193
1191 1363
665 5989
7475 6615
4504 6502
2202 3136
7422 1146
170 440
7196 7375
1933 411
6905 3048
4884 224
3057 7241
6891 5746
1987 7130
1678 4348
4674 3949
7493 2114
7480 2772
3448 7100
1410 6865
5561 570
12 6222
260 510
6231 6836
629 4934
2436 716
1177 5961
4379 2914
631 5385
565 810
6162 1611
783 5773
5449 2706
1025 3104
3442 3723
3734 3857
5276 6343
6198 1167
5179 1991
1575 3205
6378 360
6473 4466
7397 2627
5334 7326
5489 6232
1912 2889
4126 6347
6061 4446
4764 3476
7177 77
5661 1924
3852 3570
4958 6797
253 4334
1373 5143
750 1915
4320 3090
798 7071
1752 2176
6156 426
4813 3276
1110 2749
4598 5872
3934 2883
669 3563
4556 3951
1486 4323
3199 1005
4304 4807
1683 6470
5481 6003
328 5452
3554 3292
5256 6163
7227 162
4005 1693
6911 40
4069 1004
4974 6611
3349 249
3381 2220
583 758
4967 5513
3475 4821
6762 4611
5697 6493
6738 5457
8 4447
7373 3521
3499 7133
5892 6700
2613 1387
846 568
6331 1895
3903 6398
1683 7278
2460 2163
4068 5
666 472
4517 411
3364 3417
3834 1481
2295 4902
5846 6484
7344 5374
4907 1507
5457 2993
5125 3400
1070 7042
2886 2085
572 6038
6718 5424
3713 6051
4279 474
2874 7489
1680 3853
5309 6178
1132 6167
5249 6043
3922 2851
2204 2602
2336 4391
945 2459
5321 2125
5905 3315
1443 3388
3168 4436
6709 6822
5061 2920
1210 2943
882 4908
3057 7433
4269 3274
4602 1163
3109 5994
3826 2997
3177 4150
4890 7478
3128 5645
2439 7405
465 2410
4958 4526
5837 2902
1805 3745
5684 1391
836 2236
29 6973
4111 6778
3870 224
5871 757
324 2884
1835 1193
4639 6637
6928 843
3722 3271
4594 748
2623 3696
6867 1288
7103 1153
3701 5176
4333 252
4949 791
7096 5057
1814 6729
3758 5104
2105 5596
5488 738
147 5700
3505 3040
6080 6724
984 1636
3815 5287
5174 3704
2882 3830
5436 7150
362 3127
4985 2450
5240 2074
6496 1834
5387 2068
5798 6843
6490 2773
1611 2966
3961 3580
7076 206
4860 6071
640 2170
5508 1053
4279 2564
6839 3975
5757 2195
4923 5950
6452 3962
3719 4254
198 5437
2889 4485
6297 5277
5248 2020
6460 5146
6574 3019
5343 5144
4130 2289
5208 5104
2981 5966
6074 5224
4054 7116
6523 4142
6752 2537
5073 583
412 1347
3837 2907
2325 6360
2320 6677
5149 7341
635 1808
853 5013
3311 7442
2120 2010
5123 4102
29 2674
6442 5601
2787 3090
4633 2817
2102 4461
2185 3730
4572 1985
3873 1526
5486 5703
4775 1244
4522 3403
445 3998
1142 1668
2780 4235
4891 4937
4405 3408
1100 4014
6664 6515
5917 3334
2890 6186
768 4613
407 2606
7351 1939
5930 5608
364 7188
4973 7013
6859 4868
2024 7398
2698 5514
4881 2939
7155 2492
4362 3370
6806 5265
6280 7489
3970 959
5285 6640
4435 3914
2413 5176
3921 1435
3236 6899
1712 3050
6895 3433
2908 3994
3910 2450
2981 2710
5395 3011
1900 6261
3842 3892
5332 4083
4661 6447
848 6272
5559 930
7174 1891
7160 4151
1938 2159
6247 441
6853 6154
5961 5819
1721 2461
4094 4757
4253 4156
3854 6823
3546 2753
1454 5114
874 7025
3524 2182
2680 1772
1105 5234
5741 5124
6319 5024
5598 8
4464 268
6608 22
2894 552
5389 1471
3440 4038
3040 7265
6037 1530
6533 2624
1016 1760
6827 6246
3685 6050
3023 6056
2520 6687
3177 97
6392 3450
4405 7197
5578 286
2004 1720
6263 1024
3274 2279
6084 1487
3058 2516
2146 2277
681 2889
2834 3030
3915 6850
1607 4310
4411 5828
3198 664
5441 4526
6644 6694
6867 3680
7424 1949
5770 5271
4908 5269
4587 4732
6602 259
2834 6697
122 5931
5017 4353
4015 5752
1511 2449
4991 6915
5125 1491
1765 2647
1558 4652
3879 367
6199 5707
3416 2119
5149 1576
2284 7390
6207 2467
6382 1870
5656 4169
2896 6080
3251 4392
7035 4022
2746 4892
857 4924
3321 7331
688 2103
4295 2690
4904 1474
7031 179
2666 5019
6997 3534
5160 4785
3447 5491
4749 4783
229 142
3882 450
949 7454
5666 4605
1260 1386
4428 2202
4946 4326
4615 624
7465 2749
6464 655
4393 4787
552 180
6166 5701
6116 250
2476 4634
2530 1940
2228 1118
4848 5466
1661 3339
1649 3895
3502 5587
1049 2424
4638 1613
4771 3026
4294 1979
3058 5809
603 373
3779 5364
1502 1653
4655 7390
5204 5470
4561 4736
7178 4021
2988 2563
7241 770
7374 1105
1311 6160
2344 6463
4456 1523
2254 2701
2013 2618
1415 4308
371 3387
1208 3982
6678 3995
1918 7113
2800 7024
4710 1351
7134 7081
960 4739
1790 3340
1407 4235
4648 6927
4132 134
5599 566
3550 5876
79 2706
5759 4090
30 238
4862 610
1972 1462
1097 4866
7480 6708
6113 917
5780 5240
1680 4118
7016 1485
3331 4766
7308 5443
1422 1990
5593 7096
5346 3445
4962 3177
1693 4352
4504 5058
1433 2688
1943 6374
3415 6126
2848 3606
894 6830
2129 6681
7101 6249
2431 6705
3322 1080
2988 3221
1510 2290
820 2022
2913 7031
1062 1061
3103 2360
5561 5219
6257 844
3512 6888
6905 2012
5832 6721
5302 3810
1484 1589
6863 1415
1771 795
5844 5610
1835 5671
4155 3499
1493 3904
1042 5534
6086 1341
1390 2018
3425 3792
3066 5889
2118 1482
746 7008
6759 5219
6955 2217
1974 6298
3846 3637
4580 1177
237 2065
3293 4095
2978 5609
4524 326
5286 2674
5814 5741
237 7193
6888 3406
1136 5921
2382 5214
6256 3572
2587 6458
6235 6039
2530 2502
205 7015
4298 3197
2114 23
5787 504
614 1302
869 2719
6514 2640
3927 6326
526 5262
4765 4545
4768 7183
6387 5500
3232 4581
6914 2042
3225 2396
3732 7257
641 1188
5288 1568
4350 5026
6752 4619
6445 3041
3072 980
5235 6402
7164 4463
3902 5808
574 2337
6717 3759
4501 4458
7421 5386
6598 2813
3185 1680
4769 6893
6762 7380
1780 129
5236 5212
2544 3366
3692 7280
5113 5645
7252 4581
4937 548
552 7248
1865 5897
2403 6157
301 5586
2105 5781
7113 625
6840 5155
4204 3292
3271 1596
4392 3858
7378 1567
5864 6944
2338 2168
5772 342
6604 6921
2055 2206
6157 2385
4136 3051
3274 1629
6422 2803
1837 3546
1404 6115
748 1766
7194 1889
1605 4420
2634 885
6655 3973
1296 5081
253 616
37 5450
3357 6630
4266 2099
2325 4264
1485 3013
6890 7439
7476 3218
1449 1362
3836 3915
1679 4443
5438 157
7355 799
6132 5819
6116 6744
862 490
2446 4424
5787 611
2243 3220
3876 7054
2339 3657
497 1952
5423 6812
3564 4358
1176 4872
1275 3521
4175 3659
468 930
6419 7454
5075 7132
6695 1591
201 2626
6844 5798
3116 71
3524 2304
6512 508
192 5622
2632 6307
470 4918
2406 5195
1402 7037
1042 5317
5774 6014
209 7078
4190 7156
1351 4087
3274 1753
5894 617
4261 1875
6422 6475
4105 4704
699 4114
5132 6430
4838 4396
7221 1066
3752 2709
4181 6337
5784 2174
4063 4533
3540 4741
2747 4077
6192 3146
187 6072
3835 1495
3822 7473
2999 322
5859 1377
6247 7465
6790 1639
2655 2049
7322 6464
5737 5561
6335 7207
4403 7101
6187 2846
838 4669
3368 1419
2906 1203
3300 2531
5099 7189
3326 4616
4797 38
3661 5480
2467 4537
6235 3729
671 7227
1212 72
5182 1006
5157 5271
2478 6722
5600 5678
2850 2804
4674 5512
7133 3307
920 1669
475 3782
5795 3387
4721 5413
5979 855
5596 2040
4695 7321
2894 2442
5711 5719
6613 7492
1962 418
6984 6084
6476 3218
7105 6525
6588 36
1576 1265
2016 3932
1230 4866
4074 5519
5159 5844
2873 1523
6469 2400
3409 1975
7031 6893
2852 1615
1578 5039
943 4468
4291 1597
5485 7196
4209 6697
6395 5028
557 3415
4498 4995
6977 3922
70 7208
6447 5795
3511 4477
6579 4784
6154 4674
4096 3050
1781 1953
2815 2576
5344 5128
1037 4271
7457 2950
1889 310
2919 6739
3502 7447
7491 2454
1459 7345
2440 3313
6349 2017
1430 439
405 2112
2282 4355
6711 1307
1788 2050
1983 1502
4877 2450
516 7319
1855 2242
1742 5146
4964 3438
3797 1898
964 6513
5921 5891
3516 6526
5156 3944
4716 6583
5311 6529
3860 6857
2542 317
6023 4420
3035 1081
5997 1576
1526 4592
7111 2810
706 4420
3413 1728
828 4676
5160 4124
2209 3120
2173 6240
6118 4074
6643 5447
3126 2126
3253 1181
479 4579
6756 164
3353 394
384 1215
1456 4192
2618 1984
6385 4597
5295 86
5632 3360
3135 7331
6982 4221
4796 622
1358 5388
4462 2169
229 59
3856 7110
6543 4055
2342 6947
2693 24
1692 2482
3930 5137
3494 74
2082 152
2653 3732
4201 3564
2685 3714
5845 5813
3533 1837
5623 7477
3113 3524
2233 6452
5331 3733
6598 7059
6390 1823
6562 2603
1975 6566
4124 6784
1665 3027
1853 1833
1088 1309
3775 2022
4694 6573
1640 2688
147 289
3358 1719
3576 7371
5613 4990
1988 3997
3984 2196
4458 54
1480 3295
449 1542
1150 1509
1878 3906
7351 2484
400 2365
5650 323
2227 1548
3475 2495
1959 4101
4828 5980
4452 1008
6637 4056
6619 4347
7409 4798
2824 3354
3719 1637
1600 384
7163 1208
4773 5745
2263 6366
3752 214
3878 7422
7111 7291
5229 6541
1085 2418
4543 6277
887 4586
1838 3358
6129 1950
2201 4697
442 6429
260 6760
5330 2300
2189 5584
3542 1855
1914 1778
4349 2017
4463 6573
45 890
5222 4894
3060 3939
912 4854
7067 5124
39 2601
3218 119
1079 4856
6294 5110
803 6880
2283 691
3371 1958
1489 4479
330 4144
6907 1556
5933 5706
499 4105
7314 6862
6469 5092
4671 4062
5103 1944
6873 584
814 7394
7345 5724
4187 6220
7327 4261
4525 2116
4328 6046
3386 6647
1862 232
5361 4143
2627 4322
6404 4280
1947 4954
1956 1071
704 3759
4655 7357
3555 611
3296 5837
2714 3149
3273 2085
4708 3500
4550 136
2997 5076
3470 5602
5668 2707
1724 4697
3011 593
1217 1551
3074 2533
1832 3261
1887 2075
2935 2351
3150 6326
6081 703
3385 5331
285 2780
1587 2988
4938 567
5187 1264
5548 5660
908 5204
4748 5807
5035 4359
5572 247
6193 899
830 6101
4967 5039
1179 2202
4128 7098
4904 46
2315 5021
6129 656
5199 1382
5727 996
596 4921
3932 1829
3046 3275
1164 1652
1988 2635
5899 3750
3407 7361
1506 5856
1582 311
4692 929
144 6330
2038 711
3905 5964
6707 6539
3144 6712
7010 2735
4017 500
1686 5149
3427 1341
4769 4209
3710 3794
4920 2613
6141 2729
1859 6945
899 1526
6576 4866
131 6490
2283 5209
3741 2825
1938 820
879 6856
5698 6421
4942 3545
5310 3259
1983 5229
5991 1873
1202 3568
3377 5316
5430 6570
1534 6326
4693 1425
2337 2236
4219 2398
5279 1192
2520 2725
2657 2375
4996 5478
4509 790
5999 4024
5924 3633
4028 3631
2745 161
7134 4393
1545 4036
6822 1461
1383 5227
2701 4160
7298 3939
6192 2787
6649 5801
2522 815
1875 3400
3373 4404
5940 6121
5612 6996
945 1626
6213 963
6776 1181
6310 3336
5748 355
2858 4608
5385 2393
5276 4499
5555 1291
3033 1268
2965 2196
150 6089
1393 5307
4156 5256
31 4099
6504 2290
7463 2954
4715 5010
2636 5180
4532 3291
487 43
3398 7185
7361 4327
1648 1210
3916 5376
2786 4426
2025 2188
6642 501
3000 3576
6473 821
541 4839
4321 5570
7064 5046
712 2603
1000 6810
5315 6676
6908 7158
2380 7311
5370 5506
1034 3488
1226 2206
7200 1815
1279 5650
3077 4805
5433 2186
3423 6423
4523 1482
2013 4764
6399 1592
6816 827
3069 5432
5347 6388
1285 1689
1899 7099
369 5714
2330 6974
3823 6790
5926 589
1504 5205
6058 473
4475 7007
7346 3743
912 803
290 1532
3792 7201
1645 1384
7414 2022
3207 814
649 3613
328 5923
590 3774
424 7200
777 1246
2673 7231
2475 6014
2571 975
5261 3687
2971 3684
4610 3151
6406 797
1808 7137
4842 3680
3449 3767
3788 3800
2616 2777
7237 3830
381 7054
155 2830
7215 4203
1483 4658
2197 4896
5222 6821
3665 6336
1897 6082
6338 1233
1646 652
4901 6216
5004 2134
987 879
3607 5972
1222 2376
5057 3456
4029 7496
5745 5184
6281 1129
4843 2781
562 3528
4981 3836
623 643
1849 6369
6235 7286
2758 809
5333 3938
1185 1266
1511 4131
1278 3723
1819 3180
1513 2586
6139 6929
5165 5257
671 128
3054 1400
285 6386
2742 396
6893 4536
2262 6374
3011 1057
5319 4996
4902 664
3993 1981
2535 423
5034 6645
6907 7363
4092 1275
1378 6015
1534 5266
5573 3009
3687 4595
719 2021
3594 2277
5228 7127
3696 4040
2867 6503
2606 3252
3058 5100
247 6690
7200 4814
5939 6469
4471 2891
3847 7123
3355 3822
6554 799
3408 4238
2699 3391
1032 1177
525 2290
7361 3244
2436 5652
6402 3356
4114 1282
5828 2963
3675 2065
3525 4033
7073 6428
6994 4395
2997 2074
4550 4873
1367 5527
2139 6116
3136 4791
2615 6887
6695 972
4343 4967
6413 4960
5557 4903
4362 7206
5717 7154
4418 2723
160 5707
7396 3395
6884 1970
1122 1957
171 6841
1962 6936
2885 1912
1445 5975
3565 3907
6820 1039
1374 2733
5299 6706
4624 5844
938 4756
6683 4511
3499 5571
110 425
24 515
6837 454
5491 1403
6177 1445
1391 6164
2996 5748
5215 6755
5094 6484
2195 3583
166 6144
3555 2577
5139 5212
957 1576
4476 3679
366 5701
6174 4110
4853 6611
4185 7022
6939 6304
5616 2758
4434 4404
5383 4845
1241 1860
4809 3170
3534 5664
3499 6113
5273 286
3977 847
2897 521
4010 4959
1268 853
5290 2283
5390 6066
5108 5418
5831 705
5150 5067
843 5376
2707 4736
4068 1681
1315 4966
1572 6529
5426 5688
6032 415
5994 6512
288 2212
1287 4301
364 5460
4187 4024
4121 2647
3775 1414
126 1229
5957 1589
418 1243
4786 4867
7487 3922
5348 6044
5488 3751
5349 2286
1756 6794
6632 2456
4639 381
2966 5315
731 1909
5916 2488
1744 3211
5272 1785
1564 2628
7002 240
1459 2315
6194 4276
5030 4732
4527 3415
3079 2046
6606 2793
5118 3083
3525 906
5423 972
5887 1891
5192 7000
2474 1275
1504 3778
5357 2225
4774 1146
7476 1607
2605 4646
5186 6369
5718 4050
1533 4792
2670 5582
3180 3319
4017 7348
3414 2919
6990 5797
2619 6955
5487 622
6349 7274
1910 7251
2973 529
4087 4132
5860 538
1166 2501
5517 6408
3390 4752
4213 1258
4199 5138
1659 5942
4829 5691
966 3810
185 4331
4728 481
3029 6505
729 4636
3672 4864
3720 201
1928 2057
4438 5262
2461 2235
3785 3504
3055 7234
2561 3210
163 3015
791 5776
5103 5411
4250 3588
4608 6215
3232 7287
4346 4055
117 3674
6187 4799
6427 3057
316 3621
4153 3439
117 6038
1818 520
4264 4145
859 5903
7286 422
6205 1251
4262 6485
362 3060
575 5209
950 644
2500 5572
5961 480
863 357
6612 4873
3535 4873
5458 1152
7179 3980
2830 4234
6913 6296
5015 1510
2228 5312
3951 661
2611 1971
73 5019
4357 6888
6298 5995
3610 2582
5803 6261
211 7185
6781 6589
1622 6488
7001 2405
6815 5798
6079 5357
1699 75
7362 3894
6340 6232
6715 4016
845 4639
1208 1024
3732 5706
2636 578
1833 7163
5265 1866
5473 5461
6029 2078
2517 3714
4029 5080
597 3000
6091 3208
2130 2391
3324 6784
6348 584
1676 1978
2864 6704
6855 3060
3974 381
6552 6176
1759 2239
2087 1818
5412 5931
4591 6186
34 3659
3539 7186
1713 7129
4784 2753
6320 2115
6777 276
5631 1609
3946 6581
649 2215
6157 2627
2737 2510
7110 3725
6023 6460
3335 5430
2495 3612
5618 6310
2595 320
2327 3641
1771 3359
4509 6691
6699 4263
6664 2621
6636 2291
5921 7351
5063 1327
7035 2867
4427 1617
3219 108
5858 1844
255 3241
7340 2236
7007 3298
3588 524
6580 225
4219 2660
7098 3562
7403 3915
5954 7311
3285 4526
445 5359
5763 7428
337 2395
5638 105
7370 7415
2079 2082
4759 332
2833 6018
347 4122
2080 5931
2207 761
5413 7085
116 5702
4171 6928
2998 3687
2612 5222
4891 7261
2288 618
4770 261
2704 2360
6759 4717
5967 6570
6057 3202
5247 5420
3159 5235
6111 950
4816 542
6560 4366
7421 1858
1399 1737
1049 7433
998 4342
6753 928
687 2278
1175 458
4982 2800
7258 5014
1861 4577
4515 2784
1511 2316
1881 6747
3834 2855
430 3712
7294 3658
4647 2976
6615 2750
1659 6024
4635 1107
4757 5930
1119 4027
1147 7029
4440 3086
1935 2610
4521 1886
3101 3521
6503 1535
7227 1683
5548 5329
2210 6561
729 1422
1076 4859
4485 2740
3200 6284
5191 1117
6142 1678
5176 349
5692 6006
6374 5165
5666 4301
4888 5209
1133 1822
2404 4229
72 4167
6825 4933
5943 5860
359 6890
2586 4283
2290 801
4007 6154
1398 7039
3440 2592
4463 3849
5852 2550
291 1787
444 383
3717 4354
3837 2542
286 6333
4713 5388
566 7033
3915 3167
6670 5782
4841 2932
6964 540
6053 6882
1244 1779
1492 6876
7259 3761
6611 5729
5773 4538
7387 7380
3413 326
6521 7342
5644 549
6512 4772
1367 3835
6524 2422
4451 3738
3159 2410
6782 5910
741 1851
2589 4595
6652 4606
6112 1155
554 2686
6535 167
6545 1612
4623 1256
6114 3498
5920 5907
2118 1313
5706 3430
1746 614
5434 4553
269 4449
1085 529
1916 5298
533 316
2798 2542
811 91
1069 6802
5080 5578
1841 1091
2051 5416
4604 2569
4917 1675
1904 3545
801 3243
3086 35
5603 708
6548 2194
6960 2548
5126 1718
2059 890
3704 3788
4987 2763
2812 2408
7114 6030
1923 3741
2330 1655
1203 1003
7118 5331
49 2586
5016 1256
1924 6652
1158 3011
2938 1475
4972 2051
6114 4348
7433 1380
7428 3640
193 1553
642 3829
5315 1353
7104 4686
1235 3060
2966 7357
7425 4126
3533 98
4106 1228
856 477
5087 2406
1361 5997
3127 2258
3885 891
17 4324
4025 3114
6312 4520
4928 3476
3156 3393
3346 7159
3243 5751
3322 4691
2264 723
7420 3987
2671 2567
7373 2255
3542 3193
300 2588
4764 4398
3607 1432
4940 3044
4659 6978
7149 4693
4045 1974
3413 4723
3903 5178
965 7456
1019 932
2680 1283
7162 2335
216 2198
5296 3626
526 4559
3824 2656
1 3554
6307 2983
6258 4552
7495 816
3295 711
2914 5247
1514 4194
3941 7148
3813 4864
832 4085
3593 7409
3880 5328
1140 584
7080 2333
1241 5081
451 1750
4226 6014
782 4863
6740 6818
4643 6576
1526 4502
3987 4374
4195 7192
1878 2985
676 3998
5026 5125
1795 5343
4032 3809
1840 5365
2602 3001
6977 3979
174 5728
1299 1039
1148 7068
7296 7429
285 4114
6275 518
4348 6059
492 3143
6941 3846
4041 1870
3944 2909
7006 6923
4492 7301
3627 3409
834 3489
4079 6285
4310 1595
2969 3260
3492 3527
6202 7108
5788 6834
741 2820
3376 6683
1281 4820
403 53
3337 6029
5187 3324
3630 94
4379 7318
461 7161
367 2838
6012 1730
3426 2980
4436 369
2023 7400
3912 776
5668 5545
2173 2495
3948 1890
5210 6047
2430 1959
2091 510
2531 2139
2459 1384
6889 5739
5207 4812
7295 5735
2322 1195
6214 4533
1866 4347
4521 5986
5689 2645
6085 1281
6378 1983
3459 2131
2030 4103
312 2525
1732 1037
3636 5001
6725 5221
5718 3072
3940 7270
4895 7017
6326 4708
5290 6387
1189 5144
1137 865
4505 2914
5735 2699
5868 4404
3794 1246
2119 1686
207 3161
1170 4738
6069 3431
63 20
4870 4488
3653 3008
5962 1543
5096 5729
6770 6307
5265 130
2296 1218
6759 2356
2519 1620
5680 863
709 7480
7043 858
4253 7445
5324 794
3954 2428
3419 2871
6226 129
1581 5037
3282 2958
4648 1374
7259 5415
6721 3361
7442 5489
685 1612
6327 7194
6677 7423
807 1053
1727 5412
1065 7223
3267 5472
4621 6905
951 6932
1641 6498
3540 6377
3832 1882
545 274
2775 5269
1873 3111
6534 6637
1705 1943
2125 4042
7272 6616
2933 3760
164 4276
5039 5701
1478 1668
2556 7234
1848 6283
2142 5979
851 6912
463 7374
1613 2322
2264 2891
1662 718
6449 2955
6424 580
6928 85
7296 3751
5471 2426
4200 3661
6884 6437
5354 2706
4996 2138
1143 6730
27 6220
249 6367
7020 1886
6690 3754
4393 5471
2447 5253
1275 862
2142 7310
6668 3009
7177 2215
6836 6346
5008 3984
1874 1289
6237 439
2652 6237
5410 3923
5552 1157
3739 5837
5619 839
2814 2434
4878 6055
5861 6193
5011 6431
5687 5456
3029 5696
6360 136
3637 4121
1404 2414
6027 2631
3798 6994
1869 7232
5994 480
6191 3462
5692 4830
2355 6629
6439 7049
5747 6613
1351 6920
5054 3761
3107 5667
6671 4588
2308 6370
1694 3126
6051 5928
4586 5953
1630 2788
7123 6387
2115 7098
3941 1055
5092 2271
2601 371
887 3268
4389 1556
5205 2780
2955 3973
6918 7119
7035 619
4214 14
390 3042
1631 3733
1003 1858
6448 2979
6709 1229
2037 3160
3427 6468
6100 1659
825 4557
476 4623
4130 6256
5864 7261
5355 3754
3880 5995
7384 3003
6421 6131
6110 1205
6575 3751
3362 2161
569 2489
5664 1270
7231 4157
4808 4253
6743 6342
4106 5820
2235 7242
1696 3932
5432 3133
3542 5877
1273 4293
154 7478
7090 209
2858 4717
1378 3756
2851 4584
5016 4253
724 2704
547 3192
2292 1650
114 3944
993 1644
856 993
6066 6794
1531 2262
1220 2918
52 6971
2873 6947
2723 1536
1553 537
222 2854
3326 7274
5773 1116
220 1320
6224 6078
1299 2708
4636 906
6222 5832
5407 6847
5896 6085
771 6183
2128 5648
5895 1598
3237 3585
4903 7397
2660 2723
2833 6461
4276 4707
4725 2773
2165 4204
469 3407
285 5993
2450 4087
1032 1445
3960 3361
6990 6997
4236 5481
4315 4019
5232 5397
6314 4914
507 1391
1139 7459
2732 2451
5488 2195
3459 4872
3419 56
2863 6754
6142 3666
5514 519
1388 4710
4974 3355
1648 5525
1549 10
2092 2284
1677 6474
5293 585
6313 2779
545 6186
388 5170
6598 1974
4539 4925
4545 6119
4547 6861
7447 4755
5571 779
441 2628
4023 117
4547 4655
4466 5956
5664 6299
4732 5959
6524 6786
1877 7039
1343 556
4715 4899
4694 3307
6178 1857
216 3410
2235 5202
1411 1476
1078 6117
4769 4994
3697 3806
6105 5930
1335 4678
6679 5371
2746 2705
2297 1896
4086 6717
661 2796
2450 102
6468 116
6876 3178
5024 3345
7388 7334
5774 7054
2070 5696
6074 4709
7302 6848
6240 6298
1826 1913
3009 5476
4095 6884
811 781
1556 1517
1462 1011
6553 395
312 2416
1776 4783
4916 2054
2634 4221
6772 3215
6904 277
4572 4061
6876 797
2491 6159
7188 5040
1749 1688
5515 3020
5030 4720
84 6793
7219 2720
5519 4401
3499 2247
1006 4381
4041 4420
1457 3650
6229 593
7218 7046
676 6997
6688 105
4350 5313
3827 5167
96 208
6166 1316
6034 1125
2405 6299
4647 1243
4966 1361
3639 2597
5218 1414
2343 5585
3101 5170
133 1986
2811 809
6062 4669
3635 3178
2501 3836
718 2486
3293 6178
5936 5585
6064 5656
6103 6562
5184 734
3641 2499
1098 1222
4797 529
5733 2929
4665 317
4985 6363
876 7141
1686 5410
6551 654
5817 1188
4114 4686
865 1622
6236 3655
4634 6417
7383 6130
136 6142
483 3771
4535 7463
1471 3902
2220 4785
3623 2919
4071 521
368 1495
2351 7239
2561 2339
2116 6601
358 1134
660 6331
1928 194
4626 144
2785 636
6871 1430
1394 5541
2274 5306
3387 7130
2295 2109
3801 2524
5573 202
6868 4121
5854 3250
6265 5207
5128 5608
1191 3026
7325 2542
6346 2754
1571 881
2503 1447
2126 3523
3324 1672
2136 5392
3945 1255
6632 1488
4365 5683
4446 7248
287 5206
3678 1076
3998 5466
3324 3051
4256 3898
3801 5379
1108 26
4469 3352
6528 6415
609 2964
1726 4809
6147 5765
3353 260
1761 6719
6037 5490
4782 2425
2861 4998
1549 5987
1138 1290
1232 3719
561 4419
5356 2904
2052 6431
1768 1857
5617 7324
1668 7391
5400 3572
4665 621
1160 4350
78 7457
3842 6059
5949 7123
2491 1870
5640 763
3124 7301
5404 2572
2067 7060
617 3296
983 6009
4944 4884
6784 7139
3958 32
770 1477
5780 1656
5106 1955
0 1234
1681 3046
3596 1949
5216 761
2578 7
6619 2568
692 3202
7245 3034
5557 3509
4493 6496
3878 6521
2341 6987
6416 13142
5143 3934
2947 3910
426 851
4719 716
5185 657
2966 1892
715 4885
5972 4060
5835 6181
7166 5823
6403 1028
6827 6822
6555 6105
956 5538
3557 1693
3702 7090
708 5166
2892 1992
5979 6475
5432 5008
2666 4914
4100 7448
2184 1906
7129 1784
534 4334
6214 482
3089 5137
2851 7302
3935 2864
6814 3221
3523 2046
3375 1344
134 1369
840 1445
1810 1767
3036 6696
2490 1346
2174 5692
3297 2812
4071 7077
5480 3982
2491 846
5363 4993
3865 561
2800 4101
5929 2774
2243 1667
4863 1638
1878 29
7460 2008
2948 3800
6164 1746
3161 5705
6972 3051
817 4596
6525 4628
5834 2015
6834 4425
7386 2472
5608 2587
5966 2480
7370 2432
6568 2691
7109 355
1247 680
2774 7225
1908 5125
5704 5369
5199 6867
81 569
7236 262
1220 6285
1352 4364
977 602
2993 4761
6648 4551
4017 5815
6841 4539
6391 2447
5878 4565
6262 4336
5908 3529
423 931
1118 4028
3091 4865
4499 4426
1615 2614
5659 3732
2070 5158
1926 4870
800 1429
1290 5811
140 819
3831 5816
4698 2823
5225 2922
5176 1327
2568 2671
2839 62
7289 569
6787 7493
6741 2011
7217 4927
1599 1901
2300 6191
5431 7071
2375 1064
2766 5201
5824 873
1234 3478
2711 1615
1062 7207
6379 3132
6740 1140
3910 5705
5863 5106
5289 7193
2343 2536
5546 3977
1731 6116
1777 841
3318 1772
4282 2549
5907 1715
1329 6588
2800 1406
1438 2014
4735 2077
5711 111
1390 5143
6900 2982
5316 4325
4869 5968
4073 2184
6490 4954
1272 5176
3974 5794
6881 746
2378 1041
4974 231
6075 808
5063 479
1549 6372
6313 1130
1438 5873
6576 2653
7227 5050
6189 1664
3033 2670
2791 2859
7366 408
6202 6747
6843 744
1634 4156
386 1896
2238 6962
3601 4717
4476 5646
3530 3847
6147 1399
4046 6252
4520 2164
6433 6936
5234 2468
5335 5823
1761 4522
849 4408
6408 3631
6388 2378
2715 6875
4579 4705
5984 6304
6444 4455
6528 6825
1552 21
54 4968
272 674
3724 2907
325 4146
6370 4821
5660 2459
1315 2068
379 1341
150 4906
5984 5389
4150 3306
6588 413
6023 1329
380 3510
5589 731
5864 5206
405 2992
3708 1770
6731 2376
4411 6177
2365 5751
1852 6755
3321 3093
3713 584
2001 6662
1640 5891
5734 3766
6505 2595
4904 2701
2641 5619
2573 373
1812 744
6245 7261
1318 5084
1516 2207
3236 3460
288 6770
211 2917
6947 610
2798 4749
2921 6868
4076 3138
2950 3145
5134 6489
3062 1640
5851 4588
203 1305
1974 5253
2965 3746
2149 684
2021 6988
7483 1824
4443 725
3381 171
5785 702
7334 2443
6717 1856
6820 1216
7224 3226
2475 6364
4998 3273
5321 1519
3798 675
4917 645
7359 7418
4454 1006
2557 2352
6668 1289
3817 7046
5009 512
1067 5058
3381 4943
122 2206
308 2819
2107 6402
2249 1803
6488 5926
384 7059
6028 2478
4442 1942
2023 1483
4393 1014
5083 7358
136 6482
2959 1740
4152 1188
1241 6425
1188 2452
2159 1406
4703 6518
4191 5283
4819 1164
599 998
4620 6464
820 626
3416 86
4006 371
3962 3037
7121 5751
3921 6264
6624 1398
7394 1711
3047 6367
6510 552
6185 3092
1630 701
2864 7221
5546 1864
6223 1280
3029 231
1445 100
6071 733
2044 1287
5097 1010
1306 3470
3753 4027
1705 6142
5710 6946
4490 3853
5615 4549
1219 7416
2865 4257
2493 2747
6944 5350
3449 5605
6950 2326
61 1527
4487 21
888 2272
4149 2917
4842 776
3920 3274
2521 826
810 5875
1068 1551
1816 6111
4190 5865
644 2436
3992 4149
6811 3068
5785 1801
6261 959
4659 1347
1165 972
5774 1796
3687 6822
6005 6980
3216 3010
1097 6747
2160 1244
54 5991
6295 6656
5321 1489
5874 5004
1716 7212
2527 639
2794 1109
948 3297
5995 6145
528 6070
947 212
3927 6449
5135 6142
5691 3739
5596 1737
5381 1024
733 7407
6615 4366
5249 4126
6077 4767
7449 4575
6450 6078
3232 163
4888 5148
1724 4324
1772 2028
6155 1787
3988 6910
6124 4023
6836 1920
1651 6776
7140 5423
7071 4175
1397 6413
6761 3750
1967 1839
2019 5982
4258 4859
5229 7348
1500 2576
3552 5601
3962 2682
4905 1299
2912 7074
300 1202
3632 7206
5293 3496
1415 5849
1765 5782
1215 3126
766 163
3029 2743
3998 482
1130 43
6274 2991
330 1105
2938 4931
988 1508
2046 6951
777 6543
6419 2992
2613 3056
1279 2589
1844 2526
624 4256
988 7077
5608 2162
5914 2140
6034 5718
1006 1149
4929 1506
1576 4563
4690 1015
1944 4229
3921 6907
5324 4611
6625 1740
4958 1156
3017 7162
1600 1159
4802 1414
5136 3454
1886 6831
7444 4600
1711 6675
2215 3614
6598 4056
3311 3275
596 384
3934 1658
3719 7354
7453 5377
890 5110
4664 560
4238 649
4963 5210
6901 4031
3507 2776
1976 6078
433 149
653 6920
5148 1262
736 2428
7258 7020
1680 6806
92 50
211 4922
411 453
5866 2699
1792 7124
3830 5069
3297 3917
6799 2667
6334 3748
5871 5603
5270 1205
2601 2746
1181 4432
1060 324
6647 1270
3686 4998
584 6159
3854 4681
5900 2224
5457 1738
4003 4425
6598 4585
5437 3823
1762 3211
2948 1973
2255 1234
2966 3294
3581 4604
7087 2733
4686 6254
7216 3525
2998 6871
5770 4058
5795 5412
138 2188
6823 5192
4500 6923
1442 2326
5592 6456
668 59
5393 2788
5899 66
2607 7155
