836 6783
4018 4196
6633 6677
5228 5822
1993 4020
6697 6717
5370 3909
3198 2388
6757 2715
5087 3953
3934 6231
1041 219
3952 4572
1309 1816
2453 1546
5704 178
6243 249
1927 2118
2562 6979
3960 865
1194 454
5444 2918
634 5252
6857 6144
5683 2873
5492 5785
1603 2625
3403 1589
6965 3260
5961 5814
1981 3815
2346 6484
2361 4248
6414 4569
28 4462
2315 1630
5172 6666
4754 902
2371 1806
4476 5157
6266 5896
6798 5092
33 4754
2327 2604
3724 5194
4250 291
5096 5697
5854 2848
5395 5587
2259 496
2272 530
2096 683
6826 6582
3216 5646
2888 1325
3619 3389
3615 1531
1280 5197
4397 4582
71 979
537 3521
2780 6997
1865 5899
6241 6803
2763 6651
2491 408
1341 5787
1324 1475
6591 6814
2897 3661
1822 4478
6489 1350
4972 6526
3646 577
2627 1465
880 3672
2593 2326
5876 1365
4788 5393
260 1647
4038 5974
4785 1045
4500 3436
5123 1594
4713 4076
5073 2725
2680 4357
6771 1715
5046 5638
932 4860
4158 1151
5358 2959
4598 1412
3222 6002
5270 6350
6838 2130
3305 4248
1481 1339
1524 3107
6633 404
2763 2215
404 5739
3235 1230
2853 6344
6746 454
4319 193
6146 2316
2908 1746
1509 3495
1172 454
6275 5176
4713 894
782 2604
1895 5061
2126 6955
2729 2030
4681 5136
1486 5242
1418 1021
1243 3850
962 2651
6762 285
4532 443
5840 4198
5058 5684
2100 3054
6030 1473
6378 3153
579 54
6840 1351
3281 5079
6432 3010
6247 3173
5332 3615
4530 5566
3832 4003
2932 4896
5841 6627
1816 1001
940 6016
906 1830
6593 4997
28 1871
309 4942
5466 6083
2439 5343
1151 149
290 2542
6016 1762
3153 2670
4191 3821
5018 1009
6586 6873
3369 3281
6905 2091
3069 4899
887 1522
4743 1952
1608 6484
358 3025
5561 566
4912 5719
3660 1351
4507 3629
4506 5321
1610 1146
6251 4974
4651 78
6074 3619
2677 545
3860 2091
5982 6499
4111 2243
1643 5795
1190 4421
4497 6087
1490 1731
1487 5852
5573 2722
1287 3339
2320 1273
5658 2840
5269 6860
4736 6928
1678 1737
257 1599
2764 2894
3005 2316
5276 1821
3207 5929
6148 5094
2441 4738
6523 4447
2449 4041
910 5914
3625 2156
3750 3307
6621 3876
4471 805
1901 3762
5556 4744
617 2512
6142 4080
4636 3434
1140 1693
4434 6847
3619 51
2555 704
1070 4606
2553 923
818 6707
3966 2436
2856 2277
1103 3481
5638 5595
6373 3401
2927 6419
5066 6792
2445 621
5120 793
4481 1270
405 6937
3970 5840
931 1060
5209 5074
988 3686
245 1185
898 3072
6610 4155
1884 2796
6829 2235
4325 5319
1618 2102
6303 6139
902 5585
3837 5710
3233 2605
4086 4922
1891 5224
5876 522
4631 2561
2588 4101
4548 304
6937 6906
2688 6256
3601 5425
2376 2833
1777 2594
1123 238
4420 6388
4325 5424
2711 4819
1278 5213
2496 2031
738 4433
4212 5974
5388 4287
6655 661
1123 6420
4182 1840
1215 3776
6057 4891
3020 25
5813 3516
6117 4566
3934 2824
4924 6094
6033 2086
1766 5899
1575 1332
2572 6926
2453 44
4699 1159
4080 3234
805 3504
3655 1613
1857 56
5377 319
4013 6071
6765 3651
4324 915
6872 5218
1146 2870
1416 1530
6627 6145
3007 2428
4484 6322
2804 88
4090 1221
668 3879
5943 4674
670 109
5931 6099
3435 2425
2310 3895
6300 5674
5307 2232
6374 1832
3449 6758
4456 203
5723 286
1437 5804
1111 1610
5797 2295
1772 1254
5822 6425
6052 460
1544 1988
3985 5413
6133 2844
1084 6149
1831 3837
6144 2681
2276 1715
6629 4424
4117 1350
3193 755
5588 1176
1953 6163
3923 12
1637 3885
2962 3852
1737 4692
6872 6767
3671 2515
6835 549
2786 6165
1882 4681
1190 1515
2631 458
3107 4433
4178 1869
2025 2126
2961 2195
1525 4495
6844 1659
2625 5967
3180 4603
5489 172
1251 5832
5281 5160
279 1064
309 1931
3073 1016
2913 6770
674 1527
3623 2062
2868 3558
1238 1707
5950 274
2151 259
3658 4232
5459 5407
2865 835
3401 6745
4574 3485
164 6425
6623 1824
6456 306
1655 5808
4469 5624
6785 1927
6012 705
2152 6596
3878 3197
305 5241
2460 5739
5754 2911
705 5561
1100 4704
5572 2439
355 969
2322 1921
3174 6522
6976 6672
2426 6971
4622 3699
2729 1285
703 2575
4383 515
1676 3688
5261 5875
4464 6803
2703 5260
6542 3842
6553 2941
4263 290
3398 3952
3376 2509
960 1002
4681 3703
5244 4959
2016 4719
644 4198
3571 5284
5144 6471
4580 425
4815 2333
3174 1966
5343 180
6326 2477
1788 6711
502 4726
6381 3222
4227 1551
3826 5251
941 6580
5761 6655
6015 2535
6728 4582
5572 1012
1437 4996
6082 4371
4098 634
2379 5194
772 2393
4533 6895
2250 3866
2380 3687
2586 775
909 5206
5471 6722
2627 435
5167 4608
4599 5855
553 169
6104 5970
604 4350
2690 5426
2482 1855
6898 2106
595 1745
6527 1795
4190 1369
1565 177
2394 2304
3268 2308
315 5506
4245 3416
6896 6036
6716 404
2017 5082
1360 1452
6767 4946
4624 5747
1363 5976
4480 457
3152 2031
4897 6605
1156 6825
3038 1031
5033 2299
58 5053
1659 1008
6695 2159
3250 457
2338 5841
5814 2709
5723 1469
418 5427
6064 5474
3210 1729
1752 4901
3030 4935
6149 4386
5017 286
1451 1415
787 4798
573 1461
3665 3248
6878 3412
3271 5633
2085 5226
5412 5616
2786 6624
1115 4341
4142 562
2530 3269
999 6736
4235 2910
4200 5541
472 3699
4471 1643
3947 2684
3215 393
2291 2310
446 2715
5699 5426
6849 1780
1085 3157
1124 4931
2604 1836
1502 559
1215 6625
2048 5223
4393 3046
5758 4851
5877 5933
2174 1385
446 5689
5206 5941
2037 4997
4226 5104
1076 967
227 1355
2695 3657
4931 4912
3546 4708
6716 4005
6917 728
6280 1126
4197 301
4203 4255
204 1903
5941 835
1712 6898
1868 5483
1049 5410
1735 5238
2156 6324
1117 6217
2509 1359
107 244
4889 3289
4844 4369
1873 1336
4506 5353
1490 2709
6307 4253
6834 222
104 2918
1669 6465
1695 4417
2533 4192
3712 6131
6056 4438
6316 5884
4435 108
2985 6035
5021 5224
1514 143
518 2362
6507 2052
6814 5012
5563 2410
6018 6654
930 4110
609 3916
3178 2083
5084 1236
2986 3537
4188 6655
1980 6504
2694 396
2080 4697
4337 4379
2906 3697
2072 813
143 3227
651 4045
5885 2473
2472 4275
3768 2751
5799 3765
5584 4532
5515 1874
1416 2893
5276 6893
1490 4120
433 4546
3733 5642
4178 1352
776 2077
2396 4587
5289 682
5966 5117
1390 3359
5457 1960
3285 4869
2668 6186
39 3088
2549 5414
2687 4380
5515 227
72 4064
2376 1155
6348 1146
1940 3570
3105 5479
2405 361
1717 3429
3499 2798
3139 2527
519 2578
1758 380
724 774
3250 5452
4878 6219
5842 1416
2278 2629
5587 2005
119 779
944 3109
6091 2821
5655 2442
6335 4810
2320 6663
6814 2830
4542 6093
6080 4876
398 4727
1811 2117
4949 2891
6218 781
1190 6694
3385 1375
72 346
1459 2821
2661 5502
827 2382
5751 82
3694 6851
3686 6670
4882 5015
6613 6982
1736 4171
2954 1084
1284 876
4515 570
6541 338
5358 5938
5384 2893
2977 3116
535 2318
3209 659
1575 5679
1614 1500
4823 2872
6146 828
5588 359
1354 2350
6106 803
3477 3045
2524 6605
5778 1188
2196 2180
1847 5792
4863 6748
4636 6854
2967 1329
5517 2782
732 1206
614 6171
3197 2444
1233 3662
2768 713
995 2511
2177 392
4716 5016
2887 5334
3941 3885
258 6048
196 3955
137 6302
1419 3860
4496 6116
3567 5933
4062 3557
6092 108
6468 452
2126 5993
3298 2257
4938 5735
4068 3325
2139 2775
4529 1698
4280 1866
3476 6441
4058 281
6491 5761
68 923
3797 1681
3179 306
273 5018
37 4762
121 6924
4990 1015
5349 28
4221 2186
1740 2878
4821 1807
5558 4773
5727 582
2981 5788
5365 3525
3905 5816
3009 1406
1154 452
3284 6042
2144 5792
3083 1994
4455 6576
3892 1541
1879 5148
3910 1251
1343 385
1910 4812
929 6707
3926 5694
57 3349
1104 3762
1055 6799
4664 5282
4252 218
4559 6033
2296 5668
972 78
2890 5947
1893 3279
4522 351
2603 1742
656 5384
2475 3258
3967 1920
3065 6237
5028 1567
63 6293
3616 4090
3924 706
2229 1255
1423 5611
2214 3568
6970 4541
4838 2305
5140 5105
1538 4904
3863 3648
6227 3248
6352 6373
3460 4585
6884 4568
5034 2159
4311 2083
3305 845
3024 1354
6267 6119
6121 884
6035 4705
1923 616
896 4200
5190 5078
109 1010
461 6460
6621 6364
3544 401
3252 3376
5219 2161
2392 2057
2588 4222
238 2573
6890 2839
4505 3517
4913 2248
4182 6860
3633 5893
6827 4426
1094 2564
2678 5196
3803 5534
6281 4497
4328 6410
1002 1915
3850 6839
5193 6328
2009 691
3659 1973
1869 4940
2420 4846
825 4194
4225 5612
2154 2528
1939 2179
6305 4277
1056 6639
1316 1899
4707 4371
3683 3844
6684 6125
6757 1899
1082 2361
163 4734
524 3329
404 6270
6479 5974
2704 4816
3353 4053
1705 5860
2605 4497
5291 1255
3704 3200
3860 6687
3344 3821
5005 6922
4412 2874
2329 2331
6621 3616
1573 1475
3100 277
6821 2696
5086 1112
4152 6972
5434 4747
3217 1621
3692 6117
2431 5932
2641 508
6158 3956
6962 300
3684 1306
4902 182
2808 2931
1840 5640
4260 2374
5776 4661
4971 5310
5381 457
1845 4084
6912 1818
2904 3656
5380 6526
5865 5849
1537 3918
2248 849
351 2244
6305 6550
1912 1582
103 2142
4127 878
4555 642
644 4357
2642 4637
4513 5508
3740 1122
5359 5047
5225 104
5129 4286
3918 2635
1202 4945
5709 5479
2555 3664
4435 1659
3412 2876
4354 4456
428 3350
775 5373
3124 6057
958 4905
3709 454
5521 171
1266 3741
5528 5521
4088 6794
3050 4684
2193 6164
6097 1164
2768 5677
668 5949
5344 3646
6989 6590
3677 4051
5499 273
6771 2670
2003 5500
5453 6995
4423 6820
1678 6503
6200 520
412 862
1992 1641
4354 5384
1864 2388
844 127
6848 3712
1693 671
4781 4219
6109 6986
3356 5892
1295 1455
2549 3676
2366 2174
4003 1671
2119 1483
3439 3640
617 2293
6044 3814
2465 898
2590 393
6634 2033
3380 1672
3378 6691
5724 2731
48 4230
3301 2136
2418 2888
840 5365
2171 2005
1040 6672
3472 3684
2232 5966
2139 6884
259 4742
593 6895
5535 4522
351 3840
5587 1945
4522 382
2640 3707
2107 613
6515 5355
5529 1485
3480 4074
664 4689
3866 4565
5639 239
3847 693
2631 3191
6097 6815
32 449
6967 4576
2174 5543
4522 2607
6352 4020
2003 895
3329 2961
4850 415
175 5074
3193 5543
3249 6753
3703 3273
3606 6390
3000 498
4112 5353
2009 6164
3104 2230
1810 3585
2411 4452
5173 1358
6849 5714
2906 4321
6566 4670
1781 6161
6530 6028
4167 4593
347 4767
6360 4880
4946 6959
4823 3432
4323 5983
2032 1072
6261 6481
2548 6777
4314 2753
2119 6737
2601 6675
786 4663
4743 2193
4504 6645
4516 461
3142 4323
1961 1872
1436 5661
4319 1700
3456 6579
706 2828
4545 4313
5829 2718
5025 170
6151 5730
6236 1734
1060 5002
6741 933
3590 30
3168 607
5794 4987
6914 3209
767 4247
1148 2478
5512 4443
495 2872
5059 5485
2561 3697
6850 1466
6797 219
2471 3364
3553 3111
3765 5565
4217 5886
6089 4513
2969 2618
3463 4321
6527 5440
4009 5545
4559 5629
4083 2343
6064 2202
2513 4830
956 149
697 3183
6804 4525
1437 2931
1098 6722
5265 632
6216 2934
324 5333
5734 2420
2385 2203
5865 668
6028 50
3615 5479
6178 3989
95 693
2721 5923
5748 3641
1206 2643
3875 4150
246 707
6602 721
652 4413
5048 4890
2689 1863
6540 792
3642 2989
4653 1239
1779 1965
3504 1545
17 1087
6768 3974
2838 3967
4624 4113
6629 3664
2844 1050
3669 4303
1550 4401
1794 4249
844 4621
462 4162
2054 6449
2847 1571
1797 3440
395 2615
6319 5589
4614 5002
327 6553
6004 5575
5386 4497
4042 4020
3988 3859
5030 348
5673 4646
2775 6001
4143 1612
2886 4243
5208 2773
476 1786
6126 4320
1790 5292
1079 4832
6628 2171
6352 6657
4215 6326
5118 3373
5880 6218
6888 6296
845 4389
5199 116
6254 1952
1479 6714
4862 5262
5952 1374
1453 964
4837 1189
3202 5199
2773 3982
2278 1773
3944 3658
4396 1153
5929 2081
100 2047
1954 4066
822 1847
2254 5111
3572 4345
3615 3987
5985 4318
3031 793
6709 4103
6500 1282
2826 3341
5053 322
41 6820
3881 5424
4677 6260
2639 2521
4170 405
5335 5935
1894 894
839 2051
2901 490
4379 1028
2171 833
2860 626
4585 4934
3376 5204
91 6378
3890 1866
3345 316
2232 6904
6305 923
6459 6704
3925 1842
2780 59
6424 790
89 3099
180 3015
4558 5552
4816 6584
1057 429
6429 5501
2230 4142
3623 4609
5649 6561
5513 313
2289 2286
1857 9
2969 2644
6667 5968
3283 177
2561 4218
3558 1941
6231 1818
5982 4004
2076 2626
2018 2222
3517 6809
3024 3445
852 5927
5469 6786
6134 4616
1065 4333
803 5898
2086 3639
4654 3045
6050 909
1427 3359
1154 2347
3592 1529
5774 2067
5204 1153
924 601
5821 2972
140 196
3414 1544
3602 3331
901 4563
594 6113
6018 6364
5862 5606
1771 2796
2123 4020
3556 3144
3634 3123
3060 5118
6386 609
299 6010
2066 3506
1912 4516
340 1335
2727 6799
6821 6062
4223 648
1970 1734
2282 1497
740 1214
4309 3873
4740 4489
2471 5954
5841 2319
3079 3559
2158 235
62 2096
2265 2004
6955 3507
5558 2019
4789 4041
2130 2080
5395 5306
715 3585
1688 4710
4053 5889
386 2073
4999 2144
1329 201
236 3420
405 4343
950 2748
16 5352
3605 4213
3834 4911
2020 6043
1427 121
3140 622
1044 3445
650 2230
6430 6558
5748 5828
3142 4314
2806 117
1536 3927
3727 4641
394 4710
6801 1621
702 3369
3103 369
3947 5956
4804 4126
1485 2160
1738 301
2317 2804
752 4867
1566 1822
1395 5232
6230 2823
1287 6687
4876 5269
778 5680
4901 5058
5933 1729
5093 425
5984 2371
4316 3641
209 2016
3406 241
6913 875
2239 883
4811 6600
5114 3390
881 6418
444 1772
253 6627
3417 5874
1793 2902
1370 6102
5204 5408
5050 570
3922 437
3612 5910
3534 3623
883 6884
6439 1410
2725 5541
1444 6779
3157 4649
5060 3478
347 2724
3006 1038
4747 6412
6506 5815
1423 6086
5219 1519
3065 488
194 6523
2776 4777
5584 5999
4022 3813
2855 4805
6109 3861
1982 1719
4588 6123
3575 2519
6402 3330
6358 4667
3077 2868
2840 1678
3806 2102
4741 3657
1685 6038
5916 17
6381 1565
6794 5794
4324 2703
6039 4658
6994 46
309 2608
6371 1726
5245 282
2450 532
5832 6190
3627 3792
3151 1456
2685 6042
5703 5795
3739 33
1812 3243
2486 5629
2937 5078
6577 4926
1930 3715
3600 6854
534 1778
5501 2193
5316 2931
6616 6773
4560 2555
2187 4460
6666 6401
1967 5670
2748 3103
4367 6580
4702 4404
5799 6415
5416 438
5584 5303
555 509
4411 1296
108 2130
559 3958
518 5662
3729 241
4611 2471
5471 4147
6263 3021
6441 4470
5633 5603
316 5028
6294 1257
3404 3502
1276 127
510 5517
3768 1003
1839 1551
5660 1219
732 6337
5704 3599
1152 124
6548 845
3251 962
3368 1272
6469 1319
2641 6515
327 5364
1936 3094
681 3358
4927 1603
4758 4189
1203 5603
6657 505
2569 5570
26 4239
6111 5505
6256 4185
2776 4298
3989 1964
6090 4837
4569 4099
4728 6617
3204 4809
2911 3231
2907 3715
5520 6008
6061 4371
5897 1695
4035 2137
6256 1353
6051 980
6725 1025
3952 470
5042 1696
1047 6678
5009 1745
2063 919
2867 3723
438 3142
1921 1567
6989 2537
6208 2682
807 530
70 2500
4411 2131
6859 5998
3539 4579
5935 1499
6441 5918
1574 525
133 5523
4474 2848
3029 1975
821 6564
2522 3648
2880 6356
586 6908
5605 4427
2984 6423
4566 1398
1012 4746
6801 1812
256 5753
449 1011
4096 6757
4769 5628
6844 1768
4687 4158
4982 5536
474 2624
3347 6202
6370 3928
4664 2568
2467 2305
5899 1157
1517 2265
4042 3964
6211 2184
3459 5609
4918 788
5210 4511
2398 5138
2784 6217
708 639
5542 5996
3943 2796
2166 5273
5105 5448
1778 3017
3277 1631
628 5624
6015 2936
641 5428
6896 1501
6883 815
4652 3411
4857 5784
6370 2073
29 2249
1487 3502
4730 5521
1535 1387
1471 2769
3538 3159
5037 619
479 5505
2481 6942
840 384
3798 4718
5977 5999
2666 3529
3438 1316
2347 364
1600 2423
166 3356
4323 3016
2420 6457
1847 841
3786 2909
945 5363
1075 5218
3366 5380
4596 5312
2419 5021
1499 3774
2020 6218
4173 1200
1231 6995
371 583
5492 656
88 4791
1844 3113
4306 5818
6650 1571
6898 4721
4698 3590
6074 3106
1389 2787
3506 5381
1382 6715
1262 2000
4076 2203
512 5443
2829 308
5445 3926
1995 598
5655 6134
6469 5860
2959 3462
3325 4091
1020 970
969 4509
2788 1615
5112 3474
4238 1358
1043 822
66 6408
5726 5493
246 6716
290 6026
6461 4779
632 1215
3758 3844
5796 3031
4287 3827
1787 6919
6963 2524
6506 6324
1607 1245
5012 518
5621 1626
1432 3393
6723 2258
3469 5324
1332 5775
6403 898
5416 3027
2096 5638
4314 3085
6411 1532
3558 6003
3440 2587
4245 4634
656 5846
2286 64
917 5897
1835 5659
655 6457
3077 4034
6038 916
1245 3353
5140 6944
5249 3898
5942 2856
3190 5958
2575 6752
5112 236
3849 249
3683 4768
5057 5880
5173 573
1517 6529
2571 4357
2157 5898
5509 5044
5188 5914
3518 5485
6321 272
3323 836
902 2543
6936 283
3444 4191
6585 3840
1025 5175
5396 5300
4976 870
6169 6446
6539 3578
3978 53
4502 4984
3973 748
3819 4265
339 2776
2510 4421
852 3558
1653 6609
2273 1031
102 6468
6582 61
917 416
6690 5687
912 1452
1060 2080
608 2518
916 2046
270 5734
6827 4727
4632 3309
2448 310
599 6228
4719 6554
5198 6642
5752 5087
25 5733
2210 350
4496 6825
538 2039
6854 382
652 1848
5266 5891
5812 4749
609 4881
6890 79
294 1603
5744 2202
2368 3625
2305 6189
3358 4900
271 5102
985 4108
6841 6358
174 1085
303 6056
3790 5367
6268 2504
2676 2580
3255 1134
603 2077
4870 2281
1722 2302
5191 3096
2397 3848
596 6300
1520 5973
947 1993
3050 3286
4959 3987
5172 2904
6806 5886
5989 3813
4752 1717
2995 5006
4649 5660
4168 3046
4339 1657
5239 2578
2195 1653
4009 2045
1597 2569
3256 5680
3319 3883
896 6878
1584 1680
3621 5462
5235 2939
3069 2226
2732 1284
2162 1492
4365 4284
1484 3575
2589 476
3721 5891
4214 5277
2442 3179
5897 634
1387 4177
1489 5913
1158 4618
4616 4665
2862 5019
5802 2158
6139 5298
1492 1927
6926 6674
4736 4761
4066 2510
4504 3436
5677 1406
445 3483
3058 1631
6067 3497
5669 4773
3242 1327
1746 5836
4516 6962
5586 2244
4134 6529
3594 5131
6757 3028
3826 6660
2710 31
5135 6173
2977 5542
5974 5614
2203 2323
5662 2021
4055 3916
1632 4591
6521 2367
2246 3513
5903 6927
6709 1476
1115 816
1112 6239
3673 6045
4114 5823
1642 492
2160 5609
3915 4887
6897 3935
6965 3987
6266 745
4801 6261
2994 5187
872 1272
6183 5773
4844 1211
2204 4232
6223 840
64 3003
2470 352
1987 6933
4049 5457
3343 1438
202 6185
2385 5230
4407 6396
2027 4199
3566 2
2863 1774
428 2364
2538 4947
657 2260
2602 1587
4196 5316
1477 1603
1255 1575
5344 989
550 2644
2457 4175
2914 4394
6730 4806
6564 1157
3803 4122
6424 2197
4514 5635
1040 6543
2297 4441
4097 6221
6812 5449
559 193
3661 4043
1136 3112
5974 2376
1071 2769
4210 4801
1823 6372
4089 1875
3825 3031
1943 3815
5701 2428
6023 318
1289 6526
6977 6993
5529 4450
6901 2654
3235 251
5130 2606
541 2462
3152 1788
4526 2644
6790 6288
1693 4629
5633 4393
858 6825
2874 346
1807 2273
4115 5555
427 4477
582 3616
1907 5023
1249 5470
901 4141
5553 162
5914 6772
4130 2308
4527 6095
4113 3824
5457 3871
2167 1517
6370 1149
5682 1350
3668 1690
865 3255
4769 5207
475 1874
1149 3249
6317 4110
785 6564
2535 2489
6092 4040
3873 5412
1871 2145
4655 829
4702 1712
6790 442
6878 6831
5786 6345
440 474
2566 6980
616 3193
582 4314
1890 3426
724 3537
2850 5603
6470 6567
3166 165
4496 3145
2338 244
1876 906
3111 6866
2674 396
2346 4028
3309 6741
3389 2437
2148 1449
4860 5326
2074 3933
5294 4367
763 5620
6949 4014
4707 1370
3436 1422
3548 2685
4628 5364
763 6460
4850 523
1128 5961
4103 145
5039 2312
6854 1826
2623 5880
5483 6570
159 3013
2108 1997
3297 430
4731 6962
3780 2034
6977 992
4319 5960
5318 898
6671 4675
2374 4588
193 6080
6437 6816
1651 238
1683 3586
2012 481
3715 5068
4628 3067
6325 4814
3150 6528
6739 5982
1259 4452
1681 4737
4976 4811
4629 3467
2415 5044
3574 3840
2979 6771
1242 6631
3548 3354
807 6792
915 6059
3371 1658
6184 5948
166 5011
391 4808
5221 6045
5688 5222
2042 1513
2294 5608
1006 6211
6911 722
1329 1066
4698 3469
4489 6634
2432 295
4534 5808
6632 3457
4782 5345
966 2757
6860 5328
2494 6793
3018 4530
6970 5964
4296 3303
2484 1268
6293 1319
6893 1914
6554 3926
6299 531
3774 3846
6129 6011
5644 1727
2272 5464
4881 4822
4427 561
793 6959
5073 2705
3297 3864
2036 2699
2295 6700
6014 5747
1317 6081
6387 295
477 3463
457 1545
1182 653
2812 210
1165 1249
1110 3588
4735 4987
6971 6787
5594 4430
3515 754
4068 5885
5721 3246
3979 5702
2976 6913
6163 5134
3022 5173
5078 241
5672 1058
3973 2843
2852 1694
5629 536
3606 3584
4661 5373
3098 5841
348 2441
3976 3584
1903 2691
2358 6705
3592 3505
6039 1601
4690 6234
4001 3064
4280 2761
1964 4491
4438 6438
3087 973
3072 6171
4916 2449
4606 3424
2948 695
4681 315
3549 5752
4335 6103
871 2432
6778 6592
2846 6992
2831 2321
138 2524
3001 1458
562 1223
3878 3105
3367 4529
1738 4371
5525 1571
6871 2863
6108 2815
6046 2592
3261 6294
159 6653
5239 5631
3845 3079
2762 2057
6021 3230
3779 694
4692 3520
2133 5980
2280 3136
4929 3016
2175 5726
5204 697
3468 2272
6823 2310
6648 2701
1420 1854
5412 5602
6932 5555
837 347
2485 4441
2336 2823
2217 5784
4701 4696
1234 2867
1289 6
5049 2685
6923 5080
853 2712
4800 3326
4409 3705
729 533
6735 5675
5378 2784
1480 4798
662 6631
2885 6652
2486 631
159 184
2592 1678
5667 4827
6172 2624
754 4756
5650 4627
781 931
575 6612
5533 5803
4159 1805
4720 4026
268 3947
4896 4134
4380 3791
701 6445
2265 1865
6627 377
3801 308
2934 30
2670 851
938 3953
936 3638
4823 96
2518 6112
2945 6312
1316 5912
645 726
5398 4161
6824 6918
6251 6320
5354 3409
1685 2131
6855 3943
2972 3073
1942 4041
2842 3425
2115 5161
2505 5210
4703 4936
2297 3236
6599 4852
3686 6978
1002 5349
1222 4525
4123 6682
1183 838
6975 1204
1991 4423
2736 2334
3741 926
3640 4983
909 5575
4178 3247
5530 2717
1305 2906
267 3253
1868 651
3991 4584
6625 744
3021 1730
4302 1878
3349 3051
952 593
3162 962
1562 122
905 5129
5671 654
3386 2737
3426 6174
2477 1635
5482 1312
6953 623
4980 3754
797 3853
528 5022
6297 3742
30 3822
5495 5798
401 4373
3899 6608
6897 3152
1682 1885
2359 3751
6102 6603
609 5004
3047 2703
4885 2615
3342 1774
3722 5915
3595 1573
3194 3313
3574 4323
1084 1607
1834 6896
2223 2316
4558 741
4104 4458
5957 3743
4900 6057
6917 2281
1945 3460
6300 3829
2686 6891
1807 5198
6364 6068
6004 453
3588 4638
1191 5631
4855 619
1570 1495
1069 2249
5750 2445
3821 966
78 2986
5051 966
2786 6727
735 6867
5097 2673
6618 4103
951 5931
4020 4176
574 1281
6049 912
6873 4004
4402 1568
4596 302
783 2929
6303 804
5914 4727
6873 4195
2150 1491
3601 6048
3023 651
616 5865
6084 544
4379 4833
6423 3307
3876 516
4181 4884
6687 5471
1288 5817
6234 1346
6585 2088
4830 6782
4739 1697
2227 3445
3164 5747
3895 1082
3956 2497
6431 6358
2520 1969
4334 5940
6656 3929
3258 1730
5924 438
4910 2564
4518 3986
6914 3694
4712 753
6711 2582
2294 6465
5926 5620
5646 5963
6320 2024
2148 4914
4768 3374
6066 4423
4669 6687
3405 6999
356 4479
2450 6825
5802 5623
943 5048
1126 1759
4519 3577
1389 3706
4957 6049
663 6533
6322 5143
527 6853
6545 3193
4328 1828
6967 4942
1683 1560
776 567
6333 6080
2060 3987
4933 5340
129 445
3852 560
3154 6180
2028 6948
4485 2303
2419 6339
2811 2322
641 6758
136 6674
3940 5341
6562 5001
5237 6425
6622 2663
2403 873
6197 3781
374 2271
6222 303
1790 3629
2102 813
1370 4169
2186 1662
3828 5355
4685 1946
5017 3535
3813 2585
5358 3684
3895 549
143 1128
5787 1802
2481 3165
706 3494
367 6939
6211 120
1466 875
2478 3097
5464 1582
2400 2457
3103 5448
6845 4888
6652 2916
4939 59
4372 1861
98 6022
4011 6287
1274 5236
1843 3536
1782 1248
6036 6078
1908 2150
2506 1917
3958 4948
6317 5285
3570 6398
6585 4606
2869 1843
2877 4354
1207 3258
2289 1629
2672 56
5608 1723
1217 4313
493 470
4589 3047
4770 3882
5541 5852
6316 6960
50 1353
4770 787
2510 5481
3324 4082
5340 4349
4057 6082
14 5092
2728 3648
1372 6774
5136 3128
354 2925
2771 4884
5867 6785
685 6517
4905 6495
1386 6671
4815 4453
878 6420
1550 1380
526 4176
6427 3650
6755 5699
2953 3683
3263 2368
5291 3420
3144 6082
6258 2236
2377 2502
6596 6056
4120 2745
1478 5017
3666 1894
5168 2059
2922 3628
5054 1797
553 482
2216 3328
5832 6368
6007 3669
4137 612
5951 272
6603 6021
2940 1571
579 4903
3501 4816
4863 939
2958 1263
5847 2426
5169 2240
3349 1319
6708 4630
1907 5486
2886 3217
1843 1133
5082 5070
2001 6469
3302 4596
1013 2476
4982 805
6245 5643
3185 5679
5056 6031
4198 3958
1949 2678
1767 4936
3049 5272
3810 2813
4951 6672
3329 3753
2905 3157
600 1576
6029 4305
5963 2892
5331 1117
2690 5862
947 4231
4869 6399
820 3081
1265 1345
471 2999
1821 991
4834 725
3110 4397
2072 867
1869 3606
1254 2238
2139 4064
6688 4379
6779 2366
4569 5563
6117 898
354 1582
2531 4820
1633 5845
6004 1740
4251 880
4823 6624
4933 6304
4826 2930
4188 6163
2879 138
4229 4130
1663 2579
5302 6216
921 6492
4570 3017
1659 5517
284 332
5417 3492
2011 6015
1028 2395
5364 6822
4953 6504
5134 4735
730 921
2678 4773
1850 3585
3066 1446
3386 6132
4402 3707
3889 5170
2107 6084
144 3508
5054 4814
4355 5145
5693 2587
6443 3106
5958 2083
5184 370
3656 6948
6604 4588
3425 52
139 1288
2930 1830
630 6030
3442 441
639 5862
1855 2513
151 4849
2540 2815
2027 5199
4980 772
5477 3950
781 3206
5311 2907
4967 2428
4506 1521
827 5220
92 2987
6825 182
5744 375
889 1877
6976 5714
1283 2546
245 818
5067 1484
6655 4835
6140 5336
6432 4058
6061 3896
4498 2815
5680 6444
4369 43
3663 2842
2035 4006
5322 5330
4124 3379
4515 2803
5887 5618
6531 836
2126 2602
885 3016
6202 273
6743 121
2118 1169
1658 3447
638 1130
335 510
2349 6654
4529 2297
1691 3964
1705 2046
3470 4796
3996 2528
2200 5372
1441 3035
1766 2901
3255 1952
4360 2085
5836 3541
1500 5281
3568 6927
4221 6095
1671 2854
426 1238
6245 478
4409 1266
1875 3454
3561 3296
6944 3055
4775 1594
5292 819
4576 6095
4638 5495
6230 4418
1789 6774
5358 5957
1827 5379
3437 579
3029 4114
3723 2823
3359 2068
1232 932
3540 2838
3563 3937
6787 2645
4609 1568
5910 424
4154 508
5020 6385
1831 5437
4062 225
3448 6906
5695 1967
5074 6801
6700 6917
5301 1813
5682 6992
6420 1797
4647 1081
1550 5773
5193 1117
4585 5787
419 3021
758 185
2118 3203
143 378
1636 3578
4037 1346
5312 4128
6590 4790
2353 5811
6372 6997
1980 2205
4409 5946
5809 5973
5270 3319
4750 2427
4843 4711
96 4368
2481 2648
657 1984
3091 6340
2475 981
5106 459
154 1497
111 3966
6295 4671
4876 5746
5984 2951
3628 3734
6429 4788
2017 1611
5670 1748
2332 992
1905 6067
5982 2935
5463 3396
349 5768
3366 902
2643 4327
1665 5014
6529 2692
2571 5103
2832 6455
5098 2067
4104 3174
3896 2572
2729 6909
3974 5003
5383 4097
961 4684
6267 4961
4518 6044
6451 6425
4497 5281
5124 3444
4113 1044
5118 1253
5064 4133
5702 5530
4303 340
2873 6726
2758 3623
6435 3746
4472 2077
4768 5567
4860 597
786 810
889 4980
1417 1524
4353 2705
2792 4821
2846 727
5084 2317
3451 2438
3632 1791
6041 6214
1531 3690
6145 2106
4291 4677
5345 5773
835 262
1344 5523
6880 6006
2843 2174
3921 181
5106 476
4605 5422
1013 3401
4854 303
4623 1807
1659 3352
4141 5126
2587 2709
3184 6681
4421 5969
925 6983
6421 3185
1414 5075
1841 5002
4386 1241
1641 4376
215 1044
1789 2684
2384 3041
5896 1944
6777 5946
1330 6059
6239 2608
6252 2876
3349 5960
2524 1996
6201 3184
5193 5413
4204 5871
1368 5816
4560 6718
6004 2704
5637 6935
13 6465
2292 2976
4159 6804
101 6180
5747 3738
3827 2022
5498 594
4756 707
5246 5265
4751 3859
3067 6189
3998 5916
5594 4318
2811 427
247 114
5127 2967
872 6739
6669 4580
2918 638
1534 1321
2136 5771
4101 5943
1034 5044
1274 5254
5941 2565
5236 1421
6112 6070
5831 2597
1204 4119
1126 4500
6581 1249
1210 4977
1284 413
1144 6128
2489 2363
4128 5652
2270 5313
5841 4932
3007 110
4523 3084
5446 4522
2781 6465
2410 756
3420 6824
1767 223
405 955
1074 1778
5593 2601
4251 6427
1407 4193
2460 4863
4184 1979
5177 3464
6444 6435
5333 3260
3682 2931
2652 4797
1796 1596
4936 6155
6905 376
1530 2010
4555 775
1938 1809
4897 723
1370 6801
1416 5586
6140 4405
2578 3673
2748 5460
2168 2072
6529 1073
6779 5909
564 2987
2350 2160
4915 134
6624 4392
6760 3901
462 3753
4769 6865
533 2467
2285 2899
5325 5704
820 2602
625 5417
5645 1866
3650 4925
5445 2537
675 704
5627 2807
4848 5852
3801 2209
6768 5374
6084 1594
6793 5503
1716 6487
5730 3261
5415 293
20 5422
5905 6922
4377 377
3686 4660
743 2353
6991 3994
1046 4678
5643 397
2084 3049
957 5978
4883 6316
619 6879
5216 53
6134 6039
2636 4389
2581 3844
1151 5168
1501 1096
5104 6003
836 400
5985 6781
4459 142
1191 4964
2632 5977
2856 1845
4131 2371
5133 6880
3913 6239
6863 4421
172 197
2046 3375
1716 6083
2884 1235
934 2433
2071 6252
4546 2737
3334 4623
595 2234
6307 6014
3672 16
6814 5220
5295 1713
3899 5764
1033 510
442 5206
3249 3052
4564 3094
1357 2462
5501 4282
3719 2377
941 6105
6822 5363
1816 2235
2821 4905
1581 5312
4797 1820
3876 6673
1974 1303
5529 2877
5177 5744
4765 6785
2353 5320
3851 1128
4239 5201
4424 5602
6757 6267
163 6660
4402 2906
2573 3284
244 5784
4994 5182
428 5291
1301 824
3995 1746
3250 1767
771 2121
460 4948
1344 1039
6135 3135
4413 760
5623 1518
5338 6292
864 4946
6315 4011
4807 3518
4876 1163
6461 2884
1193 4967
5900 3766
2674 6454
5362 2198
6044 6014
1099 3675
370 771
4219 768
1354 6743
2264 4138
4316 103
4150 5671
141 552
4196 2645
4834 6837
5107 2806
4992 5014
2511 790
720 5950
2182 174
2791 617
2566 5393
3292 5320
2755 6719
3315 355
1574 1467
6607 4866
2017 374
2515 559
318 2207
2553 1083
3640 2408
868 1964
4889 2053
3624 407
602 6867
2258 1456
1841 4858
5161 3236
6716 2841
2412 4359
1405 3181
6925 6670
334 6005
3827 5155
2603 2965
4341 6505
4374 3093
290 3747
6574 1022
6126 1109
3177 5752
3567 6566
2616 3226
4118 2409
4370 6512
6496 1646
376 4746
324 3386
4768 6191
6799 1152
1773 589
2427 3778
4732 707
6254 1672
2473 1325
5815 6019
2424 1483
6915 3423
2735 975
2989 6763
5216 2968
2469 886
1597 3152
3719 464
6444 3399
2788 6834
4330 4498
4454 155
5548 380
6020 5560
3880 103
4037 2518
5162 6022
666 919
5170 1362
308 3392
3371 1935
4373 4739
5319 3811
6698 6349
3190 3682
5446 573
5477 4297
234 624
506 2877
1376 2301
4630 6279
1414 4594
3956 6983
3208 2491
6654 873
2623 2425
262 4680
6637 5431
6338 6238
786 324
3865 5421
6208 454
6730 5541
1483 5364
3739 4882
5957 1989
2567 2097
6014 2554
361 1296
952 3165
13 5719
2392 2413
3478 6447
2800 6439
754 6445
1930 5723
4337 2186
6447 6856
916 5330
5758 6732
1787 6727
1024 2931
5447 6354
4903 1491
3454 2958
319 5131
6756 1265
3661 4078
3758 127
572 1528
883 5924
6150 1627
6131 5310
1335 1454
6969 3365
654 6667
485 5120
4533 900
4738 1246
2295 2913
6574 5813
3289 5392
6064 106
6129 3881
419 3014
3427 3357
6753 3289
2355 4067
3315 741
2356 4054
404 2218
2871 1095
3214 2017
6903 6010
1972 5191
1009 5887
6518 5537
4050 1000
4323 5239
5592 6258
1697 4382
4058 4282
3711 5741
4020 4629
2988 323
3194 611
6537 3139
6061 4041
6313 3790
4196 3555
1473 940
5306 2242
3961 5422
4565 6855
1074 3066
3671 1476
4283 860
5085 4131
3844 3910
1445 806
3027 6180
4324 34
4444 6030
5541 2992
5322 779
3926 1169
4565 5110
3373 3390
1500 6824
536 2545
1850 241
764 2077
6924 3376
3468 4905
5679 1354
2945 4003
1988 1616
4749 2361
223 1026
6182 6279
1659 4754
6714 4580
5131 4662
6150 6387
242 277
2811 1773
6344 818
533 2132
882 4094
5945 2139
3861 3536
6747 305
5662 3535
882 1012
5201 3401
6552 4889
6380 2532
2433 6810
6391 121
791 5897
6714 4344
4824 3001
995 407
4269 5867
930 1948
3735 2190
6459 3530
5368 3912
2328 5944
491 6545
6784 3228
2458 1415
6672 503
5530 3667
6948 3202
181 4730
2355 5023
3667 1976
796 6706
4526 5424
2160 6350
6289 6838
2110 4244
4715 653
2828 1550
4294 4988
6065 5929
687 1778
6669 457
913 5803
3761 3542
1803 3819
5400 2373
5522 1824
1177 3081
1596 2988
2768 2944
5643 2607
5128 2730
5705 2299
1056 1428
3574 2961
4103 5235
3772 3681
2613 3508
4819 830
815 6528
5886 1816
1750 3621
4992 5907
1789 6888
5564 5149
3790 1045
4345 4589
4144 73
3894 3143
6510 2671
3983 964
3263 1551
3828 4702
1213 173
4194 4128
1668 2189
5929 3268
6714 3172
6306 3231
5373 2857
3690 1447
1165 1747
2631 3212
744 2900
1293 4412
451 1395
1886 4161
5420 2112
2876 4293
1441 144
6724 3198
4652 5208
3569 6140
5550 2717
2786 2542
5588 5898
114 429
6387 1228
5465 5521
708 6008
747 6927
4171 3524
6237 3204
6754 5882
336 2411
3621 5000
6148 4322
6890 4781
4730 5483
2215 5910
1718 2094
6103 838
71 908
1586 4029
4532 1918
5200 3495
1900 1780
5786 3933
4306 1441
5118 4121
764 5851
5429 4554
6574 3793
2466 6784
0 6918
3665 5081
5016 4698
2169 810
1725 2183
5687 401
1850 3016
137 6183
6019 1718
1036 6131
6040 1572
3987 5410
5411 4170
5309 3906
6550 6784
569 4133
6518 4040
2248 2875
1998 2494
1582 4705
4034 5651
2167 1102
4177 5540
4739 4667
4061 4145
6493 3482
6163 4634
1934 5215
2265 6844
3968 6780
6369 2553
6378 1809
3273 3102
3951 4744
3659 1901
3595 3271
5760 1843
5116 3910
2844 2980
5680 5824
646 122
6297 1726
3919 1725
442 919
1028 6124
236 3092
2369 5657
169 4127
3204 4619
2908 2076
6756 693
563 448
3876 3148
6971 3406
5919 4590
3598 1896
1217 2205
5243 3043
4304 4938
1779 563
1862 4543
5235 6629
3348 1661
1387 676
940 2548
5346 5466
523 4305
5843 5584
5057 2553
1728 1714
5679 2436
3841 2625
3523 597
4233 4
3539 2158
4030 1585
3028 648
6851 6724
853 2919
2467 4922
1709 3388
6980 6752
2718 4861
366 780
2324 6071
6751 6501
4822 5259
3404 3183
1464 775
2997 5238
5026 6299
2070 5452
3401 1739
174 4277
176 6797
5222 3527
3459 2504
3784 5000
1703 4733
3464 575
4129 2353
195 4597
706 6208
2339 1516
5187 5310
1429 2053
1963 5166
5760 1336
1114 6190
2113 940
697 6433
6439 6751
1689 3836
1024 6855
5228 6221
3542 878
4179 5228
4026 3268
6949 2798
6235 2022
1273 2054
3019 5701
1969 5356
2023 1402
2787 4818
5984 6428
5516 3649
2987 4268
3491 4955
4977 6080
1880 3769
6179 4900
2007 1260
167 767
317 512
5871 1272
2574 5509
3476 5489
4184 2887
2255 4068
879 1798
855 3163
3902 6864
2132 4492
1119 4329
431 5384
6711 3596
6028 965
5329 1452
5669 5425
4493 5444
4892 4719
4661 860
6988 1070
1924 4941
509 1893
1931 1259
2578 4331
802 4281
1425 3890
1479 1931
2046 2868
5357 5572
660 6917
1612 5920
889 6536
1889 4348
6301 2750
2411 4026
1367 1504
6858 6320
5652 478
979 6432
5221 2873
6875 5906
1971 2162
2496 1237
5802 1453
1807 4741
5391 6992
1861 2710
2864 6262
6182 150
2142 4777
2491 6769
2841 4035
1500 3966
2473 5949
2506 6238
6244 4056
2575 469
2449 6065
6469 6090
1823 6410
2128 3905
4114 3347
2720 463
396 3152
5638 3269
6188 324
451 2061
4670 2235
1008 3841
943 6805
1573 6020
2018 1750
4057 6728
3804 2850
3003 4198
417 4038
4603 3109
1753 5641
3200 5761
4458 2626
6823 636
1459 4443
4413 6523
1466 915
2809 983
3074 1338
2776 4660
4685 4805
6846 5246
930 5593
1806 6791
4659 908
5846 6413
3078 207
266 6496
2486 6303
740 4649
4157 243
3501 3806
392 4224
6179 2811
2695 4488
6382 2594
223 2026
3144 3323
2438 3434
2129 4718
5083 5865
5948 845
1207 6527
3098 4911
748 4477
1353 3935
4792 5279
6336 6707
2310 2934
4602 3656
817 2444
1468 2579
6750 6953
1197 3115
701 2818
3193 2850
4907 2761
6906 3721
5584 5287
5971 3907
2200 1718
2954 4282
3008 60
4018 870
1390 3025
1722 5204
5869 1145
2654 1227
4212 4341
6295 6417
4810 3348
6306 1372
4193 3695
4210 1549
4924 6323
1946 4023
1469 6463
4795 1270
5488 3876
4311 6274
4253 868
3488 2146
518 1532
4543 357
5942 2179
2316 6067
3170 2013
3855 5443
2607 4249
290 1006
5775 4029
3987 6856
6329 1900
2625 2767
1796 2341
722 4611
3056 5189
6830 2398
65 2287
3988 2877
2736 1680
479 764
5288 5063
4461 1224
3690 5033
3356 438
742 6843
6241 5505
4591 1536
5486 2424
3176 2195
303 6390
5745 1846
1242 3643
3073 88
4185 664
4142 2045
1989 6920
2792 5448
6776 4738
6326 5052
3638 1554
2492 712
3641 1695
2898 552
2776 1335
2530 1576
6012 4743
3437 3228
4535 4623
3866 6178
3537 2970
2980 4753
264 4819
2831 2139
6427 1803
1303 2342
5595 4823
3445 4048
4071 93
5831 3704
3858 5855
1515 2810
2363 6145
2144 4522
4793 3397
6433 3322
1929 2350
1126 1535
1685 4209
4920 2421
2683 5623
3137 866
4407 6463
6174 6912
3502 5080
4667 1788
6936 4716
2721 820
2353 5545
2974 3598
268 1225
2561 4027
5948 6657
6768 5002
1169 4854
4008 2128
6667 4339
336 1413
1983 4503
483 5843
4403 5124
2744 6880
191 6122
5015 6482
5337 5866
2034 3058
2413 6663
958 4681
4408 6086
5517 6975
5199 1406
2450 3146
5409 106
3928 1396
5461 2076
6270 4461
5057 5772
2435 4727
6817 6078
6906 3425
6920 2345
6922 5723
446 51
6605 1424
6390 4218
2331 1210
1747 2813
4682 5447
1215 5681
3076 1168
5831 1424
1413 3011
2454 6732
4888 5454
2276 6290
2493 4468
6634 1409
1393 3061
877 4553
569 877
2485 0
188 4590
3945 5231
4733 3849
457 2572
1554 1088
4872 6505
556 5135
3547 6569
6555 4233
2202 5123
4725 455
2162 6095
26 5859
6797 3125
223 3307
4431 3261
5510 4032
3757 3305
2206 5862
6164 654
1412 3198
3492 593
3214 1487
6391 1247
5847 916
5881 1421
4484 5319
3877 5542
6426 5794
6482 5923
6218 5062
6825 1740
3627 245
3180 1693
5810 1649
4484 4116
920 248
4519 3246
2367 5383
1172 641
3930 6635
6508 4860
2209 1294
3567 83
2766 6295
6768 159
1103 3514
3775 6482
6584 5383
664 1576
1228 1431
5845 3385
4768 3392
2997 3507
4436 3417
6583 6732
1639 3601
6295 156
1814 5722
5660 6761
1216 6243
4027 1581
6865 5196
4612 4098
809 5690
1719 4630
5848 6658
2042 513
6361 466
6826 467
2856 5243
4451 5227
3593 4635
5847 6522
2799 2239
3751 5093
4501 1333
2384 4865
4356 2391
2964 4801
594 1780
804 1627
3467 5864
6784 6250
5839 2708
1963 3892
6744 3008
885 979
1030 245
5374 6792
832 5663
3740 3259
6025 6551
3010 6111
1885 4751
3533 1843
2207 5559
5387 3284
4440 2101
4586 5677
6606 1040
3779 6913
4047 5549
3849 1551
3824 2970
5354 6803
2398 4520
3049 830
5248 4375
3772 1828
503 4001
6761 243
6164 6968
6888 123
4348 5643
4701 5081
3706 3811
1702 717
3249 6653
2195 2396
1292 4448
1798 6624
5925 2253
1496 6098
5878 4151
5724 4202
6111 2736
3733 6109
5780 1603
1912 5253
4922 2288
6989 3671
4815 2633
1184 4254
6155 4612
4718 4941
2070 5329
838 6313
567 6835
3077 6308
6239 2019
2310 1454
4848 3368
6908 1246
181 4795
6349 3271
3487 1559
4710 2470
3152 1134
2653 1407
1520 3718
79 4119
1642 1810
1054 6203
3755 1013
4942 1768
3286 3785
3044 1644
5358 2334
1971 5114
2345 3806
2845 1187
197 6212
4075 471
235 3221
5329 468
2525 1767
393 6917
4724 1887
1930 1987
4754 4543
908 1753
6393 6027
1507 5857
4990 5164
982 5724
6150 3542
3539 615
1611 5652
2017 2617
2490 684
1377 1264
93 3788
4745 4668
1408 1811
110 2507
4706 5821
3598 3884
3298 814
3344 4487
163 104
2640 777
2558 2448
2283 4437
4586 938
11 862
5659 525
5143 4177
4884 4368
3611 6247
1570 1164
6855 361
5254 5556
5046 6812
1478 894
1038 1092
5434 70
6743 1196
2102 4032
321 6035
929 170
5062 2050
3760 1876
5753 6274
6655 2632
1202 6291
1461 2532
6576 2663
5659 1726
3041 510
6162 4303
4345 6562
1318 1152
6508 3202
2458 6801
3553 2403
6065 6481
5262 1074
4198 2239
1898 3391
3937 2855
5131 4100
2143 5920
4109 3459
732 6178
1131 6333
6224 2341
6149 510
163 3988
2750 3374
718 4488
5856 1363
5352 4794
2694 5946
81 2872
1798 2404
1031 1561
5050 3149
394 3651
2658 5704
3142 5721
2647 1038
5141 6611
2270 5813
5782 93
2911 421
1462 6497
2633 70
1233 2673
2563 3805
325 4532
1490 2373
4556 5090
4682 4922
3652 1595
6347 4945
2596 465
738 2756
6653 3654
808 5121
130 4231
6947 6066
4062 2416
831 6615
1857 2770
6129 2487
326 1231
3392 1766
4540 926
3112 6424
4183 1346
2628 6116
1043 1781
2320 4036
3300 2602
1624 4592
3100 3695
5320 458
3194 6921
5840 580
4603 1754
4700 5085
5120 1045
6206 6907
4252 5090
704 5827
752 4381
1650 4484
6693 2129
2260 1953
2910 410
2057 3525
1007 5264
4696 6992
5285 2391
2199 1376
532 852
6951 6899
6351 5778
3679 3504
2215 1417
5165 2334
6947 3464
4776 660
5881 2706
6243 1656
4606 1708
6654 4515
5136 782
303 5897
6709 2400
4081 6486
223 6932
6190 2012
3782 81
3702 2994
2730 1184
764 4942
2756 4727
1881 1714
4216 4242
5936 1204
3882 6346
509 4632
6793 3358
4939 5457
780 1949
6696 1556
6000 1310
247 2981
2379 4431
1802 4483
4872 857
3577 3822
1271 1245
2987 153
6048 392
8 3194
4132 5609
6066 991
1313 291
5326 3066
3632 2605
474 613
4788 687
1060 3553
6057 5320
4076 288
5998 1730
2887 1675
2824 6047
6722 493
221 3501
2447 5214
498 788
1943 6299
3153 6513
2004 5747
3707 1371
6105 1309
1758 106
6841 3317
2523 5487
4537 3589
6614 143
6971 5632
5603 673
472 5162
5962 143
1377 4787
4982 6585
2417 5786
175 5052
3235 6134
2018 6034
4363 6424
2906 1803
644 2804
974 3778
2070 2566
4983 3642
2089 426
4347 4647
1610 5988
6651 5809
5825 5853
2821 818
2325 2407
5143 2585
5948 3928
3081 4039
491 6554
6069 4023
3439 6043
2990 6683
6965 6656
1970 2217
6396 1292
694 4316
1573 2558
3309 5471
1932 3793
2723 5964
1086 6846
5156 379
6774 3820
4668 582
3422 2007
2923 2313
2070 4157
6991 1863
3084 749
1878 279
1881 5843
2726 5253
1900 1390
6091 6365
6573 1115
4173 3115
4520 5314
5666 5790
5587 414
4071 3235
2398 6123
1719 5661
2846 471
373 5354
4406 2290
628 1072
756 3546
1177 3614
1371 3743
5137 1232
721 4910
5436 4243
1359 977
4958 1910
360 4907
2054 4089
3536 5322
5005 5887
4467 2845
1668 6047
4392 2484
578 2257
4632 4302
2761 467
3974 3949
5612 1779
2404 2567
5455 3999
6847 2526
3435 5248
4609 3887
6853 189
1553 1408
2785 3692
1241 3033
3736 2211
3084 4157
395 2957
5450 1275
1179 2432
2561 2316
1039 1899
681 5137
6321 1468
5924 1437
3150 1727
5065 4541
2567 1259
6500 4361
1256 1959
4395 5578
4629 6042
5727 5403
1148 1352
2541 4284
5067 6824
928 2801
6295 3922
6885 2185
1694 1158
3611 618
897 2312
781 5746
5194 3647
6245 681
3982 844
1158 2842
1726 440
182 800
2408 6199
3742 5749
5317 928
1936 6534
6191 6222
1508 362
6865 4481
1271 3553
4667 6837
2512 6561
568 1509
1552 5220
6518 48
3638 6214
4305 6465
4036 122
1140 6540
5937 6787
5589 5364
2460 6768
6660 5978
242 4689
4944 345
6484 6022
1078 6692
5888 1903
3430 6392
4145 6270
6844 1166
6342 2641
5784 1240
4629 5395
6323 5293
522 4618
6951 5584
2440 6155
1529 6627
6202 3153
3741 6769
5870 725
3694 6944
1094 6919
4457 6821
5597 2083
6356 2
3219 623
3537 2723
5477 6969
4529 2134
668 5125
2543 872
4480 2723
658 4716
4880 6199
4245 1502
857 2834
4271 2558
817 1950
6819 984
566 4999
187 3184
1504 597
6190 4155
6088 6230
4235 145
5732 4856
2240 5599
120 1964
908 4513
6466 814
4685 3940
5641 6337
2230 5465
3283 1544
4249 6125
5090 4767
5749 4093
3147 4831
1084 855
3051 2272
3268 4532
5813 6513
4344 2266
4364 1971
5226 3710
5834 6987
6415 822
811 5774
5359 2837
3265 6592
2095 2167
6812 5597
5885 6164
1757 3544
39 5738
2456 2562
1513 2330
5180 6705
281 5333
65 6202
5752 3656
3724 6762
920 2994
2609 4766
2796 3286
430 2578
121 3212
1264 2934
2135 2489
125 4709
51 6007
6485 4559
4285 4944
6773 743
1080 1724
5857 6078
6155 4498
4238 5366
6876 3642
2529 6115
2140 841
407 819
6002 3670
1146 4255
200 3921
5789 5073
6412 4699
5085 4749
3428 921
628 4908
6986 1938
6474 1612
1743 4040
1050 5995
2622 3083
6654 2522
1936 5088
3552 1127
1864 49
3191 1114
331 1527
4418 1641
3870 6978
5572 4911
915 2961
396 2303
5081 4540
4143 1326
878 4214
3708 2966
2164 3897
6444 519
2006 4042
4021 5985
5270 6195
5785 4156
2220 4607
5471 8
988 104
5454 3992
3925 2516
3769 4177
5986 2382
5772 3641
3991 6137
3650 707
5761 6199
5936 5847
5337 6984
6249 1557
2847 6822
6886 1738
4408 5301
386 2987
6660 2632
2991 2742
3782 454
3833 1353
4689 4372
4461 5418
995 2740
2998 4397
3048 5619
2532 5740
862 4520
1032 3448
6369 3456
281 2326
4186 6462
3268 3085
1872 1343
6220 2644
3371 4540
3966 3497
5801 34
3503 1611
3496 6915
3324 5225
2679 3703
3766 5915
6865 5773
72 5534
758 6418
2846 1278
4135 1469
4116 3331
278 1865
824 3038
4000 5921
5549 1597
6064 6387
4821 1866
5346 6291
1193 1050
3800 5328
6928 2041
4268 2619
6467 4714
1315 6467
2393 6220
4394 5014
3964 6193
6200 4858
6710 5416
4800 3210
3937 1466
1161 2380
3378 201
499 1943
2129 2037
872 3001
6912 3256
6797 4647
6214 5737
1924 5238
3678 6870
4976 1014
6841 6066
3555 6598
2436 2846
3575 2554
6055 1620
2191 3161
5436 2118
1122 4203
6552 933
5436 6056
6457 4366
5128 5867
468 718
3901 3574
2946 3454
6292 6007
4542 1874
3027 5528
6446 4572
538 1541
6315 1134
3048 2030
182 444
4576 1163
5249 6079
750 6791
4296 5541
3447 3622
6402 2718
2994 2320
464 6626
1002 871
3152 5110
5877 3509
6286 6390
4436 6223
2688 6932
1150 4174
5156 4062
1539 52
3761 5006
5331 1155
6311 1883
2473 2401
3476 2732
5375 4512
5171 1573
6263 6778
3795 1394
466 4329
1513 552
6569 4548
6867 3515
3143 2254
4699 5922
2239 6881
2948 3823
4470 5968
6468 1770
519 1178
3061 5909
4432 2218
4857 4322
5182 1466
4130 4137
481 6912
4868 1446
1662 6209
168 2895
6189 1770
2485 6387
1646 4798
1469 3429
5413 3554
2105 2384
1567 6524
6722 3476
2440 4313
2797 3543
4547 5
1378 1768
453 1845
1618 1452
1398 5785
3282 5139
4341 5870
4552 6700
2727 1064
6857 4981
6291 1340
188 1591
6197 6347
4791 3838
1557 5594
3276 2295
5355 4622
2087 4242
978 1958
6047 2926
38 6065
14 2420
6635 2830
4591 4259
2467 5194
203 426
6420 4683
3440 2949
812 5547
6823 4495
3169 4193
5864 4110
3905 970
6188 707
1947 6397
5167 3064
5529 4955
5512 557
6483 4549
2846 6995
1728 2504
3456 4585
171 1363
5969 309
2384 5641
4887 4018
4386 4034
1935 4247
6346 6220
3278 4161
2470 4631
2590 3431
2459 4925
5707 4234
3089 2960
3633 4160
1522 6398
1780 2118
5205 6672
3780 6818
4430 1472
6563 1203
6474 3168
2635 3408
3601 5424
6001 5365
1341 3431
5256 181
1505 4387
1324 6657
4992 5635
1236 6926
6644 6537
3891 4516
3703 6677
4179 3730
4617 21
406 5335
2086 3465
1746 2028
2875 2522
2008 5062
6485 5243
4562 1599
5959 2143
4447 3412
1454 3882
60 736
610 3508
1160 3447
3475 4632
5428 3992
4549 114
5309 330
5842 5991
4239 3791
1003 3319
5264 5565
2370 3477
6287 5513
6863 2711
2879 5295
4317 4520
4043 3420
4185 6731
1512 6884
1486 4723
817 5944
1127 2181
6915 2471
4290 2975
887 6909
381 1474
4925 4233
3393 1842
4035 2896
231 4422
2489 3639
11 4555
1167 3461
6452 1755
2566 5247
5380 4378
1048 2574
602 850
2158 1843
5986 3124
6108 1026
5334 6207
5618 4964
2052 5005
6010 2822
2403 2216
456 6487
210 2285
1795 2327
1999 3190
5335 1611
1881 5451
3093 4045
931 403
272 3409
6782 932
5923 3538
5817 2442
2004 5458
1391 4532
1712 1136
1598 274
4914 4388
4919 6738
403 6958
2239 6099
2167 4285
1553 5008
2706 6435
45 6270
4045 6269
753 153
2441 5241
3803 904
2919 808
4472 2561
2025 5659
1260 3759
4208 1921
2343 3712
3628 5606
1671 2955
4297 4928
6968 5007
6964 6091
1365 6070
2602 1029
929 3216
5153 2691
703 6284
1910 1066
1458 5409
5410 5097
1298 6035
2249 1363
1876 537
6864 2243
4564 660
131 1153
3697 2330
2856 3145
1526 4455
603 5986
1601 5045
1471 244
5529 5546
766 4979
5497 6856
6653 3968
355 2475
3655 1566
4947 6643
4836 4618
5057 3240
6294 4667
6010 5077
6304 6945
700 1342
1852 2443
196 1811
255 4400
3334 5783
4210 2647
2216 3410
4560 4810
1628 5793
3119 1381
1975 4488
4069 1821
1387 2542
425 2899
6389 1614
2730 6807
428 102
5096 6825
3679 5624
2749 699
3793 838
6112 6811
2493 962
1310 5709
935 6627
4613 6005
70 460
3862 2025
3645 1959
4614 5108
4352 4287
1913 6167
2857 4739
1348 1819
6159 5270
1102 290
2015 723
2857 115
1650 3661
6811 3755
5763 3933
2228 2105
4955 685
2635 4098
6787 5217
4993 1683
197 3909
2930 4461
3920 5969
2507 3187
782 5362
2292 2271
2843 1338
6372 1426
2396 4583
3499 2282
5906 3145
1273 1333
2986 6437
1720 1020
1642 5079
2688 2628
3353 3076
6799 5517
5139 749
1874 1485
6729 2071
5293 4711
2793 2800
6931 653
559 5916
5059 6629
6312 4885
4591 398
2582 2585
3874 6660
165 2749
789 3233
1304 6968
5797 5452
4617 3538
597 5414
2604 4731
988 5974
3318 3072
6747 5615
2023 6888
6717 3623
4897 588
4899 3856
268 6877
2995 1404
5048 5080
4460 1129
1758 3324
2129 5188
1532 2896
1873 1107
3672 5733
5721 6870
1038 3352
5652 6632
4374 3927
5654 3426
4091 2697
5830 3665
3661 1289
3505 2464
1947 6067
678 6455
1677 4782
594 3104
5872 5518
6491 4569
2467 4916
2090 4179
1751 6861
6050 14
5139 1564
5805 3663
2917 4084
213 1791
5044 3263
4224 3217
1082 3668
4812 511
6703 2576
74 2497
4057 4972
968 3772
576 3750
6334 5451
4061 983
4730 541
6291 512
1935 6122
3038 3858
3904 1971
1783 1409
3147 141
2593 5299
4232 2050
1462 4691
5777 5532
2859 2397
5539 3863
6339 933
5394 4306
2911 5257
995 4857
3650 1823
6362 6026
2226 3564
308 5161
5482 1907
6439 6451
3125 6270
6078 3835
774 6499
2777 157
627 1806
1553 5965
1319 1439
2272 5691
5982 5928
4599 6133
2571 6798
1889 6216
3341 6897
1445 3413
2649 6641
6081 3324
1001 1239
5097 4320
2298 4525
2303 263
3547 667
3925 5483
6697 3815
950 1306
496 3568
4042 6063
107 1159
6608 802
1044 5763
797 3355
1768 607
4331 3446
2826 2610
3934 4099
2455 1411
3456 5966
6489 6967
4891 206
365 5609
6854 1420
960 6516
3497 1001
1606 1928
5771 5468
1258 6327
5243 4087
2634 3098
5947 2605
2306 4413
2024 5898
1233 4203
5558 3230
2857 5287
105 2048
1719 3369
1758 1532
2226 4481
4943 5368
888 3260
4542 6281
4596 4672
4249 6572
3652 1685
1691 2011
5183 2433
3908 4551
5060 4688
4654 3308
2541 6687
6912 15900
4707 5752
3150 3858
6955 2945
2849 3749
4279 229
4749 6645
915 3971
4688 3098
3516 5881
1559 4436
4309 6741
5111 2283
926 2989
820 5851
2194 1151
5668 6428
700 5426
3471 3173
2382 875
4086 5208
3413 6340
2556 4217
2868 510
1341 4288
819 3112
3626 3302
5051 5336
3710 1236
5561 6981
5705 1814
4645 5599
2894 4455
2183 526
5690 2278
5605 3648
4940 4214
6426 1415
1955 2940
6278 4062
377 5065
3958 4259
882 5399
6640 992
4488 4017
726 3188
1759 6458
940 5007
2688 1408
6495 3290
5588 4025
5252 1444
4127 3315
2475 6682
1838 2442
5678 5638
5014 1602
2513 888
747 3485
2296 2506
2689 2174
2895 2404
987 4004
1538 296
6590 6434
2586 6793
3672 3795
2809 1829
5234 4731
5690 4305
1704 3304
6976 1683
5313 6407
6209 2058
1679 2668
2166 5433
4765 4033
3762 4051
6760 679
3780 9
5331 4355
5875 2263
2483 655
6678 76
3771 2169
1973 4880
4717 2009
6319 5144
6230 3644
5345 3596
5189 430
2511 1362
648 1620
5170 6756
2218 5671
3446 2796
6829 3117
6815 4583
5048 3409
6879 5847
1717 3675
5407 1691
4066 4074
984 1497
49 1533
4652 5532
6718 3585
5374 5552
6325 2725
827 330
2238 6833
731 2853
2558 5077
5392 4535
963 1910
6330 5602
5979 3107
2844 4214
946 6061
6831 5692
2294 3133
1248 6821
3904 2032
1625 3528
698 661
3265 2611
1047 464
1872 4001
1228 4559
3036 5098
2625 2312
5513 1416
5355 2893
6224 3973
6793 128
5615 2170
5537 3265
5545 3403
3951 6687
2777 6094
3681 6523
2632 2026
2890 1480
3833 1644
1593 3646
4405 2084
5325 4894
5145 6358
3279 3583
4416 5644
2420 1567
5389 578
4814 1629
6833 4794
1838 6571
429 4189
4127 5322
1381 2914
562 5677
2641 2137
978 2975
5345 5129
4499 1161
1005 95
6196 4555
4438 5272
4174 2764
5404 6893
3752 1949
6605 5005
3241 6527
4175 1337
4977 541
3490 6465
4828 5604
6733 388
5363 6038
5667 364
4952 6990
930 4712
4903 6535
5320 6675
3948 1813
5234 2602
2253 260
1658 6058
4285 2639
4308 1176
6185 361
4293 6626
5058 6008
4705 3754
2160 3023
336 5099
2472 3426
675 1572
4970 1613
4761 858
1081 293
5617 475
2527 5392
6931 356
6357 5928
3719 6163
460 5642
5017 5057
3275 1709
1072 1871
3037 3166
4762 1937
3774 6024
5774 6984
2850 6129
301 3482
5354 6648
933 6612
1044 6771
6372 1879
813 5445
4101 1840
422 4099
2394 578
776 2344
2271 3598
5726 6342
1166 3498
2190 4029
6021 6504
6891 4065
1536 277
2466 1739
659 634
4886 722
2001 6719
5578 2170
5354 507
6107 1610
340 2953
6344 419
1241 5324
4694 3877
4569 930
5684 5756
6364 5095
2144 63
2598 2361
6013 41
2543 6016
6962 2312
4998 2432
4855 4619
6770 5559
6358 5041
6532 3001
436 6876
6084 5196
2339 5421
4254 5557
5853 921
960 5745
3791 3600
6924 4008
5360 4910
3653 563
5868 5579
119 1902
4865 477
56 2137
5509 6637
2628 4328
794 5159
6002 2067
5096 2922
1585 4600
5125 4400
2685 1011
5539 4728
932 3975
190 4255
2864 5743
120 3077
6713 3798
2155 3643
2912 1428
1651 3930
5522 1153
5149 5534
1375 2900
776 1906
6926 6805
4423 3302
1815 481
5103 3739
4404 1171
11 4622
3021 6511
2634 3203
5599 5354
586 5785
4800 2693
3435 6075
4233 168
5634 3167
5360 2412
1416 4783
4449 1209
1735 2877
1161 5518
5073 6684
6767 2982
44 881
3199 4223
5166 1264
3605 3807
5777 6531
370 1943
6226 5142
2405 609
244 2565
3673 2950
1701 5294
1287 512
3553 1860
5728 630
2867 5944
1081 198
1709 1540
3700 2756
1407 5266
5967 3225
3156 942
2627 3287
1485 45
3226 6425
5816 4061
3958 1127
249 6107
5794 1174
107 3636
3120 6950
6418 6115
4767 750
5144 6489
4549 3234
3747 1075
2273 2620
3136 3437
6214 873
4334 3213
245 4234
5241 4442
3226 690
5537 1770
4640 888
6630 4331
6116 6098
1482 5241
955 1473
1684 3686
2737 1964
2516 5968
87 3645
1408 1005
4024 15
4826 1713
5776 3273
5547 4080
234 1220
2513 6007
3708 6360
4856 3484
113 325
1615 3958
5827 1861
4002 5478
2250 759
5184 2725
414 510
5424 5104
6525 2112
2093 815
3857 834
1091 211
6337 8969
4069 3882
3883 1820
5451 3618
2060 1541
2149 6809
4829 1872
4350 1085
3446 4401
6750 784
3308 589
5612 6576
5086 1731
433 2267
2689 2572
1656 4228
116 2224
3729 1294
6101 4959
4236 1260
1954 2776
995 467
5364 2705
3313 3933
6598 2164
5798 4891
795 5523
1700 6558
1677 1480
6348 2674
4954 3147
1689 6559
2265 24
4143 2101
1971 2340
1044 3667
1980 1108
1236 5308
6304 4882
1475 5023
1042 6533
4915 3842
5576 2908
5517 4227
3859 1432
6084 4386
6346 2603
3005 2277
669 3288
4130 6665
327 2591
4318 5395
4509 5461
5700 985
3636 3278
4496 5343
5055 5945
734 1609
2805 5951
2097 1346
1145 4998
3204 6815
1171 2872
5933 5315
5636 1131
2496 5440
5775 3333
1207 6727
3074 4430
3470 2652
6876 6282
4036 4369
688 5953
3110 2452
5888 6469
6374 6992
5389 6184
3794 2422
1010 5423
5055 6693
3873 6438
2763 5733
5701 3993
4401 876
1943 4501
2967 2314
3620 2897
5924 3472
722 6108
4822 2240
3395 900
5472 2336
5059 6784
6480 2609
2892 227
5254 5511
1401 6006
4080 3580
1615 4256
3810 3869
6910 988
5243 6552
2687 2447
1963 6536
6641 661
3537 5687
684 5584
745 6048
3350 3243
3107 5286
2803 3905
2270 1820
6343 1157
522 3913
6383 541
4958 263
5190 4200
1022 6121
811 1665
2390 6903
6048 2648
4396 2087
29 3715
6815 522
5899 4566
1302 5600
4885 2612
6164 272
3536 2920
5343 1720
2371 2933
2863 3246
3345 4382
3308 121
6547 4323
2688 6519
4515 5920
3899 827
4700 6828
6173 730
6805 3811
4527 3579
6532 3880
6754 5353
6551 5491
1321 1854
2829 5675
1595 6549
3619 1336
4976 3316
1915 1359
461 3069
943 1195
4362 231
6771 2340
5712 6605
6369 4479
4184 6891
5662 1722
1271 4497
1073 2794
1765 590
1907 819
2597 601
4833 4611
2215 3206
799 3739
5129 5716
576 6291
4380 5599
8 5233
955 2687
842 4830
4510 4028
533 5277
4844 5220
3729 2441
911 1667
488 3146
3321 6118
1447 2827
1021 1844
4411 6675
5160 5769
5769 3389
4919 2512
5246 143
970 1548
3133 204
4469 2979
5311 22
1751 4712
3940 5971
3379 2603
4647 4531
6244 4695
2656 4972
1190 5512
4883 3353
5887 5848
6766 3998
6533 3740
4488 5928
2985 4703
2229 2109
1832 1547
3310 3928
1147 1319
2685 310
916 3369
2126 3530
2057 153
6713 2969
645 4560
387 6852
4617 3604
1877 4472
5202 6017
4804 6075
5924 5021
6927 6068
2509 1216
3576 2071
6308 2445
5993 445
2663 4642
528 3580
6948 4512
757 1680
2983 5519
680 5197
6051 4610
1007 1136
2372 3762
2045 2689
5816 6137
2927 4239
3814 5438
1663 2120
1902 568
883 1915
3240 6288
5889 5245
5185 6959
633 6876
1465 5897
3876 1802
2623 2669
3362 6826
3949 75
1903 2560
3248 2017
1231 6192
4936 1873
1753 5527
1582 2970
2200 2693
3411 145
1860 3783
4069 3099
6680 5536
5572 4610
3004 31
3099 651
866 2921
34 2224
1902 1756
5569 2462
5214 4949
1751 3221
6153 286
3495 1231
3380 704
2628 495
3967 2528
1371 3600
4991 233
1263 1623
4268 4447
2811 2518
5138 6507
5495 4565
5557 4056
1021 6479
1446 1880
2014 487
1243 4291
5174 1437
3978 2846
5742 1304
6645 2820
6680 3601
5345 1020
5244 4282
4720 70
4241 6162
4271 5667
6160 1735
3346 3320
1218 1526
676 2790
6370 3777
1050 4434
3341 6797
6023 6252
6894 2927
5722 5398
4750 2099
315 5571
536 921
6421 1665
4979 5269
5212 5556
673 6496
3432 1001
2772 1440
4387 5883
87 3873
3084 6286
690 4446
5014 694
1384 1337
2610 3114
3227 4978
2104 5131
1063 743
413 1571
6308 680
654 5612
1317 6102
4795 4814
37 3728
3151 1020
1793 4290
1980 6195
985 362
6323 2448
4608 1232
1825 45
1922 2905
6797 6896
4525 5032
5541 624
1096 2450
529 1645
4689 2196
2527 5795
4427 3883
5749 4562
3756 224
166 182
1484 6822
1427 5622
6273 4905
811 922
2208 6101
3989 662
5246 3592
1026 6677
2748 5445
2952 4964
2505 2102
6472 4813
3593 4941
5305 516
755 4159
1990 4546
6993 1742
5482 515
4144 4937
2612 5966
207 6858
2941 3025
6173 3156
6582 2502
5211 286
1775 5973
1792 1896
1794 2335
6067 242
2670 493
3203 2836
6752 5051
4523 6837
4603 445
4657 5811
4384 6684
5525 819
5353 5916
6279 2894
303 2181
5049 3433
755 5316
5572 5807
5185 6614
2126 4973
5993 6377
5096 4585
5072 5622
4990 2032
2323 5430
1656 5659
1755 6184
6518 533
716 5157
928 6620
1487 4817
923 1713
752 2741
3679 5805
3593 1165
5757 5490
2013 1579
734 6676
1402 4463
119 2570
3749 1220
5817 1997
4025 5639
1764 5412
2882 2398
5884 2144
2012 5491
1019 4539
1305 156
2022 1880
6943 3497
1316 5663
4007 5417
5457 5544
2410 1968
6433 4545
2606 361
5839 6037
326 2964
2493 91
2320 6677
6694 1552
5520 1553
2415 6786
6650 6109
4277 1035
4189 3485
3824 1582
3162 949
4444 49
5028 4360
3456 4014
4737 3962
751 2656
3214 5708
2076 5127
6122 1412
1715 760
6153 6974
6571 1083
5056 1108
4015 6082
1200 3589
1243 2412
379 3884
5996 547
6372 1584
3648 5248
379 6260
6373 4640
5758 5450
3494 3979
5811 4848
399 5282
2633 911
1457 1226
4247 660
4385 569
1324 2478
5867 6844
2430 595
173 2226
5750 6982
2550 5497
6192 4817
6317 3411
3576 4818
3093 2924
4904 222
5686 459
6006 5047
2527 2819
5146 4619
3759 3333
2893 4251
2628 2803
6782 6196
6211 2851
6230 2533
1253 3710
819 5478
5034 6260
3025 6201
911 2070
5100 2496
5011 1128
4971 4139
5256 2705
3710 2427
3637 184
6952 5496
2160 3349
3375 4036
4297 4641
4312 6978
5953 1666
208 1358
5737 3359
2574 1427
4936 5837
2100 3531
6900 5452
2627 638
1641 5961
1838 6378
871 96
3327 3410
6501 69
6118 5063
2476 6631
3384 6576
4663 1234
1108 2591
5790 6344
5729 5066
2338 4892
1347 6522
3691 3034
4764 4276
5693 1806
6263 4178
1200 296
4575 3509
3479 544
5039 2784
6264 1043
3171 6092
4242 4090
563 4348
2677 5316
2047 4316
6187 6072
1582 2819
3501 5825
6905 1914
5168 1429
4164 3472
2350 6620
2269 4883
5792 4482
2453 3461
41 3072
6907 2953
6574 3574
2400 5432
794 6117
4861 1133
4998 3476
2488 3769
6093 5778
2902 459
2886 5194
1874 5320
2027 1184
3507 4163
2438 4334
436 5241
3507 5227
3381 5395
2488 3417
2663 4689
5168 33
3733 5184
6487 2661
2094 4535
6377 6962
1934 2756
1116 6592
4548 3982
1411 5792
4719 2366
4764 6881
2313 2583
4449 5014
4534 6135
2818 4776
5925 6737
3708 891
6357 241
4795 2471
859 4651
3475 126
3111 6784
1012 5044
6335 1366
6676 536
5387 6058
2038 590
1208 3573
6504 2951
1920 3616
2274 2150
2766 6470
6562 3623
6919 5373
3685 3094
6684 71
536 3760
1364 4419
6237 3034
1159 2371
640 2261
4477 5099
6721 2411
2852 4221
6004 1273
1440 1491
2204 3240
3669 3114
6470 2657
1337 2295
1625 4869
4788 6249
3876 1278
3353 1434
752 5094
1534 2955
628 4090
1967 5987
4528 6818
5754 1196
4169 5136
5691 5731
5698 3578
3623 4042
580 1005
4253 2931
3900 5320
1160 5779
1690 5219
5426 5832
5155 179
6875 2793
2644 6707
3143 2273
4975 111
2381 3359
3258 3704
3059 4508
6898 983
5415 3458
5143 1816
1481 3950
5489 6237
44 1418
3216 739
1067 2426
2761 2837
2712 3848
3804 6996
3399 6030
6178 320
6002 1128
3436 77
6614 1523
3151 372
4466 4942
2084 5749
6167 2227
796 6678
6939 5602
6752 4779
4512 1323
3238 1530
3058 5357
2087 6545
397 520
5078 4182
2244 3324
3467 5403
974 5988
6853 869
5299 338
1799 3111
6149 5511
6329 6976
66 2703
4487 6397
1501 2263
6462 4516
1092 3069
939 1342
1492 267
5918 2504
1608 6878
419 6351
4625 1705
1257 4861
3719 3089
2067 1340
454 717
6933 4718
3028 845
4537 1791
1142 6203
3086 4823
3282 26
1410 4968
1935 6202
2262 5696
1937 4500
200 4595
5969 4680
1902 1993
6865 5753
958 5423
581 1794
5027 4373
125 2920
2377 3755
727 4043
4345 4377
2481 3833
3872 5289
5284 5049
1339 523
12 3153
3637 5261
6124 1245
3368 4229
3270 2181
2138 1317
5920 1497
6455 4897
1106 6811
6196 3735
196 673
3396 6388
4749 4998
4091 2527
574 5660
5847 93
1453 5009
559 5304
2045 1771
2708 5148
6554 3880
5884 1472
6546 5382
6413 3629
4383 2004
6342 1598
4849 99
2409 4484
1969 6461
5861 1821
4777 592
4041 4049
463 3751
5826 272
4503 5366
1085 5075
2008 5823
1384 6894
3495 542
914 2582
6575 4101
5691 3701
3171 1469
6566 5175
2730 6962
3604 5055
6601 4745
506 2068
3870 4648
1378 4826
6992 5987
6799 5086
4284 4711
553 6897
3251 1076
977 552
6631 4956
351 4102
1196 2530
1511 1271
6347 6072
2337 1650
6217 1074
6224 5793
6839 1145
3106 6872
827 2997
5926 3848
3211 2050
4093 3623
2649 1437
2542 678
6514 6483
1045 5591
585 5294
630 592
4505 3181
1739 5904
5519 2535
846 4133
4934 1700
6504 2816
5884 6792
3583 5342
2361 3325
534 83
4575 2732
4518 6293
6469 6975
482 2858
6942 366
873 6759
391 1492
6045 4199
5766 1989
5968 15054
2558 1318
6533 1478
5353 2917
6707 1561
3868 1977
5961 3440
437 6196
5345 260
5844 5050
4725 3600
3053 4795
6656 4746
5216 2386
4562 2114
5039 850
5793 5763
5283 3281
2291 1527
5139 4204
381 5936
6003 6665
710 3920
3069 3620
4221 3577
5878 2849
923 6537
6271 6200
4943 406
4950 2623
2333 663
2481 3425
50 4458
1775 5956
3454 4314
2451 1841
6302 5761
1710 5828
4636 4939
1671 5802
1150 131
5169 6643
6520 3414
6993 1901
3759 1813
6371 4792
6956 1369
6392 5288
1520 1959
4446 3957
5186 75
6428 5790
354 3088
3968 4764
2105 5741
1095 4483
2943 3956
3593 4963
5313 6852
1134 4533
5829 6974
3225 2920
5107 4604
2175 92
1122 3109
6228 2686
2643 2838
5571 1705
398 1427
1807 6270
2800 858
1730 74
1374 2888
89 5726
4912 709
4875 3732
4941 5019
6701 5757
4246 6468
6435 623
2458 2081
1052 6932
2294 5951
3491 782
662 3411
6029 3590
2973 6630
1388 4219
5189 4836
327 1240
4227 5727
4699 5367
3050 2976
923 753
4378 2437
327 6823
773 54
2092 1099
3190 4234
5000 1415
1486 6719
5408 2479
4164 566
1752 2243
4520 3988
6094 2836
4917 5052
5939 4944
2833 4098
3639 2073
5010 1132
4680 6951
2926 1337
4878 1750
1831 3395
3319 2002
5481 968
2202 5319
4921 844
4338 6861
3412 6691
3721 2192
1074 1242
1334 4445
381 4629
4980 6393
4081 3475
6185 4228
330 6773
6256 4162
4813 6958
5211 5002
5932 517
1088 6168
4977 3421
423 6893
1205 5453
5365 3030
3230 683
4432 3258
2347 4004
4416 948
1446 4087
766 6441
893 535
2084 3467
1308 6159
4464 2516
1962 1056
414 1983
3606 4981
4962 5535
5151 5616
4191 5995
1053 2549
726 3593
4823 6620
126 2152
1314 252
5316 3562
290 3443
4071 989
1608 1650
4835 995
6704 5581
2329 775
3446 5320
1239 5464
1901 6013
2649 3371
5203 5987
1275 968
2909 4496
6569 1159
1850 3638
6310 5387
710 1244
541 2876
5982 1875
5520 1171
6178 2929
66 5822
3196 1747
267 3483
156 1274
3664 1321
6877 2912
2532 2794
1944 2213
5367 933
6435 3018
5440 5889
333 1846
1610 2219
240 6902
1665 656
5764 735
6816 6278
2780 5856
4097 5020
4183 4147
1320 5811
4030 1154
6652 444
3613 3814
2890 5464
1831 5610
423 6831
3410 3270
6722 584
3084 1280
5117 575
4497 6796
6502 6844
5338 4268
3294 1632
6276 1291
6341 5971
6770 660
2303 3849
895 1320
1111 1163
972 2371
5879 1209
6954 1256
4945 5261
4693 643
4509 4586
1902 3372
3088 3668
83 6444
6965 5818
6004 4399
130 6278
5189 1185
3498 629
875 2390
2698 6769
4773 6794
6739 2139
5561 295
1499 6526
4207 6700
287 4928
1702 4018
2393 4410
2337 4866
6306 3622
1302 5834
2309 6231
3955 1455
496 6516
6821 1133
3535 3807
1902 2521
4319 5090
1602 3391
1171 3849
695 2727
1959 3786
958 2347
2951 3065
4626 4900
4002 304
5580 4249
4753 5196
6104 2561
2974 2659
3528 6992
378 6121
1467 2310
215 5393
442 4877
1319 1872
6007 3865
2455 118
2194 2922
148 2910
5761 5604
3248 1205
4139 3776
5129 1095
3241 2075
5095 1108
5993 5612
5991 2962
6785 859
4384 2268
429 3957
2865 112
3941 5852
5366 5375
4893 2363
2821 6133
922 1040
3409 6216
1318 1842
6643 4805
3473 5641
4071 6838
5588 4076
2418 5399
3346 2286
2230 1552
3670 5970
423 6541
6763 1806
5045 1969
5988 4532
1655 1826
2441 2530
3168 3205
122 1451
5273 2626
5979 151
6275 2754
564 5293
5031 2221
6108 2577
6227 2864
10 2777
5931 2307
3751 1673
5602 1593
6771 102
1100 1072
2466 5544
666 3993
4291 1496
168 6337
3093 1345
1318 5486
6175 3939
6065 1381
2162 2986
1854 6664
1308 4989
1842 157
5204 546
3169 6921
5333 3503
5569 3989
1146 8458
3982 6956
6997 2884
816 5827
179 6557
4165 5710
3305 1694
430 4952
4883 568
1396 2570
6971 2936
6705 3063
3190 6101
2232 1303
5611 4442
803 5635
620 4612
4402 5338
6205 4889
1569 3263
2729 4451
4979 5456
1299 3008
4067 4818
2074 527
4393 3966
854 1145
633 4298
5183 2002
5751 2941
2734 2347
4406 5515
1522 4173
3977 5617
932 5395
369 2526
6327 5404
5076 1615
6054 2468
4367 5917
1682 5167
4530 2468
4099 1785
154 3610
6635 6380
6572 5474
6426 2663
5132 1901
44 1512
3837 309
5263 6918
5283 541
3953 53
2237 4799
6686 5798
2455 2987
2566 3811
2923 5969
1941 3908
6591 900
6341 241
1130 4723
2470 3188
703 6149
6101 6937
3996 4113
4026 4758
1733 6847
1675 5441
2193 142
4310 994
5895 2498
6668 6743
3617 3009
1569 1118
141 3451
1088 6434
2229 1444
2676 76
61 312
4057 5253
762 3801
352 5318
4537 5968
1161 2349
2125 5078
5027 6596
6050 4821
2455 3527
5255 400
4595 5394
4537 4019
6834 3117
3465 4256
4040 1301
768 1128
2091 2920
1825 2155
294 2588
5820 5836
3551 6988
3395 5235
4472 496
1350 896
4187 4160
1209 3401
4606 5678
885 2856
6894 2261
3027 5700
2135 329
4236 827
2169 2588
1423 5065
5935 6346
6538 6655
5089 3019
2169 2754
1322 5586
2221 4279
6708 2342
1875 3441
254 6036
1989 3934
895 2919
5230 6636
5493 4726
3775 867
38 6688
6095 2799
2504 1870
5343 6637
6540 5284
2267 3823
1420 5422
1524 3270
1741 3228
5834 6387
6184 2369
4215 5530
4395 5486
5559 3547
749 5862
4971 622
238 4565
4237 5675
3924 4674
4662 1771
1122 1462
2491 1718
1467 5192
3470 1778
2604 3190
6233 828
792 3698
6941 1343
365 1182
6792 2062
3147 718
549 1815
3253 1553
4422 295
5536 6275
228 516
4992 3666
5071 6338
6666 5939
633 317
5548 2465
5628 384
473 5801
2084 1512
2529 3420
4639 3969
2564 2274
633 4602
4447 4535
4269 3903
2439 5341
4285 363
18 3143
2346 6432
5230 5852
1679 3693
5505 3864
3992 1435
4111 6035
2816 1355
2090 2740
6160 1335
1708 4750
467 3892
3368 2324
3102 6193
6766 1748
21 902
269 4262
3864 5556
2378 6752
13 2109
295 5967
1991 4288
2944 3036
3389 1219
4734 3744
1045 5053
2430 1197
5430 4175
612 4707
5141 3926
2112 6028
4031 5225
1091 4733
2766 5297
6659 6585
2791 5073
1178 1675
328 4243
2365 5824
1990 357
4944 734
6932 6502
399 1717
2400 545
1279 2137
3663 1725
10 6241
2121 2598
3666 1583
4887 5476
3301 532
5377 677
3686 4351
2044 6378
1284 738
296 1043
5372 1858
5328 3920
346 2249
3923 4701
877 1497
2047 2368
1968 4719
133 3426
6516 1817
2447 4384
1347 4821
5934 2670
6983 1568
3897 2647
3081 3256
3631 6587
5694 847
573 5773
4492 1468
1275 6127
4114 5975
1793 3740
6973 881
2416 2882
3831 566
2147 5043
6713 3448
2923 2846
4673 5497
4697 5063
391 3509
2543 639
5106 681
1952 81
4504 428
742 1331
5898 5736
2074 4221
4789 3445
3149 4769
5981 4027
3509 6918
1492 6145
6044 3291
5024 5551
67 3357
6443 6332
3803 5525
5900 2429
948 1209
6619 1483
366 69
113 5975
6365 3550
6013 3829
2938 3003
2332 4763
3451 1960
5064 124
5125 288
6177 4613
400 4254
6105 1906
6881 5520
4200 4774
5413 3193
5240 3782
928 2578
6419 1257
5798 6084
401 4127
2505 4788
5470 6514
97 2075
6752 4365
1641 5137
3806 3687
62 2230
2299 1036
3723 3837
5610 2961
2655 6005
3884 2577
912 5436
717 5585
4593 4394
1532 213
4431 2704
3673 5725
1057 4124
4513 455
5366 1122
5788 3914
2328 6528
672 2908
6310 4518
6078 5425
255 2832
5418 6096
6770 5497
1929 4924
2731 446
635 5604
2976 1732
1791 6503
2777 750
2182 2312
1334 6440
2319 6761
3314 5537
4674 1959
3685 1096
6376 658
1096 6999
4239 1759
2585 6332
6268 1580
2535 4465
1449 3976
3127 1242
1206 4020
2524 615
5683 3578
550 6501
6612 6048
4601 1789
5661 3457
294 5384
4093 1537
127 6421
4503 674
3907 3265
2706 1096
1441 1394
195 1837
6922 4688
481 4753
559 240
4094 1850
3881 1271
5821 4628
6784 6079
5542 1190
6499 2801
6183 6401
3686 5183
1125 4053
5698 812
5632 3401
3958 2491
5524 3231
1379 5441
5267 978
893 656
6792 3509
3157 5032
2607 5305
4299 4788
6249 1338
113 247
2203 4487
1507 2297
6709 796
6515 946
6008 429
1824 6241
1505 2114
3375 1089
1210 2530
2226 1369
5696 5093
1764 950
5335 5410
1839 6632
2817 3521
2996 2214
2933 3870
2337 6694
4724 6938
2673 2581
4424 3344
1182 2991
1661 6873
3777 5828
6857 3341
6770 1488
4168 4103
2083 3949
3143 4971
2910 6430
5714 6662
6071 6034
4682 650
5589 6051
1014 437
1122 2539
4642 4517
345 3539
4045 5890
503 6367
2164 6183
5066 696
1660 1287
3718 6495
717 5480
694 2771
1 5511
3176 6720
2148 3000
6905 5140
4022 5647
3248 6023
691 4128
1719 3982
5588 2519
1203 2572
6063 4133
4220 5094
6441 5113
5632 3945
1219 2958
2523 2115
3738 3270
3857 3346
3208 2323
291 1365
425 6549
6264 1869
4864 2918
5539 639
4319 2654
986 6577
4270 1707
2439 1878
1586 5208
183 6088
6927 1321
4823 6609
3056 6760
6303 1974
4091 592
4143 5417
994 20
1061 6721
379 1858
2937 1760
4858 5297
5064 4033
804 844
732 2251
1116 4562
3013 2823
5491 2635
6984 1402
6536 226
5981 4407
1103 5426
4559 3284
5814 3846
2589 2271
4594 2216
781 5886
3072 6645
6192 1528
1103 1788
1977 1346
1507 5169
6367 5706
3973 91
2921 2089
5765 5910
169 4841
5882 1885
321 2916
6432 2736
5570 2724
2944 2709
820 4428
5237 550
6280 6634
5138 5704
985 5431
826 3443
5912 2205
1023 1386
2679 3292
5628 5801
1317 5464
6950 4006
1848 3883
3661 1366
6225 1138
6488 5933
5857 5943
4782 3656
730 1987
4593 6835
328 6197
4061 938
4518 3412
599 3006
1084 2493
3536 2735
3366 777
5745 3400
713 3461
4608 4643
982 5127
4416 3530
6161 451
2239 863
4883 5240
5176 6457
3938 5321
1665 4212
819 1059
1840 2859
5566 1064
742 2260
6656 918
1597 3656
4006 3656
1118 4733
2765 2894
1163 3754
6902 5219
3595 5519
4206 4987
6451 1615
2588 2935
2586 5571
2404 2863
2109 684
6305 6962
2889 4268
5431 6125
3704 2689
6333 4694
3682 111
6641 5571
6012 2945
1958 3116
6038 5884
3345 5090
4159 6816
2425 6666
2683 5548
5069 1186
6092 3349
1375 1735
3462 5442
3478 1841
2068 6599
177 1355
5873 6436
3511 6659
1553 6218
4260 6314
5806 5321
2142 4744
4350 6993
1110 3647
6113 3211
6521 2074
2640 6746
4526 6835
6785 1068
1826 3142
3655 3591
5247 4181
3486 6938
5971 5648
2725 4369
3213 5560
2124 3820
890 2761
4957 3589
5117 2850
3095 2844
2806 266
3493 6985
4465 1665
1957 3892
2279 3280
3868 4580
2618 3918
6446 6427
3585 4752
4668 171
6844 2619
558 4183
5017 1545
4880 3448
1460 1222
3874 1339
6694 2102
4342 1235
612 2990
3582 872
785 2003
5830 923
1190 5682
4405 6476
1853 573
4697 3755
4965 2055
1096 1552
2999 2925
2267 2831
5943 2560
6541 83
6982 3115
4361 4822
2660 3837
5209 4914
4219 4012
2235 1127
4015 119
2470 5522
6290 5829
4658 6630
4404 295
398 6297
5007 6143
1203 2398
3408 1236
1941 5506
3105 4987
6537 6501
4820 355
1842 39
5594 5061
