3632 4436
5958 3842
3594 3477
5538 1078
4706 4012
4628 3332
5111 4647
6631 6533
815 4076
5708 5559
1689 5524
6036 2551
1631 1832
7015 1961
4298 2384
1337 171
6525 5760
4583 2887
4216 6313
3243 1489
4401 1620
3894 4338
2108 197
6294 2056
3688 4616
6392 846
717 5765
2032 6518
2819 6074
6672 7090
3989 6782
567 2829
3168 2528
5814 4088
4331 3423
1995 2762
3715 5881
3218 5128
443 1411
5645 6149
2641 6509
4732 6838
1221 89
5953 74
2708 2855
4606 750
3053 1192
1600 4600
204 900
7037 5741
4160 6535
1562 153
6411 2303
6443 1095
1481 2928
6665 1842
3125 7152
5445 520
5752 6454
6899 4186
1148 6890
6497 2289
2534 6512
4071 7176
1849 6439
6593 2338
354 5329
5868 2571
6437 6757
1031 1763
570 2624
1784 2483
5465 3460
950 7245
4847 3835
5138 5558
6537 6025
1079 3075
2876 445
3672 3458
5956 5366
72 2835
6999 3062
2153 6607
329 3408
522 4192
5581 1403
2359 1703
1471 5687
3760 2959
1134 1388
4658 1639
3358 1093
5373 6376
4374 1384
4943 5045
2964 2529
1774 3216
3157 588
7129 3454
3124 107
3289 1398
299 7154
5287 3954
5177 5079
2327 187
820 1929
4811 1769
5951 5061
6369 2072
2901 547
1884 4789
4449 4479
882 7288
5421 437
5496 3915
2665 4748
6107 2560
3076 4627
2066 2877
4514 3544
7297 4837
3867 4771
5825 2334
2733 6235
4087 122
6845 5384
6875 3691
1171 1645
457 1001
1307 1928
1946 5634
3868 4973
4741 4492
28 6316
5534 1447
4735 4083
7021 6929
1105 4312
4568 1060
4307 5252
6410 5792
4370 3841
4768 6663
667 5870
6106 4965
3806 5585
1651 6080
4846 1010
923 3705
2699 2788
3781 6841
3935 5588
2701 5431
6931 1094
4180 4511
2401 387
827 600
4908 4552
5235 2335
6635 1755
4506 2118
4828 2449
875 6152
4974 6904
1728 3926
5232 554
525 1766
754 2975
822 4395
201 7064
5893 5182
2720 6293
106 2580
6390 6728
4148 7026
4486 244
7248 834
5603 1878
6742 1923
3220 2279
757 5816
2241 2425
1092 5394
6028 5907
1467 553
6354 2990
883 4837
3966 6462
729 6242
977 2934
5187 3213
4709 1393
4613 78
2080 5066
3345 5028
6516 2735
2809 584
6840 3926
4948 98
2098 221
6540 3680
532 4196
6167 5505
2765 4049
659 7223
4493 4552
4260 6350
4426 4453
5041 1254
1178 5519
4254 2019
4951 87
1552 4964
285 6754
6468 1201
578 4784
1207 4246
6473 1598
5251 6761
1225 2195
3238 5771
1033 2539
343 5048
7148 5509
3735 5846
3175 4023
6810 381
1192 2796
6060 4437
3962 6410
3779 6747
5143 3053
5565 3789
1809 1849
5056 262
440 2404
1278 2314
5031 432
3716 3464
1819 3624
79 2514
4569 1773
3989 6205
1735 417
3054 2743
6889 5697
491 3449
5910 6176
6952 1038
3390 4248
282 3983
4332 1199
1084 2988
1213 1470
4143 1621
1228 4535
2974 3762
6273 1466
7172 6316
6289 2112
4517 4214
2523 5867
7031 4423
1797 3477
128 4258
2795 5302
5250 3040
5189 5605
3212 2269
1256 6885
233 4920
3582 2114
1228 5585
411 4228
849 2685
476 4170
5266 6741
4024 6724
4134 5932
2223 6447
685 871
43 1149
874 3982
677 410
3573 6681
6768 5957
5644 408
1925 3869
5236 7073
3923 2209
3897 3664
2775 5094
6308 5558
3220 124
5078 5896
4136 6626
5741 5570
1227 2244
5976 2196
6778 6489
1999 259
6736 5282
1981 1805
1249 19
6462 1392
2012 5047
2861 270
2575 398
3472 1504
4090 5479
5130 571
6033 872
3167 3067
2143 5196
5322 158
1523 5619
6935 4885
5410 7161
3777 5584
5063 5808
6291 7136
643 1300
2167 1095
5886 2307
5713 2814
2639 1066
5930 6106
1901 6967
6081 2762
3462 7219
3157 1429
5660 6296
5717 7065
6268 688
1002 6584
6586 4746
4551 5739
400 3307
4369 2709
3287 4592
5633 3737
7091 6835
5850 6029
3320 5996
1791 5346
1925 3091
706 545
6526 2551
2440 6861
2599 3781
5597 7278
1266 1967
2853 2626
3327 116
129 4486
7094 3038
5024 1622
630 2328
3426 55
4610 3778
4398 249
1541 6666
4260 6669
6932 5773
2209 4731
6006 4947
507 6281
2384 5800
2190 3657
1835 4232
3109 4238
2327 1397
5315 2739
560 2236
5962 1504
2256 6770
2997 4109
1955 4562
6414 6669
2934 1413
6875 2940
3527 5938
5026 2413
4987 3428
1121 6564
4050 4489
6608 7156
1471 3036
4238 1269
3148 875
2786 3484
1177 2908
5489 624
5686 4334
4814 2673
3248 213
2111 4436
6468 650
3080 4891
2851 376
3595 7199
5870 4693
2021 6356
2657 3069
1972 3880
4907 2850
938 1256
4969 4079
3342 1332
2905 2523
954 1734
987 3555
924 3623
2114 4956
4335 2982
3720 4532
1227 6946
4855 2187
886 5911
4774 1517
5821 2112
2153 4075
3986 6040
2597 6704
2371 4695
6199 1855
6144 1588
2018 3787
899 729
221 6642
6665 4803
2295 2531
6710 3817
4243 4931
782 896
2064 2367
5950 7261
1690 2512
2174 6655
2447 2799
5993 431
7185 2108
2167 4214
2189 4330
5179 3846
5829 4714
2692 4449
671 162
6359 4695
3836 1961
6700 304
5689 6365
6899 6559
933 4983
4830 2129
5594 5587
4927 2009
3839 4776
5918 3980
53 2900
2893 3078
17 6063
4874 3681
4972 6345
6427 1282
1016 3469
106 2361
7124 6235
5179 4517
4516 3766
1878 1359
6431 6105
61 1061
1544 6005
2687 6655
4932 4901
649 4208
7202 5457
7082 1122
4887 55
5478 5224
3589 3151
735 5806
1942 6763
7287 557
6873 4208
3346 3056
5536 449
5261 2975
5338 7170
6845 3406
4425 6456
6934 2974
5168 2436
1607 2204
4698 1813
3279 3539
2435 6720
5003 1985
1157 3871
6478 3001
2097 3286
6826 2688
6088 2958
5336 931
4687 4879
6548 649
4849 5306
6884 1562
4619 3828
2979 5467
1500 4015
6066 101
1324 4959
5245 2538
5368 6631
7249 107
3947 5366
6042 1608
7147 6709
5769 4604
3260 5929
2804 4885
4238 4782
6756 4909
6438 7078
4637 6525
4130 5440
320 3947
3450 1424
2755 3333
260 977
7051 113
3225 5426
1911 1287
3937 3330
1089 16
7032 2466
6325 5357
4855 1849
4218 6972
6675 696
2737 1055
838 3737
1673 2597
2898 4283
3280 5115
598 5523
4965 2972
4081 6016
2067 6666
2651 5832
3511 157
5133 6308
6563 5838
124 7027
2989 1357
6400 3164
4302 4691
2251 1401
6252 2055
2744 2868
5944 3452
4543 3009
4870 5752
4604 6682
6371 1924
2692 4364
973 645
5465 425
5337 3911
3781 6496
4013 4221
525 1765
1846 7008
5785 862
4085 2273
52 3655
2679 810
7198 741
7159 421
3701 2147
4696 7214
6113 6817
1567 6166
1589 2991
7285 924
31 5655
1412 4320
4152 6715
1868 5027
1168 373
5982 5483
581 3313
5649 1384
4032 6208
708 2239
6050 6367
1032 619
2564 6585
3914 7293
2069 2113
746 6710
85 6024
679 1394
623 230
240 3863
1529 5917
1456 7249
6149 4660
1818 4223
884 6853
1787 210
1477 435
1476 4067
1803 985
133 4651
4525 4656
1129 5429
3192 3661
5169 5138
1656 7035
2242 1225
327 104
1210 6550
7118 1578
2362 637
786 6010
3335 6922
1187 3937
6245 6423
5973 4072
6581 3042
1800 702
1720 4543
2566 60
7147 1866
5345 256
6774 2444
1882 87
1433 2820
6708 6450
6929 4858
6586 2292
3050 1246
2704 2555
4369 3274
1019 5988
390 6067
3907 5229
3116 4202
2245 1158
3612 4313
170 6371
2564 2460
4643 5626
776 1253
5861 2756
1651 2144
5769 563
628 780
5896 1792
3554 4524
3136 7006
4803 6042
654 3887
6193 566
1996 6142
6309 4210
197 5967
2316 2562
1565 3500
228 4298
1871 5125
5333 5078
6037 1694
6599 3702
6502 7264
1230 6158
1016 6182
3084 2854
365 1354
4159 982
3520 2805
5433 3386
7164 4732
1642 3293
2776 6154
5724 5660
1363 2659
5305 6537
6993 4710
2996 2365
411 1639
1919 5500
1551 915
459 6205
2747 3377
3086 2802
5468 3043
3213 6806
3776 5542
4746 5997
49 1459
5966 5061
3233 5884
4468 5911
6818 5766
1317 5002
4243 2585
2684 3684
2058 6054
6829 694
1374 6488
26 5559
3988 2667
5032 4996
5281 3622
7172 1675
1198 5868
5610 2850
1313 5010
270 4992
770 4524
6218 3519
4454 2111
300 2845
1800 534
3476 348
3676 5172
3820 4836
1684 198
5888 1021
2395 7278
5724 3435
3213 1401
6021 2303
4262 6079
6855 6015
464 1205
22 2057
2672 6119
5713 3952
2277 6520
5344 3744
2558 6695
814 3374
7125 4128
2777 4177
1321 4880
798 2471
3042 4846
4098 608
6790 1474
5320 524
6924 2980
878 4692
3764 1851
2206 5899
321 4636
5492 5147
5867 6539
6301 3092
494 1960
6652 6752
5064 3123
5915 2618
2815 3114
5158 220
4995 644
907 5719
5582 3347
7253 2432
6391 4402
766 2170
697 5137
541 3831
969 2603
5546 2050
1983 3019
7297 2438
5388 4239
4697 7229
6630 2753
3549 2377
3386 6715
7162 6710
1875 4655
1092 36
837 12
4207 5255
4980 5124
2782 2953
2906 1903
887 3457
3364 1149
19 5474
2905 5700
6121 1650
618 2865
2674 7142
3774 6061
6007 4270
1946 7099
602 6406
4674 2241
5080 1812
3814 2561
4188 4685
4247 1887
4534 24
374 5809
4062 5790
1687 2646
5327 1749
268 6868
5834 1370
5441 4804
7291 13
516 6269
4568 4853
1201 3761
6457 6257
6916 5072
87 6039
1220 2655
1033 1875
6616 1128
692 565
3193 5121
5048 3892
5343 3391
7280 479
6385 2974
1655 1378
7227 7118
1281 3352
6775 4149
6198 1301
1149 5640
6617 6323
2980 7248
3737 3303
5374 4854
5902 5202
5852 4242
2538 3302
1691 4841
4800 507
483 4454
5173 5918
625 1929
398 5905
568 4764
1778 3437
1293 2645
1073 4529
2677 7120
3727 6912
7045 7242
6722 4718
5096 3896
7151 676
1664 1307
6759 127
698 4536
2711 5404
3214 3872
2623 1242
6656 5853
2019 759
1600 253
4321 4508
6949 6013
6953 5817
5284 6765
2176 7098
4821 2903
1133 1896
5022 189
7261 7099
188 2905
3407 5340
3080 5380
1155 2892
7035 1098
4816 1530
71 7030
6589 866
7253 1734
1121 4402
1123 3751
3487 952
3558 447
1377 226
7290 366
3025 5559
5951 2283
7171 5135
6973 6336
7026 2087
428 5507
2909 2327
3429 6469
2666 3753
1544 7099
6554 1751
3798 5935
648 5545
3981 2304
4456 3465
2359 1387
6436 7263
2300 5620
702 6737
7180 7025
545 5835
4216 6974
4438 3548
6074 4109
3788 6731
1588 5736
6087 954
2342 2702
4638 2445
3652 3462
7248 5953
7190 596
2709 4487
5707 3167
5135 5828
6097 3287
3832 1672
6207 3072
4703 2897
2375 471
4490 6214
3799 5834
446 6824
1098 31
2982 6420
1423 4582
3843 3594
5453 5684
2365 7283
4516 2660
4152 5731
3385 4053
5698 4886
7069 4526
6520 4713
4439 2927
3368 3167
4490 6075
3722 319
646 6843
1336 3362
5828 239
2308 2153
5482 4832
4388 4278
402 599
6308 23
3935 768
5692 5525
2225 1355
7145 3840
4474 4876
1480 3754
4781 745
6442 498
2695 5594
6458 6318
713 6769
1218 6702
2561 3372
2825 534
1174 5856
2042 5158
1875 6444
3081 4024
1397 6747
375 2998
3720 795
2771 5691
1123 6131
528 3670
3792 3364
3775 2382
7012 1192
7195 120
2504 7283
3196 5461
3892 4759
744 5311
4205 2412
121 413
5659 5962
6680 3933
3250 3548
231 5070
842 5453
1035 1622
7245 6104
29 2308
3770 784
274 339
6057 4822
1666 6733
3868 3097
7053 1015
506 53
4810 4894
6395 4864
5953 5554
4103 2670
5940 3483
1772 6535
1855 3450
3114 379
2904 3282
2566 4933
6762 5968
6167 6785
1682 6444
1674 4225
4221 3073
6473 6375
4893 7005
171 3469
2402 443
5403 7134
6521 4890
2290 3789
3496 2383
220 6956
4261 7154
1163 5795
2745 686
4866 1535
6054 1395
3361 4530
2740 6922
4343 453
2461 6492
5897 6490
5503 3711
6426 7195
151 2018
3111 2220
1338 4212
4710 500
1772 4845
1412 4167
5370 1625
1147 937
1551 5254
5254 3387
4958 2565
178 6592
3259 2380
5715 2694
6333 4143
2429 1503
4682 2457
6813 6066
628 1110
3000 1011
5728 5851
5910 784
169 2078
5741 7199
3083 237
6525 4337
6151 302
6096 4296
130 6105
3427 5088
2494 5334
4787 5144
944 5097
294 6073
5016 4360
775 4857
4714 5476
3977 526
4285 5833
3080 6848
2030 992
5190 6557
4567 5586
7176 1436
3376 3619
3193 4590
3839 2168
4185 1170
5844 1660
1427 6312
3397 5958
4113 329
217 3320
1704 2429
2624 788
4321 2409
4499 3423
2680 2540
6042 5824
475 6465
4933 4186
1275 7180
3405 6950
4981 5990
4172 40
3352 5455
5215 5653
3665 6068
481 3679
2525 2589
697 3453
3359 2829
5251 377
2592 5628
5696 449
655 1695
2150 5490
5991 304
7134 6652
325 5236
4452 6650
4481 1074
690 1437
1604 753
6844 2265
342 3247
6864 5068
5090 2814
829 3696
7254 5007
2629 2200
4002 3881
4547 871
5034 6992
6920 5928
1928 432
3069 5990
6445 6026
5623 1676
7056 3597
1955 942
1944 6713
5645 2056
1614 1969
7130 3639
3086 5484
2453 609
504 7148
1443 1604
5572 6578
3977 3557
2899 1053
6723 2188
1713 1025
6532 313
6307 1928
3493 7253
2815 5101
4496 3409
1852 5949
3221 7285
1804 3955
3252 6201
6935 1319
166 5271
5941 6552
4739 3536
7145 7132
4665 4744
4453 5741
742 3669
5980 4217
6795 100
1442 4466
3653 3296
1038 5160
2935 6639
3939 7241
1282 1559
1641 5132
3229 2594
2864 597
7140 5343
3366 4492
5023 7086
5741 5389
3277 4566
1428 3585
7204 3541
3915 5172
2176 5904
5175 2711
71 6874
6296 1200
3527 1936
569 5037
4984 2219
5190 6293
6306 4633
1386 5463
5930 1925
3144 453
1161 4215
1973 5668
6226 6493
3616 2071
6585 4366
4180 6090
3334 6176
1655 3494
3899 3895
5416 4938
1786 2136
1691 2464
995 3071
1554 5026
374 4027
5752 4129
934 625
2098 3461
1737 921
2310 3535
2320 4241
3083 6220
7123 778
6648 2297
7027 3540
4272 2268
1267 3630
1855 3431
241 4016
1501 3576
774 4883
1383 2281
6669 4803
2563 6149
818 399
4020 3829
2709 4913
5759 4397
4039 4596
3510 1715
1849 3828
1915 3147
1329 5693
2694 6012
1547 5041
5515 4267
4299 3192
3750 5594
1296 2346
2081 696
3936 436
7264 464
5817 4035
2524 2011
6618 1842
6446 5023
1246 4626
3465 2687
6265 4681
3563 3893
3084 133
200 6680
5952 2599
2636 4294
2896 4293
4707 1617
248 616
1204 243
1526 2918
571 6636
1279 2611
1136 2786
1123 1079
5784 2463
3014 2878
2719 1917
2442 2920
3045 3882
5042 4544
4783 2779
586 2260
101 6621
1862 3846
4337 4968
4069 2695
2547 5525
7182 3785
404 5234
526 6202
6038 808
1813 400
2306 3220
1320 6595
6981 3470
5240 5260
4297 2148
4168 5540
4455 1236
5849 976
1067 5046
6846 5269
1084 6957
5816 5647
2230 1525
3080 4564
6454 4905
4709 614
1228 526
2538 4813
4376 2064
2651 5937
2663 1549
5655 2836
1678 1093
5589 2821
4941 5782
1882 3884
230 4033
3541 6428
3605 6669
4538 3195
4740 5339
1204 54
4140 4828
2235 771
3071 4140
2430 2836
7073 839
4616 1749
2105 657
3252 4156
3265 7014
4563 4229
4422 2097
4056 321
102 5380
2750 7054
4149 6630
2018 3374
2951 2148
129 6572
5821 3157
2666 1320
3814 4380
6469 3262
4925 1104
3211 3575
709 836
2778 2111
6699 493
482 2211
7089 5489
1826 2194
3044 6009
880 3976
961 720
2267 2336
3674 5483
2967 231
2580 6178
4700 5571
5904 6501
4304 5252
6534 1419
4696 7035
5929 688
6070 5176
5578 3644
6824 6806
6033 4757
3229 1966
6430 859
5341 3164
4226 2404
2984 2876
2425 351
2867 2469
2956 1937
6063 3580
4019 4554
3263 72
6373 5994
800 6601
5761 5262
718 2399
393 2726
4470 6229
3086 1085
395 2471
4654 4130
4121 4882
4058 1769
2092 7223
4356 3300
7247 6571
3734 2360
2077 5638
6686 13
742 6234
6753 2469
4874 2779
4391 844
5559 5445
6096 5314
6885 1282
1153 3453
415 2147
2566 2107
5674 1094
4073 253
2997 5250
4097 1454
3308 5346
1992 2355
1034 5235
3719 6307
3854 489
5587 254
5411 3902
3149 982
3951 4948
791 4483
5254 5993
5339 3694
1092 2621
2773 5061
5396 5243
45 2945
142 4575
4983 4348
4372 6000
1079 4651
2137 6850
4853 596
6830 1280
7129 6634
777 7081
4457 4834
2721 1197
5067 6836
2944 80
7086 2671
6185 5902
4270 878
4645 5282
2868 78
3029 4885
4328 3968
2410 2893
4926 4528
5017 1503
3116 5908
5703 2006
4890 1410
5864 1904
2535 4627
1021 7016
4996 5885
2452 1669
2827 3951
627 4734
4030 4599
7180 1093
5648 6029
143 4259
5545 3324
1892 6283
1221 3634
1861 6711
2690 1129
6156 68
2159 1149
842 2452
5173 5632
7119 3575
4774 5010
7230 3071
5173 2283
4106 1146
5369 6195
3455 1643
2302 6765
306 3924
4497 3667
5227 5650
2825 1825
6825 2190
838 6048
6209 4561
2111 1751
6005 5771
49 3778
2580 7206
6306 4900
6346 318
2640 6587
2034 7129
1293 6070
4864 2757
5449 1639
4709 6877
1456 4226
2322 3914
3730 4091
2761 2114
2885 4556
3784 623
4853 3483
4656 3590
752 628
4597 5779
2741 5114
3999 1054
4823 4556
1865 6812
1742 1654
5012 5268
5510 646
2860 275
1825 4822
6130 2863
1619 2416
3468 4909
1822 26
3001 4168
1871 139
5343 1335
895 6279
2216 2809
2155 3243
790 7299
5179 2941
3022 4046
2231 4727
1238 5279
1044 2286
824 33
4826 6170
642 4347
1891 7277
3089 4711
1007 6271
4343 4603
6940 2101
4332 6066
6233 390
738 867
7226 4302
1276 7191
671 7189
5101 6849
839 3693
5946 1183
5209 3064
2262 4507
2501 6534
663 5972
561 5829
293 4695
1534 1711
2247 5662
7086 4774
1506 4064
5053 1579
7198 3292
3559 3758
1116 6412
5865 6969
3990 4762
584 5203
5271 3122
2164 6640
6119 622
1728 2572
6198 5775
1233 5678
1089 4549
5005 4490
6469 1982
265 4447
4481 6340
1550 6331
2640 1538
1767 2284
6831 6761
1608 3690
4014 396
7048 2131
6929 333
5120 4310
5626 5691
5547 5987
4522 2529
6902 3668
5168 1461
6661 886
4763 5367
1585 4159
4713 6721
2457 2772
1325 5009
5084 3435
2026 6405
6325 2871
4304 5606
5245 1616
4656 1715
1363 2207
10 401
1393 6642
1879 405
3784 540
1521 2918
794 4304
6022 1474
791 3176
2132 5128
3724 927
1523 809
2154 4344
1354 1512
5168 7090
665 1666
4200 4864
1073 6246
23 884
445 578
7077 5385
4256 777
6423 3683
3123 697
3425 3029
5276 1473
6440 4257
4959 7228
6516 1014
2858 5687
2740 5159
2224 3746
843 860
6895 6802
1895 6112
4358 672
7005 3194
5626 1918
1675 5036
1305 4331
4802 25
5521 6977
1729 7238
3487 3517
5079 2586
720 1624
2009 6620
810 5190
5640 4826
5100 6677
1005 3427
771 2502
4780 109
3145 4671
6383 1742
1163 6669
6895 670
5916 1895
4198 2714
2098 3182
2023 1111
2168 2582
5428 5256
5534 3449
5886 1438
3672 4977
4582 4412
5084 2086
1590 1868
6067 6952
2526 2730
2587 4054
2668 4962
6631 5988
3079 1436
5141 4577
396 1325
3674 6186
7020 2325
6245 4684
5127 5569
775 4061
4221 2937
5708 1530
6826 2626
6938 404
288 483
5586 6137
2989 4511
2111 3518
3100 4077
5095 6748
6177 5676
698 4335
2085 6492
38 5183
5485 1481
246 7174
4134 3531
5143 5420
4797 6187
4032 3427
4325 6426
490 5942
1522 1944
2080 6676
1162 3397
3958 3705
4763 7248
1176 1366
2096 2136
1846 5839
6073 4088
1859 6726
4497 7010
1186 4206
1155 6432
6511 742
4146 2123
7235 7296
3814 1485
3222 3315
4648 3707
1382 1541
726 6921
2597 7226
3107 2591
485 314
758 5784
3075 6401
5799 2725
5661 2033
3216 2059
4410 1752
3402 502
1816 2993
5510 5079
3942 90
1295 4792
2756 3992
5790 4620
7015 5091
2400 3758
3670 3957
838 6543
5534 5850
4787 3765
2131 1205
2763 6658
2404 6598
2985 3686
2494 3007
4018 1188
4754 1774
3361 820
939 474
6714 5955
811 5038
5523 760
5053 4151
5203 4500
5745 1177
5645 4625
5309 4590
1482 5863
5743 2643
6895 156
3200 5008
1950 642
4879 2990
700 2498
232 5563
875 1808
1585 6830
1638 622
4879 6734
3102 1032
1278 251
7030 4886
7178 400
1607 2828
3474 3119
1897 6819
5607 5694
2909 992
3686 1790
1199 3903
3627 6423
2925 1342
4481 3048
6511 32
5300 6165
3919 1285
6138 2707
1253 4156
4455 5251
5387 1940
2584 5943
7202 3648
3290 7066
2508 5982
2553 3767
1635 7135
3099 3562
1960 1069
2176 5827
5789 6378
911 4495
6185 4609
7098 2081
6186 775
1139 5078
4741 3243
1815 6594
3806 1203
1158 3584
2083 3120
833 6884
2098 873
6185 2571
1184 4657
3424 6355
497 4275
1960 6734
5146 814
664 2194
2893 2518
3639 1967
2783 810
2922 1865
1094 1495
3878 5752
734 966
3375 2590
4627 5202
1436 6976
792 5307
1174 2557
3550 3019
524 6992
2936 5898
606 5337
4339 3398
2519 6865
3247 6023
2733 2719
4229 6445
6915 2334
1612 4929
5613 6832
6219 414
7028 3947
333 1190
2247 3708
4000 720
483 2895
1996 7156
3158 491
235 1674
1761 2203
1058 2592
5364 6128
87 6889
6512 4710
5751 4755
5993 4766
6035 6612
3694 1466
4991 2269
5425 1429
5639 4760
444 4613
2638 5392
1938 1727
697 1631
5072 5622
2648 2152
239 4069
1120 3815
6138 6047
4009 4262
4781 6433
60 793
3834 6083
2562 6414
4617 2903
2591 5444
2052 2619
6121 719
1644 2498
606 5465
1282 1398
165 6631
3694 4133
7101 4766
4989 6087
3431 3981
2167 3452
6469 3181
2635 4499
3893 4540
6516 1274
1217 2127
442 5757
3066 1671
2710 858
2816 2383
3999 260
3860 4353
7209 853
3661 4454
5240 2616
5228 6060
4274 5184
83 651
5058 4846
3693 6912
4544 1735
3984 4818
3539 379
29 6742
6251 5126
2421 6218
6220 3018
6466 6606
1520 2816
7044 5853
1747 2068
5654 1283
4629 6636
4313 984
914 6856
4802 116
1503 5925
1225 5661
5838 3617
5670 2691
4950 6727
6033 1498
1865 7293
6139 763
1495 2054
6179 7049
6623 4869
363 630
3906 1264
4595 4127
436 4465
96 7037
5027 925
1702 415
3704 1606
3221 5969
2701 6876
5978 7186
2189 6040
4803 3038
3958 5748
1297 3614
3244 6848
3604 5922
2044 4281
873 3242
1424 4901
3643 2964
274 1070
5365 6341
5120 4136
109 2975
5187 5438
4110 4319
3473 5733
7049 2825
1609 5205
4810 4758
2373 5745
4421 3490
5206 7134
3751 722
741 2976
1450 2696
6459 5997
698 4439
7179 374
2028 4870
6955 7131
5901 1281
3376 1383
4806 2055
7112 6782
3866 4671
1199 336
5310 3742
126 5880
3326 7138
6171 297
6798 5329
2661 1516
1071 5648
2221 1055
4604 475
3603 5662
5749 6011
2767 6177
7138 4536
7263 3910
5042 6465
6457 6961
5190 1554
2831 6454
6561 3656
5399 1586
1731 539
3950 5818
3498 2601
893 5192
573 5283
3526 2100
6352 4842
2037 2613
2785 3880
1478 1850
1909 5914
6572 5656
6806 2150
4841 3176
7001 5725
2588 5961
5033 2358
2161 5960
218 6530
1247 602
7249 2389
2152 2732
7005 5398
1723 1265
7027 6324
6474 1992
1299 4724
1347 5501
3802 3158
6420 3687
7272 6100
5175 1843
3699 6527
4357 3868
4895 78
3968 1907
3442 6060
6841 3895
224 4294
6064 4142
5175 4482
5801 6999
5100 5907
271 6915
5662 2962
3391 4838
3892 6831
4484 7161
903 2997
5880 638
3706 626
5904 3260
5789 3398
1989 3924
4918 2763
6277 7297
1514 1764
6580 4692
1577 4488
3455 1720
5061 6727
696 2722
1045 519
6074 7125
3907 4983
3437 5045
5178 713
5534 4273
3818 5947
135 6695
7214 481
3653 2528
3296 1929
1895 74
1737 3327
4204 2694
764 4160
2938 910
3565 6727
886 324
5916 6779
1184 3809
1863 7069
4034 3682
5217 7057
4853 6185
472 3511
841 3360
5293 1273
4275 4190
1081 1244
2265 4858
5180 2961
5941 2883
5858 2717
327 2322
1621 4592
1141 6007
4630 1300
3290 2827
3617 1186
5846 645
180 6610
1836 4033
5069 3220
2890 6954
5227 486
3363 5841
1814 6350
2173 4207
4203 3466
262 4275
7052 3395
1960 5438
3386 6878
4119 1843
6255 4604
2630 1636
3583 1942
4359 2334
1527 2870
1446 1729
3589 7246
5598 5221
6497 3631
3318 3869
1916 1057
2782 2010
6699 5734
2400 4458
1199 4400
2595 6436
3355 5881
7022 5057
2964 7106
942 6549
2656 1256
7069 3080
3466 4652
6697 719
5483 5497
260 5742
3330 3779
4531 873
3303 1919
4695 4952
2121 782
1950 6612
5841 3836
6964 1212
3591 6235
2752 6737
3488 1085
1524 1406
3735 6783
5824 4855
1186 1698
3224 6565
5232 1836
1331 7275
1828 4796
2648 1216
1713 3216
6819 197
6717 5229
7145 666
805 2233
3737 437
3606 300
988 5264
2063 4488
7032 1593
100 5720
5876 6703
4786 3183
1224 6767
5425 987
4971 6445
3894 6045
4643 4445
3086 436
2129 3466
4025 2055
5934 7299
6016 5935
1315 4433
3574 2590
3045 2217
5377 5678
5385 5882
5301 3281
4642 4126
6295 4735
321 71
6676 6126
1638 6005
2933 7194
3612 6825
4539 2870
3915 6729
612 1977
5339 3377
5028 1150
2958 846
19 4148
231 4041
1975 3446
3762 3853
1594 6312
604 3214
2703 5362
6343 3874
5330 6270
1734 7266
5963 6157
6195 5088
6623 5923
1367 6193
2350 3192
5688 6522
6168 1486
3238 4053
459 394
5835 818
5390 5363
7157 3523
5920 4074
514 2990
1129 535
488 2425
6546 4253
2723 5932
6681 4803
646 100
1331 4512
430 1435
5933 3528
95 4585
1170 2484
6934 1610
6143 3734
4868 3134
5822 4206
512 4778
2025 2843
7164 767
6879 6366
6590 1061
4785 2187
1066 2227
2887 1889
4313 4931
4010 5827
4156 1358
5289 3320
1590 2245
3600 6795
2881 925
4709 2602
2680 1341
3284 1689
5607 5207
4414 6296
5713 7163
4725 2666
214 6580
5714 4127
3724 1796
627 2265
7178 3903
4569 6644
5468 4639
4279 5749
2964 4927
578 1809
15 3493
6712 6678
5301 3502
4172 5766
1795 6462
6719 5115
3441 6222
6925 3864
71 3983
635 564
6738 4620
1650 1278
2128 4812
4538 2244
5629 2441
372 1336
3081 4433
4193 2228
5107 5931
5871 6733
4601 6726
6748 2224
225 2459
7023 5230
3020 1212
3995 3763
6034 3682
5746 1970
3869 6415
3701 5152
5773 6053
6923 4518
3117 1464
6497 4136
551 1371
346 5136
2470 2599
3347 6073
3533 5863
952 1906
2905 51
3983 2438
2019 5828
55 6093
5164 2526
6314 5857
4542 4714
6287 468
5483 4076
2662 4019
2599 2545
6922 2424
1487 6720
5162 5064
4085 1646
1145 1423
3582 4896
5595 3970
5074 775
6324 4327
1372 52
6407 5628
4589 5309
3685 6962
2605 7083
778 5076
3533 3905
4053 2381
4391 615
2551 5699
4525 605
3993 6394
2564 603
2491 1857
4745 2350
4729 5560
6853 6644
5093 4979
6175 6197
284 1959
3800 3155
5495 2611
6571 2171
1198 7283
2047 5702
5655 7224
6136 632
6764 6255
3162 4188
3722 909
5842 4001
6239 1275
6201 4131
6712 172
3946 6291
4376 4440
10 5350
4309 6300
1435 4429
6257 5893
7242 2994
410 3505
3624 4594
5982 1237
5037 1379
3249 2836
5591 4177
1417 2945
3221 3170
3728 7010
5320 7202
2606 837
771 1469
6994 2608
5203 2828
2470 4587
6521 3656
5979 3829
4672 7183
2828 3437
1009 267
6540 4700
1198 4173
7159 5074
6499 7195
896 5713
1891 975
1701 3489
6858 2548
3512 6981
2229 6006
1450 2287
2768 3206
1732 5240
1084 5864
5377 1331
305 930
6871 1172
4166 2466
7149 4729
2443 5343
6658 5301
1641 448
4137 5033
3308 5883
2748 2781
5831 218
6936 6599
4634 529
5191 1491
2744 1524
973 1283
1589 306
2193 4257
874 5311
6012 5891
2069 2990
1944 5999
3024 5648
2054 3721
3752 1478
3542 6498
5600 1773
5889 4916
6436 5029
1865 1528
2408 2491
6893 1384
3570 6420
3963 4209
2916 408
7147 4984
6879 4804
5307 85
658 892
1533 5360
259 5600
3902 4334
5731 378
6699 2841
5961 6390
7217 5457
4080 4418
1624 5010
5732 1024
2393 3233
1035 2154
2826 2719
464 1997
5962 2545
893 6262
1349 4355
5209 6363
2839 5073
1630 5306
1388 4511
5821 6635
3957 1940
6437 1952
3206 1295
2458 4943
2435 1522
7286 5400
6702 581
3646 5060
2759 1446
219 1502
7086 5914
5973 1334
5798 3129
3724 2456
6423 694
5461 4038
5319 6847
1025 2422
5135 7212
6473 19
5421 3055
3495 1199
4437 3261
6661 4247
3656 6508
6970 6851
4337 6232
5871 6348
4275 4483
3013 788
629 5977
1301 5129
580 3069
3133 1363
5160 3200
6120 2936
6878 4472
1369 174
1698 1504
626 2428
882 7023
512 6353
4521 774
2136 5358
5898 4668
4576 1563
5501 2301
588 470
3136 6879
4837 4635
364 1469
6516 6024
2635 5633
72 6085
6010 482
137 5665
6108 4147
3272 2349
5618 4320
1355 5185
2962 6587
6659 2392
1131 3814
5347 3103
1935 5883
3741 3167
4835 5924
6844 2690
1108 4014
124 3157
2635 3987
1105 3172
3680 4409
6102 5038
3232 5749
4969 4407
7193 4603
3525 3247
5675 5783
429 4278
4720 3911
2705 2727
201 1049
2361 2790
1993 424
3520 405
4160 2658
4642 1426
3040 5371
6493 2232
1476 4902
5350 6457
3737 398
1130 3481
6181 5273
803 3761
2684 4357
7258 185
2487 1059
150 3531
1125 74
3706 3682
2657 632
9 3867
4993 6675
1167 4032
6569 2231
3033 1795
6735 6604
6618 5410
4930 6924
4201 1997
5807 567
5914 7123
3060 847
1188 4103
2090 6915
957 4363
2102 6656
5922 5171
1463 7084
5067 73
6423 4063
3031 3889
4546 7291
281 2761
3594 3667
6457 6142
1133 3408
3502 3785
2849 5645
6914 3496
2118 1425
3773 2949
1764 3687
5224 2970
6262 6550
6673 528
182 1019
403 1639
4236 2669
2751 3358
1847 2111
2514 4864
1329 4044
1283 3006
1324 3964
2105 5943
3957 5011
2278 3979
2606 5513
1316 1076
6413 2349
4277 2748
2603 1994
2546 4796
5295 648
6704 5153
2195 7095
4390 822
6205 412
7019 1458
4227 3505
293 5704
1257 1854
3320 5129
1161 4645
2905 5961
569 2918
1627 7078
4641 2118
3851 3914
776 3482
4184 3039
6969 593
1785 4990
6851 4606
2216 3214
269 6119
1313 979
4517 1148
5299 4492
4111 4936
7192 905
6778 3867
6927 4413
4168 113
1691 4067
3715 1586
3303 884
17 35
3816 4519
5720 256
3476 5165
4987 6164
3725 1396
2528 5203
6271 4351
4990 3474
2808 4067
7124 2062
6569 6405
7109 4967
5893 393
2219 5856
6857 4775
868 6093
6095 1560
2871 673
3409 3276
1348 2445
3126 6599
2411 6897
2105 5858
405 7255
5774 501
5402 6458
245 5143
3803 1341
5774 3194
5938 1488
2218 4972
6764 2228
517 4499
5066 5125
281 1033
3980 5513
5376 3392
6289 7104
5239 5966
1813 2214
4945 6105
3626 6703
3867 6214
4930 4163
1745 3323
3898 995
4587 7071
644 1596
1450 1770
7175 3636
6730 4539
1711 1290
1514 4291
488 5763
3162 1786
373 3903
6554 5912
3950 6117
3215 87
6171 893
6775 3272
2584 1056
3170 6537
1821 6261
5908 2978
7195 5534
1218 6732
5298 345
616 891
2386 5618
3190 275
6109 4820
4380 875
5123 3217
2573 6484
6276 7178
995 3902
6512 1678
1444 7074
2425 4538
2384 5339
5110 2431
2247 2820
1888 2773
1300 1682
1844 3058
447 3840
6345 4139
4452 1216
3232 4573
4109 2524
371 4031
4478 3862
5265 5651
6457 33
4551 524
6280 6298
5767 7192
780 4839
1225 6844
3095 4266
4086 4673
3326 2814
4594 2884
3802 2260
3103 5427
1943 2605
5916 4147
2488 4219
1776 390
6934 7258
35 6062
292 4100
2916 5820
3136 5962
3577 871
1816 4000
5192 5569
977 1860
2923 2357
2237 4803
182 7018
5703 4395
5109 1287
4652 3864
2501 3836
6077 3514
6373 2654
1667 1888
6831 4167
6633 6945
5613 397
2888 6585
1809 4533
1733 3298
2532 1412
6209 4512
1126 3974
6922 886
2188 6915
1574 517
4652 535
1303 4548
1458 4889
7150 1669
6225 2537
3082 10
4844 200
5234 999
6474 165
3567 5545
6597 1233
4219 5889
4119 5339
6422 7235
228 638
6559 3645
2185 940
3297 6692
6293 1234
240 1043
1029 7098
4179 2192
6670 5813
2347 3623
1099 1969
1281 1492
2131 1658
403 7181
6744 6073
688 2678
2938 5949
1311 2646
6523 884
2381 2195
2743 3243
4430 549
4421 1846
3307 2692
4248 6767
5402 1233
960 4345
1437 5840
205 5753
3904 5627
6251 2172
6937 2878
5501 992
177 3802
4587 5866
4957 1692
3102 4409
2808 4937
5067 6562
3032 2356
1301 903
4029 529
369 7050
4849 5524
2939 6734
3042 5553
858 449
6059 3551
417 6507
1842 606
7237 5470
723 3316
2348 951
3145 7005
4660 6176
3209 2120
457 4989
3288 354
2337 5854
7191 3644
1570 42
2851 1833
4206 471
1879 2269
5438 2653
6157 4407
4293 6444
1509 3526
4977 4450
1245 1483
684 5702
1770 3266
3024 1128
6008 5138
7157 2779
2901 3781
4257 2721
3216 1172
5902 4582
3666 2193
4300 3026
4870 1879
4974 4765
6277 2599
6755 4246
5633 7221
7202 3839
303 4701
4255 3961
2153 5976
817 3816
7201 3278
836 4223
3896 7234
3612 470
2770 2539
608 2132
1383 5495
4126 3303
3545 4970
3812 1202
3148 3776
5896 311
2332 3946
437 6404
6138 5627
2241 5873
3029 304
6107 2499
3924 6308
1990 6011
6229 1714
4109 6269
2469 1991
3507 7284
5243 3855
1199 1232
6632 1948
3508 4487
1793 5155
7226 4296
3207 3080
5472 1174
611 6422
3179 2258
7151 4812
5553 977
5713 4094
2568 121
5615 4587
366 3098
6965 3763
4992 3725
4710 1421
2251 505
6082 5876
3359 6022
2545 904
4111 467
4266 5700
4927 6688
3722 5482
5665 6705
1516 1816
495 5990
4027 6674
5334 4051
3470 4617
5804 3916
588 3603
2856 1667
2431 5804
6247 3086
3668 2517
6758 5297
4245 4239
5519 5528
6492 1968
3730 3830
5684 1315
1608 7250
4553 1594
1097 1467
4725 4165
6146 4367
2886 5313
497 6008
6500 6591
1870 4031
6155 1124
6377 5619
4150 114
2412 3491
6127 2781
3523 3743
1835 4523
4351 2497
274 5701
5685 780
1944 4660
1942 4658
5207 29
6052 3096
117 6366
1180 3198
1443 6985
220 1396
4588 5702
3309 3920
735 5268
4381 4998
3608 2921
306 4221
6317 4981
5851 4879
4834 2086
5201 3271
4196 3774
1846 4963
418 6432
7274 3983
4111 7172
1710 3438
3207 22
1782 1672
6441 1247
4648 2759
6014 784
3359 4100
3871 4068
6211 1353
5807 5013
1237 5720
2488 967
4571 5697
5840 5769
2655 6521
295 6701
6448 3657
7067 6850
7011 2319
4149 1808
972 5772
2775 4797
6049 4242
2740 2288
4172 1113
27 4503
7000 6077
3272 6365
435 5890
121 3870
5175 5689
1685 2147
2814 6019
6439 3719
6449 2929
4430 5813
7088 2650
286 2515
6632 6597
4795 7163
6871 5234
418 4372
1702 5484
2039 2005
4401 3787
1838 4822
6130 783
4731 2056
2004 6177
5901 7020
2975 5317
7104 4836
6597 2134
3439 6327
4069 295
7212 4906
1553 4730
5935 5571
1197 7123
5682 605
106 2879
2119 2070
5857 1690
6261 5963
3553 4892
3792 294
3409 6628
2864 582
2836 2691
4221 579
4539 3988
2656 4117
4455 4977
1288 1376
3523 5530
1900 3962
4254 1953
6677 145
6399 2167
5760 3315
6803 3175
4376 6340
4684 485
2918 4959
5042 2669
3262 1850
4726 1237
803 6496
904 81
7136 6224
3639 1939
2446 5196
5541 4659
5978 3252
2933 7242
1427 6313
1648 2030
5265 5595
1290 3117
6937 4975
974 4720
4953 4321
6615 6958
4164 2346
2330 4952
4595 1594
2666 2044
5175 2011
5382 4609
4784 478
6037 5822
2871 1598
4469 3509
251 1786
2298 5908
4022 7126
1054 4680
1330 2571
977 1943
3336 677
2175 1956
4345 851
2182 5989
4192 5027
5031 377
3261 5071
5853 6648
3383 4248
1873 4832
3894 5313
2413 1329
1872 6636
3272 2382
1381 3201
5812 3447
3766 2640
1853 4835
4266 6538
4929 4603
641 251
1122 632
190 1980
516 2931
2280 6040
2638 3051
462 3697
3337 4081
3680 6612
2330 2304
6086 3233
1632 6531
3179 4570
3605 1856
2539 5167
959 5502
3953 4217
612 2687
776 1708
4131 5336
1802 2962
530 843
5295 745
4913 4220
5165 2012
620 2728
3517 1906
4690 4606
3586 6613
3478 4315
2622 2015
5138 510
1088 1795
5728 2673
53 5503
2985 5563
4904 3822
1530 4787
962 2057
7001 14
1188 3526
6968 857
4958 4217
2853 4838
4696 5215
3457 4632
7236 2729
2112 1374
2679 1647
4476 6802
6255 5026
426 3664
6819 3995
6122 2875
1977 3938
3425 2754
5968 3228
692 4499
6573 4077
989 4408
1944 825
4507 600
3445 6510
5620 5267
4914 4323
5694 1250
5572 1685
3058 2462
2106 5591
4493 2511
4685 491
2018 4108
6814 3576
633 7078
4766 6075
6230 5067
1259 3283
701 1074
2829 4125
1847 2072
276 6928
5131 7269
1074 134
2238 5002
5069 3905
2500 3939
3846 3729
2543 7250
5609 91
5359 7242
873 2278
5945 5817
5417 6309
6918 2153
3992 2474
5963 2515
6990 5731
1067 2328
3776 1088
6777 611
1133 2612
6747 355
428 2715
7240 3242
6870 6641
3374 5252
6142 5306
2001 79
7136 31
4617 3971
543 210
3478 2418
7091 758
7037 1781
3353 164
4471 6634
1498 2178
4318 3352
3108 270
18 60
1353 5194
6269 2466
6069 7248
1238 6328
1027 7165
3785 6419
3240 4881
5932 849
2324 6022
1530 2354
6271 664
968 6571
3387 469
4589 2060
3680 7153
2828 6854
6881 5426
5113 4122
4947 2531
765 2921
2268 6627
5311 6682
4652 7277
6759 2417
564 4867
5031 4686
4753 7015
7057 2662
5169 3478
1539 1045
6885 1228
5790 1690
4830 745
2798 239
1330 4256
6681 4358
387 6813
4587 4142
5612 388
4637 4682
7112 2388
7209 2205
3955 2178
2621 3306
4299 2145
1226 722
1876 876
1009 920
3377 4195
1904 3985
4915 3074
4214 4855
78 5934
1584 5168
6854 6266
1909 6219
303 691
7243 1423
3796 1012
4632 6976
3258 3850
6628 431
6151 408
6171 3686
246 4991
2047 4013
2778 3673
3544 5719
1710 3656
1452 1465
216 1110
4031 2870
3810 7055
3020 3936
4034 3834
1535 487
5610 1197
5801 2449
3108 6285
890 4614
4592 5703
4230 1145
5052 2270
2080 7239
5885 2761
1985 2092
316 804
2164 416
7252 1051
6259 4109
5100 3659
4349 3336
2385 1226
787 598
3929 4114
3046 7288
272 421
2018 4755
2711 2900
6669 2922
1479 2570
5040 3317
4340 5865
7115 6612
2330 2200
3445 325
4522 1983
4122 3059
6218 6905
6000 2472
1552 319
4853 5642
5133 4767
1987 5917
5553 3920
687 6641
5383 6968
997 2920
2670 3100
3036 1980
6344 899
1846 1940
6016 5627
3066 6963
879 5257
2861 3205
3631 6889
2833 6457
2523 2679
3337 5533
356 6013
275 4132
4682 3441
6363 5346
2156 6877
5488 2157
5673 7178
4817 1782
1870 6383
3918 2565
4656 4976
3758 2079
1008 6279
69 4036
3796 3054
7171 406
6529 3479
5876 406
6227 1298
655 997
2636 4957
2378 4486
1141 5774
1888 59
1432 5497
6893 3657
330 6904
2703 6797
949 2318
558 5585
5689 872
1454 3541
6213 5471
278 4204
5555 6311
3641 5927
700 3483
2338 5416
5997 6351
1469 2267
4842 4059
215 2386
897 1719
1127 4512
888 553
438 3777
4561 5145
227 2800
5294 3632
2181 1926
5189 1907
3829 1126
1647 1132
6320 4727
2469 4265
6501 890
6340 4409
1653 6205
6096 2679
6056 4670
1968 1988
4735 796
3082 3625
1247 3345
3846 6187
4890 2695
2998 108
2351 216
3348 4019
4025 1798
1544 6896
1983 633
3534 2805
654 38
552 7221
5824 5960
348 6552
7173 297
6544 2784
205 5362
6416 751
4728 292
7273 6413
4906 220
1389 2033
4964 1762
4078 5104
7237 6319
1272 426
7198 1768
4468 921
6539 5115
4874 5760
882 5145
2032 4554
4039 2181
2443 508
2567 4289
4183 2569
5003 4643
6821 2453
233 1399
5965 2564
4429 4764
6110 617
5469 688
1116 2103
3067 4338
993 2781
1360 6875
3653 5322
6694 4345
7281 6803
5940 4193
3436 3506
2094 5699
1055 6551
1944 6052
3746 4442
2516 1900
784 1820
1960 3478
4094 1667
3062 665
593 558
4262 1684
5724 846
4330 3394
1489 5160
6566 3185
1355 3434
2167 6582
2893 5440
6842 1310
3575 556
2430 2395
7246 563
6818 1185
7127 4265
5893 2760
3130 2747
1177 5832
1625 344
7159 6173
6426 4885
3805 3681
3336 6874
982 574
1214 6887
5298 4889
7176 472
5470 1877
621 5109
5123 2242
6038 3889
5036 6203
5783 3061
5915 6891
2815 6569
4293 3844
486 300
2373 2936
5212 6099
474 6717
5954 4537
940 3736
6908 460
2470 2719
2003 2698
1647 5689
6600 5862
2979 3139
6358 3187
4314 5088
2502 4282
5127 3373
5816 5901
2955 807
6335 3539
3972 2770
6629 1148
745 3996
3568 4689
788 5160
1821 2763
211 865
3516 6298
4650 1891
1042 2978
1001 4708
4783 757
1470 623
320 5847
7046 7169
6924 4431
5764 5406
4955 4983
5380 1929
3700 7099
5949 1244
183 2607
5046 4127
600 3743
2228 3330
3335 769
2733 4530
1890 1327
3514 1321
5909 5822
6618 404
1399 5251
2514 5427
4964 4512
1141 5446
4295 5226
389 2107
3802 1014
2085 4078
7088 5559
1866 1050
4821 5161
341 3639
6542 64
6154 938
1645 1899
5307 5806
5550 6554
2873 1047
4604 31
3616 6568
1957 6594
1707 461
4284 6945
2986 6460
1001 6932
4916 2058
7056 5441
205 3203
2820 5004
2648 6271
3911 6445
1370 4795
2450 3554
1306 2600
7067 5536
4974 275
3291 5587
4689 1390
5211 5092
6847 7135
1558 3815
6473 4815
2212 6497
3625 181
547 3210
2766 2509
5675 1792
4466 940
2521 2638
445 6224
569 1456
3330 2686
4420 5141
7057 6787
4833 1053
2747 1351
696 400
1447 6243
633 6998
3438 3903
3976 4568
6845 4261
5553 2813
2304 4765
6583 1401
1114 4294
506 7103
6049 2682
5165 3919
3907 4702
6812 4167
3323 4469
4399 6327
5260 6040
2539 951
6151 1530
990 1973
85 574
849 3844
1830 5546
6591 1549
1693 1314
2802 3320
3705 3518
1566 6799
1329 5701
5406 1575
4294 6761
370 1924
2545 4996
5499 3220
2156 581
7226 4104
1873 59
6239 5315
5310 2130
2330 1056
3189 3184
33 1359
2504 3268
3458 3515
3306 6143
5617 591
3840 6919
3629 375
4982 4077
611 3134
2193 3038
6235 6498
4727 1898
4539 3885
2159 386
6988 371
4443 3841
1327 2297
4305 3398
434 2136
3985 3064
5095 1594
561 1146
6937 2227
1014 2118
5624 5056
7291 1573
4882 240
5905 2023
5333 3479
3626 3585
2223 5170
2263 6367
7081 1629
928 6500
873 6107
5859 2852
2566 1181
6722 1399
3758 6874
5110 5811
4146 6279
5765 3808
6682 6164
491 6620
1501 5983
257 4376
1990 7037
6673 1912
3589 3511
4046 1439
151 3842
283 3136
3352 6539
6270 369
5191 3971
2355 273
4781 1938
136 2981
4712 5679
5295 143
5935 5936
2934 3511
4375 4112
6148 6115
2012 6028
1750 2195
6170 654
31 6118
3007 6685
3057 1353
1889 693
4490 3354
602 1014
4618 2409
6180 837
6560 2086
4600 3287
3233 186
710 1967
218 1100
50 6095
7192 5348
6351 207
5369 3212
3782 7178
3079 5231
4459 2813
922 1016
7047 1738
2613 6711
6257 3290
1117 3735
158 4795
4292 6832
5256 282
3949 4899
4092 3053
6617 6641
2720 4097
4118 4941
2664 4030
4313 2015
5038 1260
4249 7162
3617 3830
6932 6508
111 738
5927 213
1134 6989
981 4018
4989 1621
6845 6097
6728 1145
3696 1887
1509 155
1662 6417
1503 6106
3174 960
6593 2776
1141 3384
2789 3959
112 1347
4127 3256
3914 6616
604 3884
2903 1251
5268 247
3140 4780
2456 3775
3977 457
7070 6531
5801 3460
5598 1321
2426 1462
6817 7290
1584 2406
6969 6128
3584 3806
3145 1030
1109 5396
6841 4692
167 5236
1757 5726
3388 2082
4470 3960
3428 5060
281 5748
1978 5771
4425 7072
754 6751
189 182
6146 652
1235 4922
3116 5363
3704 47
1661 3466
2783 6750
1972 4893
2886 5440
4506 5734
5511 1903
3930 6408
3869 5237
3607 3152
2684 6062
297 3717
4174 371
545 1110
2393 3648
6956 6442
625 314
3471 2108
2803 3789
278 1377
3148 7238
3730 1892
5504 5321
4038 2956
2740 5144
7094 1401
3127 4775
1235 145
5996 1899
383 3705
7045 3422
3268 6301
4651 5936
6588 5528
3714 918
145 5305
5801 2177
992 3680
1688 6941
5176 566
5014 1919
4287 877
3209 3480
6648 6178
398 2829
4097 4096
5961 257
1101 1758
6858 3842
3443 6377
410 8
2437 5589
2545 5459
4876 1066
1746 848
5009 4199
7260 4471
672 940
4616 4732
2517 3641
6772 1796
1067 2259
2355 1496
7146 5329
284 1254
271 691
1805 3323
3251 6524
3359 6721
3161 143
192 6741
91 4910
5906 4264
2615 2390
3175 4872
2553 5986
3987 1970
5885 1050
2329 6844
3804 3423
3638 6085
1927 5550
6501 4072
2178 379
6816 5811
3812 5998
2724 864
6444 1121
1987 2922
1530 5807
6634 4047
5164 1200
3267 4165
250 5709
6917 2204
974 800
1619 7283
5620 3183
1048 6343
3867 5154
5555 6320
5581 5086
1552 5082
264 220
6355 6469
6230 2136
4017 4601
6411 3788
1883 75
2460 1440
890 340
5784 3932
5641 1064
294 2664
2452 5066
7280 576
6777 4334
4095 5693
4059 3474
5649 1037
2111 2145
6122 4883
4324 2635
5393 78
1899 5750
6869 6084
2319 4821
3026 2262
816 3276
3356 403
6863 1903
163 7266
3754 5612
3256 4502
1300 5936
4881 3890
3923 1754
6409 5022
1080 7121
706 1073
2713 3379
5222 3660
3646 5030
3372 3251
2977 3906
5856 7119
2495 3818
5376 352
2313 1489
4090 502
217 3849
7244 5748
4650 2663
4886 2476
3531 3393
4674 6302
5614 5146
2830 1411
4610 896
5483 3450
1951 7232
4184 504
5514 4934
6017 3141
6418 4731
82 1087
4125 3593
3404 4902
4257 4570
3486 3333
610 1449
2558 4513
5988 1179
5578 767
87 2202
150 3385
5271 7196
1697 6234
1875 4499
5804 4102
5306 672
284 2111
64 5534
7259 6889
943 397
4061 1049
6533 2485
5605 4093
987 1157
2931 5352
5232 4212
4746 333
2329 6936
3114 157
2789 54
3580 6643
1944 5573
2803 2388
2386 3230
3316 6109
1945 3754
6250 7145
4964 4912
6043 1971
3282 4186
5907 160
1335 4731
4849 7253
6688 3498
3817 1842
6542 1718
1646 6703
4245 2999
6457 3684
2538 5717
6135 5201
4618 5947
1887 6327
4020 1230
184 307
754 5465
5370 4288
1579 4774
5717 1567
3080 3271
1884 5439
537 4403
456 2099
2269 7000
5452 3658
1598 1630
4173 7042
1035 2989
6454 5297
7127 1692
6441 1232
1402 4225
4882 3381
1404 4962
2450 1532
5226 1443
6184 3166
6094 1506
4852 4219
5771 1789
3405 5795
3941 1737
693 307
1659 7104
4468 1758
5198 37
5453 3279
2295 1212
5753 5578
746 498
5442 6771
2962 5618
6501 3242
4417 4542
3597 1934
3584 2065
19 5389
2219 3715
5947 6422
6455 7192
1457 7142
3386 5201
1921 1211
7241 6640
5576 623
6161 2611
679 4905
5979 2728
4259 2899
5581 2840
404 865
6003 3282
3248 5577
1472 5747
1547 3261
847 2549
1392 1073
2297 3189
1247 5990
1539 1590
6967 2128
5321 6716
6416 4114
4922 3897
2981 3870
3316 1023
1364 1035
6705 699
5274 5968
348 1534
4022 3224
921 3611
6578 5243
724 1056
5301 3977
6573 5931
4058 1061
7066 865
4765 6530
4502 6869
4016 3701
2481 6532
5069 6458
5769 2492
3574 4797
6851 5303
3371 6149
5148 2590
5611 3733
100 671
218 3899
6964 1317
4560 3166
5808 4299
3103 652
7016 652
2728 730
4576 5806
6387 3460
7175 4456
6160 960
6201 6742
2334 4373
3022 5269
6471 3490
4331 5025
4431 7286
4428 2985
6902 2576
6107 1433
6877 4868
1791 4525
3401 4843
6785 5001
2927 3609
6713 649
1223 3421
3179 4732
5964 211
3183 38
3894 6565
4463 2731
1155 4819
4136 6978
2956 4394
35 75
2359 892
5708 3654
4635 2362
4376 2498
1708 3118
461 1725
3937 928
1979 6344
5488 1793
901 3443
2631 4184
2514 820
6418 662
6376 886
1538 5372
7017 4298
4486 4370
5134 4733
773 3542
2029 3276
862 4927
4435 77
5408 7110
4082 2055
4298 2120
745 4570
4580 3586
2090 6916
2328 834
6781 4840
3335 5878
5363 3190
1684 4667
1962 3619
2996 5391
96 5815
6113 6064
7208 3761
3413 5937
4712 5356
5962 5268
925 5145
2611 4468
2429 5920
122 1531
3007 5819
3921 716
3130 3345
2292 4930
1015 757
4984 1386
5918 2040
10 4648
3231 317
2511 1771
2701 188
6321 824
6689 5725
2056 3212
3417 171
2647 647
1 1369
3898 1226
4514 797
2923 3564
1662 433
137 1385
4317 4731
6252 4452
4089 7049
7188 6659
1270 6173
3314 2013
2680 3854
6249 888
3277 4558
2879 2712
200 3856
4099 2429
3376 2054
3115 2601
3035 1740
5598 3174
34 766
4571 5671
4814 873
902 1969
4905 578
4369 6302
3175 1696
5884 2146
1452 4056
4822 163
3067 6606
3307 4123
6006 2631
6078 6272
6529 6794
4144 6092
1657 608
648 5550
4973 7237
1534 5941
4867 3404
6947 4712
1329 3743
458 608
7248 6441
905 2971
2635 5085
5624 5458
1113 1636
27 5374
3488 5282
447 3175
6030 934
2286 1357
2114 5212
2844 312
361 4229
3539 4287
527 6703
2003 1629
4856 3654
5191 33
5907 3030
4224 4657
5154 742
151 1391
3969 7014
2115 1563
4462 3942
6929 1671
790 3956
6160 896
641 6073
5553 2827
5068 5971
4431 438
4056 2978
2744 3497
1620 2917
5888 3344
3391 3860
88 5266
7264 6229
4079 7204
1315 2440
5325 4677
3541 7188
6085 7219
6320 2835
585 2139
1513 6205
4333 2649
6196 5666
2065 643
1741 2894
3488 7188
4734 6579
5173 256
2372 1586
1877 163
7146 850
4983 3211
3246 6883
6496 436
807 3063
2352 5444
2717 443
5447 2067
7047 6981
5217 234
6043 3805
1151 3855
3817 2066
2842 5820
7050 5555
3279 4094
4268 6627
4838 4457
5846 1758
549 2803
464 3050
3269 7193
2225 5199
5803 2405
239 6307
3032 2938
1374 762
3914 311
6 4005
2916 1868
3865 1514
3506 1479
4419 1096
3550 3010
1788 3093
3264 4092
2341 5107
1248 4307
4801 2627
813 2434
1811 4093
2114 521
6572 960
3566 3990
1635 6853
5034 1682
2054 3980
7198 5641
5104 2891
2812 3938
2816 5797
3544 2955
4065 4754
5221 1366
2276 908
4779 2006
6955 1570
464 3993
4160 6825
2364 4530
6098 5009
7164 4786
604 6993
5514 1200
2300 6308
2399 6511
4812 6736
6815 6681
5063 3504
3453 3409
3262 4778
3795 3773
923 4591
3741 5251
6420 4647
675 5042
529 4630
426 5909
684 6050
1147 968
5565 4182
4459 5651
5213 5226
935 2201
6953 5920
871 1917
3560 3609
2014 1203
6623 7187
4361 1102
2885 2324
3654 914
6718 3687
1533 1447
6897 6929
5753 2394
2721 6717
5312 1694
6050 65
4280 7286
4853 6927
6128 3730
4670 5649
2372 4557
4271 5378
2385 2643
1482 4182
1452 4315
6764 6928
4692 2080
2192 5102
3456 1284
1454 6517
6091 602
6237 4452
2520 1554
6309 1432
5838 5891
283 6442
1909 3210
1451 1073
6528 5978
3335 6870
6894 91
4402 2938
6475 1779
6120 1987
3572 2672
4366 2968
523 569
7142 2903
5594 1052
6552 3020
2659 4205
3956 5324
705 133
7123 2407
6270 7074
921 6100
592 2308
3970 2228
5859 2529
2234 1379
240 5577
1004 475
6524 6359
886 6729
4533 4205
5206 3130
2126 5352
2888 5659
6575 2320
823 4573
3235 4472
2472 2552
1149 4913
3999 4763
3075 433
4165 6233
1293 3743
5139 6512
3475 6222
1116 6180
5450 6799
3150 4230
7236 1256
4747 5914
1908 2674
984 6654
5216 24
587 578
159 4230
661 6238
4375 1029
3138 627
5527 7142
5685 6974
7051 6488
5409 2314
4096 5908
4714 13
2896 6940
3303 211
4228 1992
888 6271
7232 5541
515 1834
6532 5099
5855 5641
3319 591
3829 1215
1954 6838
5497 4358
2096 6093
2073 476
5313 5986
6173 2686
3062 1860
5981 5056
146 3200
4136 3710
2863 3676
715 3632
7113 5092
3287 845
4476 103
4289 5123
6209 4808
3406 5195
5750 6495
3087 2814
339 3927
1487 1150
3990 1189
5208 1430
2632 347
7268 6158
4129 1544
3892 2587
7037 6566
2564 854
2133 6358
5042 2721
5598 5550
2274 2689
3218 1848
6187 5045
4003 2798
2392 3544
937 6371
2061 637
6632 3246
69 4144
1351 2847
2973 1449
3278 1791
4390 338
6030 5776
4517 6706
5839 1586
3692 6593
4187 5736
1142 2255
6737 304
2728 3756
3569 5718
5607 4381
2703 6528
3697 6875
336 3187
2555 7008
2974 6285
4229 6179
4811 2200
7122 1994
2593 6039
3352 3723
6085 916
3528 5864
2221 7095
7071 4643
2261 5261
5396 2926
6944 2821
1249 4056
4921 6864
694 78
2998 3747
4265 161
3781 520
3056 277
5503 6869
6098 4529
756 1300
3224 2010
6698 5984
4753 944
318 157
704 2724
2941 3721
4890 1205
5764 5387
6548 277
4314 3357
6586 6699
4987 5465
5344 4255
2007 84
2462 4173
6701 2760
4183 5604
2162 5556
2426 2384
3634 162
1028 6067
1056 4989
6570 6813
171 508
4540 4530
5626 7144
452 6821
4362 1974
5573 6608
2859 1461
3687 1215
651 6979
1968 1649
6827 3562
1238 4558
3660 267
3011 5983
4350 1047
2702 3085
6645 6659
4304 5009
5701 4034
3399 4812
3036 2589
304 455
3988 470
5959 4582
1503 4822
4548 291
6469 3222
4129 6154
6928 2341
6250 5779
2723 4401
7299 1088
1735 4927
660 7190
2652 7296
5371 1823
5363 6119
1884 2658
7013 1441
3901 4022
2483 480
2766 628
6142 5772
1547 7005
1427 748
1309 1193
1999 6394
6135 327
3760 1685
1325 5173
1127 711
496 1118
4214 6043
2370 5611
4124 2317
1673 6440
3037 5119
6731 6798
6520 5204
1496 7130
2175 2455
1219 1783
937 6670
3500 5069
5064 3796
7283 150
4926 6126
4883 6734
1782 1618
1765 3364
6243 1486
6864 4599
2676 2528
5762 6223
360 5359
4972 4670
4459 6127
1005 4943
1270 6641
1513 1954
6575 5882
5569 1880
2164 6341
5302 6515
754 1872
6270 4239
595 984
2004 3260
413 6078
16 5892
6154 403
3820 2884
5112 5711
1826 4931
1390 7107
6717 3963
6170 4812
400 2233
5407 4740
4158 1967
3706 2320
944 3285
6504 891
3386 4954
7258 3139
1773 4297
486 2258
5814 6812
3704 3348
2338 1392
1937 1776
1514 3799
204 909
1003 6271
965 192
1491 5592
5158 3759
2268 1170
2954 5080
1826 4021
2449 2340
439 6798
2084 2195
4183 5951
5682 6042
1647 4094
5407 681
3954 4390
1093 2927
5523 3516
4655 339
1806 1650
687 2625
6734 2110
2416 2026
3036 5598
3786 3256
1725 5851
6927 6678
3155 768
1570 5533
1362 4493
6147 1073
2475 7213
4665 1691
1955 2134
5972 4331
193 6964
3676 6137
3581 5993
1812 3840
1032 5608
6003 2077
5933 5812
2052 67
1015 3316
2312 6092
5046 5377
5878 5132
2044 2816
3913 3612
1656 5222
4514 5119
969 6790
3057 2108
753 1435
6360 6576
826 704
606 5000
5107 4916
4459 7
4981 4462
5325 7084
1764 6578
4612 7054
7101 3686
2464 7111
3045 5064
891 1915
5227 3781
5534 6938
1267 2216
1636 6070
1815 3385
7038 1920
4972 2253
1211 2800
1670 6662
3248 1568
6587 5727
969 6191
653 5555
5298 2424
4023 168
4976 7251
7081 3880
1116 5266
4331 4335
4670 1132
2401 5627
5508 2779
3864 1089
4158 5320
5107 4133
7162 5737
6433 810
924 3031
6930 7187
5340 758
6825 4150
6329 799
333 6192
70 1621
288 3366
6768 6179
6813 4163
5639 1558
4146 694
4314 7206
1526 6674
4541 5651
5118 3526
1382 3939
2271 87
5693 6539
1660 3630
1133 4963
1885 4320
5484 4067
307 1579
5367 3952
7052 3080
1011 7156
3283 4494
7048 5066
7081 1278
71 5890
2195 1046
5231 1045
1784 5559
3557 5548
1571 2876
1690 2352
4127 2436
6151 5351
1103 1984
3691 6414
6984 5851
4596 3830
3182 6738
6507 6536
5430 812
2716 2417
3355 3123
4687 95
3845 5994
4028 4900
375 168
2130 3445
5161 5557
5714 558
1701 7123
688 1565
4283 3887
1586 40
1112 6638
505 1004
539 2053
4590 3956
5363 5309
2658 1540
3554 4576
4031 6285
1796 3265
3534 2634
5653 5714
6829 2647
5564 5549
4873 6517
4527 2932
3090 701
428 1778
1504 4363
5067 2744
1383 5629
2947 653
855 388
43 1890
5745 5319
109 5421
4873 1855
6677 5732
3152 4208
5597 3790
1564 4178
3894 7179
3783 1386
571 6702
5085 96
3737 5237
5338 3798
946 1629
2111 1160
3972 5267
554 2168
6630 5866
7253 4044
4927 5478
7028 2794
6391 6798
111 6172
4022 111
2766 439
724 3898
6752 4354
2135 1541
279 1984
5784 2589
566 2034
6209 6527
935 2898
4272 6597
3572 4641
5438 3044
96 1684
6291 4701
3798 144
3533 2177
6757 7295
1952 1026
6193 6235
3220 4511
1003 738
5670 6239
4892 6016
5874 4755
4435 1777
2499 2923
6455 4019
6701 2203
3732 6208
176 4475
943 6004
4429 1852
6982 1103
7246 4402
331 914
2043 7035
4761 2025
6576 7142
2132 2829
2259 922
2526 5015
3834 254
2826 6437
610 2522
1725 6259
3543 4524
5068 6186
3992 3112
2929 4651
6991 5365
6091 2112
4226 5042
2549 1021
5469 1994
6056 3948
4992 3353
4152 4698
4682 1223
916 6102
4336 366
5446 3173
3555 4575
4483 4445
1556 7002
4416 3702
4599 93
2797 4107
5008 5748
4660 7017
2798 6486
406 348
3857 6575
3102 714
1834 4054
2771 2796
7147 214
6219 881
549 1134
110 153
387 2025
2545 2389
3357 1156
4945 1457
4357 595
20 5254
3326 4036
4707 2574
6806 5216
3875 1685
3315 4314
4633 3835
6794 4598
4108 3792
3017 567
3445 4695
3688 1214
4623 2008
3097 5683
3899 908
320 4514
5103 884
4746 6382
2686 1615
3432 5105
4823 3565
3040 5221
6211 2569
5791 3979
6882 4293
6622 5079
4818 1021
4943 2724
3403 4066
6484 5602
2306 5346
5375 686
6277 1934
6133 7237
2093 3272
5845 7181
2134 6814
7070 2510
5553 475
429 1721
6276 6185
5456 6715
5499 6781
5815 1328
6839 4740
3618 1741
5803 2606
6821 3129
4408 2953
6496 4782
2470 979
3886 2825
4105 1633
236 1688
2034 3862
6920 4810
3582 2776
6537 5721
5145 2610
3022 1053
3689 7045
4298 5456
630 861
2814 4422
5930 3329
4722 2503
2106 1394
6568 4228
4023 5974
5095 4085
4555 6529
6516 884
2157 121
1622 4678
836 4340
847 6483
6156 5599
572 1079
5335 481
1654 514
1658 921
1140 1265
4008 7260
4381 1287
4825 1313
566 6455
4812 6988
1125 4347
5840 5310
6437 478
220 5367
5302 219
1481 3692
4230 6934
3885 563
2961 576
2349 10
2794 3928
3418 397
5546 6553
4289 3037
2054 2807
1505 2795
1355 2734
5431 7248
2270 4697
4384 691
1671 1972
5935 6024
3429 1121
1277 5328
4351 2129
6677 4936
2271 3883
3546 690
2728 5570
2421 5919
5487 4017
6902 998
4034 2525
6802 7018
2608 738
4833 1760
2838 2394
3554 340
1191 6571
3199 243
4212 3856
2516 3074
6363 3824
5553 717
2169 655
1260 5427
3696 1261
610 713
126 4013
3654 5390
256 1983
2055 3503
1075 3522
1878 1168
3000 3222
6387 2564
5012 3661
3998 4965
2543 370
3699 2896
5187 2319
3827 2844
5029 1407
1714 1409
1711 5309
6506 1873
4901 5975
7078 1339
7142 1568
4320 1012
4035 4064
637 5907
1563 4453
65 5396
6775 6604
1988 3722
2144 5026
2417 2863
7127 4307
4738 7145
229 4953
6342 1246
356 4673
833 4944
147 3326
407 6311
1601 4807
716 5772
4778 6319
2987 7012
1886 5900
4871 1763
5998 3953
7150 2283
2894 949
942 4269
2965 6766
6022 506
1088 234
4454 946
1982 3766
6747 450
5254 5205
5025 5160
1971 6432
5663 6373
7224 5892
2161 1163
5727 3380
1238 5757
797 4565
5214 381
405 2164
5167 2133
3834 1939
955 3817
663 2604
2156 3064
5660 6967
6056 89
7215 7243
4698 6427
5830 4525
3306 2782
6593 3078
4510 1913
1685 10
3849 641
4154 5441
4400 5838
6610 2138
2037 753
2090 7039
4175 1066
3406 337
4057 3613
1370 5513
4114 4105
2892 4771
7098 3909
658 5143
2949 2635
1449 266
7060 3461
3048 2739
4561 2046
4642 2120
3159 5887
6015 7003
3635 6320
1898 6023
3339 171
1732 6920
7229 2416
1657 970
2677 206
1852 363
3019 5834
4761 4291
6231 5014
4036 2382
3379 725
301 1629
6515 5405
3234 4197
272 3866
3748 5521
4491 5291
1766 375
1075 4959
742 4618
6638 5075
3606 775
3092 6403
4731 1299
2857 3902
4708 825
4777 1622
4153 1413
3347 5093
1879 188
5891 1815
5065 5543
6893 301
3186 2479
1590 1896
1490 6439
414 6311
656 3335
2837 2881
1664 1256
2176 2743
649 1948
2215 1394
3918 1708
4572 4126
395 7173
4111 4840
6277 3524
225 5818
2274 2522
4932 4036
1382 4789
585 118
7185 5937
405 441
5823 7291
5474 692
1280 5748
4630 1689
245 6825
1170 2896
756 6667
7140 968
3199 4634
3931 7192
2060 4520
688 386
2877 3776
4871 1224
6191 6032
1060 5743
894 892
7048 6697
4823 6572
5664 330
2690 5706
2452 6636
267 5386
4206 5288
6543 939
4230 1445
1033 4364
3791 6452
1384 7015
3815 5097
2773 6625
2863 3506
5565 1935
4442 4894
2519 6861
4731 2290
6460 3138
4492 824
5921 1795
5474 2464
4783 2089
179 1812
1958 6390
5027 6419
4803 4156
2630 6566
2499 4122
4925 6795
2849 3960
3727 6428
749 1626
4783 4533
4668 3888
7224 3086
3516 2585
6819 5335
6176 3170
5290 3565
6425 1947
5174 7226
1076 4525
3452 4346
1101 6219
1174 6790
5917 1190
5413 2313
3619 3791
3898 1422
1705 637
1669 1184
445 2841
3597 6558
1480 2543
4135 4652
6860 6590
1159 4566
5342 4371
1989 2808
6051 1274
1310 2043
5138 4135
5362 423
407 6465
1238 7026
3352 1258
5062 6700
7097 5378
4809 613
6207 4120
6666 4513
365 6263
2443 4691
2831 3155
3745 1962
700 6542
5754 597
4368 930
5167 5773
1448 1823
1418 3472
2236 1505
781 3645
7014 312
5962 7199
5120 2753
2574 5853
1178 4367
7105 3476
959 4143
3535 5032
4462 4860
3565 4776
5294 4090
643 23
1261 3778
2135 2642
7266 4735
2644 4684
1686 4552
2676 4013
5872 5946
308 2263
2738 3166
6621 6311
3679 7200
6868 5796
1012 2082
4655 5338
1500 6120
2832 3369
7044 5461
6331 3934
1949 868
1336 1915
5671 1189
2943 1151
246 6783
6084 3774
5592 410
2599 6777
4723 5086
2320 3911
7111 6396
837 549
6655 4389
1772 3084
2067 3888
7248 3904
3158 3132
2549 1436
3779 1836
2132 6449
6119 5476
3797 2536
7218 4437
328 5013
2242 3452
2283 6514
6365 433
5350 4273
2891 2099
824 3262
4036 936
2622 4177
6520 3710
6030 2797
3816 4628
834 3742
3191 4792
5945 3700
6195 4551
6219 3677
5445 940
4356 4400
6707 873
6626 6748
3607 5919
1064 3077
2642 4644
971 3985
3056 7156
2581 2692
3748 5630
3513 4174
6680 1089
4782 7191
2482 3291
5144 1725
2299 3725
1905 6725
2005 2485
3989 5436
6504 2773
892 2100
3209 2601
4025 4432
781 4217
5324 3852
3326 428
3902 6310
4445 4165
6789 2043
533 6293
6203 3451
5305 1318
2856 4941
4747 820
240 97
7245 3597
7195 2523
5644 6738
5435 3921
2284 6524
2100 2457
3513 1857
4988 5466
2856 3154
5790 2
3507 5266
5765 341
6846 3717
6985 4856
153 782
2022 1841
5551 4027
5630 798
7253 3355
1742 3381
5337 5947
3225 2272
3119 1798
7 3678
649 1962
960 1762
6480 2689
4725 875
2618 5604
3366 226
1711 5108
5123 1013
2377 2822
469 3069
3863 2217
420 735
199 4016
6914 6523
1675 2913
4931 2037
453 3442
1901 4013
4196 1595
1427 1627
3411 5757
3517 260
5854 7161
6767 2096
5664 232
5500 5433
6750 4324
6371 4776
3406 2144
2440 4620
4509 4054
2789 576
2852 3174
3291 4058
115 4791
2316 7071
5447 1534
976 6329
6184 4750
5531 6676
6423 7224
6902 2596
1782 4594
6254 1784
4884 3127
6987 3073
6404 4496
2864 4723
4309 3434
2319 5658
4261 6825
1711 2611
2110 2448
3841 5717
2510 5962
2506 3486
6043 2001
3968 5944
1203 2745
5806 3403
322 4553
3843 4780
894 5663
4052 889
6065 4510
4136 551
862 6162
3520 1673
3029 4607
4872 2940
4881 6462
3537 6806
6243 2268
6810 4316
5745 5665
454 6156
4902 3510
352 1380
1558 4772
4705 2027
1147 5058
932 5378
6226 2021
3624 2979
5399 6135
1903 4706
4763 301
1190 491
1840 1410
5104 5652
6740 2633
6978 1867
896 5094
3341 5418
2132 4410
4232 2753
5400 6314
885 5504
5341 6435
6893 3445
3021 5755
6132 2879
6541 3299
4283 7214
3402 3901
7166 2920
1536 3501
3890 1534
2619 5729
6351 2984
3944 5586
84 994
5923 1529
1152 5724
4079 2551
277 5416
6363 3925
2760 600
3492 2357
5655 6466
1232 1470
3183 2841
3573 6694
6235 3291
6096 5255
3062 1108
1754 570
1858 1431
396 381
6513 5934
3536 757
5084 3432
6200 576
6699 3751
6386 3794
6715 53
2282 6617
1860 2333
6975 2495
4156 1883
6886 4583
1766 5616
810 4157
2364 5159
309 7096
2803 6838
4292 1862
5416 1841
3228 2331
1465 2946
825 310
594 2425
7241 3442
1973 5098
1134 3748
3617 6773
5978 3699
1115 5370
5368 2105
5384 4587
1744 900
1368 3248
1975 1233
6911 4642
84 5964
1197 3084
2535 5858
552 5998
4065 3476
3142 5891
5122 5426
1962 2626
3931 5197
4940 6849
4232 6006
3477 4511
361 1575
6790 889
4669 655
5044 6976
5532 1313
2772 1545
5666 4526
4705 3089
1969 4225
311 1872
3792 1185
704 658
3446 2418
6038 570
2298 6896
4788 6927
2373 950
6850 6191
518 5435
1912 6874
307 4239
6486 1661
233 752
3698 5118
6173 3912
3995 6233
3598 5631
5778 6612
1723 3859
4029 1295
1474 2628
5687 2814
2491 6009
4099 5788
6727 5025
4041 1742
6562 4146
219 3257
6271 2390
4998 5865
1603 2692
5047 6283
4325 5263
3561 3917
5457 5674
633 1633
5704 6982
7029 6805
3200 4408
2423 2751
5358 1514
4893 878
7160 1091
5247 6179
5790 3660
241 4225
284 5907
1311 6036
7165 6542
2347 6765
5276 3532
1749 2885
1112 1900
6587 6991
3692 2427
1408 7180
1264 2809
1419 3522
854 1647
2553 893
1313 3537
6447 4450
3570 6107
4519 3662
6315 4974
1562 2355
2401 4433
5394 770
2511 6713
1306 1041
1314 7226
4867 5931
3690 299
4916 7155
1047 2929
1466 2414
6795 2137
4181 5582
1937 7081
4186 792
21 982
1461 6476
503 2184
7208 3844
3567 2874
1083 3927
3790 2388
4900 4645
1682 1107
251 4369
2552 4904
3782 1762
6074 253
1834 4087
6017 1685
513 6238
2441 179
3573 5556
5992 7015
6419 1411
2941 6049
4705 3648
3617 4167
5462 7028
6489 3329
4664 1543
5652 2412
7249 6097
6977 5708
1462 2222
3016 6647
5416 2420
1557 5884
5141 2834
6941 813
5163 235
4389 4858
3085 6522
507 5357
2647 5362
2468 4354
2707 1891
472 5484
6726 980
5332 4827
1230 5006
1245 91
5755 6094
4746 4098
4289 6715
408 6817
3663 3461
3320 4311
3434 5870
2911 5248
5629 4686
4553 570
6501 6846
4819 5166
5518 6309
4682 6033
3521 5628
1550 4773
4582 4956
1969 4508
2645 2983
2621 5793
4896 3763
332 2383
2348 1867
3817 974
2409 4040
3486 559
969 5647
854 292
5549 4442
6993 5538
5103 196
1155 4117
756 3535
3156 1714
6389 3665
1119 2387
514 4007
6595 1339
2123 95
951 3856
1567 2548
4549 3179
167 6692
1688 4744
5407 3482
272 3639
1800 6281
2409 6654
1254 2206
6301 2481
6318 5234
427 6740
837 4112
1663 5617
3639 2486
1998 7150
7290 4050
2848 1418
124 7146
294 6144
1436 5405
7087 1123
6333 4768
6671 4346
3724 965
2075 1252
4363 778
6604 2612
1528 50
5697 1821
4061 2714
5853 2220
6635 2779
1385 2999
2814 5476
4156 4165
2843 1011
6678 1711
5361 3069
6578 4012
6362 2800
981 948
6833 4096
1591 2880
112 1693
2698 4405
2220 2777
769 6830
6859 6386
7178 6462
811 6023
2565 4511
6445 5340
3633 2294
5388 2811
1098 2579
3787 4931
2529 4688
2627 3669
7039 5877
1037 2086
1952 4732
365 1004
4241 5848
6219 2750
6386 1288
2327 5415
3134 3742
5398 1189
6660 5349
6727 3599
3590 6632
2164 6166
2673 3624
5 2312
6925 4530
6795 5523
4297 1551
5527 4314
295 5494
1022 1017
5852 6100
3104 1363
5182 7010
2906 1084
7159 3770
1773 4229
1575 2311
5733 986
3235 7161
3379 5926
4600 4674
7206 5906
1308 2480
1121 3068
4955 5771
1818 282
5634 3746
6772 1752
3537 5518
5360 847
3898 1720
5082 1936
6708 240
6058 2025
410 4734
6009 6863
2785 2805
5081 4302
6872 487
3466 1294
6466 3453
5937 6378
1435 7043
6255 1550
2588 1872
5857 1273
6742 6736
6322 7157
757 79
699 4337
4066 1872
7244 531
4280 1834
2401 6371
2967 2427
6307 6043
6391 458
1449 2051
1023 6419
3663 1884
1971 1295
5157 1702
5029 3308
2670 1000
2140 2820
3467 4181
410 5482
6483 3541
540 4715
3662 6361
4260 1480
6042 1044
27 528
6998 2895
2549 6724
3922 3867
2113 2718
4964 3310
6452 1440
2877 5044
3098 3411
4183 6849
1152 5049
1703 2118
7105 1118
3940 5520
806 5855
2546 5508
830 3989
914 7116
5671 3197
1919 2699
5231 5302
7146 2730
3695 5591
131 2410
4006 8
6463 1034
683 2563
1202 2709
3900 2293
274 565
1895 5631
4624 2741
6071 3114
4131 4552
7248 3547
638 319
68 2140
1026 6536
1966 3673
3800 3434
7057 2762
31 5218
3615 1479
1110 1727
1533 7118
830 3870
6014 4712
1842 3073
5746 5535
3218 2846
256 6496
2460 2976
2029 3614
1569 3786
1578 7043
4621 6023
6818 3143
3750 1855
3376 2522
315 2160
6319 4430
3206 677
3575 5895
926 6964
2256 2540
5699 2995
6839 4924
3004 3910
3278 3757
1483 5911
2989 7208
2237 4570
2391 6185
5154 36
3498 5402
6895 6172
4498 669
6639 261
1049 6111
3179 2911
4169 3469
2718 5117
5849 6929
1942 4744
5513 3921
4568 2403
5704 812
2673 351
1068 1378
5649 1325
1097 1623
6292 406
6539 3119
2956 2606
242 4717
7274 1914
2720 1154
218 7005
5942 5058
5986 3939
4213 4426
2184 762
1596 2032
6695 5161
7106 3776
4483 2254
373 6620
2813 7183
4978 1188
2963 7168
4745 5440
6474 4177
3462 4611
113 2172
866 3772
5421 511
212 3188
610 2592
3563 1840
2697 5709
2740 6856
5410 6023
598 4237
1742 6602
3878 7020
5078 3228
3430 2173
3159 51
4910 859
1557 1401
4993 4701
4290 6307
4638 1514
4975 7102
1771 7274
3482 3846
2319 990
3588 5164
2592 6603
2168 7144
4464 2702
5166 1180
6093 2987
1645 6953
2765 6660
4466 3088
243 4793
2229 4396
6640 1894
6431 5306
7094 1452
2663 2582
4927 7010
6723 5302
67 6749
1482 4469
1291 2516
2411 466
426 5726
7161 3751
6442 5576
2402 6681
516 6418
4975 5525
7074 6038
5046 5482
1774 4718
319 6450
1679 4804
1089 1044
979 3983
1384 7260
1056 4108
3732 6889
6481 4135
6198 2548
6638 7236
7279 264
7156 4655
4195 6132
3467 3768
2135 6673
4561 1975
518 1477
3307 4944
4046 5654
3784 3458
2119 830
2382 920
46 1937
2126 6653
2192 6797
1696 1901
6202 4690
3164 7257
2901 5615
1363 566
3331 5751
3117 5735
5488 2521
7157 1898
3044 3656
1399 7038
2058 6967
5158 3790
5226 4530
3241 1605
1463 3077
1141 1113
4679 1561
6714 4918
2497 78
1536 2557
4162 2481
1276 5331
5854 5675
5590 7265
3005 242
6138 6409
2809 6626
1600 1255
2741 3705
694 5361
1844 2873
4244 945
5802 2299
4755 350
6984 378
1667 574
192 5477
6192 742
4787 3050
1440 6859
1706 7072
2478 5150
452 2280
2247 487
7262 2156
569 6576
1110 3521
6094 5193
6266 6815
5463 320
4925 7039
2718 4627
5416 5433
3552 1737
5955 1360
2623 3954
3991 4611
3011 6530
3060 6117
263 5770
5495 1805
1475 1452
801 5688
7135 365
205 2985
739 1204
852 7173
3253 5625
2248 5331
227 6347
1190 5294
6502 5983
5472 4145
6090 6075
1675 4228
6793 400
2006 5707
7098 1153
1410 740
5630 5220
6393 6353
5301 5494
7142 5111
4207 5159
6550 6021
6595 3832
4169 3935
310 3651
5076 2588
4425 6720
1012 714
6941 2505
3053 14
1587 6163
2572 3874
135 7180
5291 2696
2370 3775
6178 1266
2009 6359
2419 3438
4443 4237
3135 1869
5870 6444
7064 1611
1409 6066
4756 3967
6402 6725
3204 6850
1286 5411
4219 4901
1791 3624
5114 4580
7055 6487
4776 2021
590 6336
78 1890
5934 2141
5352 7237
3983 4107
6552 7162
3087 2776
5265 274
1800 1739
653 811
2056 6893
63 2047
1290 379
4303 1959
6734 1189
4716 5125
4063 3490
1937 2882
4026 1201
1753 2242
5313 2176
4460 5329
177 427
5486 1004
4012 6585
1466 1273
3723 3544
1629 5281
2147 2911
6555 624
3025 5341
611 750
6776 4104
4934 1544
490 932
4105 1225
2862 2307
1360 4269
1821 4758
6839 5649
2110 1469
3748 665
3884 4032
5044 486
6347 6954
640 799
6806 6932
2604 2607
6680 5759
566 5478
3774 482
5832 7058
2941 2875
4995 4072
5969 3009
3973 2324
5261 1101
323 4762
4288 3029
7212 3403
965 6833
6238 588
5735 2537
6495 4442
6087 4628
2749 3187
5726 3452
1142 5916
344 2382
3254 1184
2291 3125
3875 5550
6806 4835
3587 6928
13 6412
3550 660
5138 144
4259 4495
5850 460
2532 2312
390 6481
5742 263
5374 4741
3876 1004
6671 2002
6521 1832
85 485
1913 4695
4012 584
3976 1755
6981 549
7053 2468
3513 903
2713 1081
2245 4118
2312 2960
660 2795
643 5542
3894 3414
4405 4354
2879 5561
3616 5848
349 3742
3367 22
4932 6532
5157 4883
2710 6103
6669 6228
3819 2182
5901 7168
6547 5455
6766 1908
415 5510
5314 6636
5138 2974
6941 2253
1448 5201
1326 7180
2454 1619
2266 1668
3337 4083
6287 804
310 6382
1170 3028
7047 237
1975 2042
2687 1637
4167 2968
3916 782
3432 3786
410 5
3357 6318
4349 216
6728 5525
5687 4580
1493 3640
1084 6597
2590 1727
3059 5543
765 707
1094 5776
575 5802
3675 650
6033 2502
6333 3651
1849 418
4906 944
1668 2113
1474 1184
2430 3909
4690 4022
5952 4504
1624 7062
6001 2155
391 7053
4313 5674
4939 294
5852 3144
1302 4062
2030 2004
1238 1737
536 3634
30 1094
7170 5313
2413 2722
1376 494
1262 948
5516 6165
4454 5458
1534 6488
6228 2908
6138 5533
5271 973
6147 5917
4559 4432
785 2743
4118 1767
1314 981
4594 5988
991 2747
3027 5326
4670 4363
5071 6351
7108 6710
1838 6112
1311 2674
2316 297
4577 5751
7046 3399
864 291
5188 7152
843 3754
5266 871
3311 7095
6942 5773
1544 3659
5358 2744
543 5952
6168 5030
3544 145
671 238
5125 2733
3830 6375
6689 1053
4151 7110
2503 2360
2732 1227
2199 318
1685 759
6855 1724
991 5770
5052 5436
2302 1928
4268 7205
4023 5226
5344 3627
7041 6058
651 509
777 3235
5506 5459
2150 5404
4432 6798
6675 588
5993 4627
2940 2773
642 6385
2671 838
4371 4251
622 3517
137 1370
6443 2129
4305 6303
4813 1133
5043 7062
5155 3156
4932 4376
2628 2270
5266 2459
3949 2084
5213 80
7298 2403
3439 4380
7011 3609
229 2380
3747 3373
1606 4072
3176 314
6190 2495
6795 652
943 6745
6559 5311
7188 6449
6569 884
3598 522
6498 3622
444 5374
3680 5010
3383 2911
5143 2696
5075 7030
4473 754
6206 3669
1610 6134
4787 4128
410 5241
2256 2437
3577 1234
2953 4774
3540 2690
3228 3935
1581 2382
2016 3824
2301 2990
4074 6161
5732 6654
3232 494
6594 4874
1007 3615
273 6815
5876 4573
1690 6385
3958 4142
5881 6240
899 5602
5657 4576
2579 4403
4036 4777
5332 4384
3910 2183
6292 3306
680 6779
4713 6312
5749 451
6147 6009
1757 2889
1778 872
1856 60
3649 4156
2598 5890
3438 2914
5497 3550
1145 2876
3210 6486
7149 4780
3090 6653
3917 2746
5568 1844
3848 1119
4164 3862
6783 3383
6090 6179
44 2726
4536 3030
2048 6247
3974 6027
347 6641
300 7200
5100 3428
5319 6530
2725 6812
1242 3148
2692 1334
5565 4284
5071 4736
5367 1824
3794 1977
6268 6233
6187 2670
6673 5902
1844 300
2428 1696
3505 5240
2365 4009
4997 6034
6980 4088
5863 1014
226 4980
166 4056
1421 4212
3461 2102
3627 5647
1698 7140
1887 1808
609 4461
3612 4914
473 4029
3448 839
2309 3039
5089 3619
2576 1550
4995 2084
4095 771
5293 1836
6919 3310
526 5547
551 6566
5588 6088
5045 1414
5707 799
6360 6511
488 6209
5455 2144
3166 6071
5913 4618
503 64
5808 6720
329 6579
1702 4710
1383 2058
3610 1702
6602 1154
6788 2288
921 5727
5444 6161
4544 5702
3548 6651
3622 2038
6009 6356
3486 4341
1543 7112
5484 6489
3519 6464
2598 3724
6698 81
1341 6964
2325 3674
5179 5108
3952 6472
3602 4967
5490 620
4538 2470
5271 3434
1689 134
6033 165
5788 756
6166 6402
3832 167
3523 6519
6470 3224
398 833
4475 4271
4930 702
3035 2069
1803 7257
5692 2938
1817 2891
4230 995
1731 2244
2586 5030
6053 651
688 7257
803 843
369 4300
397 6415
853 5566
1919 6822
4760 2672
2338 232
24 5274
5510 1844
4819 6955
3899 2210
6682 6363
5923 4884
1673 3752
442 3886
4766 543
848 5053
1298 3293
5613 5970
6088 1950
2707 391
6593 3661
6025 1337
6417 2806
5460 956
2954 6937
1225 3958
1675 2553
5539 2051
6861 4129
2755 3555
6903 5814
5576 5901
3589 6334
766 5499
1769 5185
3685 869
657 3011
2498 6410
3381 6354
1565 6358
6270 1037
31 6649
6153 4062
5700 5765
3922 2553
2186 5761
385 311
4500 5022
2466 1303
6965 3806
141 698
789 4671
5753 3254
343 6858
2390 4373
1541 6962
6278 5816
7245 605
2517 108
5173 541
3609 2424
2697 6403
7229 1841
5469 6602
2934 5895
5850 1431
2056 4598
2831 4070
5028 2406
4442 5220
4343 3135
3733 2168
2783 5436
2546 3869
5853 2106
4250 1376
6330 3174
5957 2383
1163 6297
2432 7158
6353 5228
2129 2047
4755 3044
6580 3374
2351 7150
3632 4763
1527 1009
404 371
3884 3362
943 4932
590 2921
5287 2810
992 1154
3954 6104
6476 3738
2576 5137
5294 493
1906 2984
1712 2500
6087 5811
6129 1516
5400 3592
4548 2202
2838 1679
554 5010
3192 6485
1481 6372
4169 606
2047 3378
2231 59
5622 608
1226 1356
6849 7101
6120 6576
877 1267
729 4736
4939 1867
6796 5816
2589 4471
3152 5358
7028 4156
2913 5549
4740 1540
2483 2481
3516 481
5942 754
4254 5636
6881 2363
823 4434
468 1030
400 6193
5224 102
5844 2074
3930 2656
4354 547
561 6086
6603 4416
4886 5493
1289 6176
6401 1571
6947 5554
6553 2783
5669 353
2869 2337
1328 4126
6538 1310
51 1392
1498 6576
6513 6159
2615 1318
5819 3478
5857 5732
3591 306
3226 1694
1554 744
156 4259
4007 7262
7053 4185
3597 2008
262 963
4063 2346
2246 1152
6608 1730
1255 2779
1590 4124
4975 1556
1384 1545
5448 2407
2967 1437
4926 4063
581 1877
743 4994
5729 722
4397 4935
3135 4288
5880 5985
2789 2578
4159 1988
4257 2599
3137 2795
858 6838
3337 3845
985 4327
811 6568
2043 6303
990 4420
3496 1866
774 3168
2568 6440
2391 2200
76 6593
108 2955
1393 390
6439 5259
3868 2926
6814 2723
6357 5277
815 1357
3782 6053
4437 203
6272 6522
4058 5697
3193 1468
2925 28
6465 1813
6777 1741
4902 2572
3081 4188
2548 4902
2516 5175
4643 1327
4249 4556
904 1109
1511 489
5843 906
5914 2587
7126 4452
7117 4826
5307 2878
6705 2307
3735 4349
816 2659
2903 6492
1608 6124
3869 7250
4019 4426
5829 3631
238 766
5839 834
3214 4431
6676 4754
2087 4989
4468 939
6401 7107
4257 5340
1897 3188
6491 6744
6048 2131
2745 1990
1736 153
5249 5734
2571 7279
2257 2005
5138 6252
6857 1728
6207 5317
3265 5890
5411 5017
1382 1048
6072 21
2357 119
3853 5729
5664 1829
4813 6127
5418 1653
3132 6721
252 4081
6458 3734
1149 5802
760 6051
2098 519
740 3189
1010 1337
1130 7118
5065 4531
3342 402
2266 5754
6322 4019
5655 3070
3666 3281
541 4777
6143 5380
2884 3777
4022 620
1596 4048
5252 4959
3228 2
1739 5501
2567 4432
4444 6701
6709 6968
3401 5732
1796 7018
5323 6417
5160 5850
2364 436
1769 4103
206 3004
6572 620
4236 6083
3002 1170
3563 5212
6620 363
7241 5792
5140 810
22 5330
2797 6403
7091 6878
7002 6378
6648 1149
3902 6940
1531 2900
6596 2527
3011 5994
6926 1096
548 1477
1558 5102
5711 785
5532 1880
7134 2447
1417 2071
1875 324
5762 288
4965 3696
1910 1451
5277 1640
885 6258
2731 1066
1777 407
1861 813
1682 711
753 1104
3382 2576
4066 798
3104 6167
1686 2016
1630 2900
5183 6200
4231 4051
7095 5243
695 6191
4515 1170
5490 322
2271 5844
2267 2081
3025 6395
2173 2118
4740 4086
5325 7056
3872 3840
655 3822
4300 7289
1636 1665
4302 7102
2541 43
497 5945
1545 369
6277 6098
6657 277
6613 2872
4776 269
4433 3097
5447 6737
5610 6802
899 7007
2339 5239
1794 5570
6413 4524
7077 5160
6461 5621
2151 322
3019 180
3008 3086
3059 1476
4097 2035
5007 4325
2871 810
2587 4619
3667 1208
3976 4656
4588 6033
6421 971
5265 1415
5765 759
7026 7
5219 6830
6618 2918
1040 4311
5008 1200
5218 610
7198 6724
6001 2599
72 4172
42 3760
2570 3019
7237 5249
4456 6372
1061 17192
2081 6804
713 640
1174 2245
4576 4206
5473 4385
1486 4721
2551 3853
4326 670
2100 1213
7002 6127
392 4067
2757 5351
690 6668
3195 2299
6663 2232
5948 5600
2324 3013
1498 561
5296 1149
3653 938
1485 1950
7241 947
7106 884
6933 5054
5783 1413
1130 1296
1849 913
54 4458
4232 2104
5936 1301
3755 2825
2390 3621
6168 3598
319 7126
3445 6617
5035 4406
3199 734
6372 2558
3401 863
2942 1400
1841 6799
171 5238
7259 16
5946 1061
2839 5622
2747 4778
5346 4468
4876 325
1673 2909
6898 424
130 5572
5482 383
2919 1703
2939 4334
1233 823
4366 5356
6050 1165
70 5939
5807 4628
6210 525
4422 2882
5100 4310
560 5605
