3770 5456
3785 5544
3637 420
1663 3166
3004 6395
3039 1179
123 1577
1221 6088
3741 7575
7172 1641
672 7197
6205 7208
5182 1255
1958 3653
1500 5079
1575 6211
3186 5923
4087 7063
7435 3122
6054 6039
7023 7584
7532 5301
4948 3243
1942 3615
7060 1074
7385 3365
6855 2689
3758 318
6744 4299
494 3558
1806 2381
6463 1128
3449 2163
3221 828
3780 1513
6636 4862
3122 3232
3056 5435
2824 2659
2304 7760
6050 1901
3535 6369
1090 264
994 2210
3164 2612
6624 6662
1445 5235
3747 4681
4497 6669
6085 4044
371 6589
3517 7093
6391 2751
1849 2936
4692 132
798 1015
3797 1372
1202 4481
2302 4318
3627 1026
7668 31
6248 3862
3861 6732
7373 2435
1583 3830
4188 4474
892 6098
742 4809
2867 4297
4930 6633
4370 5635
2004 7671
2215 6891
1951 3690
326 4199
4525 6872
6509 4558
6186 6260
4819 1078
657 6400
7775 2305
4358 2659
788 3595
2811 5111
4858 5059
6222 425
1384 1659
3567 2910
5341 574
5384 7111
1823 1750
4189 4065
7330 4390
2074 4315
1538 6154
1404 2997
116 2658
5848 6025
5710 1413
367 5009
455 2911
707 677
3945 4097
99 3054
395 3074
3922 5356
1483 471
3678 2065
4593 1164
7661 1360
6830 303
2361 4981
2283 1477
6044 5827
7262 3891
3271 6044
1584 859
148 6136
2010 1121
371 6469
6605 1809
7673 1854
1736 6664
4757 5388
7324 603
6037 2222
6820 7695
7085 6854
4432 4350
3959 874
1545 914
5630 1332
5719 3506
4748 6470
4325 1159
2260 2533
3630 4577
5482 1297
6489 6483
5246 6822
192 1239
607 786
4935 4983
1572 7179
1359 1217
6982 4100
7266 6822
6017 372
7401 6544
2537 4220
5248 3062
1817 7411
1219 7589
3511 1864
947 7636
6140 6210
1993 6204
2951 5879
6211 6418
5697 7167
4364 5203
2259 4261
6381 2267
2555 3554
113 1673
2014 1765
6471 7115
2319 2131
7312 2449
6 3871
6249 3696
5475 1854
250 7726
2122 5641
4676 7325
5209 6000
3690 6999
3491 6008
662 7500
5473 4009
3917 3154
5447 6262
3604 889
4146 4713
4113 6121
7049 5930
2519 6275
3985 1620
6657 2498
6682 4669
3367 732
7031 1000
2846 2496
3203 4977
7058 758
3094 5476
231 2685
1776 4786
1669 3485
1132 3025
7226 3706
1981 2598
6681 2449
6575 7314
6144 4450
5140 942
5535 7050
487 5341
1556 6812
6277 3525
3852 1860
7695 4456
292 6352
6756 6213
6509 5979
5220 3479
158 4583
7727 5287
1139 5389
1155 3818
1476 660
1709 7577
816 7261
6111 3649
7016 7655
2119 3087
1536 2875
4728 5274
584 1862
3769 2596
897 3398
6068 4134
1914 3563
2682 4847
4234 2268
6089 2745
856 203
5567 3313
7087 2918
7584 3169
6797 1955
531 2739
2083 6151
780 2036
6318 1355
3370 2466
6403 4155
7048 5668
6090 788
6953 333
641 7746
92 5700
298 6627
1856 1915
6519 3044
1192 2649
3865 413
4919 1670
1015 7539
7407 6499
4932 3435
7395 7700
6489 2958
781 1347
2986 2709
2714 5178
6413 4986
5921 5805
2628 5400
3554 1585
6884 5233
547 4789
1526 4186
3710 3964
5290 1212
822 3827
5020 234
176 4461
4743 1378
4143 2905
5821 7042
5559 4508
4369 5225
7067 3753
7195 415
1923 2562
2250 5073
4765 2321
3033 4061
4387 1951
6872 3758
2733 1056
1251 5765
6141 6241
879 5556
7449 7080
7240 1976
7678 2311
7609 7243
3335 2300
1763 3706
6245 2231
4990 4954
6440 7648
805 7042
5164 6709
5923 3661
5079 1510
3412 3174
2926 7637
4407 696
7176 5861
2935 5889
7018 2190
537 1939
6017 2289
6992 3391
1646 606
555 6342
3355 216
6928 7421
4708 3826
745 3532
4873 1721
7037 6251
3599 2573
2442 4761
4207 1740
2126 1723
3830 4541
3453 286
5515 6382
4189 3761
7280 6035
6733 2761
4480 5180
3708 7354
2142 3777
6510 7215
2518 7236
2816 191
2813 1667
2245 2756
5010 6209
4425 4177
5856 344
2970 1119
2116 4158
1423 6564
3809 3825
433 3681
6571 5975
542 4022
7176 7166
3708 6684
1058 4645
7538 4414
2378 1581
7754 3757
6551 4296
5779 7239
4771 2836
4027 1131
5926 4564
450 6572
2876 7684
2218 5800
1457 7678
1714 5499
6693 6062
2505 4821
6603 6446
1855 324
3475 6823
7143 3231
6223 469
1361 201
4851 2349
6885 6462
7005 4246
6482 6333
4716 5793
4332 4994
5926 6406
1859 4111
1265 316
5576 5494
4946 7261
2043 5182
4836 6780
319 3103
721 7180
5847 4403
5332 5830
3034 5244
1798 3878
7642 3628
4151 2043
595 6372
3341 969
926 6445
6592 2517
2381 5709
7014 6412
1537 5726
3953 0
4303 5361
1478 1688
417 2978
5730 171
712 6088
5325 1969
7672 4603
4336 678
3412 5426
154 1564
1280 7193
3950 1380
2301 1204
6769 1640
7438 2802
5567 3616
6898 4256
2661 6871
5067 6352
633 4129
6291 3079
733 2219
6222 7008
875 6799
6010 3048
4578 2715
2866 6663
5071 4125
1715 3879
2111 4333
774 229
3920 3399
2884 3401
6007 2515
7440 2315
676 6355
6037 3460
5267 952
2504 1302
7499 2745
3297 3353
7017 5906
6515 67
4295 3485
4907 7019
7525 3791
6669 3939
913 3377
3209 2199
2131 7377
7205 3478
105 4349
5772 1980
6642 7596
1772 3625
3366 6017
6693 1794
4874 5805
4910 714
274 1599
985 4588
6878 1754
5054 3056
5159 4371
6454 6536
2819 854
4718 1421
1715 4940
3963 7523
6734 5595
292 1334
6415 2314
5131 1599
5082 1495
1182 7047
5068 6648
3754 1238
4567 3786
3967 880
6476 7337
7638 1638
5747 3700
4470 668
1375 6740
3870 6652
5877 3577
1134 5807
5282 417
2582 1651
2724 5086
6744 2925
1905 571
4689 2916
5764 2235
4714 7024
4766 2837
3109 1853
5648 4864
6379 4840
3943 2615
6570 2844
224 921
5172 257
1699 1185
3699 4235
6965 7732
3672 7066
3397 4964
3162 5347
5960 7728
940 4698
1303 925
911 4754
4814 3174
167 2715
3296 3139
778 3679
3566 721
4954 665
4382 7790
588 2682
2104 6079
7241 5554
4508 6920
5674 6023
5799 7239
6048 68
861 349
1249 5889
3792 3034
2167 7187
1574 108
7002 7025
1616 6675
7110 26
807 781
4551 5125
4682 6929
720 1127
202 4498
6788 2355
2086 1218
132 7729
314 752
4526 6934
2442 176
3583 5099
2917 1085
6711 2773
6149 7565
7538 6856
4634 1817
1591 1096
1134 5231
2794 3390
1851 4439
6668 4236
809 7630
4714 3221
3012 2330
1171 4524
1337 5915
1474 2863
4817 770
5108 6071
663 7441
363 1479
7547 6694
1657 3255
2265 3974
4656 7084
683 4298
2518 917
6339 80
4831 5365
5333 6208
6602 4992
5745 7529
333 3115
2342 1936
1021 4069
186 460
765 2812
3518 7041
1887 3349
2998 2864
5297 6844
1471 4183
1687 6644
4057 698
5447 4075
571 325
7121 293
5869 4164
4748 6308
337 2442
5286 1081
4563 1866
4060 2217
3928 6102
703 695
434 2274
4192 2610
1977 1611
2794 6002
6254 5065
6045 2405
1777 3254
6843 2320
2 2938
6059 1828
4068 2565
6500 695
4133 3439
2875 1388
2251 2280
7149 3400
4929 647
3776 5130
6230 4913
4403 5342
6942 2761
6854 6765
3314 5758
2461 4621
3675 853
4294 1601
948 1163
3473 3085
6285 1359
1671 6320
3052 4491
1619 5261
5494 4589
4446 912
3067 6366
5759 786
3215 6742
1503 2025
356 4753
1201 7696
5517 5570
696 6030
3230 451
1348 1653
7167 7686
6804 7673
2511 3563
3655 7546
4253 5767
1534 1768
594 517
7113 3571
6754 227
1305 3476
2322 1300
397 7452
3371 3637
6047 2679
1212 5455
4158 3355
7006 7488
4830 1083
1392 6645
5956 4099
1331 1672
1459 5063
7720 3178
813 6044
326 334
5043 1403
6800 2586
4421 6293
754 5266
2005 616
2748 3491
7477 2197
5039 3617
2153 5546
2692 5565
527 1587
1996 5982
6051 6048
5314 7082
5535 1074
5349 6074
4896 4592
529 5512
5171 6857
2989 7341
1462 7165
2104 6563
524 437
7509 6444
3528 2171
2749 398
4283 6318
883 7203
3048 3454
6770 7097
2892 7769
2131 4586
291 7008
2779 505
1877 6282
6825 4994
4712 4570
5253 7484
3439 5095
4868 4679
1840 6824
3408 5732
3884 5898
165 117
6023 1911
4870 441
6207 461
2133 6028
4361 2720
1881 6985
710 3693
778 6597
6517 4916
736 866
5467 5216
4297 5276
997 2079
2066 995
4038 1305
6765 614
4940 5695
2824 3832
2436 5193
862 866
6934 1963
7607 6869
4947 5605
2507 3034
1066 4862
5820 2352
3307 1100
4776 6968
3299 3691
6013 2576
2189 2616
7616 2035
1218 2784
534 4018
4799 42
867 1073
2965 581
5169 7208
4454 6183
2912 6060
4659 1068
388 738
195 2631
4076 6519
6501 1312
7103 1367
1006 5586
3905 2648
2846 1991
27 6490
1957 4371
3792 4365
2852 7146
1635 6087
1221 3143
3190 1305
6100 6858
3054 3900
5031 908
7458 333
1153 5810
882 5835
1852 1436
3213 1913
7148 6481
1194 44
6849 6369
6216 7250
2205 6550
1945 7685
1068 6048
4721 3475
2392 2164
3820 7227
5228 4520
1333 3166
4225 7213
5028 5120
2940 3250
4351 962
6640 5225
5689 5861
776 3488
4199 6772
485 5982
623 4966
4341 287
3532 7383
1165 2350
2556 3179
4637 2319
2082 3726
1385 4150
1359 6483
1841 2871
6380 5646
5302 971
5234 1488
5092 2051
3579 1655
3799 5020
7097 3071
494 1616
6515 4761
501 525
4777 3063
3974 2548
5493 6913
6839 6976
1313 1191
3318 2904
5135 5211
3337 243
2827 1489
707 415
7101 351
3089 7174
6771 2531
2 3318
4731 5454
4372 3388
4934 5699
2772 4972
5497 2539
5109 4503
5716 6728
346 1329
4829 6828
790 4101
5335 645
6368 4104
5371 3143
4733 6223
537 7615
5158 1582
6848 904
1208 6854
6961 2339
394 6442
7130 5751
4584 3847
1606 4299
2686 6365
2201 4812
6705 6430
6074 5584
1528 1737
3785 3485
4064 5563
2159 1606
3908 6452
2997 5443
5347 873
3085 6477
1012 1227
2197 6371
2236 6588
1522 91
4192 41
5280 3096
2798 3392
6424 5636
4086 247
1922 6963
6726 1310
6842 5085
3970 2283
5671 261
5731 5673
2230 6154
7262 483
5445 1001
7445 4754
2204 3933
4187 5481
1246 2277
4969 5865
6580 5504
1150 734
3075 5135
4651 2293
7356 5598
5491 3640
4153 4553
6089 7184
448 2928
293 6182
6007 3591
4975 2806
7223 3020
2012 168
5726 4189
1965 2580
260 7525
6748 3689
6791 7291
1186 4058
2170 4120
5524 6735
4408 6443
4852 2563
5487 6474
2756 3519
7303 6167
3013 7450
3441 7732
7293 4459
4012 7685
2295 1661
6155 1161
6341 6237
4243 3052
5776 3683
6280 3756
6056 3803
7231 6814
263 1431
142 7285
3391 2707
5584 1878
2844 3156
141 7362
1284 3053
974 7001
5755 1392
1917 896
2939 790
5378 5630
6313 4323
1387 833
4467 2889
995 7384
861 719
5243 1884
6138 429
3031 3704
6784 7303
6343 1842
388 1412
4517 7333
629 7561
3454 972
4629 3391
5833 7069
2673 2078
5133 136
5065 2004
6408 4451
6579 7511
4057 5211
4570 1066
1711 7169
380 5719
7779 7086
1834 7449
5279 3981
1864 165
3866 35
3188 1613
3172 2469
3627 4208
4939 3943
719 6394
7177 340
6245 1067
4052 6991
1522 518
4141 5293
4742 6216
4236 1772
4889 4507
1672 1460
3137 7143
1125 1729
6566 372
7510 2882
7605 4294
5042 5033
912 2140
1562 5559
1606 687
7520 404
6703 516
7724 815
4976 1103
1048 3088
3293 404
1667 2704
1068 2034
451 3953
3966 3535
3291 168
4649 458
524 6803
2584 6665
4864 2104
2908 1895
6442 7396
6075 6353
4488 6981
751 6750
1178 725
5106 1481
5573 7003
2885 2244
784 2439
3632 7675
2960 514
2555 4986
215 3816
2227 4059
5087 1491
5489 5472
4540 6669
6684 5689
3295 1402
1223 1091
5390 4887
4285 6158
4545 1443
2896 2297
2752 3776
4529 2451
7593 2734
6593 6648
1277 5053
4678 7383
4722 868
3586 7101
2459 3867
3870 5528
4683 393
4291 5761
0 1283
1129 1478
3004 2042
6752 3691
5288 5312
435 5877
7409 2334
1942 6978
956 2637
4932 1225
3381 3959
115 7082
2971 6409
5075 2833
4072 7136
5361 1828
2780 4
6298 2598
241 5173
6314 2607
4226 5937
5045 922
7548 5376
5437 1452
6814 1468
5018 5388
6093 7704
4887 4035
6640 1435
4001 4184
2819 2281
7331 1856
7398 5663
4012 329
2405 6896
4274 6594
4923 5873
4800 2577
2095 3734
4315 808
6793 4743
5170 6493
7534 1050
4771 1532
6678 6078
2243 6411
2791 1441
302 3681
4835 3439
6052 6892
3444 4711
5620 3271
6295 4164
4906 2156
5182 4365
5227 7051
2104 5753
6026 3543
6499 7467
1588 25
2234 3205
765 892
1001 1068
2301 1044
1509 2872
5149 619
1641 2886
4899 2210
4066 1436
6326 3088
5020 3073
795 970
7078 607
6573 3319
2785 5701
491 4287
5014 181
7684 5127
2844 4870
166 5948
2577 7215
4243 4618
24 3449
5997 4127
7713 3624
5088 3513
4910 5118
7429 1336
4625 2652
104 2969
2211 7349
3695 1208
3887 4961
1563 7498
6165 379
875 1772
379 5439
3619 3292
5998 4004
5844 3610
3142 3633
3852 770
1447 5288
2510 440
4484 1124
4285 6304
2134 2288
4723 3162
5370 4957
5286 6239
1960 2375
5113 410
3471 4837
5392 4510
7687 5915
4788 1047
7734 4949
7423 6431
6204 6371
1066 2489
1826 4716
7346 2570
13 2400
1018 5816
3497 6862
6881 586
4416 6846
4180 1562
2554 500
3190 1387
3438 3305
7571 3259
1558 1064
1908 670
3920 2258
5157 748
4873 2055
347 4920
6533 5826
1209 462
7377 1263
3273 4657
746 5283
1855 3398
5574 2912
3505 6272
7423 636
7379 3409
3600 109
400 5705
6824 3387
7626 6846
7044 4497
6194 5241
1193 4906
5251 2840
4623 3820
2793 6998
6385 5724
1743 547
7784 3750
350 7081
1759 4598
1482 4220
3386 6600
5989 4349
1936 136
1799 1924
6031 7799
3637 7495
3574 2388
4574 5203
3277 3026
453 1597
6201 1011
2025 278
6933 6929
2400 1049
3842 372
2289 7506
3134 2246
2305 7525
4883 4319
5238 3632
7046 5541
87 4086
5848 3739
7732 89
4409 2069
2354 6860
432 3622
2487 5210
6039 7606
4363 885
4171 6211
3919 6007
7626 6058
480 694
845 2642
1707 6248
205 1374
5941 196
145 5373
3538 5368
4453 6944
7227 1292
7439 3007
5309 7091
1515 2000
6900 7169
5047 1901
2079 5909
5000 2232
3796 2836
1115 2534
4452 4127
3976 6094
6921 3883
5632 7717
4940 1075
7527 2719
724 7740
4180 5739
5393 7533
478 6883
6798 6472
3889 3767
5820 2297
5766 1933
7315 7611
7600 2319
7755 7217
211 2954
3665 4352
2591 3406
3726 118
1178 6678
1105 7222
6803 782
4333 3012
2586 3324
3173 4623
7230 581
7075 2800
6431 5989
7472 2606
3873 1097
7190 2123
7410 6381
585 6334
3346 6565
1427 6101
5169 1746
5199 3903
4408 1068
4174 3348
3941 3182
5149 4442
4241 4811
4456 2885
5510 5946
3767 2721
6274 1208
4350 6623
3297 1171
2179 5858
6159 1327
1097 4869
2458 5919
2665 4851
2429 7593
128 2074
7753 1502
7459 1052
6735 1812
7599 2196
2649 1098
6517 1754
1158 376
4202 187
588 1737
853 5208
815 4862
5746 520
4272 5736
4947 3981
3681 1713
3118 3040
508 7487
5194 330
3819 5918
2811 5705
1371 6401
2245 5683
690 2421
6677 1897
1327 290
4706 6323
2128 2215
6891 4516
4566 1057
4074 6282
3446 3631
5390 884
3177 3573
3174 992
3178 3419
7161 872
6631 6162
2499 6944
6897 5299
4538 4223
2350 3859
927 1808
6438 2166
7711 6852
2274 7479
6577 7453
2840 3065
7778 801
3403 6533
2684 4345
6520 2449
37 254
4571 4601
7396 2047
8 3181
5398 904
6725 3175
7238 2203
3972 4511
5780 444
7167 6917
5724 1475
4388 7449
3063 7139
440 6602
7527 3282
4032 1594
2275 301
106 5891
5786 1498
6650 2233
4733 2617
6376 7610
6317 4343
3903 4542
7796 7712
3673 5951
2887 800
4405 45
3440 7111
1275 1481
2923 7399
6374 3676
5470 1059
2912 2043
5875 4461
6436 2345
7114 2468
2524 3545
4655 513
6722 1902
1284 5036
7508 114
6839 1920
7241 5815
1291 6511
3383 4589
5692 2499
5967 6745
116 7059
1073 5974
6227 4702
961 370
4299 775
555 2848
6257 4076
6858 7621
5759 2805
2260 2385
959 5806
4481 4804
98 4017
4090 7107
4751 4075
5711 1910
4703 705
97 2703
492 7415
6990 3504
2810 4348
5682 465
2862 4142
3706 6134
4803 2541
5180 2313
4067 2575
5275 753
762 3832
6295 94
4095 2923
1065 2319
5812 4777
852 6850
532 2596
790 4375
1244 2537
4053 5250
1858 1665
3903 1284
5042 3674
4490 4965
3600 2582
1699 2192
1495 6552
4674 4994
2232 3430
1609 4216
6422 1039
6477 5100
3542 2595
526 7227
4717 2273
2521 3271
4433 1897
6028 6908
4657 5023
1185 1145
5833 3128
4108 2142
6429 2013
3975 1060
14 6657
2693 5828
5339 392
2666 4960
335 1110
5537 6704
4632 6704
7704 875
600 3779
5782 5059
6244 2632
4909 7034
1338 2257
7627 4830
7503 1427
6738 1559
6014 287
5686 1857
3613 6823
5255 2963
7570 265
1532 7346
6642 203
1312 3490
5474 2883
2441 3483
6791 4441
2370 4556
1991 3405
1971 3574
4298 4550
1295 2863
3347 7766
5875 1346
5121 1607
3206 1288
99 5929
5955 7373
3776 7612
2955 6561
4507 381
7600 4225
7309 975
732 3161
1653 5407
1457 3713
418 4219
1698 3017
1146 3263
3581 4274
1227 1350
5940 4923
1142 2058
5081 420
363 5793
2479 3491
7591 1524
3847 1281
3491 6828
7160 6895
7759 2843
5896 6474
5315 1925
847 6273
1981 225
1803 207
310 2368
4901 6177
5647 3152
6042 2045
5178 5637
1878 7005
5619 2605
2547 3743
5125 7486
2704 4722
6993 335
3133 2143
953 352
4162 6777
3866 5742
6262 1075
1744 3487
2437 2997
7523 1214
5899 5746
3223 5868
5374 3681
138 7067
5440 2222
6615 6808
7729 3285
1847 1445
3203 186
3623 4320
1775 1759
2084 5523
3533 475
411 6160
1056 2060
453 7729
6128 2785
3992 4202
5345 7046
5689 7364
7481 2372
3828 7182
1255 2988
2078 7625
6903 6312
6746 2601
1138 2735
6088 1868
5282 7379
2628 2664
4090 6257
4586 549
1340 2996
7255 563
2197 4830
6290 2433
3595 2964
386 4524
758 6740
609 2817
4012 70
1278 1055
6591 2740
7456 3596
6217 527
1126 4650
4048 1248
1796 1549
4956 4368
6344 3700
4508 3509
283 3713
7433 1425
6339 439
3027 6488
7652 2687
191 1078
7095 7359
4746 6594
1307 2695
7519 1427
1719 634
5772 1190
2801 2630
2331 6505
601 1239
5244 4687
6479 4598
3824 3089
1588 5849
4224 5005
404 7640
2668 7757
3888 2731
839 3558
2290 2355
3375 6939
4473 7156
2179 2486
5917 1051
7126 2107
5668 1426
8 5969
7243 6029
1659 2630
1528 3920
7114 2470
6348 7447
4062 2591
5638 6297
3690 4939
930 5066
502 6659
5393 7244
7562 5845
4474 6609
4824 3234
2758 1880
6059 5183
6249 1001
3543 6941
4245 5847
238 5951
3320 3401
4305 2128
149 6836
3784 1358
1040 4033
4656 6143
691 4670
1859 958
6798 7340
3406 3338
6651 4029
5075 475
4327 3487
2431 4186
6789 6810
6158 6933
7165 1505
4666 6467
7457 4072
1355 6418
695 275
2432 1690
4403 5815
115 1917
6020 24
7563 6582
4431 3333
1059 6780
2897 5723
2952 2881
493 6181
4151 3195
6661 6925
2861 7142
54 5762
5504 4435
332 301
2379 7746
1028 4209
6231 423
2761 5864
1916 68
7741 5668
5911 5083
5433 2025
6653 2862
5473 6532
7766 3677
270 3767
5741 435
1135 3660
1403 1454
4474 3723
5724 6625
3147 3194
6761 264
407 160
4668 2471
3091 7151
7547 5582
6869 7260
6331 5741
972 2171
3829 6216
396 2435
822 5136
7609 2140
7497 5686
533 5889
6519 908
7644 949
3071 6002
3852 4614
6792 298
6571 785
3467 5945
2472 1448
5381 2082
3435 2359
7330 7648
1649 4063
4566 4479
6632 980
36 96
7273 4114
3953 1152
4939 3255
955 5171
5123 5876
5668 4138
4913 485
4522 1031
7423 2923
6592 1312
2083 5075
5031 6296
3763 2613
1854 4333
3464 1578
7554 2991
5442 7218
6382 1231
5107 7706
2251 879
1729 2927
3554 6179
4235 4185
3398 5388
964 3911
616 7181
7101 891
6522 3660
4973 6105
4501 5167
2428 1113
1829 2455
3101 5775
2033 4678
4562 7219
689 4137
593 2890
6305 1794
1507 5513
6226 4372
3445 7392
552 4723
4752 1507
7398 1760
2612 2576
6164 7063
1161 1030
4291 269
3245 6755
7207 2921
5370 5295
3803 2469
7263 5298
2459 6017
3902 5647
4874 7068
4486 3052
7340 4584
383 903
6582 1625
1226 3646
6866 2610
1667 5443
1262 5036
815 7434
4476 6459
4392 6353
3172 3320
2655 3027
3061 3436
7280 4856
5210 4432
3241 1637
6305 6550
5413 7267
4016 659
5813 6175
2168 6748
3438 6549
7692 4809
2270 6410
2570 7794
1247 2893
3863 6941
4502 4824
5314 6065
1757 65
6446 3915
7692 1896
5651 2234
6919 5644
3095 2249
457 990
5589 1680
4966 905
5375 4639
3045 2613
7704 4449
5997 7287
274 1400
1967 7582
6526 4339
3345 6933
3315 3073
2378 2904
2125 976
5345 1716
2582 4719
3736 2384
7035 5852
1590 3778
1069 1995
571 4127
5456 3771
668 4315
112 4758
2254 585
6926 5286
2831 7384
4947 679
5792 2314
4212 7788
4918 865
2355 1882
4920 2488
4134 6635
6699 748
6537 6976
5465 1630
3574 110
7729 350
1277 1291
1711 5300
6198 3485
7044 4198
7715 2720
5248 6801
1363 7618
4580 1430
5137 1293
4188 6876
4707 2784
2313 2691
2638 394
2501 4260
7343 4604
623 3050
1284 4186
5911 4804
2545 1478
6436 2331
5567 1536
1544 507
1807 3718
1429 583
1508 788
5809 4781
3310 2905
1428 315
7362 2941
1402 1117
623 3138
3140 173
6387 3183
4761 6901
5628 683
5154 2419
7619 5108
4539 5618
5323 2516
1822 3361
2256 7452
2897 2346
7586 3024
2687 6457
488 5527
989 7311
1801 3989
5498 2818
1093 3598
6977 2066
2618 161
2804 5507
6140 1119
4646 1490
2372 2543
6650 5942
2648 7680
6122 2853
4219 4698
6104 4472
1603 2257
1576 7651
617 7751
1014 7181
3822 5532
7516 1792
4440 6829
5524 702
5748 1734
1172 281
3733 733
2967 7460
7706 4405
4199 555
7222 5707
433 5795
7337 4177
4169 6360
4348 6533
2644 1234
1714 4261
2653 1651
2218 4129
7607 3055
400 6244
1377 5792
5483 5352
3879 2550
6937 2806
3421 4711
1607 6575
527 6464
2661 3562
2643 5640
1918 6827
2648 6933
3437 371
1704 5270
3266 6890
7649 2228
3148 2822
7489 3398
2049 22
6407 1768
5521 119
6135 6374
4481 4666
4989 6666
1043 6073
3691 528
6170 2980
7677 3531
379 2469
2586 318
31 7707
5621 377
4173 7111
3689 3469
6748 809
6051 4158
5622 653
665 3316
6617 6664
1225 7230
3335 1089
1396 7284
6909 1022
3353 5383
4896 1284
381 4503
379 1050
7192 464
7597 4051
5780 7346
152 5254
5375 7452
5124 3700
663 6061
2802 7197
1933 2214
1109 3839
7522 3407
4706 860
2038 2652
4744 7198
695 7676
3194 3538
3110 3214
7626 6511
5542 5337
3576 6545
1302 2238
2423 7526
2302 20
1481 804
1590 1072
5961 3182
1985 6486
3582 2849
3224 2552
423 5231
1052 5410
2801 1159
5883 3872
1854 4798
1835 4533
3064 998
1517 2481
4324 4497
1329 3125
5537 6827
4679 774
431 3946
134 6820
3844 2635
6557 3702
2897 2673
3038 1485
468 2500
427 3457
1775 3060
5664 3499
1741 4145
5944 1520
2293 2017
2028 6094
295 1556
4470 6998
5243 2232
4460 5735
601 1252
4415 2107
7634 4603
963 6920
7022 711
113 341
4375 5742
696 5214
7795 3582
5619 5342
6423 2073
908 6929
7590 4349
7533 1387
7041 2587
6831 7120
5832 7417
5043 7609
6359 6638
5806 1448
2499 530
3771 7344
1260 2520
6456 5507
5237 4920
2545 1106
1614 5349
2595 4731
779 3408
4897 6618
3109 6535
1899 5446
3350 3062
3373 3558
2434 5272
3436 5920
4569 1514
2202 6926
4744 5332
98 6726
2664 3453
1448 4229
438 7058
6551 7135
3481 418
14 5885
5403 7201
2261 1771
5294 7007
2569 5357
2864 4653
7271 2101
4913 2115
53 1436
1633 3953
6532 1067
7559 2760
1690 5628
6540 6291
4 6186
4429 3407
6096 7657
327 2749
5024 4516
1877 3752
6643 1770
5461 2576
1637 6947
7257 897
5279 1452
5218 7456
321 6429
2566 1300
2060 4684
3874 3205
1644 320
763 2611
6026 3187
6301 1621
6264 5580
7471 277
2694 4217
7486 3493
4953 6622
1605 6280
4091 3900
2454 2927
1254 3673
7219 3830
1169 2135
7269 7115
4933 4932
6958 3106
2530 390
4522 7576
3922 5584
2527 1922
2631 6774
2957 7480
3440 809
1096 7004
4222 3135
3275 2649
7725 1818
1847 4050
4863 2019
2978 5777
3386 3107
3698 5352
4266 4446
5208 1087
3113 1444
3705 579
4314 4757
2743 3463
2053 6193
4055 2473
5196 265
1956 2699
2236 6589
681 4453
1928 4731
7755 3428
1912 5201
5772 3505
1446 6511
5228 2592
5969 972
3186 3515
7626 6563
4297 5347
6412 5793
446 6171
5057 7750
341 4680
2031 542
1418 217
7297 2635
6885 2463
2874 6953
7512 537
4764 2981
3234 7303
2590 1115
4966 3008
5213 6602
2397 1426
6881 1782
7503 4309
6888 219
1609 3437
3112 3352
6633 4883
1382 5135
4213 1222
964 2520
5673 2123
1694 2101
4327 1854
6981 6213
5112 4788
4101 4128
5425 1927
257 5028
4849 4549
6574 6178
1558 5429
6461 3928
6808 1710
1882 4556
3797 3006
1546 1345
7092 3941
4065 1
1597 3980
6993 7312
5301 1236
7695 5912
3591 2439
3863 3343
3422 6141
4367 2937
6967 2676
665 5186
5947 4408
5771 740
4099 6771
2312 1138
4580 4529
7145 5183
1825 1362
5414 4070
5400 757
2646 5919
7709 3237
5831 5554
4130 354
7463 1163
2736 7263
4657 4994
4271 3268
1963 4133
505 5784
355 2381
5213 1820
3602 7746
768 5174
1049 724
7238 1257
1000 7319
2861 365
110 7713
3882 2825
3090 3516
709 3074
3159 5283
2688 3101
1727 754
389 5657
6103 5622
6045 4826
4527 7446
5820 6684
7645 6333
4578 3573
5303 5261
3813 1444
4454 5258
7690 7628
4491 3416
6706 4223
2697 5433
2049 3793
3930 6799
2290 2258
4030 1530
2717 5591
7438 5351
6331 7599
6982 5142
521 6029
1064 7430
3863 7374
3238 87
2997 5120
1775 3475
2955 2132
3715 426
782 1146
4034 5832
643 6288
2126 1573
3996 3359
1233 386
1695 6139
3488 123
2006 6460
6719 6253
761 557
1951 2885
1175 1489
3866 2562
180 5637
2239 7456
1604 6405
6153 946
5326 1087
2122 1035
5108 54
7180 161
1806 2884
3912 5223
2766 2256
5968 3198
1198 6280
2614 1791
4853 3874
6112 3855
2385 941
3891 1111
6863 6767
6724 4135
4854 1706
6510 4087
2089 1176
4773 6802
6618 3959
6249 911
6396 5020
7206 3589
298 1992
4440 2986
3411 5281
6748 2560
990 2024
3706 2501
4114 1106
111 5413
5494 5605
1542 3958
56 1001
2142 7312
4873 7576
5999 2223
5397 1259
262 1086
6664 7675
3401 1234
4148 2649
4924 1104
7127 714
1705 4748
2066 6619
1925 1351
380 3029
2383 2396
2020 5060
6309 3919
2006 290
631 5634
332 6979
4476 7438
2118 1988
147 2850
3237 1061
7274 771
4729 1385
4450 448
4122 3502
716 5329
2179 5749
2740 6348
74 6367
1476 2827
3484 7457
1652 2917
6158 5918
7588 415
6119 2592
980 6559
2729 3035
459 1949
262 5358
7731 5431
1735 2654
814 1471
6431 6777
2890 211
3046 3468
5279 5248
1353 1930
5202 564
7015 521
7018 7351
1455 1538
6375 7541
7013 157
2450 6819
443 7135
4231 2419
260 2041
2656 3829
6092 7214
1356 4516
2795 4753
5012 4923
5248 4128
2117 2210
6082 1177
6297 265
4898 1103
2968 311
3564 3793
3085 2703
7268 6639
2243 7792
2862 1042
6646 4632
3669 5903
7109 2932
1685 7632
3661 5486
1869 5903
474 3124
1163 4024
2110 7201
1091 2842
3532 242
3091 4025
5462 3767
3422 115
3698 4291
2880 3580
3899 4378
1144 3569
3076 535
7313 4918
3775 4023
2475 4508
500 7485
2680 3219
573 6539
1896 2207
718 7370
2901 7306
802 1870
5715 2670
3648 5896
2503 4493
4188 3169
3720 2927
4266 3072
3 5079
6878 961
632 5971
4703 7043
7282 2197
722 5675
3412 2011
5186 3778
3783 400
1924 5664
2952 3948
7577 387
4790 4975
2661 3656
57 3765
4821 7229
5350 1711
3390 2800
6287 2726
7679 744
4775 7380
3992 6686
6723 3521
1412 4439
7316 3439
4306 1865
2130 4858
4490 2599
7298 7359
666 7091
2495 1800
4720 3535
4991 4306
170 3744
5700 1243
2289 3056
6331 4611
1956 4887
1 142
2817 7724
1713 1170
3174 1493
5835 3028
2046 3569
919 5826
2383 6702
1998 4596
2759 3941
7017 6547
5423 5662
6787 1166
7760 5520
3281 2558
3066 4393
3050 3325
3780 1959
3458 4263
3829 1153
1160 4716
569 1781
4767 1298
1879 1454
1938 3819
943 1417
4025 4216
537 3932
7088 5602
6905 6268
3774 4248
3822 6786
4955 890
2385 6210
6914 7649
5451 687
5918 4305
7647 1142
977 2508
575 3885
3015 4867
5035 4272
1098 7164
5772 1904
4239 5667
2110 2544
1949 5902
3524 3093
1198 3434
5829 5265
2701 4195
2836 197
6735 1284
69 4625
6295 7075
3419 6601
6562 3056
2743 6413
321 6634
4835 1621
7708 86
5813 6335
4827 7757
2447 7159
3216 432
7123 5953
3496 5235
4507 1462
1281 4339
5630 3225
38 573
1919 6517
1461 941
7600 6309
7145 2968
4916 2343
5315 1398
5433 4798
6675 4743
5884 7170
1805 3769
6223 2582
2775 3995
1829 3662
5175 761
4895 2835
7057 3221
1559 5325
3925 3406
4417 1540
4975 3608
6289 1370
7024 504
7079 6856
274 2793
7079 4708
1113 4208
1125 1988
3333 5040
7766 2202
2452 7219
2234 5491
5836 6518
3542 3349
4190 3832
2710 3477
5542 3471
5343 7187
655 3639
1081 786
6524 63
5260 5784
6488 6849
650 4502
2199 1782
5722 5892
4390 6556
6485 5133
7229 1702
2993 4730
6349 2630
3387 6717
6427 2593
5969 308
1108 6231
4358 5776
7044 4829
3230 3170
1663 2905
57 2921
4992 1842
7005 7170
3111 393
4115 1444
5117 1503
5828 4310
1108 7757
3845 2064
1610 4810
3277 75
4988 2773
6367 4574
1710 3343
4306 2374
4592 995
422 2400
4477 1757
826 590
4325 1053
3865 893
7346 1599
962 767
4400 640
2790 3417
1846 446
4925 5011
3673 3796
5577 3255
1047 5329
6996 3176
3432 4484
7774 3088
5489 1086
1238 5710
6835 6052
3009 3347
3608 6248
3233 3175
4853 2387
7725 2493
203 4761
718 152
560 5648
7377 1336
547 414
2296 7244
1068 895
1212 1101
4265 5536
1541 2373
7221 2267
2385 1923
3826 759
915 116
2456 5315
6395 7672
54 3071
6236 3686
4861 5070
18 596
4237 1332
6426 5351
2174 4625
4308 6835
6368 7703
283 3647
5918 5293
3469 4777
1149 7632
1269 3442
4211 3451
702 909
1243 4923
7258 7017
5533 4290
7729 6160
2249 1278
2557 6291
300 4476
7186 2957
6179 3006
6875 3473
1388 7599
6111 4480
2853 5695
195 4555
2404 2752
1993 2841
3189 2339
4878 3525
2346 5655
3553 5832
2164 4407
6414 5742
6912 5439
2267 344
3013 2739
4410 6053
1306 228
3957 3813
2733 7008
4392 804
3477 7460
4952 3936
5833 73
3034 6319
6041 1337
7254 1479
5914 2332
5753 1371
2464 7147
6562 5743
899 4288
7148 161
388 4672
3226 6020
7777 7167
394 5866
7020 1118
216 1253
7362 3219
7643 2570
7239 13
5252 3738
1462 1657
4202 3790
2894 5086
4579 2247
3401 6603
6285 224
582 5416
7363 3632
2414 6271
5355 5464
2195 7056
1996 6541
4972 2763
7172 2794
2814 1838
4271 1405
1445 2067
1405 2748
1328 4508
3218 3964
4450 2958
649 5038
5692 3791
6842 7174
1487 4694
6208 2370
1408 3166
6536 1995
6733 6206
7723 3979
780 3880
5812 3347
1682 3996
1445 687
6360 7064
780 3273
5402 1422
195 7023
1826 6954
1773 6762
2473 3862
724 884
6893 4540
3912 1261
1598 4400
1426 6025
5955 1952
606 7665
3554 664
1151 7381
420 2998
1676 7219
174 1831
1960 3575
7180 5572
4336 896
4968 5885
6909 1314
4800 4272
6465 2828
6206 2293
3670 5120
1665 6657
2178 7619
3048 3581
2127 2473
7023 4947
5687 6790
4146 2405
1212 1779
1030 6881
7701 7555
255 4557
3317 5416
4644 2203
1886 2543
2863 5385
5435 5957
6488 3824
6787 7332
3369 3022
2640 159
5980 3442
4583 886
1097 572
4979 5725
3972 5766
2386 759
2803 7051
4137 1939
4212 5571
6131 6400
1117 1216
2252 1779
1598 16
5493 5393
3320 3567
5464 1171
3001 6296
2042 6470
4751 31
4056 3667
4226 7295
690 418
4399 3435
2133 6037
6982 3843
45 4300
4157 7045
3287 1885
2021 3965
1884 2526
6002 3075
4265 7257
537 2272
1923 3162
6514 6196
5241 6696
3964 4822
5226 3118
6607 1321
1493 132
5285 3216
895 639
1962 2702
678 2905
3067 1452
3948 6390
675 3808
6744 301
7327 4086
6183 3112
115 6390
3216 2760
3382 5025
1772 3807
7705 7612
1443 4941
3445 4629
3268 4473
2453 254
4939 7611
7144 4682
6518 5238
5344 3177
4092 7681
95 3273
1370 7489
5400 4841
1183 3372
3284 2814
7282 1006
1183 7303
7566 2650
5742 4555
4288 4662
1640 179
701 5904
4574 2513
4226 6487
3640 1599
249 1314
7430 5149
6028 869
4183 898
1650 1203
138 1035
5739 1101
3447 1506
2418 935
4592 966
4342 5684
6401 4936
7596 2440
2097 3302
6165 7123
7636 1904
5416 7478
2599 5231
5428 6166
5304 7797
371 4797
2567 760
2062 247
116 4385
2737 2498
6102 5297
2123 7
7749 6122
6501 7686
4278 4307
3292 4342
6761 5374
5245 1833
335 572
4052 6349
6405 6680
24 6855
672 3568
1758 2067
4404 4551
497 7030
7517 4696
3315 4844
3625 517
2755 6678
3048 3286
579 6283
816 5382
2180 2863
2130 1262
5928 5985
6739 5797
4236 4246
4592 4263
3168 4243
5865 7089
5021 4983
5208 6263
5130 1455
6239 4861
2330 1683
6507 3850
3549 2798
4832 4419
5169 5900
5250 4620
1685 4316
3054 7416
859 7132
2867 4697
5112 5883
4113 4563
2465 449
884 6587
5523 4843
1860 3926
4254 5075
1036 6956
3543 1389
7732 3851
4513 2324
3638 7295
3231 5330
4370 5719
5873 4966
1190 5467
7569 6120
2390 5401
6545 1096
3131 6527
7466 293
531 3163
507 4873
6310 1263
4324 3161
1536 6344
6254 6283
7695 4261
2786 752
1003 5572
3114 6713
1444 3752
1208 2685
4861 391
5193 4712
7668 1984
6317 3776
6394 378
4526 7241
3813 719
3202 6240
6607 4015
6214 2125
2667 7537
2273 2361
3212 6628
1179 903
2650 4780
4568 3823
1026 6040
4957 909
2176 4952
2134 2217
7716 852
5929 7463
5718 4296
5691 7070
2351 1372
7348 2718
5190 7575
4145 418
4179 2467
1111 6806
5235 4987
6215 1178
5889 3138
5114 7131
2510 3533
1594 723
7796 912
5850 6671
7004 391
3155 4463
4098 7706
100 1170
7738 5100
6230 5887
6082 2909
3905 1896
3404 7650
702 6705
2094 942
6483 6071
2311 4219
3268 1667
5384 6497
2548 6437
588 1247
231 4765
3838 7079
3011 5485
5654 6394
7443 3163
5647 4421
3551 7371
1648 3716
3628 7672
4741 7627
27 5155
4073 7276
425 5596
6194 5850
4971 3645
5065 5044
675 7063
2557 6973
5219 3035
5659 1944
1901 3483
4428 7736
3004 5769
2451 7206
579 3893
1545 6740
7016 3916
1951 1374
4917 5731
4759 4536
2435 2203
744 2970
3995 1183
7140 6673
4954 6001
7759 5391
159 4306
5190 3074
3965 3648
3178 4458
6464 4625
720 3716
1502 7398
5070 5692
819 3651
3876 5463
632 2939
3732 6254
170 3561
5815 1422
6483 7777
1774 4325
7655 7772
1210 5183
764 450
5760 7358
6750 5010
5548 416
1999 6597
6729 5834
2376 3609
1771 7043
5935 4506
4145 7675
4389 3898
7586 5098
2545 5416
2259 7797
350 6231
1050 1363
2655 6245
482 2197
3891 6692
475 2676
4520 7526
6453 6765
6584 5297
3241 1599
4522 1290
3348 7253
5375 357
3673 3375
4299 5179
3162 4363
1923 6684
2715 4569
6889 84
235 572
4784 1066
3647 2660
1638 1323
701 5552
5886 3830
5642 1016
335 2104
1112 3593
5749 6655
1376 7298
5386 1796
5312 5812
5376 882
5880 1958
221 7451
2735 3461
1644 5801
7477 3331
4732 3785
5605 7047
2103 2484
4938 234
7521 2328
2530 4570
2603 4044
2706 6143
7179 1328
6552 2714
5938 3554
6647 4598
7393 4581
7123 4942
1153 3548
7089 2790
1462 6045
930 294
6383 2752
7188 2433
7468 2814
4717 4316
7476 1031
6701 1194
2187 4076
2286 451
3212 7043
6971 1725
2289 1000
5962 6595
2148 4128
639 2521
2888 7017
4207 3906
2025 3902
3526 3521
733 6975
5237 2307
6549 1604
1331 1854
1748 7658
4599 5419
195 5399
1424 1870
5167 3551
1065 1982
184 3048
2795 7344
2414 7691
3033 6494
2530 3257
6450 1253
1454 6757
3975 4988
1818 5137
1858 4520
420 4624
7414 3324
803 6354
7225 630
7489 5894
6427 3669
3642 4345
5361 5751
1621 5933
3907 4022
3622 4678
5446 3962
5757 1405
54 7098
4863 3839
2084 3348
1574 1528
4680 3340
2960 7457
3347 2801
7393 7033
236 27
5878 3463
3717 1073
5127 1269
3577 2439
5792 1112
3404 5404
2757 5772
6271 1057
6927 852
1950 1326
6974 680
4664 1559
4493 3007
659 7571
6677 708
7641 1381
775 3917
2267 2243
3042 2733
2816 5396
7541 1100
961 1487
1137 7556
5277 1118
7542 5092
3268 1889
5809 2050
4291 7695
6559 7129
3571 7112
5336 1642
3901 5509
2426 5663
2486 401
3049 6419
4459 1057
4744 5949
7706 4958
823 6395
3220 4604
3226 7066
5762 5395
2473 6876
1219 2810
4505 2355
6544 6075
2438 6881
4821 7681
2923 1930
5092 7111
1312 6657
7743 7466
6903 4856
1937 5102
2363 5123
3681 6255
4821 7507
1148 1734
236 2400
5607 4467
7464 5744
4286 7713
7580 1140
3596 4773
3813 6906
5191 1752
1739 2213
5727 4532
364 5856
7651 835
1663 4250
6919 1011
3843 6178
4550 310
7413 5516
536 5702
7048 2668
1697 86
2764 6447
5230 3611
1293 6066
1580 2921
5903 6242
5023 1266
3819 5418
3076 3489
1649 5146
3531 5453
7138 2532
1428 257
3336 1107
2917 4552
6612 76
1781 6382
4 7447
4856 5225
847 3030
3552 3486
4518 3155
5724 7208
5769 2969
2335 524
6043 4097
1192 7224
4292 2061
2682 1257
3505 6216
3487 6820
7425 3324
1742 5996
3206 2902
7101 2394
4470 748
4405 1059
38 886
1025 651
4666 4754
1810 1423
3403 4169
2923 64
2701 3936
971 108
4612 5545
2716 3710
803 39
4743 7469
136 4985
7522 1235
695 5757
3824 3292
242 7318
2699 1238
5138 7640
832 7439
4116 2344
2198 5338
5139 4089
5957 4508
4685 4305
3191 1363
2309 4042
6710 2565
3613 1652
2114 5350
3254 591
7340 3764
1998 1383
5653 4821
3780 848
164 3064
6578 5513
2368 6905
5584 397
7402 3309
7089 5700
1693 6381
4156 368
2037 6584
4458 5875
4386 3249
6742 2294
7095 4200
1926 1181
3067 596
1869 2870
5284 726
1378 4832
2866 3785
1008 3535
319 6653
3483 7638
7297 226
228 4286
98 7106
5561 4922
5988 215
668 29
4004 7300
5670 6563
3634 640
3752 2581
2226 5789
7334 1704
7154 6086
1913 2501
3600 2278
2351 3986
2616 6110
4720 5151
199 2854
3432 1046
4727 1429
7092 265
3423 612
5587 4271
1245 6772
7074 5081
2603 2296
5172 6415
5228 5053
3573 808
2257 4461
5953 3782
3877 7579
2317 6736
737 401
5369 2265
5380 7726
6377 3038
3499 4643
1231 260
4633 228
2055 575
3979 700
6391 3232
3219 6649
4784 5390
1430 4166
2309 381
4988 6431
3815 6332
7772 7415
4522 6408
1442 3526
6760 1294
7046 5423
1256 2182
3193 6453
5515 4835
6398 2349
923 1271
2867 238
2279 4283
3387 133
5679 6003
5482 4453
777 4016
7572 1908
7454 5448
6362 6169
5277 2976
4642 18
5729 6913
7082 1354
7105 2552
200 7750
324 6336
3377 3816
6630 6850
3308 741
292 3076
7602 6834
272 760
2285 5948
4017 7795
3338 4052
1539 758
7292 5832
5590 5849
70 6431
2277 7131
7381 2693
7214 3102
6440 3396
5873 4568
2325 2140
822 1916
6921 4665
6104 1335
5051 3434
120 1590
485 6242
2279 5500
880 6047
6083 5658
3756 4552
7021 7103
6473 7012
2253 7143
6612 2061
667 4728
1649 2156
1163 2879
4090 7062
4732 2177
65 6507
4509 2902
0 383
124 47
890 7697
397 3736
7701 7570
3971 393
679 4984
6206 1830
6290 2864
1497 3551
302 241
5494 5009
2985 2973
369 4835
541 3739
1734 2669
5782 3871
327 6779
334 2732
3646 3823
7688 488
6804 4916
2701 2733
7452 4895
1742 4519
7030 2984
5126 5865
5491 4343
3979 7050
7322 4633
5330 414
3942 5057
4812 3191
5460 4035
4928 762
4588 4532
4158 4942
739 1005
2877 5622
2922 7518
4146 7640
6280 696
855 1118
2143 7507
2451 3370
525 366
787 5575
449 5492
3917 6650
7 6315
5692 2511
1074 3329
3461 6904
7181 2279
3549 7584
4607 4047
4381 1286
6136 4906
4627 3405
6204 2450
7134 3112
7235 1310
1037 19
3027 4236
6485 1541
131 3120
4990 4633
676 7219
5296 3059
6926 7655
4231 1216
4756 2830
3368 3582
6629 315
7727 5650
4600 4280
3239 5281
3563 5214
4149 5110
696 7716
353 1938
1941 3054
785 2426
7566 2358
2700 1066
1801 528
7488 7583
4814 5464
473 6619
2217 5822
5047 3593
1670 1049
1730 3791
2823 6106
2949 3828
1108 6903
7212 3535
1472 1576
1603 7687
548 5094
4628 6585
5715 1359
4900 6556
6322 4847
660 5961
6225 7288
2119 5229
377 3882
4124 304
3340 4285
5994 2304
2892 6499
826 5711
3473 723
4254 4004
3963 6296
2845 4469
4504 5576
3855 618
6362 6256
6339 2692
4440 6789
5867 6476
4384 4181
2720 7520
5894 5828
7248 5328
3899 2562
6376 6287
1812 6410
6800 6229
4790 7510
1714 3409
523 2830
7789 7108
4396 5487
2644 376
5299 208
7223 1608
3652 4671
7531 4257
2368 7370
7499 3646
5397 3154
6850 449
5277 2314
3147 4741
4208 3709
711 5217
3945 1181
218 3295
3891 4952
7331 7682
4966 485
118 2814
4322 6237
2688 609
1590 7460
4638 6535
1478 5862
3275 5043
2447 7286
7028 4809
3127 3266
2169 5058
3510 5866
498 702
6491 3752
1659 2797
6061 2833
2750 7441
6343 7497
1028 939
4254 2549
4479 2310
4050 1458
2247 1209
6431 1451
1711 3373
1919 6863
7491 5358
4845 409
1825 103
2264 3601
7152 4246
5907 5376
7297 7503
7205 3097
6081 5428
1370 1730
1737 4409
1053 1370
4546 3781
6192 4068
1640 1773
2994 2186
6738 859
2795 7757
4386 1700
3863 424
6943 2096
7229 349
4085 6666
4106 1223
4630 6334
1775 1430
1703 1370
4860 4841
7489 2269
6799 1894
811 4669
3573 6589
4785 1429
5028 1675
2235 7763
5898 1570
7139 5975
7446 5125
3092 6719
4025 1480
4452 5903
1896 4198
2983 1470
2033 6813
4480 2556
352 5909
4483 7440
6229 5326
3156 7782
2003 6694
1606 3725
1223 5929
5817 7415
3947 5947
1195 7353
3638 1097
7122 4922
6690 2638
5955 6625
1098 3977
5458 5855
3070 788
3510 5531
1413 7263
2832 6124
3845 6075
4032 25
5001 3826
7156 3764
3280 1283
6574 2734
3134 2453
6457 596
7137 6153
7672 4886
4402 7769
1867 3224
2246 5175
2767 1378
7425 5926
6920 4762
150 7789
85 1690
3060 4818
2993 6627
848 163
4297 1128
2211 6007
3295 6400
6937 315
4274 3995
629 6129
3896 6797
2524 3931
1 4025
3701 5397
4665 2517
353 4953
57 6155
7492 763
6650 3975
1560 3740
3112 6876
1395 6541
6919 5218
3845 4969
6485 2962
6232 7589
7276 4914
4139 260
2521 7475
205 906
814 2375
947 2626
2488 6201
5334 4251
918 7525
7732 6885
1959 5934
3737 113
790 4406
1977 5143
6085 5968
5933 4233
1155 121
2488 5461
2764 93
141 6752
6171 2438
7247 7317
6126 3544
7356 196
3926 5040
5055 4424
1322 4722
353 5385
4159 4625
2179 6040
4846 4209
4578 105
4986 4872
4151 4274
140 5371
5146 5770
6557 2190
3442 4853
7175 4171
2268 5300
4984 508
7454 6361
7724 6283
4479 136
4359 4974
7757 7665
6820 7216
2090 713
5420 3746
539 3440
3222 6209
926 54
4759 7537
3224 6271
1639 3520
2585 374
2072 4741
573 3821
3763 6582
7599 6666
7737 3121
6955 2101
5474 7658
5665 2333
2190 116
5465 4499
6062 3907
6175 7295
3198 2413
4485 798
6737 193
6319 421
6777 3343
5887 1783
2297 3503
997 7258
4177 3142
2683 2232
5022 827
6043 6778
131 7240
5477 4566
5280 4220
2472 3025
1709 6885
6388 4807
2283 3435
4818 6695
5303 1847
1201 5820
5724 3914
2574 3974
4748 6666
6599 6680
866 1951
5308 6706
6847 948
7258 4542
6248 6833
3517 4759
5600 6310
7226 342
3575 1529
46 6815
1311 3384
127 872
4550 5051
885 801
6589 4568
7011 6558
740 1194
6160 5482
1223 3947
2349 438
7001 2478
1443 6519
2052 754
282 126
6155 4561
400 6344
7028 6319
6796 6854
20 1941
1958 2087
3640 7212
5805 1265
6238 2279
2668 6294
511 7586
3586 1011
5033 6639
1124 1292
6556 3487
3137 2811
1617 2605
4507 2480
7658 5254
6037 4778
3618 4237
7629 1588
5194 3763
4447 1483
1261 4659
4659 731
3385 1820
2108 5088
3267 7303
1110 2050
1005 6344
3731 3226
1798 6082
642 930
4054 6811
3653 4049
4076 7583
3694 5340
6047 4232
2485 6768
4861 4298
3112 3931
1659 6453
2584 10
5770 6484
2092 5141
7490 2034
2268 7231
118 5428
1547 2810
67 33
5322 3007
4886 5615
7629 4843
4114 4743
2997 3501
4226 6896
4305 171
1225 2569
2401 373
4187 1792
3601 2281
2376 1296
6935 2781
445 3183
1921 3556
4486 7213
4622 2263
4588 5856
7207 3581
2815 1085
7097 4365
2784 7097
4978 4584
4398 1085
333 628
1371 6544
964 5098
553 3630
5193 5825
2607 3758
3825 5404
5602 1578
2645 334
2066 1135
4790 2294
7602 4780
4357 4853
435 2872
7613 7332
6046 3716
7014 1131
4276 6007
1646 636
2708 1240
45 4534
3431 1510
2453 278
3252 6820
2292 455
6379 776
5848 1834
6616 6714
1054 3393
4407 4482
3415 7277
1166 2890
2984 2007
763 2227
2228 2627
2258 251
2392 2409
7755 5795
6675 1997
2439 1727
6191 999
1405 4959
5248 7685
1389 3683
5296 1540
6047 6491
5805 2869
2993 3427
4520 899
1844 3454
7531 7715
930 5578
7734 4597
6166 1929
7565 5343
727 800
3602 985
4698 6376
298 3963
5412 2441
5151 6058
569 6326
234 1673
5611 7132
5498 4060
2211 93
6446 5176
141 6169
6978 7519
1099 484
601 6152
6137 7586
4496 3466
7080 5230
7451 5112
4369 3466
6998 4568
703 857
3698 3998
3897 2888
4314 4246
995 3555
5528 175
1665 7117
5641 5794
312 7527
658 2842
40 2937
2830 2829
5137 846
1077 408
1872 3793
3178 6762
2295 6774
905 1927
4119 2220
3043 1868
602 4038
3055 3386
6865 376
455 1859
4743 2615
5380 4402
7256 4233
3231 4423
5442 7668
4110 200
4766 2355
5079 5251
6203 2426
2491 2511
4104 6906
2586 2059
147 6144
2631 1678
3106 2512
119 358
7333 224
2732 1596
2614 6135
1584 2092
3407 2372
1321 938
2279 6162
6136 5232
608 5265
45 1996
5672 5160
1914 4918
89 7494
1706 7607
1375 4401
854 1973
5694 3213
6172 1172
1406 2710
7573 5575
780 3265
3801 619
1102 2596
3162 6284
4154 5094
6121 7624
5739 3865
3712 954
1498 1220
4053 7394
1949 2893
904 4159
3662 3364
2746 5750
5155 1570
1634 5692
389 1496
3677 3855
1663 6012
1520 5523
4509 1071
837 2657
6694 6826
3304 3874
4792 7246
1317 4001
4111 3618
7536 3222
5249 1967
2241 5358
1929 3048
4706 6272
1190 7005
2038 4547
2375 5423
7767 1659
5869 478
5676 1882
7365 3709
7374 2795
4424 5263
5141 921
2401 2371
3691 86
1363 3403
2509 6945
4612 5827
5698 6214
434 5436
3145 6313
977 7312
3555 7381
4358 5536
3442 5503
290 1233
3493 544
3830 1141
937 3727
2240 6541
1389 1556
2248 2124
1898 7305
3985 1655
3053 3468
7215 537
5155 5543
5009 6835
5152 2872
5443 2928
7523 1227
2220 2615
6217 3222
6830 3466
2941 5213
6479 4587
825 5740
267 2413
1956 7211
4596 6280
4768 2411
3975 6519
7158 3759
2324 1476
3465 7502
1730 3788
2643 628
3164 7180
6552 7472
4596 4834
4237 5217
1155 5449
4364 5737
3138 6212
2648 819
7304 7299
7327 5481
2592 5659
1704 4086
1821 2008
730 2915
5781 7734
6999 6677
2640 1141
588 3995
2108 4571
4694 5581
7095 3
1250 888
3975 4459
832 4334
6361 4795
677 4930
4868 169
3140 4481
4993 5962
3121 2284
4322 3715
7138 4506
4084 2309
3402 2834
1202 6935
2738 1439
3319 2854
694 2884
6856 1511
4658 6630
7251 5924
2175 3681
2360 4581
2262 2394
227 886
3400 4748
3195 3463
5168 2311
4842 449
3029 5346
3569 3579
727 5489
2736 3820
3181 4586
2207 6019
529 2713
2547 4395
2177 2539
2168 7626
6859 759
3616 6833
2052 3712
7381 1245
4997 2496
3473 7460
4346 551
5487 6219
6632 2945
3541 3012
2603 5461
6769 4837
3577 5009
6197 6211
998 4115
4288 2678
2701 3923
1635 3013
6768 5124
2700 1987
7533 889
5858 4505
3285 6956
7278 6371
2521 5785
7115 447
5275 2314
5330 1535
2198 2956
2940 3232
1051 5230
6900 11
1074 3241
1424 4193
849 3427
2588 4939
1484 3942
5747 1559
7401 6165
2796 2846
4926 1263
1309 2955
458 908
7718 894
7573 6372
7508 7318
7180 2119
7408 6918
917 2647
5036 6310
2411 3889
2297 1098
814 3803
5696 2991
7571 623
7059 5722
2932 1022
487 3187
4323 6512
4297 6014
2416 3319
3842 1730
6212 6875
4768 4554
3698 2032
5482 5122
4761 7796
5967 3555
1104 6460
2044 3055
4503 174
4096 6001
6357 65
270 587
188 6745
6847 2339
1237 5015
2553 2519
184 7133
4063 557
85 1759
1014 2375
6280 4373
2090 4468
749 6069
1195 6330
5864 7317
2503 1055
5471 5806
7213 6191
7406 6796
2883 4352
3967 666
6997 5977
3228 3946
6131 4945
7426 4634
7781 1172
6628 4890
3382 71
881 7162
5122 725
6723 4729
2740 4634
3741 4888
97 332
424 1036
4467 2746
1946 7147
6603 6413
3699 2670
3318 7683
2309 6516
1026 2490
136 271
5790 4073
3176 815
4772 4850
7580 3877
4555 4700
7611 7251
3205 4165
6508 2222
2649 4157
3386 4581
2942 2046
1114 1404
6454 3687
4027 1913
6778 3895
6393 543
4776 2966
1982 1713
5765 4887
3334 5550
256 1434
4821 5874
2805 759
1647 5766
7307 3213
5235 6398
4571 6888
7709 1368
3837 2584
3095 7500
1168 2038
7019 1055
2870 2442
4871 7330
6090 271
6598 7183
1591 2144
4399 3355
326 6397
6588 5119
3019 6205
3370 2921
3261 7167
623 535
6704 3372
6845 3107
6377 7059
6713 6458
1701 7264
5928 5639
7366 1935
360 6597
3731 7290
7350 321
5579 3154
6385 717
718 3339
537 1769
2192 1760
7725 733
6563 5173
937 3713
2032 4243
5712 4885
921 7749
4364 5692
1534 6770
5575 2483
5626 6076
2620 7768
2241 3485
7679 886
4105 1681
3886 3532
7353 2766
6907 6469
3378 5655
5207 4082
3337 7537
2252 2475
422 4349
7047 2998
4101 7172
5968 4958
5790 4737
999 3692
915 4023
3997 2643
326 1499
732 4685
5228 6317
2572 4059
2217 7576
5107 5002
4017 7009
7200 6793
1656 6340
2933 7391
6912 6089
7270 1897
7029 5270
1994 5297
2054 7702
4685 2194
3858 6655
4519 4040
5115 4161
93 116
3259 906
5757 6731
4919 5505
5611 2523
381 1994
7668 6730
3422 2391
6201 3089
3839 3217
4891 1629
6589 452
1559 3120
3719 6211
4601 3373
3815 3402
7052 1863
4235 3318
6063 2140
2936 1291
1172 1083
4302 1858
18 6639
2246 6700
354 895
7239 1216
4454 4788
4441 5549
3917 6430
2465 2397
5292 7091
5634 1566
3094 1957
5269 7141
2828 2935
7767 1329
160 6492
7585 5290
3899 7460
5237 4444
7383 3923
2068 4276
6854 3624
5812 821
7729 1095
863 6799
1085 491
3415 3846
3471 3932
1365 1690
6120 5728
5480 2856
1324 6769
307 2436
7181 7732
5551 5545
3876 2537
3064 1575
1087 7780
1996 4728
6446 7294
1709 5263
6808 7168
400 669
794 4542
5422 6017
6431 5300
6896 4284
6396 6192
3191 2614
3370 6067
3681 5120
1670 245
4112 199
3597 2116
6068 5593
3905 6745
7721 4648
3553 5343
2043 6256
684 4296
3846 1839
4038 6262
1850 6576
5243 2611
2163 4211
2960 358
1198 5261
2105 6587
4504 319
6541 1405
7401 4285
6053 1922
3245 2438
6916 59
7243 7011
369 375
567 2406
39 6475
6010 6985
2549 5784
353 471
2961 425
4875 2587
32 7455
7419 1171
977 3490
1294 3896
1071 2038
2190 877
3877 6897
3653 1946
2875 2637
942 6716
7271 5830
940 4906
5071 7361
2582 758
1395 1102
5106 5567
2736 7356
7206 1751
3830 6336
5023 1341
2931 7642
4568 6802
5016 1524
4372 2192
161 6703
5422 5827
138 4995
4413 3984
3597 7467
5462 6453
4441 5163
441 2004
7588 2288
894 6959
1216 4786
144 3273
7268 1936
431 5799
6337 1128
4828 1634
4181 6337
6165 2569
4565 7407
4096 3599
2610 1378
604 2302
6374 5396
6179 6343
1136 3117
2796 6368
3412 5693
2278 1688
974 3741
3286 2034
5948 7018
7081 2835
2067 2567
4437 4689
762 2141
9 3483
3051 714
6830 5135
1168 4164
3125 3844
6618 624
7303 685
6444 7180
3851 2437
4350 4341
6770 3781
1213 461
1343 5624
6024 6612
7587 216
6422 82
3981 991
5467 3023
6942 7115
42 2511
7537 3830
7307 542
6105 4729
2285 827
5302 4973
5759 5636
2663 4430
2425 550
7123 1589
3288 2494
651 3088
4590 5449
4199 2144
5927 3013
3193 4310
1351 4650
5870 2138
4738 913
4960 1922
1596 3615
3112 5124
3599 1949
1441 849
5466 1096
3352 125
4718 4848
864 4967
580 7503
1819 1257
6466 4191
1378 5604
3509 1760
6789 1308
6713 2398
1294 2027
1747 1003
5191 4981
5135 7262
3028 5912
5725 751
4555 1885
1230 7525
1680 6415
6797 2487
1645 3623
2057 1955
1815 7314
5967 4958
1515 4320
684 7697
4895 2305
5072 1684
1782 2269
3949 2057
5195 2216
1535 2512
1983 5745
678 1395
3573 1038
1902 6493
7226 2462
2240 4780
2138 2106
1241 367
7685 6921
3824 3869
2545 7726
4509 1501
793 3088
685 2268
5691 3014
3106 3102
80 2813
3127 3836
7164 3903
6353 1742
1245 5418
6537 2157
7008 1730
3103 4735
46 4443
4216 4616
6670 5288
7768 1194
2373 1785
1122 7553
432 6917
3707 6982
4994 2652
7159 6629
169 438
2980 4413
3778 6246
7403 3139
6061 7581
2749 5435
2683 4372
4729 5277
3115 2602
931 6120
3477 1085
993 3421
3374 3921
2471 3587
1210 5602
4634 1186
4175 1992
2513 4134
7285 1470
216 7330
4924 2239
6655 2310
3751 4654
3527 7511
2420 6927
5204 2434
1477 5864
4685 5845
7184 3222
4400 1697
4338 2125
1283 2783
6691 4959
4198 6198
1179 2304
1324 4879
3691 7788
3689 7357
1157 4390
6397 2220
1261 4118
2213 4965
1753 1941
2075 3691
3956 1232
7004 389
5848 3375
407 3272
3729 697
6462 2616
7671 4430
356 572
5692 5856
279 3907
7268 3687
2367 6542
3849 880
1884 6796
2894 5985
702 4772
1316 1923
2485 6706
6304 652
2649 817
1749 3393
4316 3657
4398 3741
6988 7781
1684 6352
5629 5349
5149 6638
7554 2531
4206 2586
1604 6371
2759 6855
5027 4412
3676 2076
1009 6821
2277 298
78 1638
7283 5867
430 164
666 3744
2111 7360
7734 2598
7631 1181
358 7607
130 3373
1742 3049
856 679
4272 3429
7477 5614
5786 6094
1906 4065
3947 1755
1946 6482
1950 5987
4207 2622
3753 28
362 7040
5072 1720
889 4578
6698 149
2186 3081
1093 5407
5966 3963
1110 2708
5881 2056
3408 7692
278 5898
1798 3619
7312 6163
4564 13
2954 7754
4894 5141
4008 4025
7084 2545
5439 269
4022 6277
5255 3019
3681 6858
5785 7788
172 6571
827 6181
1372 3740
5880 7549
5610 960
7380 819
1007 1701
5557 3484
2886 5030
7150 646
6183 2597
2373 1740
4212 2275
4388 6415
4332 221
1861 2405
3158 1020
5774 5672
383 4226
7051 5838
3956 4788
1651 1600
6035 4296
6883 273
2548 4644
1095 1213
4269 688
559 5499
2106 3290
1334 1
6900 4332
5637 3154
2168 7524
38 4031
6560 6784
4781 4479
1183 6643
6112 5996
3902 4673
3240 1356
7220 6395
6648 5352
4946 3279
777 3301
5339 4839
6432 484
4019 772
5639 4288
3967 2983
6976 7068
6090 7635
4161 2110
7408 6915
3056 5028
4018 7428
2040 2585
4330 5638
7500 4028
6809 1068
3184 1958
6340 7693
1143 7566
4453 2783
7638 4114
3902 1848
3232 1852
7440 7000
5779 1711
3289 5838
5815 3724
4012 5957
7735 3341
5451 6098
200 7782
5927 6565
3206 1643
6600 1058
6550 305
7016 6467
4502 5005
4753 3651
7145 539
3871 4762
662 5973
1464 5576
1416 7776
2864 5240
1321 2852
5977 4891
5703 7440
3280 7285
1512 3231
1275 5752
2018 7771
5854 2019
4731 252
4749 2566
6687 1901
4771 1661
888 4836
2176 2294
1640 2724
3298 1465
4674 3673
3187 5908
5086 2167
7760 5912
7603 790
2433 6123
5678 1366
140 3730
3665 4660
4476 1491
223 6670
6807 501
956 2929
1990 6188
3218 1996
5765 6605
7134 3824
6722 6714
1280 2230
3826 2122
4841 501
5727 1760
3815 2479
5230 2911
2996 5056
3140 407
2925 650
2705 3758
2782 5343
5925 1462
3779 2980
4702 6430
6841 3245
2812 808
1106 291
1164 2831
5295 6536
2208 7747
7609 6003
2575 3243
240 1316
3305 4853
6764 5941
35 2764
3298 5642
7513 1239
3630 2207
6249 1178
759 2797
604 6700
5640 6481
1552 2084
6866 1505
5712 512
7519 4068
7469 523
3753 3085
429 7394
4929 2418
274 2316
4724 6295
4118 788
1528 459
1466 5020
1044 7196
4302 5088
845 1292
4187 5604
4492 5679
7748 7218
5005 5743
5978 6500
6683 2590
4294 6090
3007 1847
890 6273
4992 2338
353 2944
6204 3298
3901 5304
3372 7477
447 7504
6589 6855
4912 1586
6331 4659
606 6846
7512 7439
7107 3408
3346 3
2968 1808
5523 1326
6438 3495
5650 6565
5125 2305
3519 6953
405 5427
1739 7700
5562 585
4373 7136
757 860
7161 1331
4012 4071
1996 6058
5116 6341
6147 2313
2213 7201
5480 4237
2876 3178
4470 262
2510 1952
6324 6301
751 7319
77 645
4147 319
801 2753
2676 3773
2516 634
6602 1939
2220 3171
3104 3654
5464 1267
7443 7209
635 5014
54 6822
6176 6041
88 668
4048 3128
6351 3458
3414 78
7470 3406
2244 7039
6802 3970
1647 2885
2594 7571
1148 3174
1357 7792
7446 2854
5053 788
6256 3062
1017 4895
4220 1081
6912 3567
6038 3359
4969 3390
7107 3816
2728 6321
7611 4462
5099 781
1909 6623
5698 3630
6850 3142
3397 413
1113 2685
1999 6517
1010 5865
6336 2426
5406 7082
3137 5166
891 7422
4144 6745
6606 2969
2188 4045
6569 3674
5874 3652
324 2485
3485 4158
5591 7192
3069 4842
2702 565
5630 7064
661 4027
3097 6249
2138 2409
5031 6284
6931 7737
1562 350
2028 4524
2854 1917
3651 295
100 4233
7519 4530
2776 784
1314 705
1656 4716
2055 6481
637 2507
7022 1800
6462 3490
7669 5753
2703 127
6809 3435
3209 7122
3106 5862
6475 7774
2980 1817
3238 3578
3945 1730
6390 1751
476 5595
6692 334
5721 2565
3416 5088
1521 3964
4004 5680
1273 6031
5556 640
7729 6602
1905 1143
5562 6002
4005 6676
3921 7076
617 2426
5072 2202
4827 944
2444 5099
5563 284
4857 1126
3707 7627
7081 6179
4607 6111
2739 4006
106 5606
6584 3961
1016 7091
993 3244
7426 4987
2845 1068
1476 3062
2559 4069
4011 2071
251 2925
5922 4514
857 1463
5075 7146
5450 4729
7034 4156
216 4154
2533 2667
106 1763
5024 3448
3028 1593
518 454
3901 3124
458 248
2698 4472
4234 5320
2488 637
4141 1316
606 1789
4043 2110
5417 6513
3515 1281
6066 5784
194 6276
6546 5973
2639 4236
3669 6156
3276 2818
100 4330
6158 6493
4541 6070
1509 5622
3821 871
3639 4527
5133 283
455 710
3506 1225
6356 1660
558 2907
2164 428
1053 5684
5831 6906
3082 7202
1991 3178
3095 3792
1181 746
5755 5787
1239 2157
7198 6143
3509 4517
3632 4477
3676 6660
5208 5251
1018 5263
5505 2880
199 3328
4942 1050
5988 470
4669 4518
1438 363
5578 2411
5011 3050
4690 1844
1645 2539
1832 3824
6476 6868
1821 6992
1805 6909
1760 4084
2800 1640
1517 3722
368 788
1561 3236
5492 6845
2372 2245
6394 121
7279 5816
1419 513
6789 1236
2498 5114
7150 7168
1037 2375
1743 6015
7294 7101
293 6760
4924 1058
5775 6469
210 5443
836 6094
3481 2361
7322 458
7641 6967
7429 4921
6410 4403
1872 648
5066 6486
1054 5137
671 5890
281 1903
5147 39
6284 3331
944 7154
5764 6998
2761 970
624 6548
6336 3152
426 3361
3246 6402
1654 4019
3285 5380
6839 315
4865 149
5769 4705
6477 7649
1529 4027
2225 7232
224 585
2569 4850
1526 3392
7305 7565
2500 7762
4677 3413
2978 855
1557 7374
2527 4394
3942 2649
1902 4977
6179 4241
2109 5354
1562 3177
6274 4687
1867 1468
6990 6958
3123 6144
2019 5520
2543 3167
6890 172
3052 2124
5572 3743
2307 6879
4123 4905
5921 2084
3105 4463
3381 5670
2654 377
7331 3932
5575 7464
5533 6454
849 4014
2033 2598
7150 6857
190 397
3486 1973
6400 2257
7254 7461
7499 488
5950 5566
4156 1203
7556 3785
1562 6810
111 1394
3772 432
6726 5705
2804 5987
3238 2989
7497 6266
1762 5984
4042 1355
2781 163
670 6144
739 6222
1329 6029
2373 772
7681 3537
4748 2305
1383 4151
1797 3225
2024 4264
4786 4431
2715 7446
5793 5350
2653 5759
293 5904
4512 2156
7602 6912
4650 6069
887 7158
6026 3844
6676 3478
2501 2306
7483 7461
5662 7137
7571 4466
2405 6824
4710 4725
774 7116
2957 1623
1082 1641
50 4549
6139 2741
4986 6730
6728 6133
4318 4527
5320 1975
4230 1186
3908 7155
5270 2769
7757 6
4973 5473
5893 708
7264 983
329 7769
2574 6162
6020 549
2684 7323
2575 5986
4001 6651
819 2283
3987 5943
409 4306
5976 3322
2961 7678
6193 3680
5568 4256
1417 6810
4677 352
6499 442
4729 6993
7625 7365
4294 1501
4105 3496
7280 3854
5498 3176
185 6635
532 2394
473 4179
2365 4171
6978 5360
1248 3358
1881 4827
1433 4592
6672 3801
1731 6177
7265 2671
2594 3874
6325 1399
3172 1709
5067 2286
2881 245
4156 7177
3588 7187
2034 3804
98 5362
1465 3758
6136 2440
454 6805
5377 6449
3988 2465
7452 4177
3261 3656
668 5606
1901 6365
4201 3336
4827 6454
579 526
6457 5593
5175 4246
1698 2593
3515 3305
7371 1443
787 4081
3362 3287
630 4735
5923 6102
7514 2293
7746 407
2635 2493
2322 2485
2475 5692
116 3809
5708 5471
5819 215
3513 7576
972 903
778 421
4540 7539
2918 5245
5417 320
6115 904
3562 2051
2153 2402
6883 6449
7508 2027
7400 619
1928 302
6242 6956
6879 1700
3616 1576
2150 3428
4141 3890
7166 186
527 226
2262 2049
880 1754
117 5334
2789 3116
5141 4955
6620 3274
5683 2684
1002 6161
3499 6217
634 2658
3537 3592
1818 910
6202 391
3056 478
3945 2563
1353 2077
7365 3672
2194 4370
847 2518
608 6333
2482 3284
801 7389
2395 4947
2085 3756
6768 6090
4719 7472
3613 961
7486 4407
4337 5068
473 5478
4559 2750
7391 1510
4425 6391
5371 5564
3022 4156
1294 5267
972 5746
5295 5063
2897 5654
7781 169
4411 5708
6046 1562
848 3234
3776 894
5055 4943
7292 5343
3413 5262
1538 7347
7252 1521
1184 5715
2846 3900
3780 4184
1911 176
1841 1436
5832 3952
2358 6738
312 6667
5649 4252
6869 7566
5475 5679
7360 3581
1645 6709
1247 2974
3457 2111
404 27
2587 2308
3802 522
1582 1290
2943 2730
7707 1008
4493 964
2548 4581
7483 6964
566 2393
7057 3010
1117 7295
2329 1913
4897 4811
2160 764
6910 1781
4643 3960
6122 6682
2935 1370
5312 1100
6912 933
6321 4342
4715 4576
2362 7317
4016 1186
1904 3590
7559 1979
6904 112
5276 2608
6403 3366
2756 3458
4623 5220
6335 3644
3353 3794
5400 2591
4285 6946
1687 4508
464 3762
7103 6486
5581 5807
6635 2105
6244 1366
2180 1787
7241 2440
7014 1469
4496 2401
6849 6117
2174 1909
3954 996
3642 896
17 1023
1403 4928
1574 6684
7019 5650
701 4003
3273 5
3464 774
7149 4758
2492 5359
5748 577
563 1940
259 4410
1744 5193
6319 5885
3690 4651
6211 6896
4679 6860
6636 778
5106 4512
5958 7536
5488 7787
5818 2540
5059 37
2919 5194
2753 3875
1236 4457
3647 2322
4824 3410
2367 7466
2352 449
1506 1158
3679 3765
3198 4164
7581 3981
4031 2469
518 3104
220 1370
1115 3281
6673 3424
1542 638
3506 4899
5942 5843
3895 6091
2043 4024
6226 44
787 7188
2037 40
5091 3988
5993 6409
4569 1100
4858 2926
1070 1784
3102 1020
4993 5103
5692 2078
7590 597
529 5570
6238 1956
2525 1681
4648 4606
5188 7211
2229 5994
2521 4877
738 5152
2837 5888
3358 3130
2813 7191
6434 1490
106 5645
1408 5690
537 4152
7620 4516
3218 3478
2016 6174
4142 490
2084 7145
2346 3027
1026 2791
1841 5602
4288 7182
2405 7134
6702 1429
2806 3421
3767 6522
2699 6073
4740 7622
1844 5044
556 7190
1427 6530
904 647
6223 5978
4410 2268
3136 7624
7198 3519
3201 3402
4233 6682
7438 7485
6422 6792
3847 7371
4911 5110
4597 2699
2777 7663
6874 7262
5784 4240
1381 5777
2105 4689
330 7180
4551 1829
5048 7413
1204 5150
1636 6818
1745 6431
6484 7721
3610 5552
5133 6142
3176 1848
2917 6433
5554 3930
525 600
542 5070
3550 6368
3304 594
7501 2140
4109 413
1905 480
3834 6737
4792 6461
2685 2682
6585 400
3317 4015
7429 3529
1662 44
1543 1869
4116 7601
826 433
5945 2355
3450 1964
6961 1853
3162 2839
4306 59
4261 1091
2234 434
176 3503
1776 7735
5836 2549
4885 1635
1017 2816
4259 5815
254 1021
2011 6226
6230 5330
1573 3620
3956 7279
2872 1574
4247 3752
2017 3553
4816 6900
6664 5295
3144 3133
2183 2874
7511 420
5108 4415
951 2768
6725 3517
3767 7259
4123 5016
7531 2417
4943 3077
7625 3534
4056 250
7502 1443
2263 1996
4839 5845
2394 7611
4564 18
6461 6526
2686 6192
6791 4102
6466 620
4359 394
5485 4828
3511 5415
6887 3202
985 3225
2356 1845
3671 2099
4197 7045
4599 3143
3110 4259
4362 546
7648 7403
4550 5831
294 3999
5689 6702
2501 3721
1702 4865
7405 6108
3588 5139
3964 2336
1969 4646
5042 4560
847 1743
6575 7729
2069 1991
1688 6930
6990 5097
7376 2795
2038 4099
291 5291
1688 5339
3670 6562
500 7719
2402 1615
7078 1777
3488 7159
2259 1357
6262 1987
213 2489
7055 6844
197 3832
6065 2102
5551 1170
2520 5054
633 7700
6464 1969
718 3743
7111 1163
1383 1592
3697 233
2001 4843
2269 5107
1802 1581
277 7465
2316 6741
515 3321
7596 5173
4422 5691
6300 4459
3580 6313
1340 166
1226 6782
6464 6832
4014 1617
67 767
7469 5990
217 1375
6737 625
3714 1408
4450 448
3506 4879
5646 6173
2421 6315
4331 3180
7416 2718
1816 2791
6002 7175
3572 4452
1506 4056
2086 3143
4402 3057
4595 569
2129 7312
30 4877
1311 114
6026 1499
1009 1267
6363 3219
3684 5190
459 4055
7014 145
2424 53
1248 7025
2586 4400
2743 6949
4651 6042
3714 2689
2231 6016
6838 6770
3322 2666
4909 248
5593 5917
5502 3621
2160 1319
4661 2065
1667 6239
883 5016
7784 1462
3200 2208
762 6134
973 4050
5224 805
3190 3148
6132 6277
3028 7001
2184 1508
6673 3862
7386 4427
2997 7258
5816 1302
2717 1113
4062 2871
5947 2565
3733 311
2704 3426
5005 2529
3334 563
1139 7692
2739 1054
3694 6126
5303 2697
987 6560
7374 5848
5545 946
7409 7709
7023 4779
1063 5274
1993 1820
4561 6981
4465 2610
3132 2448
82 3703
6711 2045
3775 6652
5811 5107
5906 2877
1058 4631
4753 2945
689 985
2347 7548
3295 1058
4305 1795
3592 207
4151 1043
7499 1789
6865 6758
998 3665
6866 4483
1859 4842
248 345
1948 62
4860 7103
1315 3645
6173 5643
5084 446
6148 2734
2667 2901
1522 6601
3098 437
1813 3350
4595 951
5409 7364
1932 3527
2812 7608
1424 7240
4026 7149
1386 3620
1223 2769
2724 265
843 3027
4525 5443
3455 2740
441 6282
6382 4089
2859 3312
6534 5874
2910 953
3598 7290
7401 87
3897 2220
1192 3313
6265 5294
6967 3360
3175 5765
2186 4766
1815 6957
1751 4651
2344 5130
1693 6333
3944 4784
3670 5179
6839 6843
7128 5518
162 2516
2369 6981
4264 3265
352 4651
2441 4552
3697 6719
4954 3383
3248 6680
3052 4323
5719 2867
3229 1908
3450 3555
6862 7241
1480 3379
1523 5237
2332 4986
3002 3165
6625 2596
7771 2004
2404 5121
6166 2766
1931 4181
5753 7125
2308 2484
5912 4107
5536 3239
1303 93
6070 2958
2636 4664
2475 1276
4583 6068
5127 5594
995 3945
6812 3297
1734 5385
4896 7312
2428 4940
3305 3901
7602 3346
1704 7676
1686 3425
86 2546
6700 7171
3163 5484
3588 970
3933 1737
5207 7491
2717 1696
7743 3117
5430 4880
1158 2756
2319 6314
1767 4519
7312 3588
937 7498
7145 965
7402 4896
7013 7625
1416 7760
6325 7632
6211 2835
4210 1687
4062 40
5186 3114
2724 108
5140 6476
3919 3265
566 7229
91 1218
7563 1998
5841 4496
6555 4268
2448 7604
7146 1823
406 5258
1618 526
2541 3622
7748 1753
736 981
6554 6059
3548 4627
3416 4754
7364 1876
2297 5227
7564 1841
2694 2239
6751 3090
177 7068
7500 610
2160 2137
691 739
3244 5787
1638 6999
3969 3357
3514 7200
1160 975
6365 997
3784 6197
5401 5689
1924 2562
1982 7625
206 7274
4559 3666
6912 5161
3178 6133
1211 3315
5395 440
3233 2937
394 6043
5540 716
2016 5323
1786 682
169 3958
6200 5154
4755 7724
7411 1149
4542 5334
7013 739
1843 2677
7516 7231
750 3714
1839 4865
776 4054
7266 4126
3469 725
5930 3877
2477 2387
3898 3368
5918 5347
330 2701
1582 192
7321 257
2070 810
2505 6376
2802 6736
1161 3083
7165 7412
4489 6918
401 5999
6158 7364
2940 4033
4117 3330
1830 1325
380 2534
3631 1807
5628 4266
4517 6763
4347 6136
6611 7515
4926 6051
4150 4021
2131 1743
1089 1223
3116 1255
1376 6104
2936 7393
6409 3924
4515 7264
382 235
5454 4590
3263 1174
7017 5436
7701 1535
1245 7143
5025 821
2622 5296
5915 7737
4925 4577
863 224
4196 5911
7681 4668
6771 4672
2761 7529
3440 7419
2042 4714
3610 4366
5516 5861
4990 3327
1153 3674
5122 5635
2389 1499
1359 3573
2822 4912
4533 1468
2419 1818
2974 5283
3953 6937
612 4382
6913 2173
6670 6494
5701 2229
5893 3353
1761 4168
3566 665
6494 6094
400 7551
6761 6001
5388 2204
2059 1925
1373 6660
5225 4178
1125 3991
2852 6098
5007 7053
6451 587
6299 2142
404 3514
2603 819
3641 4266
2797 6188
5727 4416
5793 1183
3746 3708
2802 2201
4069 6582
6169 6525
5662 3194
3093 5086
7773 3642
3847 7419
2876 1015
1634 3894
6274 2428
584 4264
2618 4583
7159 3733
2625 1012
1130 4775
2437 6047
2284 2682
8 4870
6071 283
7604 5937
7042 2590
6256 1759
6586 2434
5441 1598
207 179
3532 4807
7647 5580
767 1667
5320 2751
1879 4670
5807 6459
2228 3335
3942 905
5649 1008
6753 2699
3688 7657
7649 1048
6123 3187
1626 2968
1924 2427
4991 5073
6725 3734
4070 3868
2724 5315
1549 6199
5134 4714
5003 2920
3733 4991
7244 682
3412 6690
1348 7127
3655 4150
1285 43
2231 3236
1356 64
2259 2779
4453 1179
4290 4286
1623 5003
3493 6659
4201 3937
6698 2475
7340 4504
1018 2283
1779 2259
5340 5198
3620 6749
251 2781
3066 3105
6738 6188
5620 1182
7760 4177
7333 5822
1719 7052
7790 6100
3686 982
6057 2440
7438 4231
5580 4497
4929 1432
4221 5133
5358 1873
5381 6688
4953 5793
5173 5878
7392 5256
309 6695
5081 834
5508 198
6135 2786
6017 7445
3747 7688
4264 4657
4958 5841
5712 4550
3540 3945
1433 135
4365 72
3370 1380
6950 5942
4241 1560
5588 7076
1140 6973
4736 9
4972 4575
3950 3181
1026 5402
6736 2653
3050 4696
5847 6444
3267 5579
497 4683
7352 5635
5862 1045
4289 677
636 3825
7082 665
1931 2204
5141 982
6203 1106
2460 3484
1481 217
2838 461
7257 3731
3387 5464
5765 7366
4003 4108
5443 6025
3928 5270
7076 6677
524 1687
3329 4357
1468 4374
1784 2892
7476 3597
4981 802
1581 2641
7316 5842
4353 547
5850 1019
6623 5647
7203 6929
4762 6734
5461 1687
396 3276
5452 6500
5280 4159
5639 4415
5340 1970
4720 2183
3341 4254
5529 1764
7749 204
4170 2668
4223 4369
2367 7171
2459 3134
7029 7770
3149 1931
6277 1986
1936 1432
5857 45
528 7352
2420 1874
6989 2442
5495 6123
3179 101
781 6460
7382 3975
4199 2307
555 7338
7676 3790
1450 4187
912 3821
3776 5249
7662 4045
1137 2655
3488 6750
5482 6262
3811 362
7067 5682
4288 3547
5683 7790
1716 3487
1927 3230
6057 1066
2595 4418
4429 6561
4417 5498
6272 3190
3886 5275
6356 4757
6881 3148
3245 3274
1984 3757
4663 3548
2899 5901
7015 522
2961 2877
2954 2049
6665 6647
953 5591
6097 7101
6126 1791
1394 6687
5264 6649
5501 7693
786 2237
5694 4684
7667 484
1215 5185
5574 1251
2496 296
5649 5389
4585 6855
1682 468
6858 7556
1358 4604
3562 767
7395 4268
3723 1557
5085 5138
5607 4179
4454 6889
4060 6363
1038 2362
3730 4854
731 3604
6862 1310
5817 6281
6063 3639
3290 223
5397 985
1057 5407
5625 5860
6537 4741
1672 1729
7282 3717
6377 6217
4571 5190
3198 5429
5371 4446
2639 3705
6321 2002
545 1517
604 1304
3478 7601
5581 6683
1158 6052
1409 4122
3708 1449
578 2957
3939 6527
4652 2773
6039 6364
4757 56
3464 989
6502 4221
7544 668
3766 7386
1494 607
94 5607
5875 3945
2199 1270
362 2319
4039 2490
3613 3313
5771 1169
7250 1994
918 1152
7164 5734
0 7177
6214 2880
4698 6851
3706 3533
6701 2295
856 4464
5146 2546
4738 4235
3636 3659
2180 7358
5394 3267
4297 6360
3136 3916
7520 431
5341 3976
1725 4029
1864 1175
2380 3129
3611 1884
7361 3727
3786 1453
2363 7069
6381 5637
5583 6107
5944 5967
3056 3295
3892 6673
1427 2266
6318 5563
5481 7634
5893 1682
4742 3148
7673 1694
5311 1973
1575 956
6233 7662
5777 145
4339 7546
1482 6764
1685 5094
6287 2821
7114 4524
6321 4296
5009 6395
5743 2961
562 1422
7097 4459
3627 7127
5623 2033
2090 6216
7015 2935
2037 2742
7398 3142
3933 7411
3926 3330
4065 5534
7141 7162
1343 449
2630 5884
4461 1999
2569 3666
7174 1672
2197 6949
2256 7714
5142 1996
3058 5446
977 7049
578 748
6701 5152
4404 2043
3716 693
5831 385
4294 6593
7706 4259
430 5104
4308 5483
198 4043
2073 6659
910 1205
2832 738
1114 6132
5897 7698
6313 3501
492 922
3569 444
6301 6295
7288 3207
6003 2770
6382 6198
6431 1446
1230 6146
4714 2169
1731 2559
4608 4053
5160 5703
3840 3689
3655 6556
101 6816
6466 3633
1087 3126
6944 557
3658 211
1496 7206
4113 2237
5721 862
7731 1758
2594 2917
7795 5719
5933 6370
6149 6135
5286 5455
132 6613
5001 1392
3641 4710
2793 4655
3614 7667
421 6440
1761 6418
4534 2076
2268 3959
5403 908
2497 5830
1157 6756
4506 3648
3295 3561
2518 5624
2236 3753
5600 2209
2204 4957
258 7574
5970 3701
7599 2773
4293 4912
7421 3089
670 582
113 1714
4161 901
3581 5075
5996 1380
6820 3096
6988 6648
6223 7090
183 7080
648 1233
3741 1879
3859 5484
4079 3629
1260 3112
4330 3410
2507 5651
3501 1233
2444 3948
1741 3684
5691 3481
2138 6154
3933 4307
6602 5857
6354 410
6939 4682
1039 6225
4158 5432
5352 7230
7799 4444
266 1840
3657 9
7606 2917
5614 39
1513 3991
6932 2566
5976 523
3067 4832
6649 4158
291 6667
6453 5267
6715 881
2138 2373
1812 662
2373 6494
4004 5342
6492 4898
494 833
890 5395
2182 4524
5795 753
5618 533
3039 3790
101 3427
6052 179
4957 5063
4171 1803
1804 6971
333 4858
2827 5349
2439 1337
2074 5999
176 7449
6485 1975
5139 32
5609 5470
4447 2597
5596 4496
5268 773
3977 1671
201 1896
2515 1571
5353 7043
4505 1994
356 3082
552 6040
1121 3538
974 4195
2856 1192
3202 3222
5237 4794
6058 2920
3570 1720
2420 1976
3964 5205
2838 7112
5317 4960
16 1083
4618 6282
2407 6491
330 2995
2973 2803
7071 3062
1588 478
5361 1845
4906 7731
6541 3658
1037 6806
2069 5164
7719 2523
1274 5378
5253 5745
3692 7687
3130 5977
4914 362
1321 3610
6268 6576
7703 7707
2429 4961
4815 5020
3639 5428
1631 4761
1079 7463
7255 6699
5527 3855
5674 1781
4874 1968
1613 3208
7386 4049
4012 3492
4213 824
6484 4355
894 1029
2803 3179
5984 3830
6819 801
3637 471
70 2060
3757 7515
6348 7173
2394 1491
5767 5057
5312 1754
2095 3656
7298 6715
2786 309
7543 6439
4051 6362
404 2143
331 7464
3459 3418
4765 1944
5321 6547
43 2953
6149 7587
3511 3694
4227 2278
2276 3475
2649 4684
2746 716
329 6239
5080 6570
4197 388
443 7123
4481 5288
6693 7685
7202 5624
7481 7286
7085 1645
3755 7091
306 698
517 7228
5982 1971
7243 7016
3408 2716
1512 6866
4619 5827
1793 3399
7330 6827
912 1066
1083 4910
2947 3254
1210 3710
3954 6824
1662 5880
6800 2687
736 6069
1689 2209
1239 134
4514 2827
513 7748
3453 7132
764 1962
4251 2830
891 1711
7596 5739
4212 931
4923 2024
5142 5350
485 1720
4775 7256
7640 7136
1204 7312
1191 3298
706 2084
5203 2288
3504 3593
526 5823
5424 1632
6321 6790
4843 3237
5550 6225
7393 5421
3943 5894
4186 3332
7205 1779
7030 2153
5341 306
6408 3446
3941 3235
1642 2399
6020 4908
386 4374
3599 191
4594 4913
7111 1896
7414 2265
4000 3370
670 1063
1013 5709
6994 4717
2239 7221
4709 3967
2133 5010
2379 1460
1180 1288
2812 2293
6775 2843
4842 5784
275 2904
4335 3993
7457 3466
2624 5382
3183 1712
1454 5838
5448 3304
4579 1781
3198 3698
5801 3982
3970 7507
4990 2726
4387 1445
2860 6625
2250 7559
5189 499
3310 3806
5507 7373
4563 2768
3421 2473
3422 3744
5894 460
5435 5811
1400 5976
5175 4630
1182 3739
1874 6986
4311 5071
7164 5397
3909 4063
744 3398
4549 6058
1437 2605
1698 535
737 4389
4074 2070
2817 5590
6106 1031
3780 4843
5213 273
5254 853
7232 2880
663 7778
2009 5868
2243 2582
1197 6835
1381 5140
5016 6098
116 2281
1943 53
2504 1333
4610 4200
4037 6830
3318 297
4782 5291
3359 21
2717 3747
7298 3259
5087 4040
3736 6457
565 1147
662 2785
1348 4132
1785 6775
470 5165
4448 3218
7778 5781
5354 4628
3862 2260
414 2112
3237 2616
5041 5535
6499 1483
6865 4911
6524 3374
6448 5897
149 5927
1141 6021
251 1546
7717 5852
5728 7463
975 5098
1628 1952
6916 6790
935 7260
4069 1863
1292 4533
487 5357
2698 7499
7697 5936
2500 6531
1110 2553
3232 3567
2550 7516
589 5563
6623 6806
4205 4881
2441 1473
1218 154
5654 5969
4477 4026
1712 6802
1417 550
3669 592
2150 2573
2086 2715
4418 32
6773 6461
1354 7072
1428 3481
2742 5202
1347 3441
4498 1897
3497 5900
5968 5136
1740 1322
1387 7210
3339 2350
1855 1248
3440 3871
6484 1614
4403 7658
1386 3675
6930 2320
5486 3516
5981 1080
7154 3628
7453 7552
4306 7449
204 7797
3394 6317
7224 6789
3614 1656
946 1181
3330 4615
5387 6084
2848 4971
2613 2955
6551 968
1711 4519
1864 2800
115 2437
3196 4700
2610 6184
1082 3046
7127 6426
4325 4518
1736 141
3225 4759
5168 597
4558 925
7450 2236
5837 4246
3681 4809
5543 3098
7266 5598
1581 584
1731 7588
1650 1150
341 2213
5845 7164
2052 7318
2499 774
7111 7455
5137 2869
843 4488
5759 2168
3858 5234
1352 7188
6712 3856
3685 6869
638 6976
4217 3288
2416 6137
5759 1807
810 2066
6528 2215
815 6213
3185 7354
457 6727
3938 6452
7725 364
5553 3420
2125 4395
3300 6577
3049 6996
21 4278
1632 1634
1271 1723
3336 2153
5751 1290
325 2940
5991 35
4486 6955
7380 7204
2059 1384
1334 1425
1618 7492
4528 1268
1425 6131
3765 1993
2262 5425
6795 5664
747 695
6060 271
3365 7614
2286 6300
1395 599
3709 6356
5787 3468
678 7107
1712 47
6676 3624
5672 5989
248 7228
1562 2446
937 6527
4469 555
2923 87
5227 5468
5795 7703
6748 7342
7208 488
6727 4446
142 4854
3755 3517
5629 4145
1388 6911
4670 4245
7633 5921
5197 6425
626 2127
7601 7585
5712 3575
1793 144
4652 3901
1225 3606
7017 6252
3050 1674
789 5614
7175 3316
3522 6136
963 7546
1644 2261
3664 6740
5027 6486
7395 6142
3111 2098
6748 1674
6227 3848
1705 5799
4571 4126
6129 6194
2807 2572
5918 2383
5026 1707
6460 5788
2236 5891
1798 490
7506 2477
4967 5369
424 2854
110 2351
6933 2597
6675 4717
6260 2610
1919 5855
6987 122
1800 4565
2932 1779
3281 4666
7521 2512
2928 56
6908 5425
3464 7334
4756 7491
3343 2552
2444 783
5594 361
7430 1530
325 536
3453 1185
111 7004
5592 1782
5433 3404
3530 1371
2959 1336
7262 3962
6671 3030
1343 2158
7671 1346
518 1730
7339 4293
2221 3476
1508 240
3680 158
1356 7189
7075 5777
197 394
638 7477
7681 6883
7158 5298
3148 7244
5021 1572
2094 2536
257 5399
6533 1712
7618 455
3048 6299
7557 353
6470 6462
4214 4836
7204 2825
6330 1054
6781 1294
626 4637
2683 2550
4187 3362
844 578
3523 5939
2761 1203
6958 2254
1496 14
6158 5293
737 4312
3169 243
5901 6225
628 1105
3778 1896
2326 1429
5243 6124
4607 4479
2956 6617
2639 6953
1268 4583
5579 1483
5723 4203
5586 3985
2859 4464
1573 5809
875 6198
2429 6660
2541 7093
6223 3785
4385 646
5178 1568
3227 462
5777 1394
7000 3944
7332 346
5870 606
7217 6728
1673 17352
7370 6345
3961 4028
135 5969
2586 4373
4370 4107
3005 2738
6607 1614
2103 507
53 4449
1450 7525
2248 3138
1415 671
7458 6559
6300 5018
469 2878
3258 853
4679 4904
1813 4206
7011 6400
5577 2572
6976 3025
1565 889
4608 6717
31 5893
6119 2962
2300 5502
6966 1446
2658 6652
107 4644
3996 1048
831 5367
3841 853
1587 6115
6329 4311
6560 1019
6349 3919
4010 1204
3754 7032
1216 6521
3410 6348
3850 3360
607 384
3799 4425
612 7639
5563 4791
4954 1217
7601 3367
5756 3468
6338 6190
2024 7131
5074 847
4075 2426
892 6089
4615 4172
1634 5238
3611 564
4747 2248
5471 4583
2328 1231
2587 4819
6828 6422
1531 4705
5160 2339
4673 5373
6089 2748
1839 7014
1863 3831
2495 2577
5826 4794
4193 3560
2635 6538
2256 2872
4444 887
2313 6840
1829 5915
5569 5541
6508 6507
595 6323
4200 6262
4858 3141
2210 6411
4577 3893
825 1448
2405 4856
6225 3773
2435 1440
5038 7086
3219 7781
3771 7047
2448 5542
1945 7442
2723 2217
366 6300
100 362
1669 5461
5085 2360
4187 2782
2818 7531
789 4469
7280 3130
1291 4972
4321 1833
505 3144
6810 2519
6738 6269
7473 2509
7217 6623
1238 1603
734 6731
4692 597
5514 4996
7012 4130
6439 4241
1983 2421
2622 3083
1438 1396
46 4613
6352 1646
1166 1468
5151 666
2287 4902
4447 498
5657 1863
5708 7310
2785 5774
39 5245
3659 7430
5452 6263
6906 3384
6675 6246
7457 3366
5674 4042
781 1266
3691 7403
3905 2341
7047 4185
2245 1596
3271 192
997 6581
4434 1984
5153 5287
3912 2136
2310 415
3057 4570
784 5223
5187 5802
5682 7209
5983 2072
1604 3793
5935 2589
751 7688
2934 177
1969 5861
6091 891
4024 5038
532 1011
2068 316
3195 5913
7205 5268
2975 6936
421 3922
1866 5973
3204 7504
5922 2385
6711 1141
3999 5094
5804 1336
4168 471
421 6547
1338 5903
6086 3541
4374 2555
573 7128
5973 7412
6613 6841
5802 3925
4998 5149
2813 1019
788 4784
792 6882
4594 5449
895 5108
4116 498
6161 4100
142 4276
2229 1073
3341 7063
1947 662
4679 254
1665 1886
1233 14035
3501 1581
1428 3278
4985 2838
757 2651
6671 490
6307 4012
2186 7482
4650 4397
6543 3617
2898 6570
6268 1223
6079 1521
7791 3849
7220 5043
6066 2078
5009 3903
3459 5016
5435 3788
1146 7229
6162 176
188 4498
6134 673
1429 5515
3298 1887
3978 7713
1859 4269
7708 4656
2570 6202
1329 2484
4373 5024
708 5704
4164 1921
661 474
3150 32
3235 7686
2124 5739
7597 494
2445 5731
3528 6723
73 6469
3362 4290
6082 2985
2230 4726
1388 3044
5617 7597
301 6468
409 5010
4350 3647
1013 4807
6562 6016
2558 7741
6150 6128
517 7226
2502 6613
79 901
4065 5241
5435 3560
3610 5962
2381 5706
3752 4785
5010 5497
3567 1433
155 7289
3949 415
5183 4555
4129 3536
249 6293
3909 3739
4209 2538
7596 1859
5654 4350
6294 3577
3921 3183
3665 4741
4565 2403
1202 4798
922 1955
7049 302
2352 1401
1450 5275
1537 2347
1032 2267
5352 1915
4476 6263
29 234
1107 2122
2202 2361
3373 6847
576 6100
2834 2029
3178 3675
6767 4824
611 1326
7422 6004
7020 4365
3020 672
1109 409
3979 2765
6229 3843
3632 7394
4229 2422
6959 5686
2758 1843
3042 408
3283 3610
1889 5286
2265 1743
5363 5953
5690 3017
2250 3905
7737 5682
2365 4138
5057 6035
1582 539
3382 616
1068 1822
348 6347
4948 3425
2758 2648
5400 4905
335 3940
7305 7557
2277 35
5089 2206
1915 3845
3993 769
5341 5412
1449 2757
7646 5996
4302 1592
1926 6911
1677 2969
6984 4340
6158 1817
1943 3003
5676 476
3560 6552
216 2053
2586 442
3869 4947
5234 6687
3047 1350
4627 3278
6101 6981
1923 2552
3925 1016
1113 4315
2542 5933
1755 589
849 3242
2908 986
6473 2341
7201 3081
1209 3499
1836 2985
4332 4907
5138 4508
1000 4183
6712 5453
3972 3086
1403 1531
6273 4280
748 1242
3628 6496
5354 6042
4057 6943
2225 2142
2811 7234
24 1380
3104 5074
3000 4524
7074 140
1 2478
3944 5845
7775 3844
1251 940
2705 4793
7476 7652
1370 1742
923 6284
3584 743
2234 2372
482 3030
4600 4766
6943 4691
6073 6463
673 3382
5386 6433
3185 555
4139 4918
7140 353
4670 5115
5162 4815
2539 6358
4431 7659
694 5734
7387 1713
1512 1398
1644 4276
7193 7181
3155 268
1368 2205
6220 4988
4505 7549
1382 5038
5565 766
6779 6238
1808 2646
5170 2504
1819 908
3016 526
5793 122
5453 2050
1071 496
1410 861
693 4946
3408 5825
7297 4760
2523 6089
3962 2326
1366 4499
1410 4375
2584 4543
445 6763
3941 487
3086 1226
4367 4259
2921 3692
6723 3872
5707 2598
3256 1284
773 547
7529 3888
3784 3813
4820 6658
3178 5270
2339 679
686 6952
4784 1385
3170 1540
3038 2090
4018 1659
738 2134
7738 7295
1480 6990
2528 2733
5290 550
7112 2538
7324 4836
1089 591
1090 2979
1997 2930
2082 5052
6093 6722
1382 7152
731 4927
4186 77
2105 2547
637 2818
7591 5097
6474 4320
1530 177
3717 1527
4776 2924
7691 4314
5784 3130
6994 3208
4309 2886
3447 7176
3980 1963
4015 7776
5931 6710
2053 7474
6401 5911
3842 4236
1733 7421
683 1266
1302 2324
4812 5082
5681 4486
4466 6964
5193 4259
1647 2020
2329 2118
3318 6189
6949 1271
6958 3044
5535 4038
6699 4078
933 7650
5623 3143
911 1110
6872 4160
7582 6997
236 492
7552 7386
3775 5623
6416 2414
5253 4380
6195 1174
7243 1769
1309 2656
1239 1201
6010 5483
1104 3038
4448 2225
2567 5216
6145 2010
2029 1455
327 6357
4791 17
6600 5429
5901 2776
3441 7782
1184 6451
4183 138
6401 5303
4377 4189
2638 4530
1832 3329
5079 6445
7744 6583
6823 6763
4729 971
4790 3681
430 2410
