
7087 5424
2650 4671
2699 3899
7684 6002
633 2555
7615 1822
6366 5830
6294 6453
2055 550
4116 3212
2564 7151
5521 5413
8 6783
4997 3013
1744 3779
5191 1466
5155 4219
843 1337
2354 752
3436 2350
4737 5232
6778 1769
4243 382
4419 2362
3962 2918
6194 4273
3891 2492
6509 795
4641 6525
183 6109
3748 729
4839 578
1885 5981
1302 732
2 4183
1857 576
3521 5283
4616 4035
6274 3857
5915 7442
1417 5502
5860 1750
4677 1670
4984 1481
4516 5375
3335 4249
4412 3899
7695 4170
3635 6531
4293 6596
2406 5576
3148 3491
5140 893
2135 6110
991 6955
2537 2244
1761 6225
4267 2666
5650 11
4103 6390
3512 1029
6809 6568
4463 1754
516 1095
2847 5648
514 2752
1605 2623
5456 5295
6543 749
757 6383
6907 3284
2382 6644
782 1228
2892 3528
874 801
654 2658
3006 6760
2677 4132
5131 5314
1501 6707
2878 210
3687 6697
828 4164
5110 433
6933 6424
7675 4886
4644 7108
1077 3770
5224 1922
4341 3961
4145 274
5399 2858
2358 1992
5794 419
2528 6663
995 764
7191 421
4594 3439
700 2159
4405 727
6535 7417
6685 7375
2144 5636
5470 4511
1898 1167
1707 6476
6543 4856
6405 3885
1328 7000
274 1086
6760 7622
4237 338
2131 4382
7300 7130
4342 988
5293 3531
5677 2669
563 5918
2622 6710
1634 4150
6605 2017
6638 6059
5489 3254
5857 6343
899 4309
111 1725
3832 877
56 6179
4166 3276
1465 2341
5692 308
3079 6957
3663 4088
4745 2378
6718 5947
6165 2431
6820 3885
2682 4388
3150 2811
481 2557
6943 6246
3026 3740
3417 4209
1571 1685
1063 7576
2497 5129
4444 4889
4514 6919
5968 5097
4899 1012
3012 2164
2173 451
200 5854
7259 1060
7206 3801
3584 1825
7674 7696
5472 6338
286 2343
3922 431
2827 2698
3640 4350
4801 1288
159 2463
425 44
3032 3636
6001 1547
3104 6468
1877 4677
5309 6255
7449 7627
4515 449
438 918
211 3084
4087 3945
434 770
2726 2521
3445 7364
1435 1973
6125 5692
2721 342
5458 7441
6959 2037
482 4669
3399 2685
7423 1425
2611 1924
7037 5309
764 6161
7004 766
6792 4584
6226 4853
1727 2777
450 4795
3930 1621
156 7603
2957 759
7499 2801
3220 3431
3870 1531
7045 3140
1691 5977
3028 1914
5115 2211
799 2488
403 4020
4305 4449
2575 5100
4323 440
569 7510
1919 414
2269 446
3553 3282
3389 5734
415 6607
72 3136
4240 90
7076 6977
4253 412
332 7077
576 5452
1248 7326
423 1474
5132 5511
1218 5223
7100 3874
7052 2177
4591 3563
4412 812
454 6425
1796 6771
6521 1995
6543 364
5717 2539
1140 3526
1856 2418
5895 6633
4130 6355
2896 6917
4261 2419
7647 2960
641 4619
5171 2207
779 6538
2591 1504
6419 4325
1931 6613
5252 2920
5187 3525
7415 491
1711 6876
5984 1791
6479 5666
5895 1292
3978 112
1171 7174
4015 2271
1574 7229
251 2466
40 825
1734 4634
4532 6876
5064 1911
501 3151
6292 5670
7674 287
4637 3750
5948 6938
4693 4391
2830 4409
4992 3653
7041 5787
2069 2303
7109 2655
260 2756
4870 5554
3692 3996
841 7468
1348 315
4761 5645
2325 6471
2451 7329
666 1564
3642 1117
1125 2153
2370 810
3046 6719
6896 6235
4327 5577
3499 734
1178 4147
3438 4392
2670 2891
6918 2202
6997 6399
1395 197
3083 3079
2892 6239
6215 2326
4204 4360
1450 5296
4560 6286
6676 821
2883 548
6006 6404
5908 6446
6086 1513
1919 396
1268 2310
2483 3262
265 482
5116 1435
5194 1158
6530 6094
4482 7260
7238 3065
2354 7619
6029 582
5171 1545
5986 5793
4045 553
4344 6263
4066 5392
3550 4720
3821 1455
1204 5016
6947 7367
6315 1964
3006 5533
784 6573
5869 7014
2775 3134
5666 1798
2999 4275
6237 6662
410 4582
3786 680
70 6049
7128 118
3466 4714
3274 3014
5364 939
3491 5320
6469 3651
966 6384
6708 3743
6087 4184
867 3930
5232 6142
2635 410
3492 1387
1326 4056
1646 5527
156 2047
7223 5237
6955 4322
4667 5864
2413 832
594 732
5633 3328
5938 4378
129 2819
2428 6782
7046 2777
1840 327
2621 222
4591 114
1659 557
2589 4329
3161 2966
1111 6175
3874 6126
5023 3724
3009 3723
6754 5543
5075 3344
5156 1464
5302 218
584 7516
6950 6052
4758 6456
2021 6889
5646 3926
4836 1952
606 3968
5472 1310
3712 4047
2391 2436
2003 2659
5758 3840
2617 2948
7288 6565
1562 709
4669 4432
2623 2707
4304 138
1409 2102
3171 7268
1209 3203
6353 2590
7282 616
4811 2443
4734 1428
5012 2079
4395 3749
5262 6779
3017 1117
487 5437
2472 930
3892 2036
765 5169
6938 7043
5750 3592
5742 1487
4572 3505
1531 6853
6076 3110
2192 3812
618 1608
6051 4639
3286 7037
1282 7311
6008 5285
2549 1992
7068 1886
6772 2088
5303 4183
4399 7024
4573 2099
1668 6302
1560 3839
3073 5340
437 1558
1820 1259
99 5390
5940 1185
5765 2535
6230 1553
613 860
4733 6056
5456 3202
6538 1790
2992 4585
2308 7620
6977 1282
6763 3617
7491 5455
272 1459
2729 3847
7463 5410
3164 4918
3670 500
6200 5300
930 33
5732 1662
5339 4187
1948 6305
2964 7299
2423 5244
7540 2647
5803 742
357 1059
5107 5184
4407 3938
2399 922
3029 2742
2415 6156
3957 4960
5102 2084
1482 4603
7142 1067
3992 5072
2797 3760
4163 7511
2778 1238
3731 449
4643 4331
3084 7529
6787 2998
5295 1650
5105 7050
6322 2662
2191 2643
3594 4214
3920 1682
278 2410
3401 3839
3131 2216
4587 7535
451 2377
1989 4400
6234 4619
2556 3855
938 5607
6495 2121
7699 4002
5024 339
6442 5096
6965 857
7468 1989
1213 6231
1354 7655
1479 7218
6656 6610
2506 5493
795 7154
7106 2403
505 1160
6323 2741
6113 7268
1511 7041
6651 2195
4883 5723
5013 2622
4551 4393
1127 777
3107 282
5829 5818
819 184
3744 3322
5909 1958
2237 3531
6322 4593
6598 6528
7643 2415
3978 6970
5356 46
7024 4047
568 1339
3566 937
2375 3251
6456 3334
4020 36
1869 6663
1845 5745
3715 868
3857 1295
6032 5437
3882 3432
3088 6463
3730 2817
6497 2639
6084 57
4197 4180
5452 6346
1899 5481
5715 7099
1343 2705
6296 5156
3308 170
4277 1889
1564 5716
758 536
5723 2443
3069 1094
488 2506
4881 4288
4742 6588
173 6668
366 5121
50 7673
3271 3741
2353 7093
522 5524
7680 2131
7039 5386
6783 1060
2703 3507
1679 7292
6844 2731
4519 4057
4908 2292
2427 2300
6888 1133
3334 4304
6264 5935
7603 6463
1753 5366
4696 3561
6748 3830
6716 2180
1191 6504
2776 1207
1465 5068
6017 6483
2989 6499
6356 5391
1371 1881
7282 5756
6405 6117
6171 4669
910 997
1075 2330
5246 1409
5448 1655
538 3852
6036 6292
6498 6476
2314 2344
3109 6292
4275 6706
6167 2697
5772 6622
2334 6090
2067 417
2948 873
6564 4831
129 647
6285 7490
3206 3867
7226 2959
1066 4688
1859 5871
6773 4530
3195 2948
51 4802
6911 3401
2874 3993
1064 1913
1440 7622
4165 7622
1016 2765
1989 4731
5944 2517
5814 3988
537 5431
3148 4326
2555 721
4310 2759
5116 7133
3242 7051
6692 998
7442 6715
3398 5589
2506 3031
1538 6029
2626 2376
23 321
4819 2223
3748 5556
6870 839
4048 3659
1796 214
6282 4891
3012 2519
7571 2726
739 5138
1959 16
6759 2025
691 3827
6708 2938
7407 7660
5547 2818
6799 5209
2765 2868
984 5831
4152 4696
6376 5445
1317 6596
4634 3471
3978 4585
1777 5817
5418 3027
1121 7284
4160 5190
737 720
2293 3249
803 3833
875 5937
2537 3936
2686 5583
6564 5142
5669 3599
5060 6403
1871 5032
5504 6556
3012 4485
1820 5374
6180 395
1929 2351
2938 5331
7168 640
6993 4943
4935 7462
3968 7384
1165 6512
5512 3490
5449 957
7449 4063
5795 2465
5574 7347
4079 2306
7001 7276
2763 4921
4179 5227
1015 4280
5340 1123
224 6043
7452 6618
5622 6451
3635 7500
7495 1463
2619 7446
5010 4253
7495 5168
7089 6901
6906 3191
7023 4925
1098 654
2141 5277
1433 2561
7364 1644
6671 1767
3140 6880
5615 5545
2821 5578
2643 1796
5663 117
1901 6700
6956 785
656 756
5333 1105
3700 4045
6489 6694
7 7370
596 2611
1497 5223
1011 4273
2787 7646
2002 6481
7236 7188
2011 717
1525 3089
1493 4012
7679 7490
4838 1257
5340 4384
6949 5106
5074 906
5604 640
1240 4317
5730 4767
4923 739
5993 6113
3516 7281
7376 3072
1785 5815
4744 3639
1685 1130
2905 6442
7346 174
7372 4578
6958 3062
5223 5448
5902 3616
429 271
5256 498
3056 3433
175 7243
873 75
5877 1084
975 1441
5993 4062
2633 6553
5090 1760
7590 932
3029 3830
3099 3355
5407 1822
3484 1419
4267 1588
571 5988
7023 2642
4886 805
3981 3373
3904 3640
3723 3970
240 302
520 3745
7173 4777
2317 3255
5886 3634
4559 1656
3538 3340
1158 5371
3272 3187
2677 5863
3990 7206
2843 492
4556 1766
3834 91
4681 7687
3985 3651
1157 4673
6966 6192
6009 5045
3074 4626
6311 3060
5099 647
5802 7049
233 5590
7131 915
3944 4095
3371 1829
3898 4177
2874 5449
5192 6703
68 2484
2496 6192
6839 5511
3031 4947
2144 453
1328 5625
6855 1353
4282 3646
2294 4695
5198 6506
3321 224
6217 6410
1342 2041
4992 6576
6920 810
3329 1875
578 5883
3548 265
4394 7152
1883 4458
2846 7123
6776 1721
4932 6907
4805 6803
2418 5837
429 1064
1066 7658
2506 2810
2297 6891
7431 5314
2642 844
5064 7054
2266 6973
88 6389
5214 7208
1387 337
5736 7141
2454 7454
6687 1800
3089 725
1275 435
1767 1228
4258 4128
341 3605
5678 6026
1893 5778
6387 3365
7157 1356
5628 2665
5965 7285
1238 7663
2554 92
4626 4966
7341 5463
4908 248
488 5959
6108 1402
180 2957
3985 7120
625 306
7409 3666
338 5245
6445 5815
1645 1836
925 5311
783 2620
1404 2888
540 7407
7182 7646
3358 2569
3243 3965
6612 3767
3410 6421
6804 6647
698 5520
4322 776
1877 4884
4048 3623
6770 7639
5762 1380
6837 4503
5477 4646
6254 6408
5605 6266
4566 2102
6005 1847
1788 2933
3712 708
5356 3832
1514 1875
527 6161
688 865
234 7022
4073 4215
4948 7065
4074 851
522 6638
900 6057
682 7471
4905 2089
4966 2657
7549 5974
4811 3846
2064 5290
6554 6495
5823 7452
2270 7494
551 6272
2429 7175
4197 2453
6077 6108
951 7269
6535 6475
6556 3314
2610 4868
1512 656
5073 2939
1347 5865
6160 3245
2677 5860
4573 4391
3430 307
4741 7369
2508 7364
2173 6032
6706 2846
7266 3358
5927 4114
1501 5511
4320 7152
4024 3189
1359 6304
1903 5881
2519 7221
3594 5405
4937 1440
1601 923
2932 5348
4026 6784
5837 4383
6026 6975
4345 794
2651 3741
1081 1481
1218 540
5697 1957
106 7340
1017 3803
3093 4894
3912 5385
6355 6337
6138 261
6004 6003
1629 6522
4766 3068
2536 7020
1021 1707
4857 168
6892 6398
1481 5988
645 3940
2559 6305
2973 2910
98 4194
2970 3582
3599 4746
4025 6680
499 3923
536 3976
4965 2702
5497 613
6848 1359
6461 5484
552 3764
4669 2596
4956 162
4671 3034
885 7361
4157 4707
6030 190
1022 3093
892 1851
3202 1011
7199 4850
3901 3800
2335 567
4339 3939
4593 6540
3899 2650
803 1324
4874 6565
5940 3587
3875 5839
5768 2600
7598 7042
2765 6349
2606 3540
770 6125
3876 2054
6121 162
4894 45
7139 5861
3980 5825
7623 5319
5794 3062
2186 6357
4947 3359
4331 5239
3170 1729
5476 7043
2776 68
4719 2040
297 5682
1622 7684
4516 1444
3602 3599
6067 1195
5635 5246
5140 2148
4975 3155
2047 967
5372 6757
5703 5735
2780 522
2987 1394
7184 1298
1410 5181
3977 4916
6176 2059
1983 7675
458 6635
4847 3649
1717 1996
829 1331
6422 4216
4507 1066
7321 5817
1694 3320
6064 6173
6087 7145
1478 6958
2317 4532
5690 7077
3789 1275
4522 7495
2190 1746
5422 5433
545 6100
3947 4686
4134 6147
2172 6989
2041 3387
728 7097
5087 5817
2072 6344
1792 438
4532 7639
6198 3557
1566 3152
6333 7251
732 2051
4211 3090
1548 5923
99 6333
2145 565
6409 4603
7232 694
2176 446
5717 3078
1177 4221
3708 4398
4159 5986
2140 5991
4213 54
752 6341
1756 1518
5437 5594
6998 4279
6324 5237
556 7078
2096 1511
5171 6534
5296 993
4652 2611
7355 2092
2425 3756
2245 4569
1905 2985
6635 6397
3987 5851
5706 869
5858 5294
561 3676
5590 1168
709 2146
3214 5788
6204 7538
2428 6370
7486 6580
4349 2287
3334 3336
5334 4452
2961 314
1484 7099
3984 6086
875 2647
529 6348
4231 1690
1673 3814
2356 1642
1305 564
4873 3155
3747 1637
5387 2111
3275 6140
3484 3748
7415 3176
7198 7100
6429 3324
3558 4524
4088 176
3559 3795
5117 3602
7392 3265
2172 6495
6583 3568
4151 2657
3535 4795
2807 3864
5645 5726
207 5136
6491 2811
574 5006
2066 66
2017 7261
5714 3037
5349 5097
3608 2762
6643 6127
5583 4989
6683 4971
312 5314
2510 877
4749 5585
1856 6572
6686 5038
482 1702
2488 3844
6270 850
6521 5442
3121 5371
1488 2788
4046 4093
5457 1160
1713 670
2710 845
6665 335
7259 7362
6275 5198
2068 5963
4081 6768
125 2204
5812 5160
1694 2619
3947 1650
1240 5205
1000 3515
4124 298
2668 3042
36 611
1315 3104
4600 1348
7338 7485
4780 273
6430 415
5411 3038
2786 5540
4907 2916
4577 5319
5532 6052
5457 1272
3235 2935
60 3137
5335 4292
705 1586
6974 5021
5715 7277
481 6152
5591 6019
982 5822
456 1019
4290 5047
7092 2836
1496 5953
3261 5523
5317 1928
973 5795
426 5115
1164 3196
5759 1092
861 3588
6106 1038
5708 2197
865 1264
2127 5969
1685 4067
2963 3211
1733 6276
2186 6421
6323 5520
1535 6775
1586 5073
5767 2248
1196 6941
5251 2394
2310 6280
5563 5872
6542 3883
6361 4483
5069 4060
3707 4409
2259 6596
1012 6262
140 595
4385 6450
2125 7048
3469 2789
5376 6864
7429 1245
25 4903
5466 3281
1623 6890
4443 3047
6103 4047
1484 7280
3103 1708
5726 2869
1418 6958
2914 6046
2572 2098
1808 596
1290 4621
4245 2647
5484 270
6414 3972
4055 6318
3638 4458
6858 4516
7070 792
2716 2019
311 4516
7609 6379
4300 456
1555 1012
311 4469
3707 2287
147 1253
3745 1148
4093 2338
3269 2293
3059 4721
7436 4812
2453 381
5835 1328
4899 6735
4270 6386
4316 619
2986 4331
2570 1435
6713 279
786 144
6067 5940
7039 1507
2855 5553
5423 6849
4539 3835
790 1254
2149 6189
6892 7297
1666 5192
1578 513
5737 4009
317 5157
3542 5763
915 6068
1217 6343
5770 231
1739 2611
5419 6509
1356 4175
808 2502
3342 3778
2455 2841
6665 3776
6471 6067
652 6066
2816 2489
3249 916
1231 2801
5133 5163
5252 1425
819 1807
2809 546
1403 958
5452 1884
5999 983
2728 1423
6930 7019
6521 1277
1089 5998
278 2296
2347 2756
5756 7223
6093 4618
3326 2440
6559 2715
2320 3686
1470 3319
5033 421
495 7467
7377 2034
1285 1496
4227 6069
6431 7383
5636 6751
913 4802
1301 3801
1253 2317
2123 655
1721 911
334 6498
1909 5187
923 461
159 6732
4443 1987
5332 5341
4278 4829
2761 3771
4897 7692
3790 4385
6928 1105
1028 3713
7460 6997
5921 6688
3364 1914
1859 2693
5863 6111
4765 5159
142 6828
5010 2182
2896 6017
6200 1587
4028 3393
3800 1788
5054 4040
7514 3668
315 3209
4151 2899
4462 1614
535 3243
2260 7079
4185 249
92 5222
3953 7207
1460 5362
3314 5112
3246 7283
2105 4527
7362 4220
2550 4966
4097 6324
1966 6306
4270 4915
2682 4603
6337 7286
1823 4309
3946 730
5079 6821
2703 6049
5500 2084
1614 495
2616 3067
1506 1416
2366 948
3461 2000
6607 481
5868 2453
4868 3957
4343 2657
296 7001
3371 4363
2870 5605
342 1719
2967 6549
7423 4010
6138 3404
5343 1860
6476 2670
7696 6994
3783 1830
6816 7564
2210 6734
4781 1779
1584 1547
7629 1573
1614 2414
1934 5453
5014 2573
5385 83
35 4020
3699 3046
6519 1684
4984 880
1989 378
7019 7631
6408 2713
4867 1592
2628 3052
1910 6678
5052 359
5997 5782
3556 3505
3564 5342
7169 332
4990 4417
2711 371
7052 2812
2928 3528
1847 4819
5644 7218
3181 32
4729 5540
7159 1681
5492 3080
2905 3133
6693 37
1222 5352
1429 3171
3758 1868
5462 6358
5258 3189
4053 1989
7607 6110
2395 4172
2295 4150
4673 5003
1873 2220
1455 589
5872 3998
6679 4402
5239 1506
1184 7508
16 3940
2278 1828
3428 4360
2981 1391
1588 6476
3387 7543
2934 6194
1066 6225
1997 4772
3699 3032
7254 4201
4256 2931
7680 5527
901 5305
369 3599
936 3518
1972 2329
1494 6887
6062 3706
1022 7039
2572 2241
1385 6944
4194 1869
2124 2257
7256 341
4319 2106
5110 3673
738 2782
6273 697
7130 4366
2649 4968
1401 174
3750 1067
4127 6169
4612 7282
6922 2234
4079 6312
985 4077
2779 6950
3909 4809
4181 2965
6188 6648
4891 7125
7092 122
4463 5759
4341 152
7564 835
5683 2660
3880 6419
1751 25
3322 6391
1051 5532
2104 5625
5617 4350
2653 5091
4801 74
4802 5853
2796 4675
6382 6509
2122 919
7601 3957
7439 2268
2237 2614
7370 364
868 6476
2194 6032
1927 5675
4491 5201
3992 2409
1861 3822
6104 4190
1088 4562
2382 4024
4921 3423
3671 269
6536 4313
3927 1931
6539 5081
2774 6131
2026 770
5938 6006
5757 6893
2285 3012
5461 2165
7146 5231
402 5061
2071 6280
1755 5587
2902 1026
7159 3083
3711 3984
6675 4696
1834 7366
1450 4047
7106 336
3560 7458
4549 1421
5764 2724
471 6774
2893 836
274 5639
7656 2560
3176 1365
6365 5331
5469 4719
3563 2187
7464 6635
1925 1976
465 2829
7160 4000
4556 3949
3335 3280
1861 4958
2783 5639
6576 4183
403 4242
1273 2374
1499 3491
4674 5809
5741 3396
3624 1060
549 3308
5490 7514
3616 2270
1224 2404
7308 2554
862 5680
4979 540
351 2643
5893 260
6513 5813
2663 4611
1990 2103
6610 2925
2396 1783
1013 3804
6546 1956
2377 3294
2835 6913
3899 3220
6368 3503
1715 2613
718 7387
872 3494
230 6767
1271 1451
4503 1037
6550 7379
3226 7194
5886 878
1463 7180
6952 1265
2179 1063
990 132
7642 1067
4518 2219
4605 7439
3869 7694
5178 3603
1078 7358
1927 4999
6704 7461
6504 203
4670 5671
3724 3111
4759 5835
6220 6716
3467 6381
3076 4566
485 7298
1354 6510
5893 3895
6441 3867
7597 1968
4920 1332
5477 2644
7661 2501
3305 4533
849 411
5857 3601
1792 1995
7520 1880
1397 6407
2896 3006
3812 696
345 7126
3393 5952
4924 2932
3726 132
3192 3096
3925 6550
3266 6936
1828 7032
5382 6296
3018 744
5374 4086
4359 709
1622 3928
6903 2833
4013 419
4355 3325
3479 5269
2673 6606
4884 6939
2492 1056
3802 437
1129 6304
1267 3110
1149 764
7507 4346
4607 3004
4713 1099
3216 2773
128 6356
1398 7385
224 727
7366 3650
855 6973
5944 4787
3684 2630
3090 253
2886 6528
1264 391
3526 5094
4039 7430
1203 1022
1839 7233
3142 4814
4900 2484
6531 3871
1914 7188
4015 6740
4905 5317
2820 3706
7168 2573
3147 106
7280 1006
4909 6145
298 6747
2334 5605
4479 325
6823 188
6184 904
38 1756
4354 7385
435 6642
7450 4254
5277 1541
7155 3564
216 4336
4882 6370
2535 7020
3867 1712
3559 4903
6694 916
6759 7197
5052 6661
6402 1229
2397 4040
1135 1886
4378 1956
6088 4620
4240 7623
4439 3998
324 3875
5552 6769
1286 1303
6739 642
3778 2889
7671 7007
7538 6030
5914 2467
7350 5054
5989 6621
4625 1263
3095 5282
2113 2337
5441 2666
5147 3486
4103 4942
6944 6076
5091 7196
3868 7460
2572 2114
250 2003
802 6160
668 604
5789 1196
3982 4721
320 1159
6953 5251
6301 2786
5907 6221
3662 4412
4282 432
6490 3599
6656 5773
203 2775
1064 4000
4080 1682
946 2458
2860 7094
2330 1467
3874 5422
1691 3421
4606 7123
7386 797
5821 2208
4578 4043
7413 6237
3802 6777
6521 6496
6200 7565
109 2650
986 4580
3901 7552
1950 3004
2416 4995
5330 2243
4863 7454
6670 2086
3160 2235
4182 3964
1687 5018
4352 6415
2332 1433
3336 141
223 6009
6871 793
608 7642
6901 637
1794 1598
1071 111
7239 4452
5721 1508
4954 145
2026 7213
6366 5792
3730 2142
4559 894
2481 3782
4992 2333
6626 3172
2360 5330
7053 2031
405 7326
1883 1933
1270 2382
128 2454
4157 4171
2940 3369
2438 7513
4615 4933
6199 6941
922 1957
6202 5006
7564 4370
6108 1652
6209 97
3752 6299
1403 4693
3732 6027
498 6568
4736 4530
810 4470
5885 3980
6105 7164
7224 5352
5014 154
2812 4175
2474 3374
5726 5204
2893 1633
3465 279
1313 4409
6355 44
468 5359
5904 5357
1416 7108
729 2168
4456 2526
248 2819
6689 7467
114 1536
2558 3672
7121 3693
5678 5261
1561 5386
1629 7015
2947 4014
882 5572
6038 3209
304 4839
4134 1635
263 2711
4950 3759
4954 1106
7637 2874
3848 6778
5450 4647
676 7200
5593 6237
6217 6590
2206 3239
623 4506
2089 2052
6836 6782
6460 4894
3176 971
6218 5966
3956 1034
6560 702
1573 166
4950 3784
3213 327
7530 7211
4583 437
2205 6383
7161 0
7373 1338
2519 7360
3644 7126
4643 1526
4964 5839
4563 3706
4095 4777
4119 3489
7517 4955
5056 2998
2288 4043
6598 3736
1828 4166
2827 4883
6285 3424
2813 7652
2190 6685
5042 6852
2140 7327
2970 3914
508 6668
6330 2824
5062 4312
4960 3219
6611 77
992 4811
1546 487
6718 7374
5787 1015
4033 3699
5580 675
3152 1794
6946 2595
5572 559
2276 3752
5627 1640
4855 3981
6180 3690
6123 6521
5883 4634
5249 1476
212 3488
558 1165
3628 3453
5427 4065
5568 5475
1323 2657
663 5154
6867 824
3099 4172
2313 5420
7656 2136
6814 3591
4053 683
2285 1113
4260 2208
6571 6220
7356 4794
2185 7301
2018 1713
6317 1582
7585 1778
3898 7182
2675 720
867 4752
7470 4379
379 2064
1179 296
1035 4928
362 3275
7601 3459
659 4250
3550 6300
6713 3859
7518 7282
322 2662
5099 2189
6095 6517
6564 3469
5022 4575
7017 6598
1470 3692
6093 2599
5994 1938
807 1229
4075 7635
2199 1604
1587 6715
7064 5902
5431 681
4947 1340
6745 6207
5615 3806
1531 3282
5702 3670
881 2936
1429 3348
633 5732
4596 4658
1218 6444
7155 4942
1078 5322
162 2883
530 5653
2735 3389
1756 5324
7529 1580
599 6669
6891 3676
68 5756
4532 2966
7316 4979
7431 657
5199 362
2892 7008
5643 6628
1646 4972
2453 5748
3839 4590
3610 6202
7201 245
2038 2410
7103 6366
6008 1908
6601 681
242 3295
3425 4629
4251 6979
1280 4213
3586 4326
5800 7086
4621 3050
1788 2133
6216 5609
3517 2341
1532 7103
476 3558
2469 4361
251 4717
2068 3927
6885 1608
3738 3587
4342 4002
7266 2946
334 7540
6328 2548
5229 2003
3028 3096
2293 306
1230 1362
1369 1329
3525 6228
4400 4444
2972 1252
762 2938
7579 628
4229 1573
3767 33
946 6498
5248 6206
6271 5906
1369 5469
6703 7140
2208 4292
2030 6196
6423 1658
3155 1981
7579 3961
4999 2395
1843 1243
599 1972
2081 6013
5730 1936
3801 3584
6251 4660
2287 2140
5582 4699
208 104
6849 7545
1225 1359
1845 7581
7088 557
5067 3314
3263 4957
6162 5111
499 5219
1755 5452
6821 5671
5853 693
321 824
5099 5253
505 3964
4643 2743
6477 1589
1204 4069
462 7689
2316 6379
3788 3231
7500 6372
3989 2353
5582 5868
1943 2999
4926 2637
357 7022
4665 5116
2399 7006
6082 6196
2592 2222
5506 7063
5605 5693
4880 164
6585 454
4382 304
2727 4289
3451 2278
1469 5641
6721 5671
5311 3103
6555 3172
3304 237
2429 2685
961 6825
161 2554
3142 713
99 6425
7660 3919
2536 7479
736 3953
1599 3034
5050 3494
171 7184
5655 6161
2145 4478
2900 604
7515 2660
5117 222
4723 6496
5085 5097
6356 2450
4356 486
7075 2018
3784 7379
3921 5386
196 3887
5775 5571
6445 5970
7294 5288
7018 596
6293 6874
2550 716
6294 5934
5061 479
3755 6277
3803 3827
283 1977
7279 965
2800 1870
6767 1445
6374 5376
7038 7264
3686 6609
2315 4990
5529 187
7244 6748
6630 5119
5855 3429
4275 5153
4676 6825
2071 1428
4766 5081
6001 3566
4593 3802
1584 4317
4593 2482
84 1154
4340 2076
7560 7651
5232 2385
4127 4051
4427 6103
3194 6225
6317 6891
3987 654
5722 6087
2188 53
5062 1253
1407 6322
1039 1088
1826 7424
6584 7009
4267 5003
6679 2835
6602 584
4532 5211
2510 5896
7581 1278
2898 6225
2636 504
2066 6213
5215 315
3299 1588
236 6831
3096 2229
6104 7072
2730 6233
1471 3838
7651 3692
7215 2208
4127 2438
7644 6289
1719 413
6100 1168
5319 1217
1751 1254
7051 5265
4703 6315
271 6718
2155 7341
3121 5766
7378 3718
2596 725
1555 1386
419 7440
7572 512
2547 1228
2132 921
5037 2247
6885 5167
1944 6298
202 2737
6611 7194
1234 4444
5432 1665
3444 5533
62 5005
1332 6010
6225 521
6358 3975
4532 1808
6677 3511
4058 457
6106 3957
6517 7293
2108 245
7089 4229
6246 5007
5038 1437
7356 7638
4562 2094
4662 6458
5646 7107
4613 5032
6351 1027
4188 2408
1637 2171
3704 5825
5528 5663
7341 3537
7343 7228
7369 1631
1714 1776
3918 4402
1255 1370
6305 2236
3145 2541
3449 7089
6478 6056
7271 5411
5300 1321
4476 5462
5963 2810
4344 4093
1541 3937
118 6211
4995 5568
4816 377
1003 97
3599 1813
575 4300
6436 1808
498 6427
6550 3356
2174 5687
6128 2292
1599 3297
4602 1423
4002 4572
5116 3296
4894 5655
3187 4721
2096 3015
3309 110
4349 3794
3116 2040
4554 1223
199 3108
7195 1618
5320 206
5850 3457
3954 899
3540 5292
5011 7346
1433 7058
2442 6630
5793 3705
4684 5278
3766 5468
5676 7032
102 6529
5613 1104
3643 3089
5732 685
6842 1783
5068 1328
5669 7313
3775 3996
5423 7015
4558 1539
5382 3292
3300 5783
1652 3987
5479 607
3099 3585
4817 837
6428 5172
643 2219
1843 1475
5916 5542
5666 671
1413 1911
4395 3632
7640 3894
268 3373
3979 4778
5502 6845
6451 2335
5146 1325
3231 3402
3161 3994
5439 4730
4310 949
2173 5400
6714 7080
1303 4821
4723 1396
3235 6968
3846 7345
1761 5783
652 3189
483 56
28 5209
1099 5697
7519 5679
6157 2449
1897 2176
4128 7438
732 4502
5596 2160
3667 7517
6393 3448
5573 3644
2339 6930
6200 6649
1522 7273
3153 5561
3278 7092
3114 6765
6024 7366
3640 5765
3683 584
6918 7435
1830 5747
6810 4697
6615 4693
3875 2325
5338 6960
13 5641
6472 1318
81 5759
5567 2025
493 3531
2330 4294
6417 6753
1134 2230
3859 4403
3789 7633
5493 178
7606 6983
5521 4161
1950 4666
369 4997
5294 1745
1737 1789
1383 2926
7267 2876
1139 1950
5667 5337
4569 5331
6368 488
801 981
282 2165
5794 7406
3078 4709
3368 5571
6211 1489
6026 4379
3939 4752
3457 6746
6035 1851
1155 6148
7576 1403
2464 6646
1179 5210
519 5490
168 7526
4825 5946
3472 3207
7534 2398
1036 1018
1805 5759
3858 3671
2970 7285
4590 4340
5699 7397
2606 1422
4177 3896
1544 4857
1017 5283
7465 4070
5619 6411
1885 5384
4809 7306
3376 2329
3238 1901
4404 5518
2023 1034
6969 6294
6847 4926
2833 1881
2959 7208
5922 4308
5675 520
5637 6226
4409 3794
326 3332
573 2855
4018 4650
891 4633
845 1463
7181 2068
1010 15
1094 782
4224 5342
3452 701
6390 2704
1975 7640
7663 2351
1652 3582
6465 5697
741 271
80 7522
1650 1032
6588 1939
2601 3527
1400 6173
5835 4206
6857 4997
2812 6229
6399 6966
494 6479
4790 5849
4845 5985
3785 845
2569 3305
2612 1866
4626 7389
3249 2431
5693 193
4655 6616
3257 6320
3218 268
7377 107
294 1755
5800 1316
3014 7552
4623 4930
420 4875
4439 5922
1921 1849
96 1701
6684 2398
5730 1621
1560 3075
4703 6838
6348 7629
975 504
5334 2158
3004 5928
6998 3934
2783 3334
2555 878
3697 2666
2442 5483
6984 4069
1071 5205
5067 1015
161 6542
2956 3205
6682 4507
7391 4114
5060 670
4897 4468
4560 5747
420 6033
2618 4009
7549 6425
3071 3748
6492 1965
847 7594
359 1943
4410 819
4090 2949
678 394
4099 4496
2356 6417
3386 107
1696 2752
350 3472
5986 5079
6399 1847
4373 3339
1291 1977
6308 2863
6899 6600
4962 7660
4291 134
4772 4626
3702 5107
6749 2030
761 2878
6845 374
5859 6752
2574 2231
1026 695
6109 3643
4829 2318
7466 6326
1085 881
2762 4311
711 5497
2346 381
5112 5582
2096 7635
1284 2269
487 1514
1553 3801
3745 5469
1391 2270
3841 6695
2829 493
2491 7210
6783 1043
1875 1579
6767 3565
6901 4463
4511 1161
2268 7081
1293 7280
4934 6581
6303 1963
5416 1025
218 2243
1816 6763
3993 808
1019 2336
4510 1923
7590 7588
7108 3386
4252 950
1001 5185
2721 5543
7636 335
4783 2879
4903 6518
7466 6761
607 4800
295 681
4333 4131
3826 927
5897 5420
7464 6930
3706 2699
440 2210
1896 4667
4518 1067
3754 2294
2778 2956
288 5032
5624 2885
2062 6118
1808 781
2968 381
5713 2448
4294 5037
1499 7481
2687 6448
6461 3484
2593 2323
6102 1607
3935 2217
5249 5426
207 3134
1120 4833
5397 6584
750 7486
7274 5062
3804 4264
4371 2093
5633 3564
5108 2905
5863 4058
6228 7572
5678 2956
4191 1302
4409 3271
4754 3489
1300 1295
5792 1523
891 2370
7246 4678
4218 7017
519 5256
6310 5100
6942 4170
4276 7587
7088 6087
1930 5117
4074 4713
950 4248
1215 6784
2688 1731
3340 1010
4807 4878
6185 2684
3616 2576
716 5407
3351 444
5180 435
318 7097
3388 1953
2806 1858
3147 5964
1136 1267
3440 1507
5445 7650
4210 1969
3038 1991
3945 4386
747 5719
2414 1625
5677 2131
6750 6559
4078 2137
1774 755
116 5015
6010 3725
2333 6645
1231 6014
3018 5359
971 7530
2341 6756
7264 1209
7649 6825
5390 6670
5268 4137
674 198
1463 4205
380 6450
6174 2741
5765 1037
5844 5811
1750 4116
5404 5233
2068 1291
7686 4325
5373 4705
1375 6831
7341 6529
4123 1719
3978 2221
6405 1198
526 7347
2166 4005
4570 1975
7528 3140
3825 83
278 5133
1643 4503
4381 359
2964 5882
7297 3302
937 2589
4737 4279
1216 2567
4402 5449
3465 6697
6811 4860
3126 585
7347 2928
4673 1286
6852 78
1193 1703
6819 2019
1805 2081
5904 5654
2341 6763
5067 5229
2719 1757
6159 7192
5231 765
2549 1134
748 6555
5349 3760
2893 1251
6488 372
5756 3349
4765 963
3874 5204
4301 7356
7433 2972
5878 1261
6328 6422
6341 6195
7035 174
48 3890
4924 5558
923 4214
2461 2638
1272 3223
7525 4112
3834 4324
2487 6758
4087 5571
4436 1450
2961 6585
7130 4005
6403 1408
6961 4992
4733 3863
2194 5636
1037 2121
6008 6714
814 3042
7170 5295
7171 7167
2788 5046
3158 5565
554 1145
43 622
2139 4745
779 120
3312 6395
7250 1926
319 3219
3449 4877
4535 923
3354 7488
6914 2241
1525 4229
5043 2370
723 6069
7111 4888
1318 1006
2566 4007
7565 5803
4783 3601
420 5409
6363 4872
175 909
6628 6093
111 974
2835 6666
5269 4913
3228 171
752 5880
4714 94
99 5497
894 6151
2292 4496
1262 1292
3484 3136
1915 3667
6954 6402
2600 2377
591 7115
7390 801
7224 3846
3040 4374
4477 2518
7004 5477
4479 5518
7277 7273
868 5127
880 7185
1946 5446
6050 4688
3797 1115
4764 3569
1330 3742
7362 7157
3402 6474
294 5859
5501 3119
5688 3674
3424 33
4055 1262
7057 5655
515 7208
5914 3542
643 4460
986 7476
5731 3906
3283 5906
4694 1017
2273 3574
7517 1365
211 880
1496 351
292 7559
6651 59
1586 5280
4337 7181
3908 7248
7457 3522
2000 628
2681 1198
4346 1155
6388 5171
3542 4415
4869 3090
4281 7448
5710 169
5699 4026
3971 2705
6535 7558
6043 7549
6616 5984
6441 632
4747 1856
1933 1025
5646 516
879 7669
1952 6926
2429 2899
3336 7051
2152 2604
4216 2440
6096 5512
6009 3248
7056 6178
2705 5447
3790 6323
6894 5065
2509 1539
3346 4376
1505 4609
2357 6857
1284 2548
5374 6846
910 6781
794 4542
2652 6691
2256 6252
3395 4191
1614 690
1447 1968
7001 7122
3043 1950
3279 3395
3675 3140
1265 79
3685 460
1057 1124
186 824
5014 558
3020 2974
3379 5712
3357 7591
1935 5059
4615 5814
2533 5848
2288 5497
865 3728
6286 7586
2419 7394
5688 4780
2604 2590
7579 2996
4521 6698
815 5319
5219 3978
6070 425
4569 931
5509 5667
7606 497
3700 2835
6265 7375
1216 2328
6444 6480
995 5531
6882 7684
7564 3103
2003 1885
3949 3377
5993 3964
4071 3328
2667 2668
3760 5888
6769 2974
5240 1810
7011 1492
4642 44
5567 2839
5929 4681
2642 7412
1700 123
2087 562
1931 2795
693 102
4853 1146
2546 3693
5322 915
996 7491
2761 5817
7579 6057
2960 1874
5830 6392
6528 766
1900 2510
3384 2926
3495 1198
2797 6662
7545 367
5233 4846
1005 3446
5862 1552
17 5734
2722 5147
5338 4082
2392 3843
5817 85
7625 6909
1954 4998
4653 2692
1854 3090
7202 7366
5555 6398
5372 5597
5055 5979
4706 977
4865 2982
6260 3622
2038 4330
7570 7536
60 5017
2094 1443
689 6602
7395 1850
7595 7656
558 1304
5887 4271
1405 205
5285 161
731 4779
5647 2570
5102 3756
2249 2153
2385 5109
5373 3050
5694 7621
5515 80
6851 3105
1209 6344
1014 716
5994 6313
1355 3158
6745 6267
983 2338
3501 5054
1802 969
4719 2288
5425 3867
2816 1383
3407 5692
7437 3710
3567 5580
6089 2404
2175 7036
3415 990
4407 6105
1294 2598
5267 2887
4670 2516
6667 5539
2531 18
5887 6718
1212 2236
1656 4603
2822 3381
6950 4320
6524 466
6291 2484
4629 6784
881 2552
2660 2054
548 3516
1179 5021
2131 4655
4803 4323
3045 6527
224 1099
236 767
2962 2479
5102 5946
2432 3306
7359 3272
1137 2857
1044 7225
2336 6396
6670 4262
4657 7514
1939 6905
5698 797
4938 705
2100 6464
3373 506
232 4507
5117 5419
2313 1117
519 3217
4965 7494
2146 5601
4371 2724
2068 3979
4340 7149
3601 530
3804 5995
2299 2904
6454 5946
4246 542
661 123
7580 6984
3589 561
6923 3947
125 5162
5623 3696
4945 5789
1203 5263
4875 1331
2241 4702
5249 7425
1127 7427
3746 7644
3276 7104
448 2900
433 3169
5181 3647
7424 6881
110 2898
5914 6706
190 2934
918 6340
3525 4296
2025 209
3238 3006
1438 870
6698 6571
3552 6166
7182 1543
7074 2243
5215 5160
5027 3802
2134 2489
4191 7057
5100 2880
6994 4241
5388 4788
6508 4743
5465 2670
477 7239
3262 7085
2160 6127
1163 2472
6983 2938
1406 2022
6334 6128
5740 89
3621 5547
4103 6913
5452 6300
913 257
2226 7044
867 77
6430 767
6355 2095
3483 6046
1976 6239
5413 7245
2101 662
2981 300
4581 5810
2898 4395
790 3207
3503 3637
6847 2727
979 5098
2037 5833
4791 3406
6438 5541
5022 2754
4714 3999
2538 1126
2916 3930
5567 5840
2003 6943
2302 843
1618 7590
7220 5308
5189 7695
5141 5755
3040 5751
5772 1875
2674 4730
4773 4383
955 7287
7366 3158
6747 7287
2291 5790
5346 2019
7040 6748
185 7222
5105 7112
727 3236
5203 6955
5822 5676
3722 2411
7612 544
3259 844
7547 6566
6731 5636
2424 689
857 2661
1484 5986
1329 3926
1961 6909
2074 5062
4388 156
5900 5326
3566 5406
6847 420
2800 4206
7099 1925
1480 5971
1205 7687
597 3224
5874 6797
2883 1777
6995 6161
4360 6992
6305 4779
6583 3855
2352 3612
2464 2531
5636 1682
3069 165
7368 1459
5428 6306
7243 3118
2684 2988
5468 5301
3710 5689
6601 1005
4954 2404
4020 3492
4452 2638
5359 5265
3807 6896
6627 6471
6911 6286
5708 3503
3274 513
7018 2348
6289 2398
5847 7665
1700 3451
4094 2522
4490 3119
2446 5965
6326 4094
4005 5956
7623 2311
5527 7415
7164 5849
7101 5311
1876 965
2154 5402
5534 3954
5590 6592
707 2732
1743 667
1220 4551
1670 1007
5152 1136
7146 5392
1823 5030
640 7508
1910 1827
6500 4046
1352 3850
2939 2621
272 1729
5538 6207
117 6959
1567 6749
491 3360
1667 3352
4956 334
1352 3994
1168 7120
7104 7159
1173 2010
2639 987
1292 6435
23 5369
6845 7079
4966 4071
2921 5397
1566 97
1939 622
4156 6016
1864 2012
7482 7315
2200 1582
7120 5736
4782 7585
5594 5193
3532 340
6977 3259
4305 5753
5739 2117
5940 4327
377 2150
7426 3829
6056 5904
6996 405
3771 7089
7458 7162
5017 5668
3484 3467
4803 6802
5676 1745
1785 3719
3560 965
3546 4791
2066 1435
1625 409
7493 7003
2716 6251
4368 2945
6608 1169
927 3792
1588 5368
3102 6553
4687 5064
263 2959
159 2190
6843 3739
220 6244
7696 1868
4958 5755
6046 4137
5613 2050
2212 915
7659 2572
4954 654
5872 2008
2870 3769
6165 3194
4980 4550
97 3271
323 816
6606 3329
7149 1407
2520 6961
4382 1323
6594 6454
4038 4993
7422 539
4117 5755
2350 5467
4517 7399
6614 2296
499 558
3079 7145
6319 3860
1983 2588
3058 6540
5147 1932
2609 6326
5841 33
6837 6044
3664 638
4713 1413
4017 1337
5652 619
4658 858
872 2061
5390 4462
4456 200
7571 5594
3215 3239
4316 3607
1849 6173
7034 6381
5168 5875
5891 5329
4192 3452
426 6318
2975 4464
1226 3639
2957 994
1525 4963
295 686
4257 1841
2723 1711
6568 7082
4076 6743
3109 3406
6353 1599
3935 4734
3965 1302
7009 5761
6612 1655
5283 286
2045 1543
2725 5646
3787 4369
1945 5712
2731 7588
887 5681
2829 4311
5002 5955
2095 4432
1582 6398
5356 5300
6798 7493
2808 6228
7372 1776
133 304
4615 7006
3446 432
4901 2142
5952 2304
4729 5447
5719 7386
5340 2284
4043 1867
913 71
2616 3427
6278 7614
3607 6498
2568 1752
3634 2676
4531 6130
2736 49
5830 3310
7375 4633
1726 7086
5658 5295
3597 58
2956 3245
3223 7471
5007 5565
4005 5360
4614 5795
1542 4483
7514 266
5471 962
2747 3238
1003 3332
6579 4456
5848 2850
4223 2150
2298 4942
5051 5329
73 4895
6993 3807
6957 5457
2366 6979
4722 6808
5361 6297
554 4000
7360 3116
4885 4702
1585 7494
6028 3518
7135 6026
6318 3314
7282 7377
6307 5236
5129 5287
6130 1413
614 7542
742 132
1424 938
3089 7001
6314 687
3905 4187
491 2016
677 2766
1298 6005
6577 5731
2423 3174
6642 2710
5937 2168
5757 2893
4949 7005
2106 1559
3232 1034
3365 4500
2240 2537
3012 2633
5052 2683
5152 2800
4526 4329
2755 1849
3078 7330
4595 3103
1841 1914
6458 3894
816 6690
7126 1495
1151 6407
7123 739
3142 5541
1919 5002
6680 285
4905 5587
1107 5073
3855 2228
2680 5172
2291 5526
0 4669
7174 4936
5852 1392
561 2858
4261 2351
3372 6950
2683 1353
4516 1700
6929 277
3811 1665
7075 3655
2419 6006
5068 2171
3537 3726
1559 3617
2286 2655
6036 5246
7025 7363
3123 3389
51 3611
7266 984
2767 4033
6137 4882
3625 6434
168 2509
5278 7142
4756 4421
142 4116
274 2475
1887 6011
685 4092
1366 5963
6663 6862
6921 5395
6764 5977
5604 2175
4579 4136
2613 5585
2441 3395
678 6964
1420 6701
1192 197
1137 547
5219 7424
5458 3468
5137 7067
2471 5028
7497 2006
540 5020
4846 6521
657 4520
7417 3059
1063 975
2391 6809
5003 4472
1763 7572
5027 5458
4073 6109
4776 3311
1124 2909
919 1306
2362 3825
3986 5179
5834 4456
1744 2492
7259 848
2659 697
548 6819
450 3058
620 3314
2626 6377
5129 6493
2112 7495
4448 174
3146 535
3167 3917
7114 3286
3527 3521
7272 2903
105 1833
1866 3715
2769 3461
6031 3469
1711 5775
4473 384
1702 2147
1964 3453
6918 1811
5412 6364
2018 1849
2003 584
3591 1059
4589 3607
7408 7392
2098 5881
3174 2693
162 1336
3176 5451
7687 7264
5369 5788
3151 3101
4350 829
3047 5302
4736 3026
6177 562
7598 4958
1847 4402
6256 4895
6335 1941
7576 778
6668 4212
7362 5452
2637 4535
5207 5168
6480 606
2426 1372
6716 2369
1836 6643
2605 206
2458 4910
4203 2128
2649 7664
1970 3193
4974 173
1513 241
148 6598
3305 6322
3743 3610
2650 4380
5595 3556
4358 5562
1346 7069
5421 2841
1395 2194
7456 729
4412 5539
413 4686
6663 1252
2736 2880
5069 5116
6934 4002
6036 6789
2315 661
5067 1071
7614 2536
5688 1056
7288 1790
2085 5777
3301 4796
956 3754
7001 3069
2042 2165
1751 2032
2035 4921
5105 96
3689 6510
3783 1312
739 5022
7449 2862
2605 351
3292 2994
6889 4619
6724 3836
3864 5573
2621 2474
2698 3818
164 6384
7185 920
3254 3295
6514 4884
1448 6225
6555 6162
6262 711
7222 1610
2054 6349
1493 2402
408 3886
4551 7630
7333 853
5313 5794
7612 4403
4607 274
6961 5664
4575 3296
5381 214
1460 1988
895 6663
2546 4460
6870 636
2712 4780
6536 1325
139 296
3307 5309
3037 453
3710 3672
6298 3058
2907 5132
6057 1419
1952 7435
7302 7521
2348 7385
741 1838
7617 1669
5526 3972
604 2121
3986 5149
2037 7000
1007 1293
840 3954
6141 1451
3513 6215
2566 6511
4861 4640
1528 1021
2477 3761
233 1656
3896 7056
7152 4881
4517 3561
867 3278
395 6537
5836 3788
3502 1872
2906 5181
2356 3145
5416 3745
7268 1880
5477 143
2414 432
561 963
1016 6372
1180 2079
5565 7668
457 1810
2780 7541
4497 3451
1320 3585
4862 3034
4683 5098
3678 716
1994 310
5473 2214
4720 7432
816 6888
2555 4966
6252 2266
6588 1786
3403 6851
561 5728
5150 6668
6242 4790
4764 4309
5502 5787
7195 4234
5048 4297
5221 5011
4546 6930
1586 6906
3485 1443
913 301
2755 5276
6113 4121
643 4012
3378 3228
1435 7229
6549 2872
2819 6779
7605 6081
2117 2866
7264 7193
581 295
7626 5520
3485 24
1208 5491
5395 2040
5514 1497
7475 757
3587 5145
7 6358
3978 3575
2932 7057
7158 4242
595 4502
4090 1143
1762 2178
2716 1307
1822 1290
5193 5060
3330 5000
5502 4358
210 5165
3417 1798
1830 370
1850 2817
4289 7104
2813 6050
1322 4090
511 5693
238 525
2781 1051
2516 4448
5004 4139
1767 2759
850 2048
3102 2547
4734 3830
7270 1136
4544 1323
7372 3181
5472 2382
5358 2525
369 6642
1404 5991
1478 3045
3464 6153
6493 209
2520 3639
972 7293
7684 6906
1926 3098
1316 5688
2525 5048
2095 4362
4522 2372
3698 2048
3939 2963
2492 1854
2669 4516
1615 89
1011 1679
3725 4374
1338 6390
5997 6379
983 526
1360 7023
1855 2563
6745 7083
7470 5031
397 1330
4315 5384
1011 679
4760 6565
3680 827
5081 5258
6234 5598
300 3123
5701 503
5377 6216
5427 7132
2139 2494
1161 2941
4387 1520
3243 4396
163 1217
3787 2774
268 5581
1464 6872
1622 4895
2546 116
394 2197
1350 7681
1063 2828
3915 1182
5276 6720
5495 5111
5861 1860
6161 4949
5049 1543
4285 2644
5581 6362
1127 6568
6239 6062
3348 1861
434 5234
893 5449
346 2122
2150 4403
5052 4227
5405 2241
7397 3707
6112 947
4172 4381
3593 6135
5133 46
6136 3122
3651 3939
3095 5029
6442 2763
2775 1021
3828 2565
1007 4377
3067 4751
3282 4229
949 6387
4265 6697
286 2327
3967 4000
5082 4684
4366 5251
6955 5231
3138 7206
5246 5667
1048 5
3640 7148
6650 5377
5519 5697
5067 365
5371 4274
847 4604
7115 6733
7192 4805
41 4334
1475 3267
4639 3794
4658 6920
3891 232
6691 249
5022 4419
3171 2891
5749 3321
4780 5975
6404 3010
5748 881
76 7146
1548 35
133 1832
3050 7039
7533 430
568 3735
4277 5706
5178 1244
4526 2951
3898 2877
947 6003
5650 3793
5725 5234
90 3473
2619 5139
1316 1969
1405 982
3986 99
657 1577
807 1537
1847 5844
5255 3392
6670 3681
2238 6357
5526 5790
5991 2292
4960 1302
1282 1845
1472 7687
4303 2527
755 3124
529 1848
2271 1620
4848 1463
6556 4603
1063 1308
341 2421
2531 3666
2699 1462
7057 5080
6333 3984
3179 6234
4821 3264
6887 4988
2251 596
999 5991
6409 4558
6149 6335
6456 7042
950 7419
5614 1895
6818 2480
12 7568
3989 82
5915 506
5481 92
4286 3620
3549 6225
1792 842
6625 6505
3524 7497
3979 7183
1537 445
5022 6654
6706 3490
929 1283
5214 2164
6028 588
1489 3372
4480 6347
1415 6280
7065 27
5 2012
282 3259
867 7668
5459 10
3425 2366
5542 5654
3246 2208
3485 3729
279 3459
1372 7171
3297 2235
1253 1706
7179 731
2996 4149
3818 725
4384 431
5398 3163
729 3140
5874 5645
6831 2145
3817 4675
6349 4717
2077 1104
2022 6236
4161 4677
3556 3176
6638 1999
2784 876
434 1991
534 3841
6706 4149
6164 5577
1994 4225
6902 5118
5779 6530
7011 5479
5104 7020
3279 1986
5882 6696
6777 3402
7179 3767
2624 6617
6106 2421
7115 1135
182 6970
6578 7577
2205 1663
4179 5273
1391 2106
2410 7455
5256 7210
41 1476
2254 3681
4821 631
1996 7281
4338 6248
6629 343
1669 4755
7093 1609
2916 6019
4328 359
682 6044
7687 6167
4458 7310
1987 2473
576 5358
7521 2134
5679 2500
4912 4995
5217 5027
1608 914
2652 758
5368 1732
6409 3828
915 5342
4457 1187
7402 7126
1412 1743
1526 514
2694 3641
1161 1952
5544 5847
3084 5393
747 2846
4976 176
1394 7535
1354 2744
5025 140
398 3342
5515 6890
6939 5628
372 264
754 6106
5980 3364
3492 2340
6421 6070
4749 3362
3919 4655
2539 5540
3771 863
6468 4993
5921 4970
5529 506
5411 2533
1685 7401
1428 3533
2846 2692
5506 2490
178 3077
6741 510
2921 6252
1716 121
6975 4911
441 2693
6598 726
2336 5995
3315 3990
4640 6196
4486 1369
6764 87
3959 2237
4043 3603
1095 3298
5463 1165
1732 1126
1443 2817
2546 3246
7134 1046
5712 6879
6588 7657
4763 4164
2634 6966
3873 1420
1811 7661
2753 2624
746 2040
3394 2578
4057 5210
6587 2425
3771 2485
4551 7305
3635 4321
6695 1895
7225 3388
4206 6742
5595 6507
3168 6558
5809 1431
3370 4313
1457 226
6833 1804
1450 2137
6529 5712
3256 7473
5030 1058
7654 2617
6836 5730
7564 5727
4544 371
6668 1585
1331 5304
6703 236
4685 2471
7012 3084
2323 7223
458 3406
219 5973
617 4573
7521 7147
1371 3156
1899 80
2739 6275
453 5461
46 7518
5992 2845
1879 5283
162 813
54 7231
2495 2795
5649 1511
5042 892
1623 313
7310 5266
713 2582
2324 975
7087 952
7408 7640
2544 4285
4 930
4282 6158
252 6786
3637 2194
3711 1177
1576 1068
2302 4875
743 217
2061 5698
767 2239
72 5231
1079 1518
3368 3820
7607 5152
1850 6461
3864 7451
1507 7301
7420 1460
1204 4133
7676 368
6650 1824
4223 636
5338 1719
3217 6789
882 7187
1019 3045
1090 1077
7270 766
6003 6550
1016 200
2940 5292
782 155
5440 374
5830 6431
5939 2003
1650 1831
5139 5066
5806 614
4154 2766
4477 1889
3519 6357
1282 3718
5971 4084
256 4593
1191 5297
320 2257
4196 2580
4536 5963
1106 1329
4347 5323
1726 27
4316 2821
1734 3892
3690 3274
7439 1952
7489 6075
1100 4802
3920 4195
1117 399
7180 133
2475 6290
2622 6473
7318 3942
464 1404
7658 3502
180 229
2420 4598
2642 2227
6972 472
4345 4008
2293 2922
6014 2712
7355 4052
4606 1166
3025 1715
1382 3876
3235 1127
6204 2499
3988 6365
635 5478
6238 6109
6567 6635
1334 7600
6280 4920
3712 4195
523 1633
6367 148
3084 4456
1381 917
1387 1933
7254 5075
2717 3867
1220 2697
7542 280
4836 4950
4277 713
7143 5654
255 4199
512 980
6154 3699
406 3117
1319 1376
2958 7673
1792 6618
2895 4879
1623 4527
3742 5911
7590 2274
1376 2448
7584 745
1991 4733
438 7164
6434 1429
7449 153
2813 2770
5880 1411
2750 7035
6169 3989
5525 6938
4223 327
732 5289
727 1885
4474 4153
4546 161
505 5829
7623 1099
2196 1145
134 3512
2386 5202
6556 1575
2647 2535
2742 4309
3288 2223
2746 2945
4709 3978
4592 2248
115 18
6643 6493
4329 3630
3003 4727
2894 3874
4915 4922
1356 4514
4293 37
7523 2942
497 6231
1411 4639
3152 1817
4900 1506
7217 5798
5818 4338
7582 5798
7567 3056
4570 5169
1837 3649
3078 3826
3895 321
7626 6956
6858 2097
427 7475
6205 6187
5003 4800
6800 4973
3065 2390
1555 5081
4902 2343
3928 5565
869 3596
2765 6962
4560 6041
7015 5887
7675 5800
4332 4752
6830 5043
564 2954
3051 714
196 950
6582 307
2148 4057
2731 1130
644 3982
5026 3277
1886 276
276 389
3574 1272
1445 5831
7502 7591
6766 3441
93 4272
4043 1226
3624 3740
7639 3037
5817 1968
6331 7535
7140 7652
1792 3939
1823 1199
372 2874
4580 4198
3209 3292
1003 6146
7658 4521
587 2087
5311 2511
1947 2834
2292 725
5574 516
3413 4573
2298 4175
2761 1708
2283 2294
5929 7298
2188 5366
4665 3853
4188 1776
4738 5258
3634 1632
6691 1298
5730 2267
5990 3500
1564 6160
1569 7177
2656 5713
7479 7166
1125 1340
5209 550
5122 3346
5850 2262
4003 6345
3160 4446
92 2670
1097 5315
6201 3225
2851 6631
4826 4684
6446 4345
4598 7004
3251 337
7596 2104
3791 3704
3761 2020
3026 3209
1913 217
6624 4289
4236 5342
1022 2385
4669 7203
2228 6942
4659 575
6754 6046
964 5886
3421 910
2416 7181
1221 1845
134 3700
3866 1146
3970 4565
4156 658
2211 5042
6109 93
7316 4275
2741 6975
5830 5707
6212 536
5768 5501
1612 569
5224 4960
6277 871
4862 830
860 1621
2707 6694
4176 6833
1420 105
4116 5112
1153 6842
7569 3059
5357 5451
5252 6487
7224 3075
581 7190
6481 1051
7567 7628
3521 6546
1088 4875
1240 4741
7055 2210
3863 369
3985 4289
7196 5394
3690 5084
3959 5588
6006 5015
5777 6253
4196 4786
3159 6691
1595 126
5420 25
2244 5893
5496 837
1872 1712
306 1112
1882 7695
50 626
4725 2386
5324 6014
2924 7384
3264 5341
359 4085
691 5823
472 5422
7626 2438
4454 1584
7423 4384
2333 3966
3689 5037
7410 6384
4665 4537
7570 1640
787 3812
56 3032
6466 6891
3672 5370
4797 3509
1012 5756
2139 7192
4069 5185
2498 825
3181 3918
6724 5278
1077 6942
7667 6785
4430 4699
2876 5199
7319 6834
4087 1212
1061 3110
4325 2847
5046 4250
4514 7562
4152 1901
1873 6035
7237 2594
1271 2795
5234 5750
1861 6560
4273 5206
3539 6174
1544 4343
4527 3514
5911 2851
6685 365
7602 1469
665 7529
173 2670
7138 2135
6417 5280
3910 110
1295 7694
2548 3640
1344 1881
3553 4366
708 768
3665 5471
1152 4970
6494 5233
2236 3642
6559 4512
5277 749
3262 4496
3457 7664
4166 4866
573 2221
7176 704
508 7471
2438 2062
6022 3403
6217 6184
6634 1478
6808 6861
1942 6857
4293 1710
586 7416
2206 389
1100 5494
5632 1378
2443 6783
6850 4091
6373 5616
5657 1349
3179 52
7529 1886
7405 4619
5599 4630
6792 7639
1529 2875
46 1084
3312 3328
3924 6919
6865 4703
2205 2288
3728 6782
1782 3935
2729 7319
3013 3600
6868 3969
5245 7614
4852 2171
3462 3583
3449 7629
265 3480
4432 4730
7367 3691
4315 1611
342 2750
5434 2094
6829 2890
1044 3087
7358 5321
3972 2802
5626 1914
657 2440
5141 5454
1576 3211
1895 6869
4253 199
4642 3392
1380 3425
6207 4350
6051 2635
6204 7005
4854 4136
2509 1161
3586 2783
1960 6708
4015 1703
6094 5866
6568 7274
6355 5657
561 1846
4945 3574
6713 6721
2850 3071
2242 5
4236 4600
4775 3604
5116 5748
1360 7210
6887 1445
5065 1341
315 412
3517 7699
809 5552
2230 4310
5228 2855
4406 2525
4540 1462
3444 2388
2450 7617
5846 4193
4648 7430
2723 862
3655 2224
5425 2438
6428 5269
7093 4417
3124 6870
5915 6485
1597 7567
1125 2710
6019 6666
3540 891
2516 316
4390 1218
6953 5163
95 4522
7049 5844
6255 5253
5887 3804
5309 7528
1463 1727
6662 7619
6746 2257
4376 5005
1309 676
955 7126
6433 4160
7439 205
257 5105
1296 1420
7655 7176
4718 7239
7320 7625
1539 2545
5295 6497
3696 4979
1830 261
2609 3639
5198 2361
1929 6953
5769 7079
6659 3084
2101 2052
6290 7531
6310 6846
564 6759
1781 4404
3178 5929
4965 4431
5368 5598
3140 5761
1097 644
5488 4776
1228 1729
843 3242
6378 6426
480 4972
1181 5609
327 5866
6134 244
1 3276
5488 4605
1402 6263
400 6792
3700 6812
1112 6156
5437 6710
5228 5558
5792 1024
2833 885
453 1449
3427 2263
4503 7223
3865 4033
7504 2899
2755 4576
2529 2942
5871 6424
6310 1742
1064 6215
2009 2901
2801 3591
7403 5499
4379 7534
3332 7296
427 3439
3501 2225
7123 1241
5043 3183
1871 2820
711 4581
5644 4664
6093 6722
7293 5830
7078 4204
6978 1667
644 4758
4790 899
4240 1361
2968 2799
1430 7345
7194 6371
7530 6718
1987 2095
4278 1653
7419 3110
5409 99
7658 3044
1894 4482
1206 5265
5362 3374
2953 1839
1004 1914
6719 2017
3731 3383
7676 3518
6216 1420
5226 2533
5760 2580
1870 6287
6077 405
2542 4491
3465 1570
6720 3899
4149 3068
4254 259
2640 7398
410 5775
3999 5014
6484 6883
2802 4505
5246 4955
1896 974
4268 5641
1164 3172
7442 4173
972 1895
2267 784
7507 6212
1739 546
5860 6764
6257 2430
6659 98
792 7240
7331 2983
1929 6914
6073 7051
6511 5060
7599 1686
1030 175
5378 5457
3552 1814
7275 1734
6070 2991
5024 4624
3591 2536
4872 6604
5100 1473
5540 5517
1160 5962
4334 2130
4323 3146
7472 6106
5699 172
2685 1759
2174 7143
337 3595
2595 7005
7318 707
5551 4341
551 7522
4612 4333
1241 194
3422 7423
7325 3628
4142 4096
3870 2350
168 16
6428 7657
5049 657
2010 5624
543 7430
97 6839
3477 4191
4625 4035
2970 1775
1569 818
1201 1919
4503 2727
6755 210
7314 297
914 3387
4824 2409
2106 6866
1773 7624
2586 635
7514 3334
1185 1066
5926 5020
4135 2272
6095 7199
2371 5871
5273 5517
6039 4559
3041 5779
7171 4909
5125 3070
4131 2642
728 1805
1188 149
5885 3679
4114 6911
1656 5253
6960 3064
589 7186
7272 2903
7646 6310
3867 7278
5904 4206
5157 2264
4801 3834
6722 5752
4837 4607
445 3150
6906 2892
390 698
5294 6147
344 4601
3194 5632
792 5924
3934 5033
2333 3041
452 2418
397 1337
364 1038
6548 5096
2966 6187
3596 1087
3079 1922
86 6863
3170 1266
4313 4495
2508 6671
6749 7048
1886 1944
3465 687
399 1178
2910 1917
2079 1244
1053 7246
1584 6003
92 735
4067 2444
2666 4889
4745 1253
4348 332
6984 5553
5263 4206
6126 5435
5576 2113
1594 4698
3344 4375
3159 3156
5722 5431
6893 5188
3739 6679
3357 3359
2840 5178
4769 4423
3239 4124
5075 4667
1764 6741
7216 2431
1010 3865
7048 5068
6011 7367
5120 2451
1200 6169
5271 1615
4730 2657
2603 1354
1487 742
6226 6806
1134 2248
737 4224
5022 2471
7503 4489
5533 1555
6018 2845
3648 1282
5495 889
5128 6111
6281 2170
4877 5582
7697 1520
4882 1356
4357 4222
6497 877
2684 7326
6439 6746
3649 701
5173 1918
6072 7493
3220 4517
6297 2043
1163 1339
7658 202
6611 6024
1634 2586
5883 616
2105 6442
5990 6643
811 7503
2466 414
1089 5961
2302 1008
790 3380
6615 4309
4655 3037
3133 2948
6003 7677
3566 4558
3410 6219
1257 4323
357 2878
7438 4205
646 293
1337 2163
3829 1234
4908 2815
588 2966
4557 3105
5812 5154
2501 3288
1670 1129
6847 7016
1422 2706
2622 4218
318 685
4478 3819
1419 7031
3498 5511
4064 7625
7255 7151
1387 3571
3117 7619
3986 1389
4349 6937
5567 959
1829 3291
2077 6123
2023 3780
3475 832
1205 5242
4879 6783
3974 6305
6636 1145
1688 4192
1828 3703
1610 4492
6409 4733
5604 6569
6254 5535
2377 2498
7335 7235
865 7658
3011 6769
5173 6233
1423 5625
2448 4080
887 4445
472 3092
251 4639
4299 4619
4209 4002
7532 6417
1563 2654
2181 7211
5121 3347
1578 4953
3852 3266
3108 865
536 1670
304 198
2076 6921
6312 6503
5473 2336
5749 2501
4738 951
2398 183
4463 1810
757 6600
3088 4064
400 5056
1946 4673
7248 1596
233 3895
1070 1496
6701 2295
5429 1779
1179 6546
4896 7011
5854 1191
3424 3491
2104 3871
5767 290
4823 2836
1779 7525
4426 3156
1578 5260
1877 3217
1910 2899
5964 1439
5999 1080
3925 3014
3996 5882
5824 2926
884 5091
5476 6490
4727 3659
7508 3228
482 2138
2628 7103
6995 5241
1591 858
4977 2090
5055 856
1893 693
3471 6958
1211 4159
2092 4929
3728 4952
5194 4435
1476 6489
4007 721
5887 1249
1904 921
4837 5197
2531 1787
3672 1192
5240 3505
5175 7296
4339 1993
6381 115
4664 439
5274 886
959 6875
7046 572
959 2379
3588 488
3074 4389
1551 7668
1430 2388
5657 1114
4847 3872
1752 3917
3581 6711
2183 5009
3973 1437
4769 7608
7661 1924
3685 2349
3493 4321
1094 7503
6962 4126
2261 5688
6557 3757
1129 7668
627 6323
491 6469
1844 4883
3332 2864
5286 5586
5817 2053
94 3458
6030 4041
2075 6707
7163 113
2615 1190
5647 4392
3042 2174
5278 309
721 6445
7402 243
6963 4039
6866 1361
7119 2719
3176 1978
931 5563
4801 5700
4666 3726
5004 7669
6906 2529
1083 4348
3012 6778
1422 425
2937 2281
934 5535
5445 590
6221 1822
2166 6664
5450 3544
7600 6084
5863 1995
5956 5517
632 2454
7096 2876
7374 5953
1162 3778
5979 6635
1413 5
1722 2442
65 4928
2383 6578
6109 5634
3159 6843
3636 6798
6399 2037
257 3730
2858 3558
5993 4894
6024 4403
4508 5297
489 6349
4115 709
6379 5043
2692 7684
4489 4852
3995 5971
5712 4442
2778 2676
2264 3470
5853 5448
2041 3036
384 4418
5165 6460
6814 5016
475 4959
6522 3807
6268 5648
1625 251
4745 378
1380 5798
1920 4254
387 4973
1958 5051
115 1269
656 1038
6161 4223
4553 5365
2765 4559
6319 5840
2350 5576
3644 6826
891 3300
1285 5802
5484 6444
394 1429
6087 4099
3074 5769
3133 2092
3863 933
317 3015
2382 3036
3707 1051
1225 2608
6203 2717
6693 7307
375 1946
6359 744
3267 7176
5454 2804
7003 6396
6835 161
57 5943
5017 7265
5813 2178
1245 5464
6835 1504
1763 1783
5153 5664
1971 6881
7258 3393
606 820
5815 5
4500 301
3641 4541
6035 1230
1416 5347
1023 3920
4722 5903
58 6545
1791 344
1466 2060
6042 575
938 2436
3990 4406
5026 1008
2375 34
739 0
132 2059
4635 3965
6289 4301
4501 6347
5249 4888
5570 4524
3439 3042
1593 1989
5247 4178
7436 741
7405 989
6124 6026
4217 6404
7626 3065
6481 6044
2404 1850
7404 2870
2852 5485
4583 1315
6056 5211
39 5977
2008 6024
6884 2577
5165 755
1033 1503
2498 2248
7552 5732
2501 7642
3903 567
4943 5580
2677 5548
1277 2991
4760 2075
4340 1111
3260 4696
1428 2023
6859 3884
7349 4751
7603 4678
7407 4720
3264 709
2832 6711
3628 7611
816 300
6332 1339
3041 4761
186 5896
2913 6670
3456 3157
154 6844
5596 5266
7268 4123
1415 5509
4346 3275
1814 4307
5478 3846
4846 2434
2619 7183
2268 4234
1326 439
6740 6039
5453 3720
1056 866
3457 2040
4032 282
1046 2744
2598 6223
5665 646
1204 1198
5461 2162
6177 223
1399 1481
4777 5175
2717 5684
7048 3302
6503 1807
6183 1705
3793 6538
5672 6622
7268 1689
136 3004
5532 3220
3954 7447
4014 5953
6202 5417
1344 886
4127 1755
1522 1484
3243 3543
7136 5191
1401 610
3762 6997
2361 7167
6487 809
3861 6846
7283 7212
2876 3856
7644 178
1089 7268
1704 5747
3809 5439
3142 6878
2384 3661
5646 2988
4878 5652
4435 1954
3315 2118
5876 640
6662 2326
710 30
4208 2204
3358 1329
5127 7518
2802 1051
4446 4396
919 4949
6256 1224
1487 1954
1921 7083
7589 4236
6435 4500
858 6598
6788 4851
7049 1170
6754 1374
5430 7141
4128 223
6140 5729
5175 1038
2115 2196
2293 526
39 598
4449 568
2859 221
1801 7673
7276 5145
5746 6228
205 4252
3383 4027
4832 184
2661 5358
5896 4979
4937 7432
1623 5732
1562 2863
4778 2807
4799 4630
1271 5043
1075 5506
6935 693
1877 6101
3802 4758
5367 5280
5240 6878
6173 7508
6246 3484
3938 5236
1254 6942
5880 3306
1928 1825
14 5810
4131 7202
7347 7133
576 7584
6045 6212
6501 2861
920 2977
609 4972
5202 1487
2668 3562
6892 5954
7035 6366
6719 3774
2162 4887
5712 6589
2426 2741
1089 6999
4346 7531
778 594
7069 1496
3561 6620
4903 309
7642 6612
5974 391
5358 1502
1811 3446
4623 4195
3758 65
1610 3397
4139 6667
5738 985
1823 1839
5784 114
1319 608
2335 1993
6219 5691
4701 2586
3976 6945
2624 2403
788 6466
6141 1766
3419 1552
7399 1537
6628 6082
1028 4877
3464 1996
4697 7274
6195 1920
2323 1642
5906 7655
1423 6175
6726 3330
2342 7328
140 6457
3401 5880
1128 4317
2114 804
4947 5078
4491 1403
1696 2748
3465 2613
2400 3484
2805 6949
2992 7639
2910 1549
716 5122
3524 2035
545 6424
4508 6592
5035 5057
5286 5949
2058 7473
5316 1075
6635 4926
2788 1018
7556 2724
1809 6162
5172 6917
6563 5029
3820 5361
5949 6941
7175 5023
3877 5329
5685 7202
6723 6707
6229 7145
1790 1014
2945 7550
7588 2850
315 1523
5345 2884
2869 6881
3320 4452
2073 4069
2694 4175
4072 1341
1588 5510
2217 452
6012 6253
110 1260
5971 5269
4698 493
3070 1529
6110 4263
2999 1524
3691 6668
7063 7059
2166 2228
3842 3055
6076 522
2915 5517
2111 3732
2983 4746
7597 6564
853 5072
6956 5121
464 198
1295 4165
4440 2552
2761 4804
3279 74
2328 5311
316 7695
3069 5012
3559 3995
1163 7346
4085 3057
5814 253
4778 6772
4667 4167
5628 7501
2010 6834
5334 7501
6239 3821
5295 7562
3537 1423
6781 3808
5345 3571
7391 3606
5551 2326
6419 3495
3872 503
2724 5235
6121 1365
6108 5515
5927 2952
1582 7432
3000 3982
2360 7632
3930 1225
3164 5972
1379 2305
4513 4581
513 4680
6301 3894
596 6518
1325 2476
6658 107
3433 4777
6631 3628
6719 2836
510 85
1714 993
4704 5078
5420 1409
3600 5797
5561 3580
2711 2016
2663 2275
1634 1413
7228 1842
2515 2075
3391 5102
2913 1301
3915 5765
6029 3768
6913 3214
262 3013
1161 613
2548 2565
5460 3757
6177 3593
2326 5348
6348 5996
5355 1548
1644 5608
6028 5622
3109 5013
7655 5457
1610 2644
4403 6366
3622 1328
2351 1107
6421 2600
3702 5091
1700 2972
550 5975
3546 4650
2254 4915
3003 1552
5280 5533
2601 552
5020 5567
6761 6277
2107 1532
1455 1174
1384 1656
6344 4594
7149 3345
1098 3238
818 323
6702 3598
5856 545
2121 7218
5613 3894
2095 6017
5080 509
6374 521
1888 68
6428 5151
2185 4589
7362 1174
6795 2192
3597 4295
1155 5249
3985 1302
2860 7522
2912 4468
2247 4961
152 1562
5328 7564
490 859
6122 30
4444 1935
265 2877
6418 3834
5530 6830
6730 3656
4707 3517
5013 4026
6845 719
1242 74
736 2059
5178 5773
3575 1348
6558 5995
6014 3685
1638 3036
7057 3178
5402 2854
4282 475
2222 6570
6562 6659
4203 2156
1108 3895
617 1059
5543 699
290 1825
2203 1182
4857 562
676 6609
5187 5239
3143 1501
203 279
122 2602
124 7558
2487 1069
202 3648
149 6590
7477 6653
6823 1803
6541 3219
4841 312
3591 6179
5304 7563
7001 638
954 4762
6659 3607
3920 1329
1238 350
6342 1058
2986 6915
65 887
2019 6456
275 7282
2736 3293
3443 4056
2805 2318
1675 2092
239 1344
3108 7587
4550 2742
6585 433
6974 4212
129 780
6055 5381
3107 422
104 3761
6275 3601
5376 4745
379 6098
4492 3979
3340 5542
1632 7671
2072 1909
6973 7512
6 441
4951 3646
3605 5819
3061 5016
5488 870
482 249
4186 5545
4419 492
3330 4916
6927 6968
2599 5675
2198 971
3331 3601
1651 4919
7226 7595
5017 5940
5258 5557
269 2185
4661 1596
850 2433
6483 2259
2214 5222
2523 3012
2857 412
629 5515
833 1756
4838 4816
5425 4417
6432 6502
3026 5573
1879 6084
2439 3374
2489 2428
6336 3703
2855 384
863 6033
1558 1376
3968 3291
3106 5903
1428 1485
677 4878
769 2930
2687 7559
7396 7681
7477 6352
7356 6622
985 1126
27 6935
730 337
5523 3125
2949 74
1699 6298
6924 684
5159 1076
4238 6286
1499 5211
5221 1269
4428 857
2624 5646
1802 3287
1852 1831
2726 2817
6578 7082
5841 2379
1946 3336
5823 2455
501 755
3378 134
4741 2372
2505 4130
6217 352
5922 682
1005 2633
4126 4130
3699 2730
3112 5787
2153 7699
2363 811
735 5640
7334 5426
3904 5493
3699 5688
1681 4963
5336 7175
3906 1238
5723 485
7214 5983
569 2871
2818 4401
1194 2537
6669 4891
3011 1437
2631 5261
7304 1124
1532 5208
149 60
2404 2609
585 2713
5962 2250
4118 5699
5318 7052
5680 7028
4376 7413
4668 6472
5027 3286
6553 7229
6866 6073
1760 3986
4866 4476
6661 5819
781 1333
4074 3946
335 5531
602 225
4876 1112
1123 6396
2150 4353
6430 7408
3869 6767
5824 5886
6876 18
4591 2054
6350 1591
4945 7076
6011 7616
2297 1560
5398 993
6141 6022
7320 7579
945 1461
7515 5820
3414 4817
245 4086
334 6360
6543 4364
511 2942
626 6211
4539 3645
1497 3955
2620 4872
3581 7570
1962 6116
4163 1958
5922 417
7088 6558
1824 4272
3739 1659
2417 5562
4827 1573
1655 185
1183 6158
4111 2386
1285 3488
346 2478
7699 2511
348 1242
7653 3493
4657 6303
1131 6601
2613 6520
1650 5495
160 703
324 717
179 30
3177 1856
5850 1134
3897 875
5627 2671
1595 6078
3556 4684
3016 3167
317 1398
610 4605
3713 5272
5240 3745
679 2693
6283 5914
4060 2913
3581 4290
5368 959
6926 7399
251 7684
4981 2944
6683 7130
7423 6072
84 579
2099 1505
2803 1165
5004 5590
2300 7287
1252 1876
3483 6486
6578 1719
237 847
3796 2589
1053 7576
4711 2944
1450 7138
7371 637
5968 4301
4874 6898
1887 3144
3934 499
5875 5205
6112 3585
907 4957
101 7596
1317 7337
5351 5631
3511 1212
203 5499
4196 4441
6459 1781
4566 1573
3367 4137
5288 2190
1490 1364
641 6887
6727 6926
2043 3011
4941 2169
6937 2382
1877 330
1925 7432
7155 6173
4590 4537
4536 4356
4387 6710
4822 6733
5263 2233
4901 4706
185 7051
5959 7418
609 6831
5180 1558
2133 4652
4608 3502
5523 4081
6961 7033
2131 6537
1461 4021
1609 3002
6589 2668
3197 7271
4841 7181
3103 3041
4681 3422
309 2970
4895 1065
7120 1313
1459 5515
3412 5606
2900 2409
1857 123
1553 3747
1051 3958
6345 1548
5581 1197
4879 47
1466 1712
3375 279
1400 6961
5822 4622
3106 6561
2417 156
1981 7180
5189 4300
1860 1535
2605 7257
6750 1579
6893 2314
1066 5161
3044 1816
6705 1941
6110 552
2062 468
3689 793
3215 7310
5002 2369
3895 6510
898 7600
6318 6573
1250 5735
7261 977
5992 1186
2227 4402
2025 163
4022 7172
7401 643
7598 2196
4726 4288
6917 2393
3510 6435
3543 32
6203 1073
7433 2244
912 3672
5169 5295
7602 2986
4004 6174
2888 7436
5408 2259
3713 3402
2901 4190
2149 2293
1072 5975
1791 6643
7352 943
4362 6475
737 4066
3690 5124
5662 3682
1975 6556
6926 5999
61 1285
619 4632
4970 1712
2800 4639
3741 2639
7210 2926
6079 5896
38 2365
2889 6921
6413 720
858 5491
5193 5792
2819 4791
2687 138
6765 5800
3946 3448
3339 3494
6440 6273
5109 6861
7352 4877
2372 6717
2241 3358
3744 262
3961 5670
1300 6177
2946 2305
5445 7654
4906 2751
1462 738
6697 4419
5341 676
4421 875
4507 6815
7178 7684
4662 3183
7644 6442
6388 657
3962 6113
4043 5191
2489 7387
2708 569
1646 6050
1952 6937
4537 2695
3699 1240
6291 5396
6888 5073
5447 1152
1015 3194
6373 280
4467 4895
3163 54
79 4975
1722 7006
5844 6741
29 6604
4232 2859
7033 471
2062 678
7613 7023
302 4131
741 3783
6188 2834
5791 5174
1569 6260
1885 107
3863 92
262 5696
4783 7283
2463 3575
700 914
7446 3400
5926 4171
4759 6436
7336 1063
1576 2844
4435 5337
4979 1963
5165 380
5754 917
1243 6028
6978 3912
7171 1754
429 4320
2810 2057
3687 3851
5034 7065
2624 4716
1820 3163
4137 7217
5925 7295
1612 1169
1462 3
717 7276
7338 189
2199 4082
19 3425
6449 6578
2142 1053
4811 4503
4273 2784
5865 630
6378 5542
2778 6643
2223 5933
6401 2879
5277 455
6453 6279
6655 2960
1808 6278
6527 595
7355 5165
4630 3070
2329 6891
5333 750
3357 4973
1104 885
5373 3100
529 7518
5689 4282
4159 2175
3093 5036
6833 5334
2833 1485
6513 6666
4591 4833
1293 1442
1338 893
4841 1500
4005 3226
3514 5096
2395 753
2215 4508
6515 2097
4351 1624
5549 2489
1820 2483
576 1801
1764 6920
6770 3752
893 5751
4153 1289
5147 6772
2516 6506
646 3083
6147 3107
1116 5127
6180 832
2510 1909
4844 7361
6867 2440
7565 7530
7522 6769
5982 483
498 2249
7068 4424
5748 4936
5660 3146
3373 1067
624 7165
5290 126
4202 6074
224 4707
6845 3833
2237 2883
5426 5300
1521 6586
1226 3628
2289 3039
6975 3792
6896 6702
6484 843
1456 1005
427 5328
7544 7054
7570 6614
6644 4539
6619 566
4049 4069
4553 1372
6240 6759
4559 2482
4141 4771
2228 2649
6869 5671
5947 1601
3261 4686
4666 7548
3926 1738
5759 7591
2743 2633
3312 5448
3898 4724
4600 3725
6232 700
5258 715
3794 873
6122 4579
6228 1542
74 3513
5226 7202
3203 3247
2446 7093
702 4653
5806 5026
2206 5895
5607 4229
6356 704
3063 3918
2919 6038
2108 1324
3221 5963
6105 1713
2139 6167
5282 5383
3165 7225
2495 564
1798 1592
3446 3
7043 3198
444 5118
1610 1180
2863 7581
79 205
3546 1289
562 7537
3329 5638
2137 2851
1871 3499
3078 6554
2014 4479
6324 4125
6390 1345
779 134
5934 161
6950 1792
6404 6310
6381 5510
6412 3477
132 2964
3473 6148
6603 3522
4392 681
5152 2768
2686 6866
1251 5664
4996 4461
2525 1672
3401 7328
2840 3119
6801 1850
6794 7071
6698 3078
6257 3261
4305 6294
308 3560
6046 3845
937 7173
5504 4421
6055 4937
5740 3163
6750 4217
2344 6385
6865 438
5058 5622
1148 7261
7007 7291
1388 7058
4074 4030
5805 2229
6078 1498
5595 10
4491 1118
7244 566
4433 3715
3269 2568
6950 6074
2452 5698
1983 339
4287 4149
3975 1615
5972 1599
2721 1726
4132 6670
4595 717
4245 1587
6172 6216
5744 2210
6990 6368
741 5454
4372 3837
5484 325
1604 811
1292 277
1357 6016
1025 7662
1025 1751
2154 668
794 4941
4522 2542
3907 3520
5114 3861
4114 4073
4168 7495
2160 6206
6366 7271
457 3041
465 5873
5690 3449
6754 4123
1405 6627
6284 3759
2532 5470
588 1730
3131 6475
6333 4299
1280 6231
3618 4148
3784 7446
3811 4841
1957 7062
2637 4482
3426 1227
515 1767
1628 5969
7394 3665
5103 7392
4128 7432
4644 2283
7112 4276
1359 7157
1170 2084
6823 2005
1407 1465
143 1232
1692 993
3689 3766
5649 5071
4506 3393
2168 6632
4021 183
5780 1893
5760 1860
1128 5208
1481 1875
6284 1013
18 5325
6984 4090
2969 6384
7488 1970
6487 7227
2180 55
4388 5951
5858 2222
1434 3005
2173 2852
6047 4083
2492 7060
5771 894
1720 6532
3103 1102
1323 939
5525 6345
3612 5252
4032 7262
6633 6440
626 6933
283 2730
5105 6525
1376 3276
1636 6942
4109 5470
5993 4465
811 1735
2944 750
6178 6904
1925 5900
1150 6661
4391 7457
1670 1931
1361 6936
3598 4860
3695 7320
6920 5226
5666 7195
5419 1499
3968 953
3217 6219
6834 2984
5572 6728
5764 7032
6196 5202
425 5644
175 2231
7169 3331
2285 726
7620 7258
6003 852
263 3959
5412 4384
3677 2995
5188 7316
3952 3653
1129 5006
3108 373
1626 2945
2646 4221
2035 705
4362 2571
6500 2572
4498 961
5187 2458
693 339
5268 5038
6488 2262
3999 796
616 295
2545 7256
6879 6518
7116 927
3481 7696
6056 2456
5879 3572
2634 1731
139 1957
1111 5618
5950 438
5901 4598
6743 4749
3858 5240
3886 6010
4632 1057
5077 4
6284 5909
3238 2880
6275 1136
1970 4377
6215 7387
1530 217
626 3548
4117 2546
6330 5736
4098 6799
5398 1511
3920 5634
2840 4504
5427 1918
5592 2004
2017 1133
5024 3616
7143 3319
7386 5542
6587 5688
2336 2676
7120 7572
7171 857
5940 1942
1620 2418
6737 1274
7468 2385
5690 2091
4042 5768
542 3138
5075 5792
5989 6376
713 1590
1970 396
4265 768
3512 2896
6783 6509
4156 7582
393 2458
5549 2552
1785 2024
3556 5665
4843 2899
1955 5419
4084 2450
4368 5314
864 1258
3515 2611
6755 6033
2725 5086
783 7227
7217 2894
6829 924
7410 2738
3699 1522
5046 1241
5785 4806
6226 4652
777 2953
3397 5112
2550 7625
407 1115
5312 6313
1196 5479
6943 5347
3611 2518
2672 5174
1130 2086
1257 3427
3335 6885
6881 2861
3372 3241
137 2668
903 485
3648 1840
5518 1684
1580 6544
2215 7572
3110 838
2364 60
2367 7319
2737 838
5066 4906
3359 1043
487 4137
1814 6441
2309 5496
7126 3612
2636 7190
6016 2926
1464 2800
636 7696
6027 6925
1398 4533
1675 3484
4158 1797
2825 4568
5505 600
415 5158
5883 3219
7063 6653
1887 6864
3561 3871
4786 661
6817 3384
2592 4498
3615 592
3800 6600
5202 5171
2951 3399
159 2148
1068 4008
7012 6160
3975 3984
3575 2184
1372 3260
7229 1637
3183 3477
233 5969
4183 1382
4026 4991
524 6
911 2009
2098 3887
1996 6145
2907 2652
6090 5406
733 647
3604 5469
4802 3400
7456 2832
6208 5583
2798 6664
7410 6893
4051 323
2272 3273
7686 1969
1383 4184
6916 7366
3790 5571
1559 2649
5016 3315
831 7393
6952 3007
541 7585
2066 5886
508 4075
2809 7472
1724 602
4106 7139
649 2584
2615 7442
422 3351
4925 1762
3080 12
1320 3046
7475 1958
3138 6021
6723 5413
471 316
5135 55
6668 3185
6879 6709
7681 6558
3081 503
509 1595
7003 3877
3794 395
6884 3545
3483 871
3649 6742
4715 1853
1966 4976
3716 5208
1877 747
2616 181
1279 5354
5671 2090
4522 2761
5481 3023
7604 3278
4723 7077
4491 6413
5054 5442
5034 4587
4645 3316
1595 2709
5333 2768
1081 131
5522 2663
686 6291
5360 3567
1283 768
7039 471
4561 6591
1265 3377
1361 6469
6803 4677
1299 7393
5520 3009
866 42
5145 3776
2307 3648
6644 3234
2717 3043
4225 3390
3110 4316
6879 6930
3029 4992
1353 7258
7248 4432
7277 2809
4560 3723
5701 7656
6995 1020
4926 4801
3498 816
6625 2623
801 3056
3962 4876
2529 3592
7672 1257
1421 5742
7301 942
4368 438
609 1466
6110 760
3153 822
6345 4252
3170 34
6917 5499
6701 4273
1997 6314
5697 3601
1261 2460
7193 4522
1265 3894
63 6429
4458 5327
482 2251
1660 6710
7269 4020
5008 178
5937 2378
3841 3596
5177 6997
3927 497
6397 5772
4879 1497
3840 2171
1374 4117
3466 3972
3745 3697
779 2653
1714 6344
4034 6044
7369 6244
2147 4079
6534 1131
6777 6583
6007 2983
5531 3691
3057 4939
5569 4701
3745 743
6554 3548
4357 3795
3110 5406
2321 5713
2339 7022
6984 4159
985 3210
3008 5264
6403 4791
199 758
2792 3682
1623 1273
7663 3539
4200 3969
3463 933
6517 1366
3688 912
4690 6973
1791 2435
3909 7478
4236 5534
3805 7424
3022 873
5819 194
1280 2680
4236 5552
688 6403
6520 5458
5673 7289
6524 82
6442 3096
4501 7328
621 231
7568 7239
2458 868
4674 6664
2137 507
1257 3522
3791 1549
1664 3146
7574 87
448 6348
3379 4293
73 7111
4446 7330
5237 6742
7677 2082
7520 659
130 3278
7124 3198
95 7053
735 6039
3815 652
6647 298
6659 622
5674 3360
5918 5295
6616 4407
4586 6470
2375 6210
5053 1608
530 4770
7686 7162
4718 6321
3546 7524
6821 978
2873 5762
6456 2903
293 1018
7552 2656
4137 3431
4965 3424
2763 5024
4668 3804
5398 7200
211 2136
6435 6798
5052 1090
4359 2845
3119 4984
2313 2578
4800 1198
1178 6059
2629 664
1763 6460
4068 6122
1582 7541
6173 6086
5266 90
5796 6584
1817 1552
138 1849
5447 4821
4999 5721
1505 1115
5879 694
3480 6294
121 1883
3673 7559
6978 4739
50 5410
2394 1527
7338 4012
4155 7154
4486 158
1683 5934
6948 1637
6587 349
1989 3671
1546 3028
3044 5648
6698 5601
6478 6094
1696 2600
5233 3723
5411 2546
653 2728
3667 2361
5409 6364
697 892
5479 2683
6782 6439
91 845
4650 4769
4630 1395
6206 2302
332 2111
1077 2784
7659 7125
3004 7321
7435 6247
5289 4070
6264 2395
3971 2052
3591 4776
5845 6296
3498 857
2556 1727
2266 2850
5267 5819
3418 2925
3454 6364
1321 7350
6031 2926
1256 3160
278 6628
796 5323
3794 5676
7656 4454
1501 5697
1316 2793
5445 5614
446 7609
3726 3053
1496 4189
3302 7664
2659 765
3147 4989
5431 4987
4860 1949
701 7225
4989 4526
934 5354
1172 6330
3041 5393
422 6492
2156 2819
3559 4303
5639 6374
1252 3397
4979 3718
6635 6517
6555 1276
7525 2462
5162 3187
7264 2440
1709 5426
1834 1366
6318 5001
6218 1289
2765 2948
446 7344
699 3450
6927 3681
7218 5056
7562 6072
1546 4892
6967 4404
4110 7269
6556 7290
3022 261
4167 4587
5896 7479
7149 6722
3144 5720
1480 4786
6303 7384
3620 2129
6081 866
963 1257
5015 6779
6583 5154
6028 5677
513 1247
5779 6458
3210 78
3743 7089
7161 494
7162 4129
6554 52
2371 967
4431 5048
1624 1117
1672 1085
690 5504
5371 6221
1104 7387
7630 5915
4675 3096
372 2246
2042 1098
6009 1652
3655 5023
1408 5388
77 2343
1119 658
4145 6417
5618 3310
7656 7573
4881 7201
4327 7035
6992 5968
1718 2336
6309 4393
1679 7182
7588 6952
3330 4547
6960 1722
7406 6463
5783 1530
2803 2719
3328 7594
5548 1728
7481 2445
2753 5063
5691 1759
5917 1311
4482 7252
4189 5428
3966 5555
713 4275
3676 4284
4973 5160
4655 5753
4412 5735
590 1395
289 5012
522 2103
3094 7638
1386 4547
3106 4996
7375 504
444 4716
2443 3127
7418 3616
1222 2981
6580 877
4963 5078
3841 3774
6325 4322
1409 5038
3873 2643
769 3020
7589 891
868 5173
6491 1787
4979 4544
3964 1312
4135 7222
7493 5174
6768 2051
6376 2275
657 1393
3856 7479
2776 3228
3130 6739
2592 5316
1916 5298
4429 384
6496 5040
502 4804
4794 7478
420 6330
6475 1547
1315 665
7198 4215
6219 430
2033 1541
2133 7080
4705 3962
6457 6147
7331 1317
5482 14
4231 5597
2441 6451
423 1416
2807 6555
229 5478
5554 1807
5903 5189
2736 4197
6772 241
1895 6789
1008 6115
2209 4733
1820 1520
3324 4991
612 1768
4279 7102
7358 7004
5395 5599
7295 4105
772 4971
6074 1399
668 2942
4425 6386
170 1531
2885 2473
7257 6559
6190 173
6100 3292
7391 2092
946 219
7104 1955
1699 3442
7065 6830
1105 88
488 1740
673 3106
2104 7691
6082 6797
6164 6850
1073 230
1359 6854
4228 485
5782 7254
360 4609
4181 5835
2298 1052
411 1992
3985 4605
2996 2151
4610 2832
2409 4485
3750 7658
6371 265
2185 1317
6561 2281
6772 1729
7432 5724
4072 3979
3401 7260
407 1008
3690 4220
4388 2570
4939 5958
1758 2350
6127 7244
6451 3573
2967 7640
143 2162
478 1466
6068 1997
3364 4154
668 1006
895 4820
4774 1052
6858 4265
5087 4982
6001 3519
6789 6248
6141 3984
3642 608
7414 196
4838 647
717 6585
239 3558
7519 2484
1095 1431
6676 4855
3309 5685
6383 2693
3809 5837
4230 4559
2000 7553
1972 77
5379 371
3312 4788
1069 7684
3910 2871
5697 5391
5828 5948
1435 1538
865 5783
1034 2272
7357 3550
5971 7184
1190 2232
7065 1529
537 6592
2772 6519
1826 1213
1724 647
2641 5452
2479 7431
709 5502
6655 6001
6151 3417
615 6942
5032 7054
2886 975
52 5757
3281 1348
4439 6940
754 1714
1990 1557
5869 791
5535 6224
6272 4195
3935 3202
5635 6042
612 2444
3109 2165
1695 6123
2579 4671
2172 3741
10 3322
3069 5278
3841 678
2417 2358
5085 5270
7106 1430
4928 2541
6699 1149
4045 3588
6119 452
382 5719
2695 2094
730 362
1139 5360
5650 91
1813 4985
6086 3698
163 2954
7465 4401
2590 7548
5769 5121
348 487
1169 6381
1178 6340
5649 5902
7624 4131
2676 540
1107 2731
3846 3241
4636 786
6942 1828
15 7449
167 4466
4502 7329
1966 3765
309 4233
4422 3333
4256 2332
1084 355
4908 110
6711 5844
7416 2727
3709 5772
2146 3820
3173 4342
1033 5463
5465 4125
1674 3065
6823 604
4972 2827
819 1350
3842 5591
3284 5931
6247 4257
232 2508
6713 1610
1992 1027
3339 7360
3297 2192
3525 6184
564 1668
4219 7213
4687 7666
1846 4738
4077 2617
3550 6888
1638 3240
4725 886
7212 526
2761 761
790 1271
1881 7452
1394 6907
5298 2041
5167 5802
5337 1287
2154 144
6374 4581
3870 7652
6967 6751
5678 1924
5398 3275
777 1963
5670 3086
5429 3616
3997 5246
7202 5823
4808 3469
7179 191
7084 2640
4416 323
120 3898
2783 2269
6865 4995
3636 4625
7089 269
1824 6526
7312 3454
5141 1744
433 2800
2872 1338
2912 7075
1228 7518
4262 5641
19 7456
4918 2844
5252 200
2340 3948
111 3517
4556 7555
1695 7331
4172 6871
4162 2387
6967 4348
782 4178
5210 1499
339 4584
2165 255
1832 6444
6123 127
3728 5818
3912 6184
866 996
2755 733
311 6573
5224 7653
2033 3204
6488 518
4344 1250
3900 512
3395 4205
2733 5264
7472 5405
973 1543
6341 1431
2735 6083
3628 676
4073 4838
6848 6715
399 2206
6646 1676
6113 1921
6258 5746
865 7577
4706 5716
6635 6216
3101 1621
7498 5414
6054 1746
6983 1868
440 7616
6938 3742
4874 63
2450 412
1604 5045
5646 6203
389 3528
4666 674
4080 532
971 2424
2209 365
6774 1486
7128 7334
4281 4666
7134 458
7600 6516
2369 6492
5013 2803
7235 3906
7590 1703
6699 5190
6306 2030
4266 2234
7499 970
6617 5846
3075 5728
6004 5528
6204 4175
336 2192
390 6315
4266 3946
7568 1248
224 7450
4950 102
3273 6158
233 1167
3381 7011
3838 5918
7043 553
278 6111
1550 2673
1531 36
6591 2806
4159 3023
3037 788
6929 3505
5784 4982
7562 7324
7252 4838
3638 5404
1234 3075
5813 397
5485 3470
5345 2536
2495 2303
4808 6075
6215 735
5668 3216
3679 1447
5695 2858
758 4104
466 673
1232 6082
4362 1464
3159 6944
3629 4796
1578 7421
6903 4786
6577 5273
1153 5694
3803 5569
3124 4232
3580 5762
898 4033
119 6358
5277 6732
1041 3698
6974 4122
7128 5969
1181 51
495 6388
1808 7003
6523 7375
4162 5457
6159 7319
5649 28
3849 5938
2983 4231
5904 6841
1802 1979
951 3632
525 3001
2500 6837
5079 5821
398 3963
1223 2547
5216 102
5301 4808
6347 210
2823 1337
4044 448
6560 3684
2427 5288
1620 6045
2648 3296
4910 3009
1168 2917
3726 4385
5463 4005
4578 6237
729 2562
3091 5375
2684 4619
3894 2779
5625 1621
1693 6826
1603 1244
1360 3397
3665 868
5748 7156
5416 7279
2664 1603
1532 3076
6052 27
3264 3567
7531 202
1794 3624
2833 5918
5857 4990
7421 6609
4346 6325
7490 7375
5018 5143
2940 3300
2445 1065
3874 5977
5972 5842
3954 5709
6941 514
1141 5585
461 2461
3435 145
5352 4882
6294 1209
6497 6966
2383 3577
2200 1614
5182 2422
3391 2890
1516 43
2501 176
2256 2551
2468 953
1254 596
4967 5943
938 2605
4935 6989
3104 465
4771 3783
7626 6157
4414 7261
3125 1692
4401 2084
7578 1501
1547 4540
4820 1126
1460 1909
6230 728
7587 1597
4562 1940
4092 2346
1749 7345
6738 6089
5775 2683
1219 1048
3944 5624
1176 6227
7437 481
5540 5206
213 1590
6570 5436
1592 2151
6351 2491
2985 1135
1550 7293
360 2227
6998 4396
4906 6839
722 2411
4461 3158
528 6141
4513 2747
1805 7002
989 5517
4406 7332
2936 2631
6511 4264
5032 6857
1420 6659
4884 2867
4873 7125
630 5336
4276 5621
3796 6276
4387 2814
3344 4906
4383 2281
136 1558
4019 3335
3256 2503
4998 2296
3687 2009
2944 1572
4000 4985
7557 3249
3064 3226
5108 7321
6606 1228
3143 3468
7688 7352
2788 5519
942 6476
5279 5773
4382 233
4851 527
2249 1235
2452 724
2641 6540
4879 5994
964 1097
2538 5076
3309 6162
2122 5649
4478 6337
7585 4218
3541 6287
5382 1044
3893 7523
6457 1389
354 4412
685 1793
7598 18
1364 2673
3878 7552
7385 3119
4960 2137
805 1157
3454 6892
7460 2369
4604 4351
3468 6754
56 3877
5765 7383
5151 6392
6495 1196
6257 4183
4965 4197
5694 2119
3319 6678
2827 2917
566 2720
2740 1424
2540 5536
84 6953
2366 3898
4267 7037
1048 3014
1401 658
56 4222
7134 7302
2703 3607
7094 2241
6342 6963
5280 2530
4020 36
5780 6030
2193 2424
432 5498
2462 1532
4534 6027
848 1275
4371 1139
6507 5315
2486 2585
7673 1351
3864 3381
4001 7178
5922 6020
5637 5495
6994 1388
5675 4095
5924 2709
4899 6655
5648 3943
5764 6306
4552 359
4690 2487
1007 5633
5619 4608
5566 2912
5658 5049
6692 1474
1451 7504
2533 626
7422 5934
831 2793
788 7158
1276 1921
1224 209
2800 6381
4740 42
4112 5809
687 2468
1065 1024
5955 1491
4779 261
3092 5136
5757 5569
2191 3734
7294 2317
449 2318
4283 4371
1396 5998
5195 2721
7164 6986
6552 4605
7232 7007
1631 1424
3680 6186
5164 7500
6068 473
25 5262
5502 4789
5997 4868
5604 4792
5369 683
6377 4481
5049 6945
1362 4583
7010 2038
2635 5690
1441 3569
3575 1214
6792 5154
4577 4199
6932 3568
2248 5729
1585 1565
4918 2470
7183 5033
4851 3677
1383 2649
1392 7270
5563 2420
582 5760
4200 4729
1336 5558
6437 912
1370 3215
5280 2446
1154 1768
5201 1860
5589 4565
2159 1703
5462 625
4311 1248
6730 414
584 5507
1404 7613
2888 5194
7081 6966
4598 2444
6276 2457
1821 3015
5548 1953
6506 5163
3146 1490
2351 4069
3158 6274
1558 2825
6355 5136
864 3980
355 15
543 2157
1250 3390
2196 4538
762 3377
2175 2644
2751 4287
3793 6521
4657 5697
1048 2803
6291 7164
934 4338
1056 5895
7279 589
3385 5501
4384 5505
5605 4431
3297 6571
1993 1949
2143 2641
77 3544
0 3777
5321 3164
2002 7163
2545 2727
3050 5980
583 4442
7114 3599
2974 4570
1353 1524
2900 580
4110 6672
1853 3535
1041 5333
1239 1515
549 2914
4131 5516
5261 3075
5769 3936
5702 6375
3273 4294
6861 4103
1387 2576
4019 2609
424 1156
252 2053
7615 3387
7474 132
5162 5678
3847 5034
122 5947
1258 6042
6442 1752
3221 7154
3733 6727
555 6412
2012 6407
548 828
934 4922
449 6231
7030 728
2706 3270
303 7071
5376 6721
1896 6138
3197 6508
5175 4084
3106 4776
1472 5518
3800 3497
367 5946
4527 2027
6022 2325
96 1592
2906 3260
2536 6270
4997 2331
524 1902
5880 901
4160 5492
1219 2380
932 5766
