7403 2772
606 483
7791 682
433 5875
1597 1782
7146 7382
3637 3596
4103 7063
6979 4932
767 6228
6465 2342
1652 3364
4546 115
6060 1206
5758 264
7597 1119
5715 4554
26 6023
4106 1817
242 6233
2254 3281
5260 2370
2071 1842
3336 2708
175 83
4328 7136
4406 3167
3272 2381
2020 6258
7809 2267
4350 4343
4297 3145
1308 7191
7491 7039
4970 4077
4765 1609
5894 1044
1244 5057
1042 3615
6329 2536
1817 5127
3562 5376
5853 5960
2675 4793
2157 4961
7258 3094
2250 2610
2351 2563
7068 6038
1278 5634
2650 4742
6978 4975
4546 1954
4898 3433
3164 1333
4736 2310
2490 2319
1383 6882
60 3355
5475 369
3889 1607
6471 3223
6622 2638
2533 7698
1641 3516
4998 4671
3139 3969
4086 7862
2084 279
3007 604
7363 598
6231 2862
2164 5232
5431 1556
6493 5806
1739 1448
3553 4146
953 7302
5786 5749
4845 2633
1083 6505
2727 4364
6394 3584
5919 6382
6543 7717
1703 6275
4600 553
176 3801
2917 5137
6439 7608
3389 6887
5571 3586
6640 2163
1679 1495
3713 7105
5629 3388
2644 540
2126 4323
5884 4053
7419 5975
519 4162
1813 1083
146 4902
7241 3478
7836 4671
6838 1780
5788 7852
1115 3808
643 6621
6506 1433
3028 7684
1995 1736
4554 7394
1835 933
3332 6207
424 6534
2829 111
462 6558
51 22
3660 4977
6786 4238
577 6329
1342 7212
7695 769
4185 1617
4666 3822
6079 7756
5413 1468
4632 4134
1213 91
4193 7138
1667 5871
6599 6935
645 7449
4589 275
3487 5607
1022 3765
1172 704
2118 6887
1975 2298
7090 6107
1738 3808
2010 6116
7205 7509
2859 7286
4321 5339
6630 858
3697 1133
1672 7359
1663 420
7057 3007
6760 6092
7824 6373
1274 2935
517 1190
4651 6002
418 4246
598 3853
556 4629
3550 5722
465 4903
4814 5690
4848 5780
2252 6792
2893 539
3539 870
5679 5901
729 5502
2108 2846
1111 2150
739 5243
3411 3881
1313 1507
2959 4411
550 6629
5987 2271
1092 7180
4813 6992
2535 42
814 2313
7556 2890
5034 6229
5055 1224
4917 3867
5015 1640
1221 5731
820 3752
1987 568
3808 1758
6269 2975
7036 1881
5798 5333
452 6159
5610 4616
1398 4282
5762 6047
2236 3249
6800 2144
5964 2731
3339 5259
2884 4914
1561 6681
699 4639
7115 6282
4382 7302
567 4409
5850 6710
7822 5047
1871 5753
1808 7712
6539 7043
3543 870
5481 4900
227 1430
6523 35
5465 4145
7195 3568
3713 7164
4481 5022
7287 4744
996 7208
7042 7213
1668 6615
2242 4418
7495 6150
6611 5719
2076 5913
2619 2675
4735 7194
7782 6245
424 4961
3166 4533
5148 2256
4485 1043
3214 740
1071 1565
7568 4280
4997 5919
549 6416
2036 2113
6595 2277
6380 3192
6814 4024
3057 6421
2331 4944
5495 1123
1499 3670
1114 7640
7816 80
5452 6576
3154 1250
363 2202
1372 5673
6169 1131
5718 801
1523 1569
6864 4811
2694 6797
292 6724
4256 3829
996 1453
474 5549
2168 2637
589 7821
3674 3392
5067 3633
6013 6010
6212 7070
5432 7704
2597 4713
287 6774
3415 528
560 4139
3378 2664
6104 1090
4470 194
3747 6779
4488 5172
6438 7181
254 1249
4871 3006
4693 3259
142 4866
2020 4489
2194 3493
4658 7456
6300 2828
7644 2997
2177 1322
5288 7254
3976 1044
5906 145
3642 3056
2557 1026
914 5889
6707 5915
7601 1420
1219 6902
1334 6300
328 7324
6740 1775
5947 146
1488 2058
534 7617
7163 2644
5059 1991
3129 96
5732 2308
663 6832
5216 5328
4248 7018
7751 4531
886 5410
1380 6955
4921 1726
4272 6562
29 167
2717 7217
2197 6299
4329 3726
7536 7229
4568 707
643 3477
5399 3366
5617 605
3110 6234
1188 5933
726 2402
169 1425
21 6548
5295 3987
5761 4199
1877 5320
415 3195
3901 5421
3845 5028
2382 2700
7798 7702
2406 7631
5985 5348
6909 4864
70 6743
4589 6295
4432 2295
6579 5997
2822 2601
660 2203
7041 4336
4917 6471
3794 1726
169 3611
3402 4042
6040 3077
1573 16
3121 5462
2985 6389
390 2492
5000 7581
3912 6930
2653 4439
7042 1214
6006 7704
7071 1679
5882 800
3948 5784
4854 2519
3304 7102
2500 3676
7898 6046
2807 6661
2133 4367
4739 4618
5772 5663
2498 1135
5129 6980
5461 1457
3708 3455
7549 3876
4297 2905
1194 6936
7722 2087
4702 5346
6068 2220
19 2115
3701 357
589 1828
1182 1756
6803 7445
6871 7762
7613 6292
5576 6200
3680 2437
6165 4337
3308 1197
7578 6323
711 799
3804 4639
6718 2451
7567 5479
5951 5542
7224 2031
4418 6487
4372 2963
797 2341
5872 7537
3612 4566
909 2902
4695 3596
5563 4476
3567 1670
1993 5580
5711 5430
3724 5477
3075 6310
746 345
2772 3025
4119 7567
4119 5128
899 759
7469 7287
4254 439
7261 4011
107 2854
6696 3757
2452 2351
6797 3809
7684 4544
6764 1640
772 3252
7553 1555
6241 7248
1246 1781
5571 6494
7031 2637
1514 3980
3807 3726
4001 2477
6384 4436
4431 6009
6876 4041
7551 1943
5978 296
5789 3123
852 7361
1004 506
823 3349
855 2767
6253 3962
726 776
5856 1956
5398 2178
2887 4247
6689 3870
3138 5625
321 5250
5479 4967
6389 3175
1187 572
5973 2829
2657 5310
2610 312
1029 5382
2889 6606
4062 7154
6822 7620
3966 5498
2847 4022
2065 5009
5975 4623
2534 5638
2205 7304
7129 5455
5592 169
3472 4049
4380 4850
4349 6786
996 7733
4273 4597
4687 7850
6775 4772
7351 4771
6878 1379
7293 4882
7853 3684
5670 6432
3161 6403
654 589
3163 7258
3426 4862
6440 251
2169 7231
526 110
2461 1039
156 5505
2845 2753
669 4253
2775 4465
3131 3107
631 2468
240 5789
6690 3617
5195 6668
893 7472
6767 535
6491 2397
4320 5426
3390 6235
4103 7601
6406 5607
1328 4435
4987 4117
1109 1535
2472 6785
5086 3942
4570 1779
3288 6679
1672 545
5751 5193
2146 346
6638 143
2265 2848
1663 4750
5277 6838
5899 4555
3926 2228
7889 7599
4736 3249
7341 6109
3877 5516
4015 2512
198 3135
5450 3443
7555 2376
1625 3922
7201 5993
4217 6937
7414 4084
6090 6823
6331 6748
1240 6901
1289 6239
647 4570
6478 197
3738 536
4711 7578
2085 5357
6231 2052
1726 3208
5255 3648
4134 874
5358 3494
3986 1985
5785 2632
5836 1985
6935 6297
801 2218
2499 3824
6372 3050
6403 2489
53 7851
405 1546
1917 2865
4304 4850
2265 4986
3028 2527
7102 2711
4340 1698
6351 3988
726 6462
1558 4271
2051 5773
7546 4871
5892 6667
4427 1368
5543 2177
6572 5467
811 3785
986 1135
4315 2813
1861 7646
199 1002
3268 5203
5052 2908
3922 2666
6386 2859
7024 967
4889 1861
4791 6855
2269 7403
7022 6463
7744 5342
2897 379
513 1311
1964 5656
7150 5474
563 6159
415 1260
4308 1395
6434 2052
4085 4641
1340 1446
7256 3715
6418 1232
5040 4530
2857 2956
6557 445
6224 2518
2562 271
1908 5871
3977 4549
2766 3912
5216 2186
2264 1682
2800 6015
5514 1414
1790 6703
900 1629
2181 6284
4406 5537
7248 5733
4669 1568
737 4993
1424 199
2573 7504
7802 6762
1178 2196
1959 4855
2046 1874
5931 6828
1705 4876
1972 6491
5991 4564
1787 2533
2765 4275
836 7658
2125 3347
7384 6085
3373 5426
2488 1388
2248 21
6534 311
4585 7282
4672 1867
871 2407
6055 3549
1726 6364
6743 6869
2738 3987
6212 2689
1004 3426
7670 6750
5186 2361
1114 5360
7514 330
5788 2777
5673 4239
7489 7832
10 4007
7070 3424
225 3266
3580 3334
3932 4244
780 3322
2461 4216
2991 1526
1119 138
7062 4954
6611 4306
2863 4280
5244 571
4487 5006
1607 3693
7009 3511
577 2931
2217 1142
3246 3170
858 5379
1634 1987
551 7184
5042 4524
3540 6536
890 1883
1993 6984
1208 1906
667 2714
5434 4954
2739 3107
5997 1923
7641 3512
6576 1182
1949 674
2820 1216
7842 1247
5562 7607
3655 937
3799 2866
5304 5802
7440 964
6499 7398
4274 7046
4563 6018
1345 2148
3614 1941
9 6014
7273 1816
7554 7320
6842 7611
6757 7163
7831 3903
6764 7127
7578 4429
3947 6695
5941 4225
1274 1139
6867 7503
1351 3105
7354 4263
4444 3599
4732 2855
2810 4481
7074 1119
2329 3273
2207 1180
2511 731
6469 2779
3477 5358
3354 7498
966 385
5318 6473
2911 7487
1574 5915
3448 5608
4693 5786
6263 2032
2175 2485
4151 1061
6050 13
6065 5476
165 3859
4380 861
565 518
5200 866
1816 4237
3167 5827
2004 3493
4768 1819
4400 6970
6557 1842
3014 6911
1524 1375
1029 2279
7182 6177
624 3297
4063 6843
920 1760
6763 7697
4802 4409
1002 525
7160 2363
7088 7655
1169 7278
684 901
3777 3956
5222 3743
5899 1965
4612 3867
4628 1625
6042 6486
413 4256
4138 3076
6124 317
1027 2413
48 7640
7843 1876
2453 2871
456 4425
6132 3348
2260 1627
7709 7561
1203 2392
3972 6701
702 4458
2517 6539
3535 3642
4703 1857
351 7352
7688 911
2206 2415
3699 7190
2950 1275
7693 6096
5827 3317
669 3954
6631 5838
4595 3862
3105 7237
4419 3506
3999 5579
7279 7101
1197 6388
7857 4889
658 3488
978 2187
5935 1519
1600 6596
5427 4387
7714 2916
3585 7420
6721 969
3290 1187
7508 3038
2350 6620
2974 2490
2178 1597
229 4172
3736 6957
903 4756
4350 1730
328 5196
1682 5948
6718 4058
6423 4226
3001 2139
7270 1018
3499 6873
1672 5124
7532 652
5095 2191
2352 4895
7821 5462
842 6743
2708 7615
5249 414
2032 4503
5611 6806
4063 2834
3213 911
7026 4936
2393 1763
1526 5281
55 2265
870 5406
1595 7138
277 106
6641 6221
2176 2572
3795 4522
1329 7814
4588 5762
3439 727
1898 7665
5201 6726
6413 2400
2351 1327
3448 2214
1721 7688
849 6026
3811 5337
6477 7416
6118 176
1070 7209
5504 6980
1168 1001
6615 2917
4791 4473
2784 498
5915 2649
7318 987
167 2260
3435 1190
652 1878
2719 5228
2270 1652
5280 5028
5109 6636
2427 61
3466 5567
3292 4374
1496 6900
7358 856
6851 4002
7550 1423
4332 6503
7017 3661
4014 49
7205 3265
7826 5141
4160 6243
3601 4986
1533 5337
5336 4175
1721 238
5237 7239
6969 2459
3813 1416
7390 4
7114 4146
6701 6284
7122 6661
7566 4645
991 3340
7206 7255
3790 2818
1772 1017
714 37
2521 7239
7382 106
6962 7382
6800 4504
3971 6441
4025 5831
5067 3724
6194 2757
455 5952
7376 4681
2453 2447
5984 420
6757 241
1871 6473
7675 1360
2938 5224
508 7001
6782 2308
1540 2922
1833 2387
6813 6172
3569 3371
3397 4040
834 4906
4010 1610
56 2538
4738 5165
7691 1791
707 7572
3067 4906
5349 7691
3996 5825
6383 5777
5546 2745
2721 797
7526 2107
1423 5010
5121 7139
6948 925
1311 942
5194 4376
5896 536
5349 770
7615 1830
2183 1766
52 5062
1630 639
4892 1989
5926 4969
5712 6733
1023 7303
1199 5962
7331 3966
2680 4839
5892 7679
5028 7301
5724 6776
4145 1283
4766 1131
2709 3248
2330 1356
5043 1948
7359 238
7610 3967
2520 2226
5129 2720
1612 933
5614 1057
1386 5883
5055 5127
6022 6800
1541 2162
4351 7799
751 4639
6078 58
5980 6267
4639 6870
2107 6443
3626 2604
4399 5649
6470 6812
1217 1803
2206 1894
5681 2091
978 4503
4315 1303
7460 5619
42 3922
7616 957
5494 5669
7607 6030
6616 4236
7123 468
7278 3065
5408 6004
4018 4
2047 3251
5907 7020
4500 5746
2875 3766
2763 3452
7349 5980
1755 7861
1372 1829
59 4010
365 3255
1250 956
5689 2222
2838 858
3710 3113
7153 150
1451 1604
7468 7455
421 7821
1825 2594
4813 6051
7780 7276
7456 140
443 7872
1218 3962
1343 2302
1426 7003
4815 5115
3284 6539
2179 280
5396 3132
3114 3486
151 3384
6836 4860
4977 2169
4351 7662
3390 4493
5850 2889
4171 3525
7117 5591
4224 578
3840 3913
479 5280
4558 2804
4727 1644
7498 1105
7832 6092
117 4510
1445 7593
2608 1914
7224 7152
3721 4569
5626 905
4848 7872
733 1158
2099 6451
4910 1173
75 7479
224 4534
3536 102
3125 7636
5484 7611
4865 4250
4388 5323
3201 3822
391 961
765 4554
2119 1631
4733 6815
3463 3541
6183 4051
4927 3711
7325 2826
6296 2711
7055 2278
3023 5481
6579 3548
4657 4877
1329 3031
1865 2831
4095 4484
5554 4640
5858 2272
6361 5928
707 7150
1875 5956
6356 3549
4403 5848
6440 3730
814 3147
4954 3634
5800 6118
4223 2580
4788 2282
2830 2458
5369 4957
4168 1667
6524 5709
1645 6876
2458 3689
7833 6308
482 3905
1770 4546
5729 41
1323 1061
6917 49
6486 4100
1792 3464
636 787
1534 7059
385 2043
6245 6314
7207 2070
438 2598
3515 596
3924 1586
6890 5086
6731 276
3323 3760
3683 5050
6839 4670
6483 5730
1879 2071
3393 1016
4754 1667
5882 5020
2366 3666
35 6797
7512 6310
3592 4289
7660 1239
4378 298
2775 5539
4508 348
208 4305
1667 1000
3035 458
4053 2227
3945 6234
5620 5001
2506 2381
5073 1749
2924 4192
6257 2366
3131 1811
596 5620
579 2965
2008 453
5127 3989
7577 1951
3309 3979
3251 2906
3679 6445
5574 258
55 1631
1130 3795
3146 3188
4482 931
3744 1047
2314 6962
3381 1937
4509 6272
2866 2122
1438 3919
822 5124
5431 4347
6218 5225
5137 149
227 3762
4443 2368
1959 7266
945 7775
3293 3378
3078 7415
3871 6289
1725 5217
6593 5915
593 1013
3071 3682
432 5025
516 446
4138 5310
3110 4468
1059 304
6192 4566
6623 7369
6427 4657
1347 7645
2012 4619
5388 2092
1358 2412
7712 6225
7640 6773
4005 6891
4739 3913
4470 7787
3005 7401
5005 4186
4299 6194
6083 2003
4649 1824
7759 1857
1623 7234
5986 983
6485 2705
2533 5753
4392 4514
6734 641
2332 3309
7836 1442
3253 6236
2460 4412
1094 3665
184 6716
6771 6616
5656 7067
7822 4733
1466 3880
685 5499
6900 7543
5947 5558
6744 4046
7055 3003
3054 6914
5915 641
858 4317
5579 6242
3810 6460
1966 1112
2897 1528
2023 1967
274 5055
2236 1405
2818 2885
4523 922
4004 7501
5298 4042
2366 926
2989 4641
4474 1054
4056 2893
4860 5902
3515 5063
1144 2732
7234 5132
4745 7362
2078 2922
3560 3104
3822 3176
303 4058
6699 3326
229 868
5182 3579
6819 7359
252 5553
741 7692
1056 6487
1986 4800
7650 7587
1335 7307
2420 6941
1142 3186
1989 6569
2484 4365
6612 4393
1994 7605
4511 507
3661 3540
5296 7615
7482 5351
4148 420
4559 1561
1498 1237
6179 790
1340 7634
7765 3773
922 1437
5252 2028
6981 6104
7409 5083
3774 1185
4271 6364
751 1954
6139 3674
5459 7550
643 1347
3031 5465
1555 3884
7054 5671
7656 1029
665 1489
6767 5195
4724 3482
3410 5812
7036 2407
4031 1700
2929 1527
6309 1361
5897 5501
7418 1849
1264 4577
4115 2603
2123 6091
5179 970
4152 2503
6296 6246
1868 3958
2093 4372
724 5912
4829 2153
7054 4059
1046 5411
3324 1728
532 3153
187 6378
6128 7437
4249 5312
3066 1915
7029 5328
7702 6426
1229 167
7084 6403
4234 2231
2152 7297
7064 2948
5185 1105
6573 4591
2342 1761
2783 2440
2817 4665
1910 3232
5276 1435
1240 4891
6883 7839
5857 6592
660 6772
1660 4423
3424 3645
3339 5883
5874 293
1183 2838
7820 4318
4395 6310
991 2716
6015 2879
528 2999
5726 5275
5654 1590
464 2221
466 6151
6675 4577
2945 1273
1517 1417
1734 256
4439 3082
772 5305
6357 262
457 362
7029 1670
1409 4044
6330 256
5276 1599
2319 5523
3774 7095
3982 2583
1004 3467
4486 7277
7289 4280
4008 5847
3269 3168
7177 1268
899 4724
3727 6003
3194 2939
5907 4270
1060 724
4450 1736
3938 5255
732 4672
3288 1005
5701 149
5881 1987
1536 1746
5500 3374
6390 3161
2447 3157
4651 445
3253 706
4804 7846
6931 6666
2745 6635
7284 2484
7443 214
597 7126
3398 2130
5467 3309
6609 2090
2792 4046
3587 7474
4134 6530
4506 4144
2780 5366
6971 4726
2959 388
4772 3479
7845 723
2626 4483
1761 2653
4611 1179
6862 216
5661 6914
4093 5802
2066 3955
5294 7218
1379 4288
419 6644
1516 3428
7697 7757
3134 6929
7662 2233
2412 5181
200 3474
2047 6024
6363 6446
1576 6439
3896 7748
3293 5911
1965 6900
5293 6747
342 7289
3054 7172
967 1249
1593 5121
6314 7064
6811 6368
4212 6973
3514 4861
1187 5095
928 3152
5734 6559
2534 4477
804 1452
805 5304
1167 4544
5305 5911
4389 3701
5410 1710
6751 7872
5800 4478
4262 317
3780 7818
7471 7157
132 2726
1558 1210
5577 4553
1798 2397
4367 3634
4477 7710
1107 6727
216 7801
1490 7163
6595 5076
1280 7691
2193 5126
2845 256
6901 5846
4967 4155
6098 6009
2414 2317
3470 1626
4329 1110
219 324
1197 1758
3020 7883
6801 6108
1394 7739
7296 547
3966 6439
5796 4514
490 5626
3520 6615
1249 3688
5145 7271
2248 7111
2762 3854
2867 2737
1234 291
1214 1074
4671 684
6496 7632
828 6245
4222 487
6992 7678
7453 4138
154 210
3198 4408
3866 7742
6783 5368
4794 3579
6627 862
3550 1557
3892 2225
1774 1573
6381 7810
6541 4589
3738 159
3007 3856
1444 2105
4161 7153
1770 1201
5933 6009
5086 7769
5702 818
2581 4396
3757 125
6937 4519
4745 2037
2486 80
6174 5226
1237 3521
4384 2917
4070 1773
2164 2963
4308 1267
1343 7307
6473 5948
863 402
6164 3748
6560 7634
2211 2745
767 6147
1232 5404
736 7047
4 3356
1197 7776
3998 7329
1319 5331
1931 2946
1649 4880
3274 5288
5379 5041
7875 4291
3694 2038
4841 1246
1473 3471
3064 1158
369 4652
2771 2029
1446 4562
5715 3566
1033 6058
6345 7337
5558 6888
1773 7605
4823 4726
2698 7201
7404 4035
3052 1225
7363 1939
4034 6774
5451 1281
1505 1177
1892 7420
5074 7680
1103 2163
5290 3098
2604 2572
2960 4922
5841 6292
3353 3728
154 145
501 1856
3174 4985
7491 6532
7213 542
4409 4637
2101 64
2842 597
5855 6295
5384 1728
7139 2602
4958 6476
5999 4930
5965 4791
1289 5662
6967 6246
5833 6445
7377 6905
6906 4882
88 7602
4965 7704
6699 1261
5484 7199
2429 1701
3349 3886
5071 3494
2830 3978
5098 5236
1446 6672
26 6705
6909 4195
5498 6726
4474 5051
7103 498
3802 6754
6528 2973
7880 7328
1973 3749
7798 6206
1929 6919
6437 2811
1346 0
3557 5188
4219 4754
6664 5570
5701 7343
4926 6823
2422 6102
5355 4025
7676 6090
6584 2015
1511 1403
3780 5470
1745 4322
1858 4359
2820 4609
468 2316
2377 4058
463 6384
297 1298
3674 7425
560 3717
4174 7073
7897 5576
3709 5145
1942 1138
4364 2767
5724 3489
7325 6510
6649 6650
6716 4852
4298 4417
5542 2716
4952 3958
7641 7866
5867 6696
6869 1084
4909 1780
6763 5682
1376 1581
1407 1210
4215 6412
6560 3099
604 7187
3973 641
7867 765
5256 2702
3192 613
470 6363
2491 7795
1666 3869
3177 819
4950 1847
2414 4995
852 1402
2614 7066
739 2296
2385 2260
1922 1414
4234 4713
6802 2989
4357 2606
2475 7784
5098 7762
3410 857
6074 6134
978 7445
5888 2669
7376 62
1745 7875
7734 6712
3768 1721
1223 3343
7718 7669
5745 6933
4651 6303
3133 3248
3430 4553
3524 6703
4047 444
4252 2802
5853 6573
7305 6096
2584 60
270 7701
1272 5203
1155 5073
3769 3343
1232 1436
7292 3043
1329 4532
7830 3113
98 1484
6349 2607
5847 5215
2047 3587
45 5987
2784 3388
7815 3676
6832 5929
5895 2112
7765 327
4281 6184
591 4104
3594 4881
7169 6922
2295 7510
7108 5207
561 5867
164 1531
3993 2407
4939 2791
5856 2842
435 5382
145 13
7804 7788
3144 4420
1771 3320
7488 1399
7846 1075
296 6856
2019 7268
4182 6444
6321 5949
2885 5973
6594 3850
3449 1100
5887 5260
7719 5013
6978 4615
330 6569
3745 6186
4877 744
7106 614
7666 7119
6535 378
3740 4376
816 4238
7506 2902
3759 4738
1207 800
2855 6519
5651 1410
5322 2673
3388 7143
7161 379
2399 2518
3207 7629
6297 6911
3621 6355
545 4463
105 6984
5564 2469
2686 1278
4264 671
4029 1432
6607 7209
234 4090
5196 4712
953 4724
2160 7788
5428 2728
3874 2104
7377 3813
3166 7707
6102 2349
776 3457
5621 3944
4897 3423
5243 4167
1227 732
5805 7717
633 6801
7457 6508
7394 4779
4087 4303
2847 6208
2815 2111
1689 1221
3568 4008
490 2944
4244 4052
2187 554
3207 4175
4623 6938
1402 6702
2679 1141
2523 1638
6413 4334
3703 4088
2735 1223
4441 1216
1793 5936
3375 754
7552 4482
4055 4453
1322 4120
1787 1355
351 429
4126 7598
7857 7263
4899 2262
6476 5725
2364 6495
5334 894
4764 4434
5311 6007
6774 337
3925 7074
4606 7072
3181 7702
6231 3844
5725 2780
1279 3730
7667 4084
1202 407
5316 4065
6993 7595
5771 1969
5980 7360
5861 6664
2552 7695
2520 108
923 6871
5484 5376
1849 3982
4850 4495
1055 1460
6593 1829
2500 2609
4363 2152
4272 5795
272 2503
7150 6842
51 176
2574 4821
3314 5829
2695 7299
5412 7754
7899 5014
422 6581
2273 7599
6478 4646
2456 4711
4592 6750
4534 1574
2516 3500
4432 1942
4709 4283
3673 5639
7124 7160
7447 4090
876 7539
3637 1072
4402 5260
1967 7762
3163 3313
7308 2080
6445 3503
5702 3519
2159 3851
2752 5278
473 1930
2449 1112
1023 4648
4078 2280
5302 6966
5518 5979
5637 1608
1782 7209
6651 6639
3586 6175
2006 728
791 459
1864 4517
2212 4593
1766 996
2417 3087
1010 4827
7592 4981
6157 6179
2145 3051
1870 6541
5411 3396
3791 2270
6178 5599
7702 3611
7889 1693
6949 5546
3415 7223
302 5785
5174 6717
93 7017
4314 3296
1839 4866
3816 5401
6601 6698
2414 2840
267 347
4356 7416
2731 7523
5197 5580
7167 439
5968 6887
554 2872
4362 3225
4979 6126
5433 6443
1215 7466
5128 3814
7285 5756
6758 4655
3600 2211
3577 6970
1706 4049
1502 2825
3009 3022
1119 6272
2066 4812
3702 3099
4937 1929
3710 7092
3504 6650
1264 2939
2113 3444
1447 4472
5587 4845
7197 4157
6353 1444
4554 5585
5137 6095
120 7161
3464 6067
5556 2553
6523 6010
43 5528
2400 372
1221 6033
1295 4379
2761 7649
27 5262
5551 363
6757 5112
3322 3673
4059 5903
949 7882
7222 5100
2787 3110
490 2990
7864 3082
5611 3800
6232 4321
1766 7847
1109 1466
3134 7897
6573 5709
3733 5348
1524 2893
2555 3722
468 4605
6337 699
2418 3304
1592 3809
1478 4934
765 6688
6267 1972
3701 2927
1945 3331
2938 4745
568 2222
957 1665
6462 5067
2638 7626
4170 1309
930 6067
6748 91
5440 740
801 7232
756 2781
6035 1202
5374 3547
3009 2141
4018 6090
7249 7739
457 1715
4300 146
4574 3451
2740 4814
880 2532
5785 3453
5333 570
7117 5604
4588 5827
2558 4037
5061 1005
3394 74
1381 1773
1967 5165
4641 3058
2589 5815
1650 2887
47 937
6483 5231
2238 1820
6289 1570
3094 137
7189 7328
2428 7392
6773 6382
293 1279
1139 1305
6496 994
3901 6601
7899 443
1878 6615
7256 5204
3015 527
4575 2832
5511 3312
4205 2527
4418 6541
7783 737
232 6505
1217 5647
7546 679
3514 2967
6218 977
6228 7038
6827 7179
338 711
3961 2693
5659 1086
5834 4865
1451 6830
6887 4606
1484 2900
3930 811
6797 1470
220 932
6319 5121
6292 441
7537 7172
4667 784
3391 2934
3855 4715
2145 94
6830 5703
5545 3809
5712 1715
6687 3411
7214 1855
7124 4192
5855 3666
1261 4028
3500 7754
5746 830
963 5608
1819 5487
2332 2362
5717 3449
6009 3946
2078 2087
1938 1290
2271 2296
3657 2456
1426 5540
204 5885
7364 745
2699 1549
1765 497
7197 2459
1667 5890
6135 6864
7338 4947
940 4293
6217 5313
2009 3538
7646 3570
7336 7133
2864 4845
2985 3997
3222 5920
6817 7209
305 2680
4127 7472
5719 1803
917 6546
1198 4400
5240 5785
2367 5456
3380 2147
2640 3372
4154 49
3378 7364
493 421
6597 7679
6907 664
5650 1176
7773 782
1398 6913
2651 3332
2157 3662
5218 1896
4970 3650
7005 6392
7583 4515
2146 2177
6153 3316
1445 1662
3644 716
5627 42
4793 4341
5005 2991
4874 3599
2113 4129
5388 1052
7386 3431
2836 1125
5540 1625
7628 2638
463 1679
3200 7795
2665 1482
1288 1827
2110 4189
2182 7731
3892 4364
7301 1965
3773 4436
5266 3209
7512 7394
1858 1584
6862 2919
7281 3724
2109 3172
1283 4506
4494 4660
2623 6885
6077 6347
2651 5634
6125 4562
3310 5972
4912 1902
241 5153
1604 4641
5382 2279
1171 4600
1469 7387
4957 974
7791 5464
4607 4850
7527 3528
2970 7058
4457 6272
5219 5380
4751 6201
49 3117
2086 3908
1417 3592
1632 3910
4065 4201
7330 7240
4909 3180
5433 6272
3584 5714
7289 6820
5549 3315
7702 2221
2026 7389
2336 636
1241 7352
4911 3332
3188 1983
6769 3397
3297 4460
4790 2172
1069 672
5549 5925
2 334
5253 5566
5202 5250
4261 1261
4080 1434
4649 2069
1703 3133
6366 2558
2786 3304
4064 4939
936 4051
1262 2402
135 6620
740 5931
4381 1610
7829 169
1314 5693
7653 1126
4525 6306
313 7050
1643 7696
7143 3608
4701 55
3873 6505
7347 1248
7649 4738
6334 4160
2223 4180
2219 3281
2174 787
5390 2172
7198 7832
1497 7002
39 7877
55 551
6431 371
6558 6628
5714 770
6712 5189
5935 3354
1750 3883
7455 6265
1965 6572
4846 4690
5090 3210
1047 5356
2195 4509
5742 7579
1384 3085
1276 1189
3777 5323
7594 5165
4465 4712
502 2503
4060 4553
6454 5236
7898 2554
945 7843
2163 6826
453 6989
4847 6412
5895 2678
4127 3728
3102 5294
6422 1409
2666 5631
407 3544
4257 1508
5940 5682
2708 3139
720 7410
364 415
5547 6185
4381 4510
1454 3071
1483 4059
3262 1523
880 4784
3945 795
338 1635
476 875
7085 2819
768 5301
3242 4382
3620 6258
6111 789
105 2156
5288 7396
6949 6395
6735 3008
7823 6209
5760 2539
3283 7210
231 1048
6486 6637
6082 4236
2280 4635
2764 6329
166 4726
2356 3561
7440 4041
2352 5995
4011 575
4017 1754
5569 4245
1252 1507
1598 2522
2832 7806
6367 2882
5915 4312
6106 7163
2766 3293
1516 6112
3648 3113
7179 4311
5779 6785
2353 1187
4719 2539
4346 2439
6949 5402
7574 7823
344 189
4026 1060
582 5635
85 7275
6217 2386
60 1315
5810 6653
7132 3051
1628 2666
7168 7384
3239 2065
6797 7400
143 6286
1713 4261
3847 2235
1545 4328
6582 6047
3096 7697
7848 2951
6754 1780
1952 6372
6694 4047
1171 5524
3934 680
4105 5170
7049 7158
3648 4773
3186 3211
6624 17
4986 315
7859 2302
1052 2041
1686 1573
125 5180
6881 4909
3952 4602
7437 4479
2238 3829
375 7811
684 338
2290 5220
3813 5015
5169 2041
6872 6220
2387 7786
7267 1171
1596 506
1873 7170
7045 4339
7326 5818
2205 3665
2869 617
4219 7483
7569 6531
3515 7849
249 6934
4084 7327
3781 3677
7608 6591
2057 821
5032 1894
149 6992
344 6835
1107 310
3287 3577
4150 1573
1072 284
1368 6144
684 4852
663 1288
3908 70
3129 4060
6422 4968
4153 6963
6740 84
6291 592
4614 5621
5979 7306
2358 722
2031 1066
6395 1648
7542 3102
717 2086
388 3972
4510 1763
4724 7068
283 4973
2175 7669
5948 6429
3161 425
2542 1073
1774 266
6875 3043
7477 2054
2438 2916
929 3706
3557 4411
1898 3587
2593 6061
6528 156
4957 7006
7592 5632
1108 5764
2216 6881
1617 145
6520 247
7696 715
7154 3347
3347 219
4762 888
7195 7074
5901 107
4222 1548
600 7867
7367 1243
1042 5535
1741 2905
2590 5145
5299 1326
6566 5501
3992 2060
5230 7651
7851 286
341 1938
1843 4556
5807 7076
6918 125
3727 5123
4280 7211
40 2182
2415 3524
4156 866
7173 21
4456 6617
6910 1008
6651 7837
3141 6471
2085 439
6134 1553
5307 5526
6914 6854
1638 346
6898 726
5394 7809
1825 6827
1042 3632
7278 794
6550 6861
6767 2477
6197 7530
1049 320
84 2158
2372 878
179 1328
3646 4912
2459 4348
7059 2592
1886 6034
6556 1640
4272 2902
4367 2173
546 2470
4715 5895
1141 55
3789 535
6481 990
6679 7236
5316 4944
7180 7269
2290 3814
4769 2204
5922 2315
1643 99
5755 4980
7031 4907
5514 57
2520 6718
2509 7314
59 7630
4041 2609
1601 4669
6776 291
5300 6696
5957 4638
3095 7060
1637 3793
7054 831
2412 4924
6627 2752
633 4888
5288 4659
4824 391
285 6332
4269 7113
157 3912
78 5518
1121 4013
2646 4320
4445 3530
5208 2045
2004 5314
2236 6997
4419 1255
2977 4698
4093 4348
136 5850
5262 2837
801 6343
2026 2687
7204 6663
5889 1239
2831 3618
4114 3795
5995 4168
2081 7376
3132 5756
7106 5152
3876 7767
6648 7792
2556 4738
3122 7694
2149 1994
781 3092
1233 962
4855 325
2729 3516
3276 7405
7513 2195
6960 1897
1216 2757
7797 1433
4910 7612
4847 2938
4887 7069
6773 1744
1229 6912
1894 4000
1151 2636
7014 2100
4598 5792
7740 7192
3340 4729
4825 5274
1291 6974
4135 2993
7392 430
7340 5086
2406 6816
5993 5431
6095 680
4475 5977
4270 887
3833 2376
485 2541
3552 3514
6162 5596
2433 3617
3725 3860
2457 788
4534 3534
4935 5436
1303 2642
1626 2930
6404 7477
2981 7237
3791 6613
6854 4282
45 4707
7143 2100
4869 7523
3020 3617
7006 1090
1757 4696
7433 7718
7219 5717
3714 148
2720 1902
725 5415
5020 5273
4759 3374
5059 234
863 6574
6332 2536
5514 3277
868 4252
1991 1975
5613 565
13 6335
1490 320
7426 4608
7536 2772
1071 747
6573 3239
3694 6768
525 4523
932 6308
1487 7451
3887 5560
6920 3842
4683 7717
3671 1738
2289 3449
4055 5987
632 4459
6130 6311
714 1896
7290 2289
5340 4640
2960 4982
222 7829
2346 908
5910 2482
7605 2828
6771 4420
7 3072
3101 7674
6210 6540
3800 914
5011 7177
2967 145
4067 6039
5920 6264
2252 1573
3998 4742
5383 1601
7650 4317
1310 3085
6986 7653
3349 4460
2811 7772
2439 98
5755 1945
7747 6087
3157 4712
100 6533
2333 6522
6747 2329
668 166
6619 7031
7804 1595
2444 1886
3820 362
917 2333
3472 5032
3923 5277
6056 2090
1439 705
5579 1165
7655 7195
3811 5
655 6743
5636 4649
3523 2065
5054 116
226 2367
6823 5871
3801 4113
7346 1843
6292 3473
3351 5540
3342 5381
3333 5568
5432 2703
7734 99
7091 1220
6270 1891
5451 1169
7277 1187
3375 5542
5814 5644
3798 6330
1691 7511
1279 5840
7235 3300
2118 3780
3036 2721
1560 3989
1426 1492
777 6283
1428 6894
6345 990
5346 3399
3528 7629
1239 3363
4927 689
2881 7212
4837 6359
3663 7375
7242 1173
1051 4833
7876 3034
4111 5554
7275 4244
6919 461
6267 2602
2984 6559
234 948
2075 1226
4671 1826
308 5338
4171 5306
3458 2471
2594 7494
6152 2454
3986 889
111 2874
5449 1895
211 3427
2881 1444
7448 22
2169 3366
6019 2985
878 5071
4845 7250
387 4664
5520 3295
5475 3689
4068 3320
2474 6471
150 1400
1175 6420
5845 1875
6405 7711
5017 161
528 767
4005 7021
3372 414
6753 4037
3217 1695
745 4565
6905 1184
2449 5303
3091 5322
3961 4749
4080 191
3589 6118
5237 4566
5439 1044
493 3183
7817 3892
7149 3678
3263 4633
2006 6618
3637 406
1619 2223
5022 706
4004 521
4501 573
7450 5852
7660 3889
3889 2381
288 3036
2948 3211
2064 6833
7140 6178
2726 5003
2428 1193
1641 4045
7006 6047
1020 4973
4523 5997
7659 2872
5269 479
3624 718
1518 1985
5462 3495
1472 4553
3439 617
1179 746
6967 3731
387 1613
5849 1771
3533 788
494 3099
6317 2407
4813 7877
3375 3335
3018 4281
4482 7287
7524 3854
177 2394
6277 3389
5373 3635
4980 154
4784 5344
3907 2096
6977 4098
7786 1203
5668 3102
4320 1034
5301 1289
3565 1055
6797 4494
543 3104
6990 7364
907 3819
7017 1886
1967 7090
7277 4436
5045 4186
1354 7745
6897 5861
4663 7279
5816 3448
6205 2380
6339 258
4646 5782
4620 4443
2295 2093
32 4120
7238 5122
4325 4428
2104 3808
7834 5334
6887 3771
3366 650
6392 0
346 7870
739 2856
5152 7737
4504 1678
717 5743
2111 1204
6394 3412
1115 4970
4226 5327
3060 1929
7644 5723
6971 2643
1952 605
7219 5900
1657 6233
6883 3863
5167 7783
528 3735
3062 5907
3364 2752
5991 7665
6780 598
2982 7666
3566 5383
906 6756
7428 2550
5817 1165
3726 2244
7740 2651
354 3596
3424 6576
1823 96
4510 3265
5039 1630
4201 2405
4799 5529
5238 3175
5214 1396
1881 4394
212 7861
7063 2479
5921 4252
1387 4957
3417 19
5335 5592
4604 6550
1075 6970
224 6684
7277 7742
5299 2828
4078 2068
2715 1126
6269 2247
6140 1802
6946 4228
3178 244
2529 4495
807 7495
5520 6579
2244 1808
6019 1332
7128 5586
71 2660
5714 2547
2019 3955
7737 7253
7617 5635
1290 6991
6672 1664
2498 377
3618 3387
493 1220
3616 3466
5671 2331
4709 1804
2011 826
4733 267
7370 2132
7492 1394
7781 6164
1101 5909
7899 1558
1113 3691
770 4800
3767 6286
2237 6056
4069 2792
7052 6552
5692 6839
7092 7041
1126 2208
6270 6046
1790 1281
6502 3093
4358 2954
2177 3600
7797 5434
3120 2210
5631 984
6964 3373
6326 4549
44 716
1934 7734
5826 6849
1393 2742
7283 5368
1886 7618
3824 4932
3477 3586
1829 7760
4988 7479
6174 2899
7620 2284
2921 7793
898 5681
7100 449
2189 7154
3092 131
7606 7522
7387 2947
7024 3507
6182 5205
7810 7407
2803 5324
2022 626
3251 1861
2135 2331
7003 2969
23 3961
201 4368
5635 2550
2146 2277
2753 371
2668 4167
5017 4663
870 3698
3760 2934
6148 826
2497 2138
7753 3778
6489 3801
1391 2725
3163 5355
3130 7834
3977 5207
4641 545
3738 5568
6214 5261
6801 5105
765 2911
2779 1382
2257 4746
473 335
5503 4109
3157 2536
1911 393
6578 5807
1177 1923
2463 1906
3233 5837
7130 3484
1064 7858
5199 2715
5852 4881
3713 1168
2246 6456
4811 3130
6118 7010
3459 3638
4895 1225
87 2468
6678 6362
4218 6456
7085 3599
2356 5352
3534 3060
5334 6030
5614 5563
3113 4842
3976 161
1665 5652
5843 217
2337 4076
4026 3191
2254 3411
5348 1787
3314 6247
3236 6037
7655 4760
1908 7677
1825 5458
2887 6828
721 1571
7628 7674
6349 5477
2705 4772
5357 3665
2121 2782
2811 435
4178 1149
7386 6834
4379 1794
4636 6245
7202 6634
5499 3032
3354 2682
1196 6516
5893 2248
3136 3901
1069 1837
7686 250
917 4167
3877 6632
807 4019
1203 7476
4128 2335
6468 1203
7508 7430
4382 7041
696 4960
2893 118
6634 7313
346 1937
5760 7227
7801 3643
2590 2331
3917 7210
854 1410
2894 5287
4957 4769
133 4731
2241 3423
3938 4147
2225 1083
5699 3663
582 1105
4153 547
48 5966
4854 5934
6356 4024
3110 2720
210 6513
1882 2460
1633 5145
2838 1895
1636 2711
7859 3379
5757 7223
6626 4584
2777 6058
6688 2468
4767 7319
7191 5736
7581 2222
2086 1850
1377 476
7114 7486
5001 3138
5249 1933
4871 4391
4675 3309
2128 6001
1143 1164
459 6340
4171 535
6929 5433
3349 4128
5693 1162
4536 4591
152 4716
7363 5002
603 2519
5501 2792
2852 7570
5033 4136
6258 5037
1044 7407
799 4875
5357 5359
7873 2994
5981 3608
5755 3011
6170 4382
5215 2132
7102 5257
6853 1632
5080 4441
1361 2725
5291 6169
7230 2781
5218 2038
7047 923
1945 614
5428 2506
3991 3512
414 3348
7617 6036
4326 773
5390 1466
7888 6707
2403 6003
3701 3998
2347 2600
5193 5477
2984 3203
7191 7815
4718 1074
1694 2497
6298 7159
6692 993
2051 1066
2761 1788
1085 2233
7343 3829
253 1497
6690 5381
4718 7363
5551 259
1165 4958
4365 240
989 621
472 2873
3467 7486
4158 6075
1204 4260
501 6048
6721 4994
2728 7616
2411 2620
3886 6014
4529 2939
5383 6199
87 4819
4628 6646
7313 7724
3687 830
989 2911
3773 3438
3534 3198
961 3928
5770 2495
6791 5680
6862 135
3065 2629
1549 7166
105 5920
4472 3671
6792 2100
5078 6925
5391 3007
5989 3806
4269 3299
5031 7021
4037 2819
642 4359
3146 7021
2327 1162
2728 4948
7126 6794
2213 2306
793 669
1638 2760
5663 6834
1997 5007
6579 4383
2109 871
5762 6487
3956 3927
5233 7483
2476 2767
3368 1929
1300 2810
7133 2951
723 5124
6445 6762
2325 3309
5118 3747
449 724
2573 1043
7498 7803
2399 6063
6081 3092
2003 4495
5928 913
7139 757
1479 122
5256 3631
4745 2919
1807 4533
6169 6496
3542 5784
5651 6172
2213 2294
5248 5091
2575 1407
5555 337
2949 6167
7783 2828
601 5875
2582 5830
5971 5067
309 456
2293 5349
6299 5011
249 5895
7400 4749
230 999
5432 7084
6108 7644
1358 7242
3105 5837
7488 197
496 5486
572 7331
7620 7355
5195 5286
3498 2345
1958 4485
7760 7644
5748 1031
5892 443
4432 3202
2017 5828
6767 717
3593 151
4372 4599
2746 2142
6357 4163
2086 4355
6283 2375
6131 2170
3250 3333
5497 4263
2027 730
6905 3100
3218 2571
5734 6704
4707 1767
2702 4594
2490 1543
662 3593
5892 5689
5799 4077
249 1830
2434 2316
616 5774
4759 5121
5254 3238
4411 2049
1607 6050
1671 5960
910 7671
4817 6641
340 1881
3782 3030
1544 5105
6417 428
7046 5980
1576 4823
6706 3767
1745 5896
7260 207
2180 1591
7215 6919
976 6555
2195 7726
6103 6025
1388 5615
1616 6580
5256 6783
4988 3567
6701 5272
501 4522
6213 4040
5332 7764
7438 3438
1941 7611
3838 6431
1637 3764
5012 1018
1136 7833
906 6708
7521 3506
2428 5106
3047 4732
5577 3225
6053 4466
1160 3796
3770 434
6625 1310
3772 511
5751 6955
7376 2800
607 429
6619 34
6575 7104
7471 1264
5332 1918
2652 4579
3170 5641
2918 2337
7511 5851
245 727
6994 4753
5161 2671
691 6709
6640 7060
7299 2609
2064 4213
70 2425
1346 7710
1054 956
4665 166
126 7676
4605 3098
929 4168
3997 4415
6377 6722
3772 6949
7328 1290
5696 5215
2846 6110
6891 5252
1891 6018
379 1629
4004 5831
6273 2187
6806 2680
3747 6600
3496 6048
1228 5061
3323 6967
5649 1757
7755 3425
3025 2860
496 2557
3477 5489
54 2675
3446 2307
7051 2712
220 5188
3040 5184
853 5642
1263 6310
1252 4026
1380 720
6816 6472
5230 997
6200 2901
7142 7440
7733 6441
1067 5536
7018 6565
1896 486
2560 5376
847 6672
916 4162
806 3035
3258 4802
4718 4079
5176 5
1964 6603
6018 6288
1940 4400
2712 3946
5101 6580
2143 736
6825 107
7377 5971
2639 4675
3955 5968
4443 7577
6377 7311
2939 1340
615 1589
601 6286
3443 6803
5596 6669
4765 5176
3683 1470
4300 7180
3564 4483
1288 5948
5410 136
6218 4118
2340 336
937 3474
1679 3345
5140 5755
1034 7527
3665 6379
6612 1837
2109 6013
2131 3587
3231 813
7236 4187
1472 1367
3080 2284
5164 4166
5286 957
3607 4288
1006 4315
1950 2126
6254 6162
2870 5522
588 1129
3104 257
5101 7062
5138 6012
2185 5916
6481 3770
4520 109
4437 743
6912 7092
7526 5593
7557 7348
4377 2636
7570 1907
2803 4726
5442 4693
4038 3248
368 1049
6127 5767
6603 2030
6611 2422
5963 6524
4678 1364
2617 5230
3585 2168
7225 7301
1644 5734
3054 1919
2845 4306
4003 888
3076 315
3174 7202
6568 185
2922 715
7091 3100
3174 2425
5506 4777
3044 4988
1816 1403
6632 152
6021 3935
4882 7133
3879 5200
2243 5458
1893 1974
1353 4067
6813 1100
3685 3464
4020 3581
5171 6700
5827 7364
1469 6175
5213 6739
1485 4638
4108 6090
284 5761
5230 2038
484 5487
4194 6428
6326 5771
1691 4080
2465 5303
6197 3266
4688 6541
2510 4228
1386 2527
7593 16
6930 4435
6015 6726
148 6080
5618 3690
2775 3777
2855 3654
154 5368
7579 741
7281 3104
842 1792
1318 6752
4697 2716
5264 483
3899 6587
2808 3096
7238 2508
7883 2682
2112 7464
7096 2002
2513 2834
7836 7666
3236 4167
1524 6066
6302 7548
190 4022
5727 6642
713 3334
5504 5084
3471 7519
649 6424
7392 4699
3593 439
2257 6524
4164 5931
6983 6066
4806 6650
5179 3050
3813 6277
7323 2216
1701 4133
3754 629
3104 4850
1368 1162
2891 706
1726 1748
3106 280
6946 3957
6908 1794
6640 4537
104 666
337 6934
4432 3831
5347 1946
1679 2429
6190 7102
1114 7214
3253 7777
2814 1185
5362 1419
2062 6867
3901 680
7457 695
5595 6085
6360 5932
412 6845
2898 7152
4698 4937
6024 2221
2877 218
6844 3441
5029 3857
7181 3718
375 1673
5418 7333
4889 4173
7373 6006
7452 2333
2838 5322
4647 7283
3721 4081
3981 4671
860 1791
7131 3364
1286 1287
282 3222
1618 2754
1709 3900
1976 647
5424 2430
5383 6975
105 1341
7331 500
2838 7272
7201 335
1620 4068
1186 127
1531 1436
3865 5286
2880 6346
5945 6170
2652 5137
3384 2677
1514 4511
4497 337
1860 2712
4937 4735
7246 662
4249 7853
4757 3761
2955 5691
132 6318
4912 6651
1766 5268
1077 3716
4375 1067
2815 7377
5168 5004
1446 7844
1534 2350
7452 7801
1431 4715
2504 542
7037 4048
6838 1608
700 7192
174 2579
4459 3108
2630 3860
1298 2151
6452 183
3979 4823
837 6777
7470 1803
2228 5576
2072 1970
3203 1887
5604 1111
2536 2354
1762 3148
1427 7034
4314 1440
4540 7417
3972 6407
5201 3332
2194 4268
4187 4830
5761 7498
6026 510
4074 5834
1834 1522
3777 3162
4540 1018
6069 3011
5710 2740
6728 2500
3676 7166
1564 1702
3188 5299
3683 5129
1993 1435
3272 7652
4468 3337
6187 3537
5800 5130
5660 7329
816 460
5987 6999
6535 6563
3192 1048
6008 2897
295 2490
2840 4568
6527 7350
2438 3327
209 1881
1181 78
3098 4391
1177 3160
6225 3399
460 5300
1856 5583
4551 7020
5770 6719
1358 2341
6247 7078
7440 2403
959 7886
4456 278
2085 7056
4438 2707
2665 1675
4282 124
1385 1
3453 6715
7018 97
3609 1774
3237 7461
3682 3152
4056 2148
1478 4733
3248 6245
7197 4707
6081 298
3068 5837
7123 7407
4084 1709
1219 2231
632 7678
3134 6126
2584 2174
1266 7066
4816 2752
2069 4355
4201 5658
6480 6857
2186 790
7360 3580
5519 5322
4373 6272
6919 6124
3857 1189
2913 5467
152 6390
3751 5364
5595 3141
3090 765
4641 4778
4869 6935
5534 5301
3164 6729
3699 7875
4840 1325
2759 6553
6414 2586
3194 3719
7546 5724
7463 4432
7660 3327
5527 7583
5782 5453
6505 363
5871 7500
1908 3025
2535 7875
330 3270
2251 7392
791 1976
3133 3697
1609 7350
1807 2937
3092 7107
5225 6300
1857 2709
1340 1379
3325 6142
6593 5733
204 5908
5088 1143
5951 2155
391 999
711 3515
3282 6021
7264 7278
1441 367
6510 7819
3844 2401
4012 7857
7027 1233
4803 627
5707 958
5733 3736
3286 1638
2923 2420
4311 3486
7093 7725
7665 3916
6206 888
6202 739
196 253
1247 7862
6002 5590
6279 5992
2137 4352
6685 5142
7188 2380
672 7564
3948 1876
3067 4869
644 238
3018 5877
3610 7302
6964 3453
3167 349
1870 5141
6954 4907
4572 4147
881 1149
6743 3633
4607 940
147 805
3074 2582
1256 6396
3045 366
5380 1564
3462 7648
6244 2744
3423 2691
4805 1818
1558 4370
7649 6933
4907 682
559 1013
5438 3602
660 1787
323 690
7816 7854
499 4026
2349 2020
5692 767
6459 1019
7320 1452
573 5823
4395 298
2516 345
2863 2966
173 5906
5109 3261
554 3177
2403 4086
562 1604
2976 2625
3965 850
4681 1272
1061 5899
2942 2841
1778 7205
7188 7178
2809 7498
170 7637
1652 5471
398 4674
3506 2736
260 6548
4926 4535
4154 4120
5229 7171
3599 1793
1870 2293
598 2943
1366 1989
4770 3191
4926 1739
604 2036
2821 665
937 704
1950 1795
1419 2118
3266 2035
2767 1816
4714 6482
2436 7707
6026 7051
5359 5374
5906 494
1943 4180
7554 7470
6480 546
4238 1740
4945 6264
1707 3241
6855 6201
69 650
6757 1046
2358 6662
6410 4108
1788 4298
5714 218
6375 7514
1477 3509
2642 2769
2540 3575
4812 6829
4877 4311
7891 5809
4924 5256
501 4776
4313 5490
683 2583
7302 3881
6419 4599
7558 5716
637 7389
5350 6482
7334 2487
607 1445
4482 391
4029 6932
3717 4788
6429 7319
6952 1925
2707 7834
7194 5563
7526 5730
4654 2688
2976 2389
4660 4265
3166 229
3940 4828
7737 5463
3238 274
5484 1454
7081 6720
2382 3351
3711 918
4311 2273
3307 2717
6175 1218
2198 2607
2579 6797
3666 2637
3305 5740
937 3208
6942 6522
3454 4385
315 5036
2755 6691
4357 6685
4152 5091
5171 4187
1739 3159
4747 966
3882 7525
236 1822
3965 6886
4959 2040
5240 4383
2843 5767
4606 7244
7747 1547
4171 3996
5120 6847
6717 702
5433 3316
5886 7381
7783 3990
874 1587
7373 7217
5585 7400
3429 840
3307 7374
786 378
4888 2641
1511 5093
7459 3717
6292 1160
2515 44
75 1082
3457 3838
5333 4153
4169 6525
7116 5254
779 6666
3298 7558
3965 3918
56 7449
2829 3009
7317 4071
3630 3508
1797 3320
3456 3843
1150 4234
2649 7214
7874 6266
1809 2869
6339 480
7671 1276
6989 763
4086 2357
2178 1481
1422 888
6880 6605
993 2064
6523 4884
125 5304
1341 5526
2322 2739
3540 1916
6513 4545
7204 7619
6631 5634
202 5891
2868 6649
7625 1947
599 6154
5060 971
5540 4802
5452 3716
3365 1624
4672 2179
2578 4488
1063 6632
1040 6643
5435 2278
2589 6610
2488 3632
2386 3657
6859 4500
2745 421
2657 6068
70 2598
1176 7458
1266 187
170 2549
1124 7555
5429 7698
1460 1532
3603 3029
2626 4244
142 5504
431 1584
4051 1679
3642 2606
5441 7858
3730 4355
7594 7431
240 1401
3298 4521
7069 5863
7152 3865
2574 4887
590 3169
449 2981
6668 1767
1644 478
657 1423
7576 6540
4786 5222
5043 918
5197 5406
5559 2788
3014 7672
5451 6539
2572 6881
5305 7291
4959 7440
1156 3339
6401 7222
278 4835
7448 1704
4030 5277
7797 4478
1983 3662
5435 1354
78 1007
1870 7839
6463 3843
4030 3915
341 5377
5067 7716
5733 4371
1607 7106
456 2602
5033 7899
5322 4781
753 3821
1040 4618
6637 5282
841 2292
1951 7258
1077 2018
3716 5697
6103 4037
3914 660
3697 6001
6797 5021
7062 5490
5288 147
5440 5070
7675 5747
2891 472
7209 5406
6043 3243
693 281
6294 6669
598 5224
7626 399
6296 4244
2570 5898
597 2598
4287 2740
5997 7168
1791 3669
1850 442
1346 6674
157 451
4530 1079
4262 7479
2869 285
362 4041
361 2063
5032 7798
3792 2786
4357 6825
6925 997
6053 7346
1503 4630
92 1029
4425 707
4713 3828
4688 1569
3118 2926
2962 6975
4681 3263
2640 1896
7596 3333
7211 4262
6485 5597
4347 1319
724 4702
2516 1046
3069 2804
3198 5976
3417 929
2596 7533
945 2717
4053 4317
5851 6148
6828 2691
5330 2536
5075 381
3181 2554
2172 352
6177 1633
5647 4543
2988 2162
5666 7874
3521 3103
7714 6064
1048 7099
1596 6482
1490 3049
2602 7137
79 7749
864 2072
4430 1411
1186 4250
5368 102
1759 110
271 5521
2128 3144
7417 1634
4172 6705
744 7005
7257 1516
386 7120
1724 7451
1235 6783
6729 1829
1663 7261
7570 1885
6650 35
3909 4125
7638 2675
5281 410
2013 3495
259 4247
6044 3452
942 1018
2535 6904
3278 5030
1270 2530
2897 4784
1846 1676
7711 5037
5514 4897
273 4487
7793 1083
4565 4296
685 2121
1077 96
3765 3845
5426 3377
6788 5011
2652 2562
1875 2121
4529 4340
7377 487
318 3155
5745 316
4433 3972
1540 5400
4697 2242
3734 7822
4656 4049
2881 1170
4861 5799
4768 984
7111 1272
7550 4771
6953 1748
7410 7615
698 5692
598 1823
456 4563
4481 5671
5182 284
798 4803
6300 4345
4773 3105
4040 1134
5036 676
5751 6292
611 907
3257 4834
4089 6613
4737 3801
817 2724
6553 1740
3274 1664
2495 5114
7571 5145
5326 5984
1108 7841
5780 3708
3153 7744
5356 1365
5729 3178
6783 3922
1864 2060
7128 3821
2337 1435
7602 836
376 7618
6563 6270
1536 6152
5986 1152
5469 4577
4425 7112
488 4574
7706 3936
7064 5327
7256 2960
6305 7457
5426 5742
6420 1877
3400 1723
6019 3356
1578 850
1075 4158
3743 1436
1900 7358
6618 5302
7456 7860
2055 5976
3472 538
6153 5225
1276 7729
100 1637
2602 6796
6544 7459
5115 2239
1461 1626
5986 4897
2117 3370
4070 5932
464 5121
2499 2010
6391 4636
1972 5014
2529 6368
5908 2921
6274 950
1858 3696
913 7235
4496 3819
5909 5350
6141 6054
5172 5932
5943 4584
6461 1593
6624 6524
3548 4464
1584 6977
116 6817
2597 3511
6225 360
2466 6032
3265 1215
2035 1774
6737 1025
3817 5222
7220 4770
2898 4849
3896 1491
481 3876
3152 5114
2523 801
4706 2571
3679 7838
1914 1722
682 7806
1805 2664
2125 1058
4333 5066
3157 5839
2110 7145
5600 649
6610 6396
2021 7846
7453 2097
7424 7409
6166 242
6990 6824
1187 2473
7705 1137
2637 5966
5749 5684
6460 7689
5150 7644
6891 3432
6981 1737
2487 2122
6738 4357
1810 5808
6876 3671
4363 460
5913 7319
4933 3180
1288 6897
1557 1578
7606 146
4784 5338
1261 4450
4230 2057
1975 1468
2058 2907
4151 6086
7584 3732
1433 4969
4414 5348
2857 341
4686 5018
6968 583
6171 5165
3586 5620
6486 4377
7492 2130
6152 7613
3965 1885
5347 3353
4560 5844
5608 4315
2042 751
1521 783
197 6674
2631 3839
5698 7556
1202 7094
1967 5180
1528 6581
5145 4137
4372 1188
5785 124
4729 2236
6186 108
4820 5405
4956 2320
1383 2819
5308 4468
2130 7042
6541 2210
7208 3399
6165 7411
3280 1288
1280 3627
4282 7287
5175 4599
6121 642
941 4445
666 5738
5765 6537
3679 1085
6691 5182
7191 7324
288 1597
12 5383
3225 747
6327 5089
287 7739
6770 4259
7051 7838
3930 2920
6653 751
6920 7575
7447 5183
7592 6008
4788 3713
4462 5390
6226 6496
5658 6185
5669 5914
5117 1329
1950 5353
6621 3856
7824 856
5226 4345
5035 2903
707 4495
1379 4857
4850 1255
1787 2564
3811 313
5296 5984
4264 4046
5724 2973
1553 1619
6513 390
2775 3372
1795 6798
2981 7792
6473 1046
6123 477
6148 394
6439 4908
885 3329
4745 7218
3898 3047
6390 2214
7265 4034
2589 4042
7381 3861
5287 5278
6874 222
381 4924
6152 7020
5820 454
7363 6085
6341 7427
5307 181
7771 2112
2119 6002
1066 480
7703 2405
5078 6986
499 3123
2649 1899
5582 4405
6566 3713
3289 5526
4399 2809
6770 5498
4918 7550
901 120
1536 2143
1887 2486
5279 3851
1096 2417
2150 6117
1747 2464
5427 3874
1482 2694
3757 2335
4119 7296
1679 2564
922 285
69 2419
6480 1496
5691 6823
4278 2984
5945 5489
4568 2592
2206 6180
5590 898
4812 565
6693 4094
2728 4274
69 7324
3199 3260
3530 854
4938 2080
7761 1089
1620 2338
7035 7683
3934 1614
3142 857
430 4149
7007 4195
2949 1776
3699 1285
6444 6396
585 5319
5850 4025
5382 1677
885 4388
5494 7840
7146 2073
3326 2844
5550 3954
2022 5446
5395 5766
2844 1419
7577 1095
1188 1508
543 7654
6685 2950
4014 6562
112 4093
961 4083
5659 3489
7457 5769
1356 6212
1240 7186
2981 2935
509 4548
5162 6389
1512 7564
2378 1954
109 3023
6053 3694
666 3947
4290 1996
4854 7547
2037 1378
2532 5977
6450 5219
4005 4581
362 6364
3179 2523
4906 4422
3692 2630
4566 7297
4827 6907
1010 5889
2618 5001
3413 4477
1031 3866
3999 6768
3601 7115
3641 6981
5792 6219
5517 804
2989 4250
403 184
3824 1517
6025 7716
5739 4333
4614 3644
4141 1920
5433 1577
4808 4881
3729 921
3301 7016
5657 1154
6529 5203
767 4079
4644 4056
5637 6724
5343 1194
5648 674
1075 4020
2349 1110
6298 3725
3931 7296
2809 3403
4640 5542
2959 7023
3387 5727
6202 2889
2714 2134
5184 6305
1679 7414
3949 5233
2555 6163
7512 5707
7216 2580
3324 2935
6756 32
1594 5562
7448 4365
704 603
3441 2532
1004 1543
7698 2106
6283 1912
1735 6047
7305 2754
2842 2236
7423 2537
921 4096
5469 7692
7784 3969
7638 3659
2948 1086
3353 5225
7113 3921
6858 4352
2021 7458
4462 6805
7407 7726
4759 7025
6387 5290
4196 4907
4092 4389
2730 6713
1620 405
5037 5412
1451 1290
2438 3387
7763 1796
3845 5076
6823 3290
5670 7803
4536 2445
6648 2657
2421 6128
2067 73
2832 6219
3409 810
4479 2315
365 5700
3047 2928
2671 4577
6381 1762
1379 1748
331 1165
2929 4868
4918 3748
2261 4836
6289 1545
6300 2848
5573 59
6527 904
7461 1218
2589 2168
3077 412
1465 4895
6436 50
4146 1430
1299 1457
4810 4077
5097 1799
6805 3926
5100 6945
7359 1174
4062 6478
4501 1440
694 6447
7011 4153
365 2939
6106 6222
2034 5371
1717 7645
702 5654
1779 7511
1656 4415
4343 7675
7261 2740
4825 3904
1784 4439
3815 4057
3762 3140
2488 6058
4404 1265
4058 2532
3222 1221
2550 7138
2797 1500
3198 4491
1452 6422
5375 1831
3221 5329
7793 3113
3095 4604
7021 2696
5763 293
1698 2734
5832 178
7523 3379
4988 4703
7117 3238
454 7889
5640 434
7654 4280
3948 5572
4548 5312
107 7844
6029 6537
4537 4268
359 713
1333 7656
7651 7095
7687 4505
1782 6581
3812 2605
2033 6587
1211 7527
5643 7367
928 6364
6310 78
539 7617
1604 3709
5617 5029
7396 6494
4647 492
2428 89
6102 6374
2392 2890
7228 1333
6714 6053
6706 3293
5224 1325
2241 6166
1039 5075
6042 2278
4560 1714
4818 1977
2962 4877
4655 4658
4311 4501
2527 3539
5724 1913
2759 4160
6948 6669
5071 1915
281 4586
6013 1544
3488 1635
2827 4088
6411 2397
5230 3402
2280 3037
6553 2489
3036 6307
7472 6635
2381 4864
3480 2016
658 4905
7292 2340
6666 1348
4528 4218
3508 6667
1329 6612
1893 639
3604 6676
2247 3280
2401 242
6675 6898
4610 6497
7491 5597
724 4016
7399 4650
7438 7509
621 6601
6109 4704
447 7731
665 7659
5553 7497
1462 4039
7204 5516
5337 6603
3039 7545
3762 1844
2736 2373
3599 7300
2795 4057
7380 4909
6832 2443
5275 2231
4454 1008
5914 4266
6209 7019
4991 3477
5713 7580
3508 7019
6193 3958
526 5404
2731 6344
2344 998
3416 4650
6193 3083
3280 6996
3302 7138
1968 6743
193 5229
7590 2708
335 181
2316 5459
269 7581
3223 4884
6060 2174
146 6914
3770 2000
5986 2768
5793 1791
2654 1714
5343 6917
3322 2158
6388 2195
6288 6875
6444 487
87 5187
4225 1924
5919 6735
6637 5442
2433 417
4896 1246
5485 4431
3806 3102
7674 1007
2836 6594
4111 3080
7770 6674
4789 746
6344 1168
3696 1906
966 4234
5446 169
7658 7165
3446 1044
28 4665
6222 5070
3234 997
1034 7697
3470 2571
982 1899
2502 2213
5338 7236
7010 7135
5024 1541
876 4945
322 5989
2205 3214
6559 2164
3388 3671
4081 2216
4994 5502
262 5640
4341 13936
1233 6093
6359 6737
4653 3289
2259 4011
2038 3414
7148 7749
1683 1031
6182 7540
7834 4353
1394 4174
2882 374
1042 5645
838 4206
4048 516
5103 1021
2948 7591
26 3988
4705 6964
1993 6435
3796 2283
7263 1535
2624 5342
6600 6534
4876 7002
7423 6228
11 1171
805 996
7478 4582
7739 7749
2175 1617
6383 3711
1585 5264
5856 6043
653 5292
3278 2522
6108 3481
2846 6945
4764 5857
1708 1687
281 2883
4960 5920
1980 849
1174 7855
3942 6075
7593 6058
6752 1450
5055 3185
4788 7702
2531 3377
1736 4447
6606 184
2926 1034
6103 439
7831 640
7090 3212
330 5807
5747 4257
5890 4846
6244 261
5332 4340
7007 2710
3999 1601
2657 2537
6609 6001
7368 2647
886 6
767 2560
2236 7141
2923 2586
4934 5456
5279 4255
7511 4223
7854 6812
5844 2653
4486 3288
4663 426
385 69
5079 3019
5227 3570
6195 1178
5354 3304
7298 4777
1318 3090
7861 3514
4237 1050
6653 1657
1187 5830
1493 814
860 4889
5299 149
2519 1283
3203 6104
1755 3470
680 6304
2958 3156
4560 260
4877 5126
4269 7488
7678 167
4697 4026
3981 2922
4854 5207
1594 5736
2798 756
3753 2460
2319 2127
7548 6198
7576 5326
6270 4915
6523 1076
5117 1199
6227 2544
1842 23
6502 6563
4245 4469
1588 1812
1967 3955
4680 3214
504 7701
5883 7706
4138 6396
6626 2344
5113 1753
7162 349
7653 3097
1112 4547
3842 1931
1588 6197
27 135
881 7797
1149 4910
1910 6704
7244 4976
4545 6290
1496 2750
4229 3347
7690 5346
1315 7506
7853 5148
3365 6692
4745 6015
1930 6277
4051 2056
2483 5028
7162 803
3460 2324
1475 1309
5979 491
3783 4399
3985 6146
3383 613
2154 1764
5901 2698
2612 7594
3730 2491
6325 6252
7516 3527
46 5409
865 6775
6020 1592
6119 7527
5920 326
5059 3578
5427 3373
5252 298
4801 1504
1281 6492
5220 6368
5496 6587
45 2756
14 3663
7562 1468
6712 2670
1791 3613
5572 4003
7843 1621
5580 2643
6544 593
56 5
5511 2945
4792 2305
541 335
1333 2578
5249 4156
893 3954
1623 2240
7298 1783
6849 7721
4040 2271
2782 7491
6127 2080
1888 4040
4639 4638
2805 2023
5952 2414
713 7231
3258 605
4912 3634
5341 5219
4075 711
2450 6134
2802 1017
2546 1534
7112 2694
3985 3551
3926 497
7807 1030
1763 1896
5147 5161
7282 6273
1517 7246
4102 1632
3454 158
6990 5858
2199 1391
2424 7757
2679 3508
2337 373
1125 2443
4492 1679
7094 7542
216 1425
5444 2433
7344 2697
1313 323
2433 99
7028 6863
7226 4215
5720 6960
5089 4596
1288 7382
3714 243
7318 4420
1001 3235
5301 5723
5389 6725
5215 6043
4552 7400
2326 3313
779 3188
7148 7581
3586 2886
968 7575
7557 1456
5233 3594
5974 2258
3576 3604
2792 716
381 14
2845 6186
2280 1675
4347 835
20 6683
2961 3750
3013 7059
5264 6401
6804 1107
3614 2135
5847 6029
2084 2844
2452 5225
3711 1209
6770 6590
1377 1997
4471 4497
6286 4664
730 2348
5675 7617
3670 222
6991 6467
4472 3385
4379 6942
65 1469
4940 2493
1659 2033
5885 1634
4317 60
2140 2705
5492 2259
7511 6293
3265 6350
3515 2731
7313 2504
4723 3436
4516 2519
4011 5659
749 1769
133 2646
4332 7866
1509 7063
7289 291
3369 1175
5105 7869
2120 7170
1676 3519
1561 7200
1598 1088
1449 3380
5956 1549
400 1488
3850 75
2561 1838
4466 2554
6788 3218
7555 723
3633 4721
2641 1164
4553 794
6491 325
3648 595
211 1682
4506 1247
6906 3008
655 2583
6726 4218
3547 7360
1892 3010
5440 6400
1091 776
2529 2056
5013 2139
4783 4334
1731 3098
2167 5635
3247 7451
7399 2414
7020 6836
4304 2689
293 1122
2658 4312
2532 5115
4614 5260
5419 2443
620 4532
5994 2424
612 6256
3887 3187
7180 3760
3062 3875
441 5963
3425 7821
5442 3750
241 549
4334 2723
5584 7853
7765 639
7210 3424
6423 4152
2434 4775
5350 5884
2617 2660
4422 6912
1091 2479
6067 6689
1231 6798
3897 1281
1206 4040
4037 746
6776 402
1856 2220
1909 5354
1 1572
6507 1466
188 6197
4821 1022
1914 7194
5493 1014
893 1015
940 1426
1184 1154
7050 1767
4725 7602
33 2375
3887 1168
6798 2302
6718 1732
2435 381
4277 3439
6140 767
6859 1379
3801 3031
283 2128
7206 224
5747 5742
7010 5009
5485 6404
495 1762
319 6829
7278 791
6584 734
6595 7864
920 2648
6211 2609
3442 7720
762 7801
1354 7888
321 6027
558 6000
7628 3616
4886 7863
6566 2108
983 3493
1829 7867
7393 2859
3026 2824
6213 765
4798 6690
7410 5231
5571 6692
6568 7194
2386 7407
2811 1451
489 229
6246 3079
4334 4973
5971 454
266 630
452 514
7518 2943
1553 931
3951 4129
2194 2517
3393 2084
6112 1070
950 451
6594 1903
2587 4361
2448 6897
3993 7379
3364 2637
7874 7596
5735 5890
7473 5652
7076 4063
6584 2240
6613 5737
4403 6879
3182 5446
6902 3808
7530 7688
7104 3585
1484 6949
4992 3863
4975 2748
6966 2671
2399 5782
6422 6147
6388 1631
4456 4010
715 6960
6079 1316
3603 3266
7742 1994
801 1624
5162 1799
4124 877
7449 5040
5435 269
508 3810
7367 1724
3847 1677
6480 982
687 4755
4020 65
101 3447
999 2712
6593 5646
5321 6565
3030 2806
4704 2967
2520 6666
5214 2858
5442 4004
2031 1611
5900 264
4399 620
2516 6974
4910 5729
4000 7577
1322 6618
3007 4168
927 7273
1720 4822
98 3410
7229 1162
5843 3303
1026 5228
6960 7674
498 5819
3119 1515
4528 1651
6433 7424
4938 4318
6458 2595
1114 6228
3269 5283
4634 7257
2041 4837
1626 7817
5570 7394
4395 5618
125 3791
1390 2305
2478 394
5538 4055
2120 753
4911 6626
2116 880
1188 2117
5216 1255
2478 992
3531 6250
4894 5733
6069 7646
3453 2073
3696 4905
3674 5964
6547 5961
1333 417
2968 5149
1920 412
7465 1525
283 1749
432 7853
6818 1006
2011 5987
26 5813
4175 2446
3552 7525
7224 1270
797 200
4526 7645
3272 6034
328 6667
2859 5480
1230 4604
4158 5831
1127 3467
2686 1720
3873 535
6068 6722
2843 3365
534 5347
3348 4916
5303 4757
6390 3903
3116 7772
5951 6829
7888 7620
2649 6183
4176 5906
2553 6877
4832 1480
3693 5655
3653 2823
3650 5309
1615 7624
1657 586
2108 6283
5528 1979
3516 2312
3102 283
4344 7407
259 6374
3650 6196
1437 1463
1375 7412
1879 2763
3460 3351
2624 6581
7423 1575
5785 5755
7662 469
5457 6995
4718 2164
6462 2055
4413 3795
4464 7431
10 4256
4138 6010
7159 100
6945 4336
5413 6565
5593 1067
6488 1835
735 7176
7602 4634
2237 950
2417 4533
7206 3974
7273 3001
6810 7345
4100 406
7021 6059
7798 4879
3064 2300
922 696
1692 3366
7654 3296
4651 7664
1683 2905
4859 5797
3696 6174
1450 2225
777 4424
3904 5316
1357 4924
363 5853
6145 6000
5353 3787
4424 4129
5097 5721
5159 1522
7279 157
7170 5567
2118 1775
4229 6529
1491 1209
3658 6858
5116 460
2324 6817
4069 7029
2674 5864
7707 29
846 3446
6287 7662
4039 7164
1161 4448
6286 4875
285 4901
1344 4726
6788 1002
355 6630
7860 4386
44 5230
1671 2244
4241 60
326 4981
2283 4790
2625 5303
6761 6027
7580 7750
2601 5126
3132 7510
5140 5286
4231 3898
4630 1267
3395 1192
6988 445
4334 73
5278 1946
3875 4848
6253 1055
6525 791
6833 1580
5281 331
3869 665
1903 3494
3744 4802
7158 1046
1708 2825
913 5648
66 7419
7281 5994
4304 3621
496 3942
4291 1407
3488 7645
7162 164
4542 1397
2476 24
111 7136
6938 2290
2721 6601
3188 6884
1183 676
2914 1005
1170 1726
4909 143
7700 4475
2108 7508
5318 6305
4708 5131
5406 2782
1422 244
6064 6978
2944 6736
1739 7422
2941 2774
5509 2637
7367 4732
519 7189
7355 2810
2122 1282
5706 3174
646 696
4690 2435
2597 7654
3461 2768
2593 3128
908 42
376 3289
3504 5378
7629 1510
3905 3306
2464 1852
5627 5774
2050 4924
5186 6163
3026 5902
527 2988
165 5260
7884 2501
3225 6785
1662 7197
7006 4310
1425 7687
7214 6619
2218 2961
1245 2367
4378 1686
6601 2271
5313 6207
1148 726
475 4489
4402 1976
4722 6429
5835 2883
5194 980
7097 690
6774 134
5279 6548
3 2439
7720 3609
6188 46
775 354
4924 1874
113 1454
3677 4245
7282 2062
4138 4511
809 4850
6556 7597
4974 6222
3362 2349
2242 3412
5219 119
4957 7135
3389 6357
6065 5717
1355 6263
2367 4202
484 981
595 4465
2743 6062
4546 2937
2056 2575
3004 4105
6873 5377
5180 1764
7522 4631
5879 5341
331 1389
764 2474
3479 822
987 6572
5030 2717
5597 3535
4109 636
5076 2696
1678 5185
6981 1881
1308 14
562 9
6856 6275
7743 4853
1037 4112
2620 983
4723 5418
645 1097
5986 7094
5826 4678
2031 3721
3258 3386
3020 742
856 7855
6416 6818
5399 4041
1242 2871
2344 4286
3547 909
3490 2770
6472 4613
3487 2575
5434 4472
6394 4853
2449 7832
6191 2935
6000 5270
3376 6186
5335 4644
3898 7638
863 4989
1925 34
7287 168
7405 5784
6668 7746
288 815
5894 6697
3005 3674
1754 1461
2768 3074
7396 2001
6666 415
1382 7384
7424 1496
6276 3854
5206 7105
4576 4619
5373 14
4853 7654
6466 2095
2960 7602
4959 7143
6563 2482
1001 6518
6157 2563
4828 947
5128 2489
2190 3514
3629 6791
6962 5791
1530 5783
4061 4591
2174 4198
2685 1937
7819 3208
610 4918
6910 5533
6178 6826
619 621
3353 7396
4252 1694
5276 4740
2207 5219
1099 707
1116 6403
5683 6459
6162 2368
1475 974
6619 5704
5687 4410
5782 700
310 7735
5812 340
1641 4012
3775 2773
429 7224
3183 940
3506 3617
2431 6512
6326 4084
4333 5985
6477 1137
5962 6573
6459 3720
4017 6932
3872 1869
5596 2771
6073 324
1948 1405
4524 7086
6869 2099
774 762
3661 5166
2904 6999
5556 6792
6755 6963
1534 5603
4213 3624
2304 5970
6522 6046
4701 5034
405 7703
440 4120
2904 1839
3463 7622
1291 7648
6548 579
3795 5073
5044 3997
2024 6586
4436 5354
901 4517
2924 7135
2728 2825
6296 6010
2267 7201
5546 1458
1540 7351
3454 3165
6659 526
817 874
1517 5309
2921 7788
1 1303
2186 3196
4244 1708
1093 4123
1037 5471
146 7684
2032 1815
5816 161
6223 2071
4090 1228
5211 4441
74 7735
7601 2798
6413 413
1452 1665
4310 5207
6212 590
7444 4871
7618 6652
434 7302
542 1979
506 6026
2783 146
1418 141
4133 2845
1943 2665
1501 6922
4309 3865
5354 5811
2821 559
5987 7309
1090 4588
5695 7620
3257 6418
2244 6691
2152 653
2705 1922
2086 6865
771 3927
3313 1968
6762 515
930 6319
6717 6362
3294 4568
2251 7345
5455 776
1978 2448
2745 3586
7346 1599
7723 3589
6076 6819
4825 5430
2845 512
323 2390
3514 4725
7262 5046
3081 880
5035 4332
2649 1947
7678 3352
2236 5112
7324 5973
4717 5250
7475 3970
1778 1525
708 508
6613 536
1243 5357
4179 3349
2453 2219
426 3109
3707 2793
2795 7238
4338 5863
1500 911
5967 3700
7664 108
3571 3740
452 2888
7533 2200
2963 2668
4345 2116
6230 6449
902 7571
7874 5769
3372 5046
493 3014
1306 7423
2175 1516
4378 7336
4813 7410
5131 1881
7747 1069
6678 607
2620 325
5998 1907
5532 6309
7322 4483
1937 6426
96 1240
7135 767
2031 746
765 284
6706 892
2566 613
4732 7720
2354 447
7705 1147
3451 1370
2323 4573
2119 6682
5967 6764
5822 4644
6998 6231
3557 5795
1007 7708
5826 1581
6723 3319
5612 404
6928 4894
2547 2479
3324 7057
4342 7194
4998 957
1389 541
6391 7582
4538 3270
5514 1763
5896 3521
4979 127
1314 5830
5022 5558
2682 989
1072 1465
3445 1749
5627 4959
7391 1376
7254 4641
7649 1228
1601 968
1619 3052
614 6958
3041 133
2453 4499
1139 5420
2951 4303
4387 5596
7653 6511
6903 6357
4562 7312
1151 2964
3827 1519
2042 657
5218 242
5486 2868
6594 2568
1829 2649
724 1074
592 5164
2744 7353
1290 5500
7283 7624
1046 5943
2241 1286
7542 4787
2748 25
2096 732
2820 2920
5763 871
1627 7722
1095 1487
4881 1592
3435 5034
4304 7352
3452 835
4497 2409
2506 5199
282 180
830 286
6001 1000
7759 2724
1835 6002
1379 2714
6951 236
6358 3176
5482 7552
2667 920
7590 285
5311 3552
3231 34
6703 2236
6042 5866
3594 5287
7230 717
199 6202
5013 4773
4145 5688
5288 973
7672 7061
107 4551
4597 6729
6895 620
1634 4403
7614 5487
492 2071
4813 5635
3290 2349
5494 6249
2987 682
5561 450
2525 2702
6450 4621
6040 6308
1968 3977
6147 277
1096 838
6473 4746
7058 1895
6124 933
4425 2673
940 6775
5146 727
7013 6518
805 7850
2392 226
5760 503
4112 166
6795 627
2982 7169
4010 2086
5399 3491
7835 3793
5060 6134
3318 3071
6489 93
5957 5012
6099 3848
5833 2790
1169 1554
7736 1976
4862 3656
5291 3352
12 275
2100 2820
1852 794
2236 4760
6602 4658
610 4688
7114 4283
6948 6434
9 5936
6148 4224
5418 4758
6392 5948
4792 137
7434 3840
3973 4601
6354 2025
5041 5589
5141 3943
2032 6006
1856 2160
3355 606
2179 1198
3754 3132
7176 2939
6860 1717
617 2468
5532 553
6529 1182
7244 7108
1671 4281
6688 3111
536 7262
2027 2962
4859 245
38 7185
6596 5576
570 948
3214 5380
4653 6316
2342 6770
3058 2204
1704 277
750 3448
4977 7322
7775 3750
4644 1988
5003 6619
4554 388
7842 4628
7689 6630
6089 1210
4820 7622
4747 3524
1885 2209
3558 5117
190 3463
5615 7186
3926 7266
1684 1321
2071 4710
7159 4067
7183 3021
23 3045
1576 7034
5354 6867
7383 1557
6218 4591
5846 1897
738 2928
2774 7719
5206 6589
4279 5910
624 1798
2905 1937
4117 7390
6901 4145
1598 5600
4762 5916
2408 1212
3790 831
5188 6110
3233 5443
1509 5446
5364 3301
7555 7010
7288 1643
6440 6261
7858 4124
3859 6149
2340 7163
1398 7125
801 811
3926 5277
1089 432
6369 6866
2752 1
5830 2081
7864 848
7732 900
6731 2486
3110 5562
1964 7068
5001 5849
1795 5075
5701 6922
3336 2175
6046 6232
1164 2069
4709 829
5222 3406
2062 5858
1477 864
3721 4841
1787 3139
6662 3146
7087 7853
2047 6171
3481 244
6029 1241
4594 2965
7186 5369
3483 5403
393 400
6602 5537
3209 1712
1335 2481
4209 375
462 6498
2269 4105
2983 5373
6817 2510
7624 5768
5571 7413
4755 6792
3999 6657
5774 7849
7351 6591
3052 4900
201 6741
5754 701
1829 6958
5963 6042
5443 1994
5311 7765
3755 2954
234 2550
2709 953
4601 7505
7444 881
7458 6379
3647 7573
4440 7643
4942 691
63 7162
1675 3303
2929 7587
5328 7388
2871 3145
6034 3724
3975 4287
5113 3794
2434 801
2963 3511
503 7443
507 5118
5847 5035
642 3117
6608 7351
596 5726
7456 608
3146 2098
1624 2781
1336 34
70 7722
4054 6619
3100 5390
6204 2356
2106 7147
7279 107
778 2170
1752 5057
4664 5785
2304 2933
5234 4618
6542 7843
1704 1035
5879 718
864 6906
4812 390
2064 2052
2607 4640
1548 1901
265 4206
5495 3124
4872 1291
3358 82
2808 473
7336 840
1000 3860
1778 6778
1466 1538
3186 3822
653 4266
4852 250
804 7575
489 116
5103 2383
4172 2804
542 3788
6468 7691
7714 6918
5959 5807
5361 3218
2508 1230
3506 2204
3743 5221
7405 3272
6175 1254
2561 3936
6867 2694
675 1854
1310 7033
5901 956
4364 4203
7613 7682
6233 4569
3494 107
7452 81
3456 6341
6726 3100
6087 3387
3386 1034
5320 3193
5801 2455
2486 78
3216 2644
3467 4741
7441 6764
4591 815
7791 1555
2976 4697
570 2130
680 664
7210 6109
5450 3621
3929 1477
2783 3170
7507 1641
4057 4827
6102 5832
3466 786
5152 5826
7411 5560
321 833
797 7408
7231 2246
6901 1765
2143 3345
7099 3455
2297 214
1893 5755
273 1654
4737 2690
3014 6702
6370 6776
3598 786
6041 822
3947 51
7815 4813
4127 7159
2724 3430
2590 1386
5374 4781
5453 1467
1932 7857
3617 6840
2558 2250
307 7183
3714 2957
103 5445
29 4220
7131 925
7636 2095
5864 6587
7375 3147
145 7331
407 3835
3397 4510
5565 7001
2783 1432
7002 7267
3337 115
1702 858
5 3359
4901 2760
2481 3707
932 1638
5771 2901
2199 5753
1544 3770
4955 7235
542 2909
1179 2341
1603 4538
4 2325
6934 7687
4446 463
5722 5795
6571 5880
3634 2335
3075 1379
3801 2150
1742 2782
2449 4345
6621 3140
4340 1472
7759 3083
6950 592
4132 6714
4910 4590
7641 4134
4445 7089
2139 2658
2400 6708
3943 5023
7115 7667
1287 6937
7823 3252
1406 2073
3561 1781
4638 3812
1366 1842
4167 5559
4069 657
4133 2092
3736 2123
2151 5176
7572 7241
570 2227
7031 2123
6760 4444
1454 874
506 1112
2858 120
6130 3594
376 5191
2291 985
3102 2898
407 3058
2912 3160
1107 4976
718 1003
2013 194
2091 5528
6890 4144
7763 1023
7204 2418
4690 6613
1239 4159
7232 1862
1677 1897
3089 3781
1924 6703
5594 294
4095 7176
4578 3612
3257 3878
6512 7664
1277 7856
6590 7810
6772 2232
783 6355
1846 6358
1415 48
3819 2673
3815 4355
2895 427
5376 3944
1788 4746
136 2217
3459 4466
6716 2418
6903 414
5209 953
1006 7442
4122 451
2076 3575
968 4289
5413 2966
673 4378
4754 6208
5004 4397
6303 2600
766 2387
144 2737
5817 5791
6036 2235
2672 4842
2923 6276
5623 7394
3808 58
3974 5614
1369 7452
2274 1745
7063 625
477 6868
1643 2110
643 774
211 7842
605 1971
2207 6118
7577 7604
2892 3079
1520 5023
1186 5284
4876 163
2454 1461
1391 988
4331 3768
121 1725
271 6164
7390 6898
6070 6792
4903 5212
7242 5996
919 3164
6006 2295
2015 7101
1284 1531
328 1086
3667 1726
5205 2164
1622 7437
4443 5784
2095 5124
3965 278
5696 2541
2345 6795
1860 7207
970 2521
1748 4263
7452 7545
1816 4969
3905 2712
2532 3062
6898 3139
1435 173
3434 7870
5071 4213
124 511
6961 3462
3381 1317
1536 1328
3972 2396
1985 2641
5198 800
5725 3353
522 1999
6866 2988
4569 7619
2817 2121
5916 321
5225 487
3002 2667
4461 2826
7398 1113
416 7879
274 5549
5078 356
6953 1396
2724 6051
2664 5125
7261 5938
2523 1177
2075 977
1452 1773
4629 5163
1261 3637
1191 6242
5510 1421
6596 6991
2379 2606
1325 4887
7332 5478
1378 6045
1252 873
3701 2336
3131 3137
300 1064
4338 4621
3700 6942
6318 3418
1509 2929
7509 4442
2377 2952
5122 6731
2996 3860
4409 7753
5019 2902
6246 972
7340 3564
1611 4385
1226 4462
4729 730
3878 6594
4192 6253
577 1999
3074 822
6098 4458
4173 6714
2744 7011
5994 2205
7725 4782
5831 4355
6006 7088
1298 147
836 1576
7724 1312
6116 1432
336 7282
7179 3517
4227 5317
448 5290
842 5393
7134 4434
4080 2563
3195 5324
6838 3855
3711 3413
4185 927
4188 2373
6998 4152
1741 7846
6374 5583
5126 4938
6057 6832
4663 5531
3965 5547
2380 1450
5988 3680
4206 1654
7266 6909
307 5271
841 5018
2950 1519
6512 4982
7786 7016
1983 3085
6453 5496
1057 4050
3205 6727
6948 4256
7362 568
5730 3976
6919 1831
3452 4934
6111 6949
6984 1565
5668 4948
4748 3328
3294 4490
5891 7464
6939 51
2441 6168
4047 3273
1514 3989
6304 2101
52 6934
4996 1990
4216 6435
2693 1880
1360 3358
1195 3427
664 4855
5277 2651
4603 7063
759 1526
2022 7416
240 7232
31 4988
1915 5567
6188 1095
228 1006
2923 5470
4009 1348
6781 3082
5848 1999
6746 6442
4980 3937
4540 6079
1678 4572
2814 910
2294 7502
4890 7431
912 4505
1654 1653
2869 1030
959 5929
2220 675
4511 1453
741 131
7212 4226
2573 1782
3380 6509
2649 595
232 5820
7233 5706
6409 2053
5045 2502
633 2757
6073 6624
919 6459
6346 302
4099 7830
4946 2220
6885 1721
1636 513
6022 3531
3790 6334
64 7392
4425 5523
7382 2103
4451 3407
6243 5300
4741 6127
6038 493
7775 58
991 5778
1636 4596
41 6127
6174 6457
472 4260
6411 4818
2025 5508
4927 5851
7814 2453
5726 3467
3368 3275
1678 3009
5765 1779
282 3128
1390 1908
3699 2683
6649 3107
3024 3472
488 3460
3741 6174
7374 4009
760 1676
3795 7050
4551 993
2624 662
2774 5519
5605 7609
6546 6702
5355 7299
681 6654
6198 1874
2204 7255
2620 736
5850 6284
6017 249
6154 2311
3017 5156
6712 2426
5444 5748
2151 6364
2804 4013
4019 2810
3878 3617
2806 6260
2617 147
6516 1588
4627 7782
7355 7342
875 3179
5114 3075
3282 5633
710 7624
4458 4889
2324 6881
3030 3643
2298 3092
6463 7416
2096 5520
3858 1343
1995 7484
2486 2970
1756 1682
5061 1533
1248 772
5007 6611
328 3462
3029 6993
1273 7880
2593 7329
5726 6503
6903 2267
1141 7709
2057 2162
5853 6610
705 7258
5676 6151
2963 5002
3814 3645
4454 2951
2998 433
6056 6292
1597 1091
2873 2512
2274 4629
761 3022
2815 7848
4814 4080
4867 6179
3086 4924
7217 6107
5611 4546
5966 3563
3280 655
2632 6676
2036 4111
5589 1008
7081 1683
247 5350
2911 6003
4478 3590
4800 2322
5688 7451
2915 4969
7625 2337
7653 7328
1170 7520
4313 5281
1341 2157
3609 755
1519 5839
7642 7218
347 3299
3019 2790
2831 7365
3405 6178
5328 6446
6052 1664
7067 1740
5739 5167
3650 7417
1980 4356
5763 2760
261 6345
2263 4384
6569 6163
5144 1595
2596 4376
3545 1432
2251 1671
3146 6323
6725 6892
5528 4738
726 7852
4286 4856
837 3329
6135 6733
5273 5570
6956 5243
498 4399
6703 6274
7098 6380
1737 6984
2879 2660
3805 2073
386 1404
5710 4833
2535 2974
5083 738
7046 1970
6155 7526
1021 1016
5388 4822
6448 7732
6085 2290
341 5382
131 4174
2034 4677
0 2585
5742 991
7483 3340
7679 2323
5 1197
5577 7428
4721 5783
363 1858
6576 1154
1416 6252
112 2229
3523 7317
4998 7108
3696 6275
1231 5131
2926 1014
1020 4798
1945 6409
6730 2066
2001 2323
3141 3187
2553 425
3501 3447
7014 3021
5412 269
5 3032
7363 7232
1944 4245
1027 482
7394 7834
972 6007
2173 651
2252 3959
1020 6041
159 2979
5483 2773
3771 5229
2050 774
4988 2550
7424 293
5890 835
3032 6697
2366 5048
45 4956
5584 5531
4523 5478
4574 6760
2873 1180
1606 6817
7432 5124
4325 4931
890 6691
136 1626
4417 4819
742 5834
3018 5500
5860 3070
5109 3419
2077 3357
7479 2783
2437 4892
4147 5376
2332 7327
7780 6197
5877 3084
3868 77
261 4026
2190 3
6555 1951
4532 416
813 2198
3823 6501
5184 3624
6529 5149
6447 3702
3505 6245
3542 3703
2803 4768
6902 4125
5827 4659
5800 2859
4044 2662
6187 7164
2470 995
1955 1490
7433 5395
7132 2074
4289 400
6996 1077
7171 2480
3377 6773
1230 5969
4343 3171
7878 2321
7534 796
1826 7416
5921 134
1809 3312
2261 6241
5900 2889
838 1139
2671 6363
7241 6397
78 4582
7379 276
5071 6316
330 857
3241 5337
5856 2489
33 4560
3609 5621
3993 1094
5987 1158
1897 298
5218 4384
1174 6540
4134 5093
931 1806
2548 1969
4040 765
605 3357
4245 6204
6090 6817
5079 4720
1309 5087
7754 7853
2541 4728
3483 1592
4850 6586
7011 1542
6940 6623
6273 7332
2349 3864
6740 3905
918 5020
7407 2983
1570 2661
1354 6633
2515 2603
7524 3819
86 2885
2339 4063
5122 4028
7493 4178
7069 3194
6596 2537
1611 4340
2236 5114
4802 1229
5922 5520
5099 5715
6217 6222
7613 3723
5437 5691
5790 3081
3739 5108
6324 3422
2872 4443
7575 4279
6123 1609
730 3119
2014 6018
7220 3280
6517 4872
4541 799
5757 5394
42 1302
1704 6756
296 1704
5834 5233
3086 544
1766 7793
261 2346
567 57
3921 1588
1649 5543
2220 5872
5700 3819
1831 888
7642 6736
6969 7874
978 660
4327 3302
733 3716
222 5695
7726 5864
5352 7245
5123 6644
3478 3722
4330 7768
5040 5942
3158 6526
7847 1874
2662 6493
2307 122
900 1801
984 7779
7328 62
2807 105
3876 6322
3587 4788
1116 3828
5231 3050
3175 6107
912 1613
2360 2297
4634 2179
2707 4469
2747 6412
4476 5531
4509 1379
7843 7399
2785 3929
5987 6251
2778 7043
1657 547
1603 540
268 420
1589 6944
494 1909
993 2415
4529 4939
3518 5021
677 455
2912 1878
3359 6919
4744 3295
4263 4550
4584 553
3192 2292
1795 5838
5731 1489
6042 5010
2906 2349
2382 3067
683 462
4806 2569
4818 5176
1430 3265
6749 2691
6414 1109
6002 6254
6972 7126
1779 5878
7897 1038
601 861
3083 5001
4163 5882
4492 1555
3951 5963
4187 7574
5503 5771
5004 1239
7542 5105
4730 4991
2250 3670
1449 6381
5926 5611
2787 3595
404 1779
5240 5057
7644 4857
7789 5420
2333 4601
5801 426
6130 249
1460 5839
3118 850
97 6695
521 2653
3631 456
494 6045
7029 2492
4937 7451
1402 1644
2866 5570
781 6461
7405 3121
5430 6954
445 126
5213 995
116 1932
7016 2645
6076 5137
1131 7631
5720 5746
7749 2309
2351 3913
2590 4452
7773 5834
4488 7100
3669 2590
2384 6930
4698 6908
4381 7112
6435 885
2312 4219
7799 7584
5435 4151
4365 2955
3380 4439
5841 1893
6743 669
6423 6897
848 5065
3589 179
1638 4810
297 3122
4977 3513
101 6863
191 7135
2338 5806
5751 7777
4185 7660
6590 7091
2864 440
3730 7190
5586 354
2129 347
6178 5860
727 702
1638 5279
1483 3187
6861 5284
3676 1937
3833 2350
6927 253
6195 6314
2824 4170
6065 329
5449 4627
7363 3756
1823 5856
4355 3060
5684 5475
314 2052
7484 6943
1327 1906
1369 7220
2050 6428
2241 6763
2011 801
7366 2023
2518 5063
844 5825
3819 3078
5451 5460
3116 427
437 4978
5034 3564
6204 4460
6805 6529
5889 1241
7736 1227
2700 4491
2856 4456
4716 4646
4490 3351
4771 6473
3787 7787
815 3006
3756 6928
2401 7338
1531 2157
2594 859
2273 2693
836 1028
6244 425
2731 4607
265 7255
6245 3121
1618 1202
5465 7450
2514 7893
5423 4015
7389 7117
3289 1202
4367 3299
1506 557
6294 6815
1892 1516
6835 3892
2437 5973
5475 6649
3510 6374
4871 7262
6635 4658
5034 3728
5900 1572
2887 6430
1926 3345
6246 7669
4775 1100
4008 3003
598 33
6107 1268
6118 116
981 4517
3962 2133
6698 4866
5155 4277
1049 3488
5511 354
2742 1992
7793 2507
3782 2799
2931 4391
5708 775
5803 741
4984 4439
1783 6550
5379 3656
5620 3907
7158 3251
1892 6254
1128 2351
3936 7056
3507 2543
3933 2973
7223 4565
5573 1835
6393 7716
1270 7792
2291 6892
5310 2628
3426 7212
110 2476
6534 7495
1733 6734
4594 3596
274 6217
3486 6504
543 6288
1225 4722
4592 1403
517 6379
4722 1645
4903 4072
2416 1250
7009 678
7853 337
2226 3485
454 4231
1612 3657
7667 1356
5657 2817
813 5178
3272 3017
3722 4588
2108 6299
2369 87
6607 6634
3557 681
6269 2993
6205 5043
7064 2563
6286 857
6932 2139
4797 6790
2280 1814
3565 3394
868 3625
6120 2257
1438 654
2314 5032
7183 799
2143 11
591 2119
2995 6618
4633 6936
428 3513
686 3342
5703 1664
7085 4846
7799 3807
4260 4535
4455 6479
6373 2458
168 5986
3232 684
6956 5657
5382 6934
5374 6369
6591 1096
2566 5016
7362 480
6382 1974
7817 2199
6318 3528
768 90
1337 3524
1950 3482
5265 439
1891 1444
2041 7173
5645 2381
1094 5523
3518 819
355 1262
6756 4707
5563 4863
6744 6855
3158 6031
5849 5106
853 1879
1653 3078
6062 7590
3502 313
167 1579
587 6881
7154 209
5294 5231
1890 7013
3850 7279
7898 611
5630 3039
5479 5188
1324 717
1525 40
6172 1167
7742 5761
3305 5830
7235 7478
7426 7227
5504 2846
3651 6923
2719 6244
7627 1685
2007 3995
7890 6290
402 866
2176 7808
4328 3599
2497 936
442 7857
340 271
1519 1029
138 5820
1644 4050
6164 1232
5890 2245
6742 7847
6865 2712
436 7295
1480 5717
458 1691
1932 1104
3631 1846
2368 4063
3735 7814
5438 2638
3790 2228
471 6119
3022 3978
1976 287
613 1093
3636 539
2672 5184
416 4719
2744 285
6319 6004
4311 3731
1303 6765
535 6434
4009 3300
274 3012
604 2683
6554 4468
3953 5076
3053 2257
7131 1241
4117 240
5150 4096
2481 575
6723 539
2892 6148
798 212
5480 5973
668 4069
104 4954
2797 6127
4091 5909
5209 2420
764 5358
4091 4635
953 6164
7099 4124
96 5743
4077 1977
5342 4672
4850 4309
6544 3834
1811 3612
4485 1495
6691 3096
4154 1256
1562 7503
6525 4242
2924 6541
4179 2806
1236 169
2456 5156
5061 4471
7653 7169
1035 6409
1598 6990
5666 7289
5608 5625
2245 3988
5351 7239
4999 6857
1972 1543
678 1528
2456 3439
7078 4925
7340 5121
2907 2600
5374 337
2027 7064
1066 5050
3477 7257
6582 7750
6799 4923
2608 7880
3140 1733
7157 4572
922 7263
6459 3684
6663 3516
3407 2414
7210 5647
3541 4682
4607 7717
1170 6473
7758 7405
6854 6727
6736 5288
1808 7568
4423 535
2979 2083
7622 3435
7270 6331
7105 5567
2872 87
1167 2370
6179 7077
4462 1404
5608 7144
120 1731
1464 726
1652 2743
609 533
1611 6598
6887 5714
5333 3702
7294 4236
5815 6741
7506 6995
6672 4944
2170 1745
2341 2909
3474 7211
3238 6954
4380 6653
4079 6775
303 7359
3675 3235
4631 1371
1301 7528
3344 688
4125 2705
4141 6338
7777 300
2453 3081
2709 4917
1494 7357
4460 4582
2790 2823
7382 7879
595 481
4272 3109
2250 659
6600 2187
6001 7446
5146 1820
3242 439
6438 6112
4521 7353
3267 5499
1706 1749
5193 5716
4098 7575
2381 2287
4985 1373
4286 4277
7128 4436
1152 10598
7131 5829
6249 4737
192 6855
1156 191
5162 2986
7802 6092
941 3314
406 2961
3962 3356
2747 268
4066 2242
4434 7427
2123 4426
6217 5699
7626 2495
4829 1671
6506 175
5446 7093
6786 4563
3183 2265
4450 2503
4925 3676
6474 2897
1770 1564
1457 6719
6515 7475
5164 6066
647 6037
7202 5414
2566 3325
5031 5339
2202 6592
7045 7882
945 32
809 4242
7425 1936
5647 5726
7863 6700
5712 1064
1697 1257
1437 4327
3551 5651
4696 3370
6708 3311
4700 5318
4494 6460
1763 5763
7789 6510
5300 622
6984 167
3991 1361
2891 4213
3556 4700
6021 520
7043 68
6742 6921
4594 7635
2809 3985
1778 833
3859 1101
5117 2754
2099 6106
3166 7008
4703 7212
3554 5555
7009 3108
1593 3175
6504 1920
6117 219
4618 1472
527 3569
1818 1767
2246 3450
5379 5775
6506 2604
7795 5618
5380 5801
666 4882
5372 7704
191 7072
631 3084
7313 4096
7456 505
1076 6125
259 7112
444 3677
1948 4821
6511 6388
7562 6440
5434 7067
5836 7089
7144 2223
2342 3877
2591 2828
349 579
7245 5432
5948 1523
1492 1108
1870 1126
2160 7791
1542 7383
5977 3657
5474 4474
5036 6596
1333 6972
5169 1819
3208 4615
2167 6580
926 6792
1837 1476
37 5499
6110 3948
53 1190
6690 4151
497 4631
1682 3655
4477 5916
4570 1494
6577 4552
1017 7566
2724 6484
3898 7177
1498 7363
6787 6712
7613 4324
3070 7090
100 6307
5953 5593
7429 3243
766 6057
6831 7187
1080 7564
7564 4331
2342 79
5605 5398
5230 1228
3998 650
2915 6372
522 6256
516 2180
4662 5703
7800 6783
6042 2972
482 1891
1296 4508
7417 3202
4926 6246
5050 6484
3380 3351
5239 5432
1671 6400
1124 3707
5809 5635
4441 4520
1068 7395
6894 1131
7538 7518
2572 4993
7899 7052
3917 5930
2391 6626
2043 3194
3564 7329
3038 5720
5885 7278
4955 2365
7749 3895
7086 4022
1241 1488
4524 6062
2728 3351
3206 5994
2377 6161
118 6198
7508 1423
715 2621
2074 6246
5184 2546
3135 2219
6274 5023
5998 6622
5463 534
6460 3466
2940 3459
6075 2563
4660 5224
3306 5256
3051 1497
6982 5660
485 1737
5079 6144
4299 2041
4308 6246
7552 6728
4054 2533
1433 7539
6132 2233
3107 6204
2400 1006
5659 6878
1346 7601
2752 4
986 1971
4030 4315
2077 963
7142 4510
5809 127
5845 5065
1510 4243
3630 290
2144 3194
172 7045
1622 3805
5523 3318
1242 7766
2230 3897
5035 3726
6450 5257
3857 7519
2285 3506
2947 114
665 2897
6547 7064
3306 1931
6183 7072
6971 2863
1871 6234
6474 2256
1617 671
6846 3543
1316 5498
1201 6574
7702 6093
7304 5355
921 113
4690 13125
2072 4782
4051 7443
5561 5613
6540 5460
743 1203
7195 2614
206 7703
25 4880
5667 2805
6701 988
7015 3637
1049 6594
5372 5842
6766 5439
5804 1296
2449 7631
1635 2465
2306 1662
5643 2514
1307 5976
1667 3142
10 909
4869 5863
5292 1024
5245 7612
1627 2708
1324 1840
5088 6404
2278 1474
6382 2567
504 4292
906 364
7185 4629
3364 6817
4664 265
6526 2828
3107 6315
7092 4172
276 5471
981 1880
6249 6979
3822 3149
5129 6088
1956 1999
2062 7482
7536 1042
7214 5008
1219 2140
768 5319
6248 526
4875 3379
1094 76
4085 6879
2946 3198
2250 6141
5327 4445
2847 5730
3124 5724
3859 437
3916 6803
7386 3379
1050 7678
5489 6278
1655 5575
1666 711
5426 3239
7197 5039
7258 5906
4363 1914
7747 2489
3399 4972
5602 3654
5463 4696
643 4439
5070 7541
58 7854
736 3141
5890 6397
6522 2322
3103 4472
2264 249
5066 3034
3577 6233
3955 4241
4899 3848
4303 504
3336 3749
44 992
2833 4058
7830 5828
6021 3438
35 4941
6121 5384
4803 2145
6724 3558
5383 4916
7530 7744
4992 4933
3675 6289
289 1575
3139 2617
3750 2039
4064 7210
11 3623
6696 1056
740 7469
4416 6655
695 3198
5066 6359
5477 3199
2219 3884
454 6842
3852 622
7737 242
5784 6212
7635 7104
5576 4204
2588 4234
6732 1250
2043 7562
2966 6362
224 6688
2431 2313
1321 3813
4981 2196
932 3276
4232 2775
7097 71
5910 5409
2243 159
6196 165
2098 6853
4494 58
5213 905
315 2473
5162 6865
3333 5419
1643 392
495 1170
858 5490
3347 893
6849 2598
2778 2516
2620 6754
1416 1582
152 1199
89 7581
2898 3494
621 151
2165 3900
837 6459
3958 6666
5358 5536
6946 4236
272 6768
2350 5927
5343 2810
7090 7199
4474 3893
3806 7048
4314 6668
1451 2145
1062 2390
683 6778
2829 4699
3025 3895
5643 2533
5235 5862
4537 353
5790 6574
3177 3851
1368 7207
723 3533
7765 1854
4735 1664
1384 1048
6908 3385
4808 1175
3000 5390
4952 3706
4641 7097
148 450
208 2802
635 5475
1751 5206
6885 3037
410 5925
7245 1500
2862 5900
3373 7014
1433 7252
1286 2295
4957 2635
7407 2992
7769 5576
1541 4645
1935 2495
1078 6997
4285 4343
1360 4341
550 5975
