3638 4427
7061 2068
5440 3095
3844 4954
3527 1318
272 6281
4703 433
223 672
382 805
3826 4965
440 3834
4290 6894
2508 824
3485 2040
3041 5541
5490 320
4450 1624
1500 5098
6898 2253
3081 3493
6798 18
1221 4198
574 1758
1704 6480
1272 3585
6232 3734
2577 5207
2332 2551
960 2582
2015 4232
5266 6310
285 3023
2243 1520
4333 4939
4063 2159
1291 305
6101 2115
865 6258
4501 6949
6385 5080
870 3061
1218 3855
4038 6447
900 7008
5759 4380
6945 89
6498 420
4867 2184
3651 1281
2972 6886
3857 5262
3478 5104
5744 4063
3287 6001
1429 6762
7056 7196
3709 2179
3362 7092
2283 6758
1710 1870
4860 1837
120 4974
3688 546
3415 3695
4791 5774
6971 5951
5949 623
6107 2214
7028 1512
1531 6919
3988 2514
5431 6750
4050 4464
5390 4842
6578 2721
4397 1732
4106 1359
854 3821
1525 4548
366 5703
6609 2972
4608 1657
5046 5973
785 3702
3922 1699
5185 3479
5318 2432
5434 2693
1815 4608
1369 691
4753 3523
918 5831
3679 1412
1681 5849
2079 4271
6427 3380
3910 79
158 3962
2000 1348
6314 1221
3265 5779
189 5319
925 5176
5775 5523
6497 5719
471 308
6460 1360
5533 6587
909 1713
5884 2838
1146 517
1587 796
394 1770
5897 5605
5408 1249
5627 5814
6676 158
868 1370
5136 4959
4839 6412
2852 6809
6172 5618
2758 45
4437 3267
5385 2522
6219 5160
4537 6540
394 5856
4721 1171
2454 3166
3673 1550
5816 2381
2591 4582
1577 4436
6320 2903
3193 3029
2611 2953
5916 7023
3267 5565
2387 5635
3335 4515
211 4659
3024 4776
1491 6950
1358 7180
3799 2985
2959 6481
2612 2480
3669 6416
3423 762
6515 6534
5047 4049
5060 1004
2028 5104
232 1572
2314 5024
1851 5551
6342 2363
5972 1979
867 4018
4727 5338
1026 3146
3415 462
5284 4576
6220 5888
6460 4398
1517 2896
1238 1637
1674 3302
575 1786
1256 6055
1679 6750
2489 2467
6074 6469
4824 2891
2030 4807
6591 993
1865 1189
6341 3175
6427 4164
1142 665
7060 3861
5328 5783
4970 5205
5688 2907
1032 1487
6104 1545
3542 6240
3893 4579
2593 4723
3536 5852
6248 170
3161 2788
4898 4158
5803 1314
527 5118
5993 97
5881 1299
1331 577
3206 2276
2276 4014
3613 3349
5162 1358
6483 3850
5571 3091
305 6826
2161 6096
2884 1951
2266 136
3648 3801
4831 835
3953 5746
5623 5242
7040 2828
3879 4689
1695 4759
3040 4964
7025 6831
4981 2074
1817 6369
887 1974
1949 7022
3119 6605
6934 2536
7095 2994
4983 1338
5685 5644
4088 4517
7125 4169
6686 3748
866 2540
1736 4753
4833 513
2713 3296
715 49
6205 937
4036 306
2905 1027
5980 3382
1364 2924
2882 5955
2236 2245
6496 7107
4534 2906
2711 177
3494 5824
1432 5460
4727 5814
3547 4297
615 3214
6144 56
6898 6501
5024 1129
2490 1934
3343 6031
2032 5005
4880 6178
6465 5758
1204 779
5600 406
5809 5944
2796 4674
3387 943
1597 2508
1794 2879
4817 6139
1160 4723
6541 4506
4381 5248
5458 4145
6297 6717
734 5039
6773 1522
6588 618
4710 200
617 1053
5271 5152
6212 5615
6914 7136
2737 5332
5290 4969
3561 5677
3960 2884
6242 5355
2769 6330
7031 2609
4496 7075
3732 4919
325 598
1856 4011
1065 6975
7046 2578
3805 1390
1474 7083
6846 5452
709 5909
839 6537
4453 5415
4164 1201
1573 4061
2766 6525
1372 4563
2183 709
484 3017
6228 6899
3009 4902
3282 2259
3947 6617
5430 870
4250 5307
5189 1718
4590 2352
3277 292
3128 2285
1150 4925
5577 1363
73 779
5365 5081
4499 6023
1826 3464
4661 5293
947 3295
2932 840
4396 7095
6904 236
3809 641
4331 5250
959 268
4400 5661
6007 1858
5405 3180
3394 6994
1078 3049
6518 40
2247 4654
4964 4376
3678 1383
3402 7035
5315 5506
2076 5168
3605 4131
3242 1667
579 2004
4718 3210
6307 1882
5780 5100
434 4611
4614 1053
5065 4379
5363 2277
6456 4989
3132 6206
4546 2246
1851 1916
2068 3878
943 647
4899 4656
808 3619
129 6801
3948 2481
6492 189
5060 5230
1747 2372
2887 5433
6646 4836
4864 274
5593 1976
1694 4542
5396 6831
6008 2599
3290 631
6939 3424
6772 3287
3569 6727
2298 2044
2864 2979
2125 4075
1020 2220
6516 2198
6810 2601
7088 4426
498 6037
958 5476
5215 923
3049 419
6871 3553
1610 2201
2610 5281
4029 3580
3961 7185
2241 5497
4332 2852
1355 5096
1455 2410
4520 3514
6226 4242
3309 1999
5020 6736
3260 2596
5683 2970
2646 3433
1195 6348
215 17
1737 1547
1266 4194
6866 1991
3914 5709
3445 5401
6795 3127
4817 1868
3651 5526
1540 5592
1216 5880
4018 3209
3398 2332
3950 7166
1741 1476
2120 782
3733 6594
4915 2597
711 4847
5649 2635
1066 4890
3038 2566
6015 3294
1494 6550
1497 4045
3172 5342
1212 168
5448 514
2481 6992
3747 1868
6563 6167
5570 745
1721 5456
837 1584
2832 933
6155 803
661 3559
6812 622
92 1343
1746 2316
1567 6499
2341 4840
4663 2181
1746 1697
5456 4101
2919 1255
3244 6535
5262 2371
1398 3039
1299 7187
4769 1033
3891 3506
349 3061
3683 85
1046 127
186 2194
1417 2333
4956 444
355 4625
4740 617
4727 1758
6350 404
2940 2488
542 94
2593 6292
5232 624
2638 7038
2621 4347
760 6186
1734 2592
1249 546
5665 4748
6154 6429
5053 4283
725 433
979 4670
1083 4639
1387 1526
199 2541
7112 5472
2445 4626
4721 1515
5643 650
3933 5572
4442 4328
5978 2899
3856 939
922 4702
1142 3081
603 3979
6401 1193
3154 1091
6351 3181
915 2002
6912 3468
3807 1515
1199 5469
2410 5065
267 4303
5383 6320
6422 1270
2291 4465
5721 6943
3867 652
3650 4485
5195 6672
827 1212
5204 4190
2472 3147
633 6348
5245 4279
6999 5445
5561 6202
814 3533
4836 2130
6256 3555
1920 6997
3748 6399
878 4898
2487 2298
4033 5332
5729 4429
2167 4432
2607 5714
6809 1661
178 6119
1328 2355
4196 5553
3074 1899
6194 5660
5544 3127
3690 64
5581 587
5730 5088
4709 5016
3683 1516
4711 1114
6832 5543
1065 5863
4439 3
4311 1511
3250 7047
5359 3363
6138 978
4155 1878
6442 826
5100 1409
4043 5229
5264 987
1729 4889
1680 3845
625 6279
1193 6491
2445 6465
6949 6022
4094 4820
1364 942
2381 6321
1068 7181
7022 4110
2843 4127
393 6506
900 6037
262 1773
4030 3945
884 2413
2501 812
663 4941
6682 6715
7020 5088
5598 1488
2361 6827
6215 2005
6454 7145
3804 3795
3922 4232
5843 137
1988 2864
3812 2231
1775 6308
1962 3962
2256 5505
1974 3538
1415 5667
3279 1663
3936 4199
2378 1675
157 6923
2753 3936
6690 1234
2323 3866
156 2852
6329 6231
3950 2097
4288 1227
5818 3734
328 3313
1097 3576
2008 3355
6647 6862
1979 3882
1598 5883
2363 6265
4221 184
5880 1972
1700 5104
5701 1766
2623 4133
0 1200
1245 3217
5132 757
2011 5927
13 6770
786 2487
6911 2923
1562 2704
5555 4097
1881 3519
6886 2943
5869 3574
4352 1876
3569 1193
6150 3131
6255 1201
4541 4565
931 2611
6460 3896
2439 3771
2156 2977
2976 4226
6751 4518
484 3982
6538 5510
4263 4952
2880 3713
1505 2153
6380 1380
7069 2654
6506 5436
2944 3947
5731 4204
2868 7132
4804 3802
5457 1750
954 2467
3815 5179
1612 6159
6954 1485
4980 3743
858 3498
1883 6211
3341 2997
5968 1736
4283 2870
677 1582
1511 6167
2663 1720
4293 1327
4759 4157
1516 6460
1962 59
794 3369
1209 5003
6814 5679
4774 207
6086 1720
7052 4840
4421 6974
1377 2693
5569 2258
6699 6165
5014 5849
4380 4157
5738 6769
2635 5
2926 6193
5232 5773
4814 2670
1884 6654
1622 2266
947 4539
6944 5702
2087 1013
1822 4584
5490 7038
4480 1753
5519 2901
5251 1429
918 1760
3351 1925
6578 3608
3403 793
4225 6686
6550 5038
3527 2795
6021 1808
1007 5222
6556 6233
96 6670
6987 2744
4119 5399
5583 1996
583 1778
5953 5615
7082 4932
3295 5712
1378 3160
85 984
6512 6609
5640 6927
80 1528
7071 6935
7183 5524
6542 5237
5739 3927
736 4048
6789 1108
6176 4786
7077 5711
3460 875
6731 5197
2871 4853
1421 6763
1473 3219
6930 6890
1365 2962
6153 5063
5080 3729
3495 6441
5385 6461
2363 5780
2033 5973
5872 3450
2151 333
3358 305
4992 5677
4109 3200
1330 25
3432 2738
6340 2828
6682 2349
3380 1661
1735 5821
7076 3684
2825 4554
6754 3126
3206 1992
3506 3595
1514 2956
2618 385
519 732
361 4665
1509 3903
2405 6143
6183 6900
3505 3432
6268 6847
3511 4148
4511 190
5847 1842
5228 1689
2956 1827
94 1400
3575 3766
5226 6574
6603 2963
4242 1427
5172 180
5639 3440
4388 1388
2206 1812
1244 3883
3917 7171
6995 2522
963 6925
6278 2657
1185 701
6684 3177
2265 1736
405 251
6753 453
6734 198
148 3868
7060 352
4997 3511
771 6340
6401 4917
5561 4346
1728 5853
5724 2228
2760 4944
2532 5236
5342 4791
4518 5131
4873 5467
1790 5212
6661 340
1593 5247
417 2649
6076 6562
5814 5366
3381 5130
2436 5596
6076 6199
2922 978
3941 4357
1953 4521
5701 5903
502 1677
445 4142
2083 3831
6824 5662
5001 2495
6878 546
1868 303
6402 158
5323 6355
47 3906
794 4397
5849 6951
2814 3045
2467 6226
4452 2941
4093 597
2942 2562
5911 5877
5243 6654
6662 7174
3586 7179
4721 850
2571 7106
6266 1592
5402 4849
1476 3729
5721 2091
165 7183
2672 2586
4873 222
196 5775
32 2892
1993 6426
3621 4101
3781 1621
492 1494
1411 890
4904 2259
433 149
3990 277
4823 7093
841 1723
2547 3452
1587 4657
4373 6389
3372 5326
2516 389
258 439
1036 4730
6974 3649
6997 5504
1582 2164
7073 2290
4405 6635
2033 3374
3531 3031
4980 513
5426 7043
30 4514
2742 1747
4225 1819
4864 2661
4714 5025
2168 5594
5818 1861
5556 558
3583 5218
4961 5506
4527 3767
4428 5691
6017 6575
7118 6179
168 315
2162 6318
524 5154
4868 4887
838 1391
2168 2408
5176 3624
2036 6777
679 607
4156 4367
3319 1025
24 3110
4865 4843
2851 6185
6483 5789
5906 478
3556 4295
734 863
402 6848
593 4099
2586 1461
4073 1403
2452 5982
3756 4280
4456 4428
5449 6793
3057 5407
2150 3330
4012 1172
6444 4185
6300 827
6859 3882
3518 5063
4842 5243
4068 6303
3215 6585
3377 3601
1447 4545
3376 1478
211 2491
1841 849
6992 1248
5440 3905
513 5596
4195 3733
3067 6574
5297 47
5133 6861
1386 1761
1961 5573
2774 964
6931 1279
4798 4936
1478 1054
737 5542
6621 1861
2708 2737
1605 6327
3642 3562
3868 6614
2747 1555
5093 2701
2628 5979
6028 3785
1370 6488
7056 7074
6012 5843
5618 4343
4053 3293
4985 5815
5915 1792
1727 1724
6119 2928
6043 2930
4209 3936
3179 2358
3815 5680
3454 6553
5354 7140
5564 2724
2725 6193
2163 2197
6570 688
3135 3015
4331 3733
1236 80
2994 1273
1835 1572
382 6227
2215 7062
58 3621
3427 1631
155 2546
762 375
790 3438
4754 3360
380 5454
7013 6819
5780 2847
1710 3282
2611 2610
2605 1420
3802 3508
3959 5567
3531 1436
2397 359
5929 3038
4854 1108
492 4509
7148 1963
1150 477
6208 4771
1813 373
1275 7055
4845 995
4083 2779
6050 2458
1238 5520
1126 4343
2518 1586
3077 1234
528 3912
563 3983
2586 3291
909 6163
1033 3959
5781 5908
2300 5264
3044 5834
3241 1886
1931 6305
4738 200
3562 1008
292 1727
1260 4708
1979 33
2013 1526
4725 6238
4202 4379
2594 5047
3507 4154
4228 4226
6479 4856
4537 938
4156 4751
3522 2356
3392 61
3376 636
2626 6585
4234 3389
4063 736
6077 1872
1801 3790
3104 3820
5634 6312
6690 684
1329 3669
2547 3502
3999 5773
3916 6807
49 5770
5211 5876
4994 2939
1103 4283
3484 3928
3037 4560
5810 5935
845 163
6269 6237
6372 4439
3377 5912
1806 2206
4828 4137
6791 3295
6010 151
2567 6970
6680 1758
5032 6722
3779 7071
4693 4009
2572 2289
7121 3577
7162 6005
3392 4638
6316 1191
1910 2466
810 3952
6394 4208
4326 2744
2231 6426
3221 3897
1791 2934
4516 3503
6204 4515
5976 5420
213 1417
5990 6216
1657 6815
1356 3093
6443 38
3754 5264
2634 3122
2785 6964
5691 7048
3238 4680
2037 2979
3810 57
393 753
2185 4290
1516 5051
117 2951
1635 3201
5695 6562
2442 3363
3930 1812
672 4349
3244 3197
6707 6858
1129 2055
227 745
5069 6525
1494 2525
86 2169
1080 6926
4636 602
3148 1325
526 1652
2547 2740
6603 2817
4023 2476
4025 3158
6549 5544
1861 1361
358 335
7160 5262
2504 5879
5329 121
2701 6445
2341 5213
7040 6321
1745 6395
2255 1981
5623 1655
7065 6150
1596 2476
598 1500
1053 7103
6717 7116
2025 17
1366 1764
4256 1229
1629 1110
4550 2754
623 470
7043 4875
5621 4350
3738 5130
4106 336
964 563
1130 2075
4649 3428
7161 1111
2746 6802
6253 171
3853 5983
5464 398
1238 40
1910 6378
1663 1499
240 6332
6404 3718
3179 120
4109 3145
816 362
5225 6765
6169 3671
4099 4431
6676 5250
7140 2677
1303 2826
7109 5569
4320 4177
5806 5283
5704 5495
4880 4136
6052 325
4060 4785
5942 133
6494 2591
3959 7182
3577 2665
2425 2142
1152 3056
5501 4609
2062 4522
1488 750
4643 5658
6818 4176
1372 4193
3077 3873
3022 430
1822 2130
5214 369
4395 1480
6144 941
1009 4001
1930 2155
7072 2420
724 3275
1477 2647
2126 4790
909 2009
1534 4559
625 623
3828 4551
3778 4012
7084 3920
2834 3690
2944 6441
2365 6501
3815 7064
5554 6630
974 631
386 4286
3857 5253
5443 4392
2423 5532
5889 6417
1351 4963
4514 147
586 1753
4660 3453
2910 2386
6486 1614
2068 5215
4736 5664
4104 645
4015 258
3419 6320
5233 1886
5646 97
2729 4153
1500 5090
1792 3192
2036 6010
3368 256
6610 4923
7022 2390
3961 5977
3740 2629
4880 7061
4968 5661
2582 2392
2908 2105
6243 1211
3810 6201
2556 4003
1100 3150
530 4138
4734 244
5496 6968
3385 1593
1024 1873
4356 4124
2481 6343
1369 5297
4998 1712
4297 5408
998 3539
3533 4621
1595 6812
1770 5011
5041 6511
5984 842
6126 5145
2831 6792
4616 6114
7014 1283
4647 478
746 4403
6360 6754
4256 1142
3019 6164
5975 6670
5771 2524
4789 6245
2295 5591
4988 240
1121 3466
3576 305
4258 691
1384 2711
5591 3386
1158 5793
6333 423
1781 287
453 5774
5734 345
3603 1861
4551 5193
2041 2614
5833 1475
6731 6639
140 6517
415 1271
201 2345
4739 1371
4827 5447
5018 6087
6987 4983
2708 496
2231 5701
6921 3437
4895 381
4498 3942
1643 3350
2693 4037
1500 5355
6795 4297
6318 3012
4159 6106
934 1779
5573 5335
6910 5467
2308 2346
6634 2091
5729 6557
6182 6023
6714 6725
2718 4647
1948 5372
4057 313
3490 1550
6371 3394
11 2634
1494 2146
4437 1592
1284 4246
5404 2313
6564 2678
4969 745
4790 6174
1433 721
5813 4298
5611 569
4632 123
2853 2315
5828 1622
5764 4660
18 684
222 1715
6424 2964
6583 2259
503 2387
4667 3798
2785 3934
5694 2759
2532 1719
2062 1233
3000 4147
5873 750
193 2812
3553 5143
6816 6930
1120 1243
220 1548
3354 7179
617 2716
4982 177
6579 305
3384 4353
1449 1206
4182 488
1864 6487
3029 6241
3331 1284
1951 5191
5740 2926
5859 1924
4642 4207
2314 2055
5270 4742
3185 6868
5916 4704
2184 726
171 4178
2470 3600
4304 6786
3110 1873
2326 2981
2 6245
4458 3011
2730 40
1582 4311
5217 949
6652 5458
3733 1949
7060 2655
313 1491
3620 5986
5536 4677
6484 7130
1272 6981
4395 4773
4577 5797
5025 1763
4841 736
1537 5490
1381 1589
2042 2584
1069 4559
1892 6720
4373 3776
5194 6875
6500 5516
5463 6760
1267 4673
6017 6350
6243 6725
3053 677
6523 7016
6621 6357
3933 1976
6493 3447
4996 1139
3302 3095
3293 4822
4140 6939
222 4948
1035 4477
5991 2979
6409 5524
980 3825
2375 6833
3228 6612
2825 1701
2601 1790
2208 3904
916 6319
4529 4020
3996 1604
3332 3640
5987 7086
522 904
1862 6878
4427 6538
6038 1020
2988 3436
6711 5494
5626 5064
6325 2357
6933 2601
5726 3020
4828 4360
961 6058
1969 7183
256 2607
1896 2174
3284 5498
5073 1612
4542 4001
2560 7045
5413 3802
1685 370
3505 2134
2445 1463
4291 7086
5893 277
4783 1653
4230 1904
2359 5868
7121 4298
4453 213
1287 5070
2372 6944
5174 6409
1052 5441
1852 5651
6824 4546
3065 2924
1430 5396
2549 1249
3002 2977
6027 5037
7055 1341
3441 5212
7179 3739
4837 1259
7198 604
3861 6795
3783 6306
651 6757
5299 1090
4467 4567
3859 4248
4747 412
1976 1812
3302 5738
5902 3859
252 3733
1522 3817
3698 113
466 441
257 469
7071 103
4582 6138
3889 6340
2246 6786
4536 3113
667 54
3354 5311
2783 4904
1198 6075
1587 1367
2419 1415
5741 4689
269 4411
6205 4179
6110 3979
4378 4235
157 2426
7053 3807
2358 1580
985 2246
1502 313
6534 4596
912 5821
3625 1427
6377 716
3281 6924
3421 2435
657 1477
4564 2458
6501 1189
1156 533
3459 723
1067 4634
6815 989
2794 3036
7034 1492
1305 6550
4040 5427
3275 1972
3581 5633
5791 6635
6292 7116
4383 2185
1884 3862
6905 4679
5663 2476
3544 1691
271 112
4926 4617
2575 5560
4160 1946
156 3055
2878 1285
5687 3098
6173 1097
5744 2837
291 1053
3215 2364
687 2878
5410 4326
5426 3656
3103 203
5582 1216
1716 5670
1385 5037
1395 1973
846 3111
3027 6365
6752 7144
3269 2475
1884 288
180 6997
42 5284
2455 3807
6847 454
5655 762
3635 3488
3448 6023
2298 7049
2886 6873
3713 3434
5628 791
2726 4490
1140 3393
1140 5413
4582 6698
4730 380
4895 1924
5575 3206
1632 1594
613 5861
5775 6614
4943 2323
6495 3907
6127 3162
503 2092
7096 2499
5057 35
5437 2118
1649 6206
1613 1888
4656 2972
3372 579
580 4550
4399 5831
5693 6288
2291 350
1887 510
2490 2597
3207 420
3587 4023
6204 2885
4581 6524
2868 957
328 1630
448 2938
1536 1372
1717 2341
5798 4087
1111 1951
1269 2473
291 454
4606 6166
6970 567
6313 379
3270 5261
360 5027
5546 295
5913 1593
3402 3400
1113 3031
6643 3224
4256 3164
1481 776
1148 6077
3436 6835
3661 3602
6918 2111
4122 2513
3156 1315
3343 5176
2414 6339
6452 3299
2196 1910
7083 7070
5174 2441
741 2005
3424 4444
993 903
4129 6538
3010 1976
1623 5414
4684 6501
6905 5120
2203 6899
1889 6919
2816 1153
3955 681
1337 3836
2766 5526
4908 1776
3309 6531
5728 3867
7002 842
2744 2750
7121 4942
4268 750
6733 1084
6757 519
6481 4973
3989 3871
6005 4104
3505 5304
6570 3364
2669 6639
6572 2475
5522 1298
5283 6106
2814 1967
5814 2598
728 4071
461 408
6638 4513
3361 5337
1645 6299
2658 4841
6812 3771
5764 5320
2101 2243
6055 3639
4642 3139
4226 153
4208 457
2092 5204
3954 4723
550 4820
3093 773
1288 6510
5371 3926
3910 2081
3959 4037
1887 3704
612 4777
6627 5581
3041 293
5246 6663
5933 2938
4868 516
5723 7191
2491 5234
5618 12
480 152
580 4476
4055 2961
809 6417
3122 3192
3959 4361
2845 95
2464 5134
5636 6777
2568 4643
2562 5688
66 378
5735 3920
6438 5762
5924 6235
7153 1854
3062 1238
3576 945
2221 5800
1290 1205
5337 6530
1986 395
5104 4386
1254 3597
1661 2674
3039 2112
4808 6605
6005 3845
3294 4930
4902 5869
1053 304
1698 5228
798 7058
3046 551
5152 2004
1043 6696
717 2627
4971 4848
5227 6564
840 3884
4225 3226
5273 3168
2915 1387
1657 6367
4733 2236
2381 1181
5240 5176
5402 1596
1227 5584
3489 4898
2657 2172
4921 2796
5955 1791
3143 2587
739 1673
5339 2477
3556 5175
1290 6823
3720 6997
4772 750
5624 6275
3666 437
3018 2293
5838 3760
5554 1428
4126 1735
6471 1058
1198 5542
2896 2299
713 6033
6731 2294
1044 3733
4026 3019
5447 2458
747 6191
4649 788
5219 1659
5511 5657
678 3979
2704 1421
1477 3778
4880 5624
1892 5546
1991 1849
3271 6329
1349 629
2200 3023
5605 1608
6744 5564
2947 3995
7168 5887
2907 4534
1682 4712
1024 3629
6945 6047
981 4630
3801 2686
6347 2395
6221 1625
1240 5419
4572 5790
4432 107
6334 6103
4803 2025
6608 301
4723 7089
1722 5670
368 1336
3354 1071
3665 2550
3151 5748
4689 6929
6339 524
452 3508
2421 3186
1365 286
35 6766
349 311
881 2451
2530 3613
6712 7009
426 2365
2670 3626
1722 2878
2157 1682
6287 4439
6563 47
5432 3136
5302 5104
6126 1445
4561 4890
2801 4887
688 4814
4321 5757
900 2182
5366 1289
3587 4030
6780 3589
6639 2511
2734 4491
4769 470
4910 4916
5266 7092
7134 2632
4934 6607
7166 1780
3989 1397
5890 3450
2647 6912
6671 2178
396 4437
6866 4750
2917 6631
4926 3564
3826 88
2432 1380
5801 5504
4320 1393
2928 1510
4054 7085
3143 235
6471 4964
6837 5318
3387 3819
4397 5546
5468 6889
668 4003
5132 6131
594 5983
3843 5078
6763 4810
4612 3949
3289 3378
539 6387
6480 2506
3254 5266
1101 1577
1309 4026
3300 5330
6063 3693
1925 3246
6010 2679
1449 5845
3351 4059
383 3276
3776 5864
6765 713
5998 4906
37 2194
2067 6141
1287 1027
337 7069
2157 5421
1269 7160
7063 1564
500 1349
2706 3665
2304 3086
4231 2959
422 809
6878 2897
4200 6917
494 5208
818 2015
3426 962
3003 6323
2633 981
6842 1008
825 6716
6626 420
2785 4456
3068 2231
6122 7160
6911 1204
1034 6163
6703 5890
4677 4402
6671 7025
6463 2395
4868 1423
1122 1192
4071 3770
1321 1381
6566 1328
4519 152
4409 6658
6935 764
2268 2471
1441 6
1390 4556
997 5896
6628 3402
3047 2899
2282 1808
6167 3799
55 1247
5563 1862
5196 6325
5276 2327
6730 800
1930 5255
269 500
45 4153
4456 5336
3177 222
4126 507
5132 5200
6810 1636
4344 920
3340 2215
3912 7055
3681 1267
5728 7138
4477 7112
885 6126
4728 1702
4182 843
1554 3232
3446 4358
4564 5296
6615 5126
2437 6052
1333 175
517 3254
1292 965
6506 7129
5766 1352
596 3887
6533 2238
4303 4151
3146 5199
6117 7108
6591 2954
1245 1929
743 7044
916 1617
608 2048
3126 1131
4946 4746
1113 2434
3255 1918
6711 3690
5607 6566
3494 6262
1982 5984
7125 1927
2668 6621
101 5663
6458 5126
129 6580
2708 2106
2588 3935
55 4882
5958 2868
7160 6981
2250 4877
1166 4295
5223 511
1885 4332
4233 3181
6080 875
163 7067
5106 1949
6796 2011
1401 2853
3795 2403
5616 5513
5472 4896
2480 5983
2632 4900
3258 6595
6604 666
3363 1572
303 1978
6460 4479
3954 2712
4381 4002
1134 5751
1518 5235
6830 3643
6674 3849
4070 4572
2800 6296
915 4887
703 3018
529 3422
3021 1161
5715 1071
1420 4281
4194 6786
4314 2754
3701 5371
1195 5547
4394 1728
245 1378
5598 6181
696 2424
718 931
4200 425
2827 263
1976 1753
1652 4166
1349 2874
7186 1934
732 842
6069 696
5705 2329
4358 2842
2045 457
1865 697
1371 1006
5490 6651
1183 5941
5888 4954
75 1824
3162 5237
3280 1231
2949 4064
6197 7003
1567 6140
4807 3259
1755 1698
3677 7082
4793 1208
7079 160
5825 3206
2195 3356
2012 1858
4059 5699
3472 3911
6414 5602
2006 3364
601 6768
1177 2129
5778 6351
5804 5501
4609 113
1609 1347
5164 4950
1698 3162
4957 5747
4582 7019
2898 1519
4146 4158
1280 6888
1552 6669
4517 1683
6257 474
6889 3968
1987 2812
4304 3355
5935 2644
6303 2254
2673 5727
6408 5444
757 4356
6483 3528
2603 3597
4459 5804
2150 2098
1219 6343
3126 2800
2307 1430
4448 5497
4467 6498
311 710
3970 5090
282 5671
7091 6807
6538 6266
4709 7093
1989 5690
1854 5506
6884 5647
4019 1047
1741 4099
1110 6723
662 5237
5277 5615
4823 6214
1419 4316
970 5617
6781 3625
546 3096
979 5808
5285 2521
5944 5072
6792 4383
3600 5701
3941 1877
702 5043
6779 1173
175 3906
4131 6559
518 6563
6986 7173
3365 913
7184 5091
7093 1971
5915 716
6962 1662
2777 3103
5941 1815
5296 6489
2975 6805
804 2532
2271 2693
2468 6540
5249 6983
1617 4850
2868 2774
5677 5338
4725 2245
1243 7167
7165 5477
3897 3175
3044 99
631 2545
3632 4238
467 3146
2942 1014
5362 1534
6252 4144
3324 6444
224 982
405 3539
6553 3691
116 168
3792 5116
2146 1322
138 3330
3888 6636
2333 5316
6197 5777
3516 2778
1283 3863
5889 4044
5 3593
86 5113
4247 6296
3072 6355
3810 4580
4457 3111
2451 3701
6793 5850
1238 3398
7151 207
1108 3713
2353 5094
4166 6085
5006 2462
6293 5795
6588 6683
2416 937
5012 3651
2921 2837
1558 4322
6668 2508
2265 4781
1149 1187
6643 163
7021 6073
5442 5008
6105 5000
6965 5099
6079 944
5018 863
4317 5012
868 1127
1704 2944
6200 2738
6214 2919
3636 1127
1320 1900
893 1602
7144 4278
4260 1627
6715 2055
6293 6408
2066 6373
4315 1945
6515 87
6707 929
3215 1996
5451 1940
2240 5460
1143 3468
4993 498
1264 1126
4362 6921
905 5961
2406 1620
6256 3686
5426 82
4700 1851
4565 2334
4473 2450
2135 5373
6094 3943
4447 1072
4583 5414
6349 3465
4196 3315
272 1306
4861 3811
4740 6952
3184 5511
5580 1567
393 3049
297 2688
2444 6382
1460 1013
2178 508
414 1318
1342 6869
3361 451
1195 6242
321 1665
4404 2795
2437 4034
4303 930
5261 2061
231 6495
4047 5340
5476 1766
2385 3220
4089 4997
517 2640
5834 793
2300 4886
1112 4817
72 3531
1003 5738
6963 3650
1243 6201
917 2095
6074 295
886 4666
4385 2102
4097 1999
4342 1250
5184 3091
1271 4067
6746 5297
4966 2831
390 5234
6224 1052
6858 5354
4379 1987
1909 3407
1900 2336
309 1189
6483 6070
2805 2677
2931 1039
1335 1436
6546 4193
1930 2111
5721 6797
4328 6108
5608 2465
5871 4220
6266 764
3450 5189
1872 5425
3003 2412
764 5829
4503 904
588 115
2045 7041
2001 1263
997 1510
3692 3336
6082 1854
5780 934
4003 2615
1830 1330
5227 27
1417 1141
6155 6976
796 4153
6713 4734
5151 1579
144 2075
1307 5602
6595 418
4367 3386
3391 6131
24 6521
2652 4340
443 2227
799 4612
3122 4520
7119 1232
3410 2250
2098 6719
2325 637
1668 3400
2792 6743
1588 2115
5715 3880
922 3933
2112 147
5592 4997
3434 2649
3917 4899
2852 2135
1680 1288
674 5062
3567 1153
936 64
867 6501
6894 5986
6704 4078
7116 1965
6678 4868
3080 7079
6103 3541
601 702
2342 4289
1302 333
6760 5777
608 1783
810 6791
4969 4239
3518 5937
2240 4506
1267 6327
5051 3117
3695 628
4479 272
1740 1922
1454 6852
1357 6126
6093 4928
1724 394
4753 6391
1249 742
1622 3968
5413 6172
1577 208
1316 3822
2589 724
793 6992
1952 6711
3423 3540
37 3177
2753 1977
2403 4432
4556 2929
6397 1293
4358 1518
188 6413
4023 3752
4921 6312
7173 2669
5207 1369
5087 6053
364 3867
1007 5025
2753 6684
1970 5856
6991 5344
2436 2749
4809 5141
7028 5113
4664 3758
5559 4512
1121 4575
5880 6395
6179 436
1325 465
1309 6574
5317 1274
6572 283
3741 770
2770 1361
4017 3447
2354 1031
6256 6319
7128 559
2473 5144
5782 948
2210 3325
4456 6860
3111 6194
6073 4698
2687 1533
4287 6563
5242 1601
1505 4970
6374 6792
6105 6666
1761 3884
980 4144
6473 4642
4501 4723
1487 6979
3322 2417
7082 1881
6103 3495
4680 162
958 3468
127 6212
4609 2539
4706 2797
4910 2107
4015 518
24 7004
1829 4212
6902 1424
5619 3882
1637 6676
1675 718
3113 3962
4853 3686
337 389
5664 4735
5463 7167
5299 762
135 6170
3170 7124
3319 3617
6780 1040
4789 3866
6721 6786
1951 2716
5937 2107
3786 2535
4992 7020
4966 1827
4741 7033
2073 7000
4818 4700
3688 4967
2237 6611
4309 6821
2365 6599
1409 5554
5585 3546
1426 1273
1370 6188
2224 998
5736 3433
2314 2590
4626 6706
5686 192
2847 4327
6325 791
130 3375
4852 4024
611 1027
4847 4831
6583 1533
3088 2080
4689 7192
981 6284
626 1316
6384 3235
860 5832
6855 6128
3973 4244
572 7173
6535 3843
6919 6867
5428 4105
5536 2886
6982 1567
3481 1436
1237 4872
4167 1472
6337 1406
5057 2983
1935 6942
6528 2534
3025 3565
1351 3150
4926 2053
7037 3558
5985 3745
1749 2595
3661 705
4271 7173
5069 4793
5143 6033
3577 7068
5610 4007
7109 2017
5977 1887
1460 2767
1831 581
3979 3723
6796 6734
736 698
5628 4886
816 4629
322 920
5103 2537
6789 393
6267 2791
2221 5169
2122 5967
4063 1127
2689 1331
6147 4168
6246 1163
231 4211
781 5526
7100 3428
2351 4967
3326 4779
2041 1843
2162 4200
2433 3733
5703 6374
3283 3036
6943 1809
2537 2707
4007 6805
1593 2986
6722 5716
1416 326
5732 3428
6300 1762
506 6915
720 5663
5767 2711
3744 464
6952 5446
2756 1691
601 527
6554 5356
689 3844
6492 1244
5512 1765
720 185
5946 6457
4670 2323
4131 3403
6268 3555
6441 511
4069 6455
3961 720
2729 3262
6762 5127
990 1613
5278 1882
3860 2571
2375 6846
2950 5440
486 106
7147 2068
686 203
2764 1895
4232 221
5937 4685
3759 3245
565 1027
4411 6824
6104 2483
6395 4030
338 31
3483 601
5700 7054
1669 6964
2955 3024
1892 2106
6702 5168
3780 29
4087 2453
1046 3407
4254 1844
5871 6560
4417 3126
2351 4628
5520 3490
5503 1088
6084 1383
3187 3169
1808 1863
4080 3610
5135 515
6311 4840
1853 703
3583 803
1378 722
3377 6643
4265 6125
2061 300
2799 1701
4314 1224
5622 6687
6074 6656
4025 1495
5483 6662
858 1228
3978 4130
1303 3915
4915 2951
6779 4695
6243 5170
6929 6194
4350 6974
3124 5611
2444 7174
6337 292
607 3576
526 3518
4336 4210
1364 3075
1703 4285
6535 7024
888 482
5734 4829
2538 5101
558 3627
5364 2781
6185 2761
5313 1412
132 2850
3730 5953
5278 6278
1090 1624
1116 6771
3589 3307
1209 1697
4809 3639
3099 3015
255 3790
2145 6189
3219 1388
3352 3183
1782 3256
2029 1482
7037 5561
892 6822
834 1234
3175 2944
6664 3964
1891 3475
1501 5182
5868 1890
1016 4267
1177 5189
2401 2201
970 5102
1072 5113
5470 4823
2605 6072
2465 2505
3895 6033
4130 1739
4832 3948
4546 6726
1077 1271
5640 5841
1724 1792
6258 2461
5974 620
1382 4799
6691 7127
775 4725
6885 3368
1635 5591
61 2576
7081 5980
5682 3680
88 5446
5552 4484
3602 2443
3180 1983
2255 7008
4838 2692
3502 260
1383 5710
6278 5607
5994 5629
3003 2741
2967 4622
3917 6659
2890 6005
3818 2837
2067 3769
3683 1097
1494 557
2747 356
5234 1863
1148 6678
959 6430
3940 460
7088 4069
1853 1075
4600 1598
2443 2724
3594 2557
2526 848
1368 7098
2215 393
5085 4434
6695 2698
4022 3291
2722 1060
4906 6562
19 4646
2667 2307
4601 1865
3733 7108
1743 2325
6131 5870
3066 3796
513 6825
571 3185
1611 6420
100 2187
7157 3197
5799 700
1748 2339
1770 4704
5497 133
23 2181
4206 1990
2704 1006
5945 3488
3135 1827
3069 7138
492 3225
6208 3816
4936 506
1768 662
5381 2320
3806 2640
3208 3123
3796 5976
535 2796
3970 1477
5581 2853
908 1340
3885 2416
896 2158
6291 3313
1724 206
4005 6536
12 653
3240 223
3185 116
5263 3052
509 7037
3534 7139
1530 2126
3278 3324
3530 4052
5561 3004
1386 1304
20 2562
4784 3200
6509 6673
5203 6277
6346 6933
2473 3435
672 1940
6667 5219
1157 5394
6325 1177
4861 2016
490 6426
4913 6691
7029 5447
6879 6013
5290 750
1898 2842
1834 3563
5873 4472
4485 3195
1533 5491
2586 5656
1204 2797
7066 5366
1804 535
1067 1912
3609 2687
5096 3696
4870 2486
4422 1938
130 3964
945 1139
4850 5129
1236 5347
1477 2459
5656 6116
5733 4472
164 6150
2504 4447
4099 2657
998 3055
6563 5902
3141 1171
5369 1859
6129 2824
6913 6409
295 909
6051 3034
6480 5254
7090 3260
3371 6381
2767 2229
995 2005
2282 5675
5536 7164
5352 3065
2041 3885
5888 3951
5255 6223
703 5735
4660 6094
6955 1631
5074 5220
1413 280
6057 3971
6535 3242
5064 1889
3789 322
7197 4385
5905 6329
6527 3898
2318 562
3912 3174
358 815
6241 6985
3423 6512
5973 252
1672 5834
4583 3189
921 4544
1792 5909
2200 5217
4928 2382
6872 2813
1046 3086
5948 197
1067 3596
3418 5534
2840 3758
7034 6082
407 6420
1885 1843
3895 5573
3131 3325
2698 2293
3332 3367
6841 2767
5224 4085
3863 2693
243 3677
338 3057
3504 2979
5734 4070
5102 4116
907 1752
224 6395
1519 6085
2462 3876
5951 670
4872 2443
3998 4470
2795 2368
2200 4839
1660 1017
2416 3899
3682 2643
790 4957
6672 2503
5876 4092
688 6693
4007 6137
6523 1712
2219 5198
5668 5270
1903 1051
3060 4521
1352 6926
5904 4767
3842 5326
5240 2499
1905 3269
5961 2101
2309 6247
3393 2213
6267 1027
5826 4679
2480 4005
6639 4051
5808 1445
4628 7069
3469 6544
4387 3180
1932 6416
3737 5816
6586 3995
4319 229
5404 5557
5035 151
291 1763
583 6001
6845 1645
6505 4173
3144 5423
1346 4986
1090 6077
1331 7085
2205 1520
7064 934
4334 5233
3784 5441
1988 5760
1749 820
1781 1985
4782 5323
6420 2084
4133 4414
863 272
138 2828
1877 3244
2581 3671
453 4841
6467 3131
4065 5679
6264 3212
6290 131
5635 5931
4260 6610
2719 4388
3394 4668
4789 6376
6333 3103
5503 7042
1253 5471
2376 2743
1018 4272
431 447
700 2464
6026 6107
1631 1443
5894 1714
2651 3867
6701 6668
3871 4868
865 5610
741 5306
900 383
2273 72
1082 239
883 6958
1958 6147
1628 2702
3697 2054
557 659
202 5888
1818 5086
7175 6124
2542 558
5481 6135
6680 4651
862 1272
3619 976
415 678
3396 3666
5434 1435
4012 7153
2410 3075
3933 6907
2146 5120
2106 1687
1225 1278
4599 4948
5246 6094
1199 6063
5437 4353
6484 4443
1594 6115
3040 1360
7178 1873
1131 1010
1378 6808
6678 5661
3735 5996
4867 1514
5507 4193
6024 5153
6089 6058
3544 3579
4080 1899
417 4594
6444 4125
6453 3271
7130 2302
800 3760
1833 6675
6104 1084
4886 4827
6355 3492
6992 6544
2738 5392
6491 2397
4506 1539
4016 6231
259 5509
3425 1369
1898 6027
5113 6784
1505 2372
3138 2655
6407 578
1024 3008
2578 1379
5179 1976
135 6812
6107 6534
1100 129
4460 1512
6742 2835
2016 1145
5500 3302
5747 1835
492 814
2826 605
5979 4134
917 5369
4664 4572
5044 2093
5530 5692
4181 611
1816 1080
2555 287
2615 2065
6266 3797
3422 1700
6623 4293
6309 4948
5165 628
5196 2992
5250 40
4968 3776
4312 5311
5816 6609
1543 3309
5174 4027
4871 656
488 4556
3892 5201
3798 371
4746 4890
3607 970
3184 5582
6884 6369
177 2441
750 4771
6917 6486
5163 327
7182 1639
6635 1814
1278 2868
5449 1107
310 4467
6012 6220
6409 16
4110 4380
640 969
5124 506
3126 9
6652 2113
3427 3359
1781 5245
1174 5242
5128 2031
2268 7139
5684 2429
2429 5943
2871 633
3685 5504
2328 6348
3776 5327
5985 3967
3039 6071
267 2278
279 681
3377 650
3912 2248
6055 4881
5467 904
2403 4683
5157 104
3225 476
1352 4233
5380 2369
2361 4746
5856 385
4156 4898
405 5521
4843 2137
1838 3940
6806 290
3784 1198
1796 1945
7014 5107
3159 3189
3041 176
5998 4779
4476 4165
1796 4223
213 1982
1877 5831
184 4893
3425 6878
366 1286
6633 2753
4978 2151
2423 2057
3716 993
3738 6470
3479 151
3374 2901
4869 3506
6618 5278
4546 2510
2355 5836
4973 1381
6654 6793
6339 2454
3091 1302
6318 6674
6877 6020
3003 2179
4541 3154
2089 1784
4847 611
1501 3825
452 6971
1619 932
3822 6294
3406 1994
6746 1925
6321 4234
2968 2310
7110 223
2294 1598
27 3848
3050 4982
6573 3596
430 6511
3004 5895
2502 932
1950 6102
2077 2651
3759 5115
3021 4359
6982 6893
2366 1853
6211 5888
4646 5200
4837 6796
3182 7147
1048 701
5909 1963
203 7062
3277 6295
191 6850
4227 2332
3964 1689
2333 5129
6078 907
5372 5508
5132 3692
3169 520
6153 2780
4460 2396
5251 4145
3071 80
6153 1828
6017 5718
6490 5461
5630 6619
6169 284
1356 1313
6204 4301
1416 2330
6915 4903
4703 2851
3717 3065
4521 283
2022 3441
6031 3454
6662 291
1453 3330
51 6802
211 5165
3198 158
4645 1649
7179 4234
1538 5861
7042 6088
5634 3458
6114 1252
4953 2871
3285 4650
3192 4361
1183 3093
6738 1930
3504 7156
5660 6676
6393 2395
3790 899
3323 2660
6246 5900
6043 4415
1644 6206
1265 3229
1007 820
0 5397
1038 3155
4096 530
2612 1734
5271 4089
4826 3668
6246 6618
5840 7195
1919 3058
247 7147
724 411
3461 801
5835 2065
4043 4606
3471 6913
1812 4484
1440 6000
6051 4461
2025 6757
4703 391
882 1652
1771 5232
6188 1416
4494 5802
7050 1292
1649 5626
6319 2231
1446 2819
5442 4338
1862 730
5918 1478
723 582
3782 5351
4412 3223
4661 3351
511 2304
1684 1688
2152 7057
4069 4274
4952 3637
1916 6717
1473 3461
3406 236
5869 6567
5825 1654
6783 3239
3523 2082
6193 3631
2070 430
2172 6534
3560 4828
3126 3459
1666 5370
4982 4909
4950 1132
6547 3665
2331 2648
3562 4670
4150 6318
1246 1184
2126 2162
5786 759
961 1288
690 5811
5141 2330
5608 4910
998 2792
2314 4870
766 4845
1432 2934
5956 7179
3843 2801
4395 3666
2193 2714
6986 3634
2110 6114
4268 2746
1948 3551
4958 364
570 3749
5894 3295
5475 5859
5363 1776
6110 6493
303 3942
2771 5442
6416 1057
2925 7049
1358 6335
6298 5613
2448 4618
3279 4834
607 4449
7048 2418
4604 5730
5902 5273
3437 4369
6450 1305
4402 3591
533 2811
3862 3417
3754 419
1345 1860
6803 3694
3402 5330
4200 6315
5706 6860
4246 1939
2188 4893
5571 422
6336 3390
5328 5028
6479 4003
1880 4068
5576 5313
1141 2196
2393 602
2274 5422
6201 2055
5402 6068
4290 352
5759 1736
1789 2987
631 842
3574 1855
4785 3982
3150 2068
3238 5081
1774 1738
922 1272
4281 402
1505 5373
5627 4636
1054 7159
6750 4445
4103 4333
5371 5341
3844 4471
109 1275
6550 2554
1409 3070
4533 2717
1641 6041
114 364
6321 2873
987 5385
6057 4686
3805 2153
6240 244
803 498
4594 1469
1180 3664
1912 6108
731 3246
1661 4560
5944 1943
2833 396
3348 5449
6167 6911
697 210
6457 7077
3680 586
1019 2473
5420 6253
4333 2261
5684 1011
3257 920
414 6766
1149 5842
1255 512
5651 1983
4063 3382
5643 3134
3473 6276
5978 6940
6880 2654
4428 3490
396 5201
1588 312
5172 5692
6565 6196
4374 1294
1849 163
754 6301
782 5683
2285 2176
3121 4379
1552 4010
4306 1415
3920 1316
5239 6051
297 6949
780 5891
996 16
2584 2798
4312 1450
908 3493
1132 983
5716 7187
6330 849
2768 6034
5488 6563
4924 3351
3696 4232
5002 2716
5367 6875
114 4713
3034 5530
4384 6685
6508 6972
6315 3486
5980 4908
1350 827
1275 34
4239 4219
3996 5084
4293 5636
1844 6686
1431 4489
1377 6147
5944 7121
2855 5470
6574 5440
6485 5298
4745 6948
551 6634
6033 2462
3492 725
664 5003
1767 898
2254 3503
603 3893
6900 4221
863 5731
4648 1828
2665 2159
1759 441
3271 4449
6896 957
6912 1024
2669 5324
1273 4972
1133 3650
4148 218
3077 2345
5683 4877
3573 739
6202 3821
446 6736
1874 2247
1105 7197
5194 1505
803 5737
5624 4248
3421 5653
5502 6680
2991 1352
5991 4151
6084 2140
1424 7022
2065 4072
1123 1909
5991 5867
3295 3258
1449 3410
5588 7166
2615 4294
330 1420
4488 6357
4417 6839
534 4027
1202 6479
1491 5292
1013 7007
7034 3361
2588 4006
3745 6973
636 5583
2826 3483
492 2576
1240 6454
6279 668
3358 6132
3883 37
5683 6160
1763 4945
2850 2147
578 3224
382 974
966 5784
5747 4102
3644 6004
5975 2684
834 3439
4192 4584
4039 3297
6831 1393
4527 5173
2858 5244
5747 2207
3751 2127
4485 1724
2179 129
1585 4807
5683 3232
4638 6261
6130 1342
5940 6735
1882 3928
2936 3306
4878 2948
4083 644
5363 6711
2289 540
926 4593
1988 2894
3528 2886
1161 5707
607 4937
6018 5297
2358 6743
6595 6700
2333 6781
5288 3400
5163 6694
6883 1714
343 6117
6068 1098
6438 476
6448 935
5567 967
3876 2023
3611 2184
3123 3889
1176 624
5883 6250
908 4038
2806 3919
3030 5527
3708 1237
496 4314
5798 5787
3520 670
5517 5193
5711 595
3057 3752
3953 3122
4438 6013
5634 3786
1480 1155
2706 6344
4575 2116
3703 3554
6525 148
738 3072
6805 5962
4460 6311
6758 283
5134 2883
1796 3669
3055 625
1464 2165
5432 5158
4318 5701
4196 896
5644 2902
2035 2855
338 373
637 1023
5660 1645
1668 5836
6069 6746
5603 3682
5318 6437
3427 1129
5660 5761
5964 4137
4872 6112
6327 4184
2367 4274
3682 4669
2754 1308
1021 6080
504 2353
5218 240
5143 4752
5698 5712
6753 1945
2745 5023
1387 4429
1763 386
5529 4001
5129 625
2501 894
1139 5819
639 2745
1986 1846
4974 5194
5301 6631
7125 5451
2024 3690
1904 5679
6430 3647
5085 5404
6707 6801
3160 4838
1524 5924
5055 2058
6410 5658
4660 1475
4689 6210
385 6413
2822 1279
2005 3636
5791 5776
1613 3319
1109 1088
590 2399
6589 2700
3438 3382
2836 5261
5266 1510
984 2370
5010 1327
1331 1499
6873 6051
5042 6595
6089 4130
5301 1323
6971 3662
6143 2063
1156 1290
3756 3816
627 5236
5442 3085
246 1979
1 487
2844 7103
5588 6416
3734 1860
4105 2310
2839 6994
1501 5201
3355 2221
6224 175
7107 5100
2040 1561
2750 4151
5298 6100
2851 162
6003 6070
6234 192
3740 1650
3963 5446
2700 6498
4815 1214
6447 6704
5875 6532
3220 97
954 4513
1661 126
3794 6721
1359 1185
1119 1587
5866 5016
4451 637
3570 1433
6591 89
4523 6851
51 111
6404 2572
2017 1072
1034 5004
3344 3181
29 6661
2892 2770
191 4365
4619 6083
3368 6234
4171 2417
376 2090
2006 6616
5284 3819
1543 2136
4721 2349
1575 4782
927 418
7024 1839
1948 6607
5971 1345
1882 1075
788 5365
2810 5584
1651 5892
3335 2810
3110 3813
5888 3131
2977 6377
3693 3393
4536 1651
6483 3301
2939 6391
5570 2073
2336 3950
6923 3277
2399 2675
6031 3805
1526 5182
435 4603
1485 4954
4880 3188
2548 420
4038 6050
6536 3234
817 4558
3604 2782
3380 6527
2260 1758
5009 964
3477 4770
2522 7161
4825 57
5954 6297
1750 799
1389 3233
2750 5175
3526 5629
5497 5121
2159 3825
2158 5881
4019 1862
3169 5676
3896 4271
534 5527
6192 6646
3155 94
3246 6536
4324 581
5269 3578
2904 4142
460 4503
393 2736
4462 455
1817 6993
2270 3837
4696 6784
3544 1821
7009 1649
1091 6120
4868 86
418 2661
4191 2198
1418 3470
3909 1164
7149 2420
4256 4831
181 6800
4563 5049
4940 1544
6616 3591
1304 6458
4073 5292
3396 6279
5850 4642
6074 6943
2211 6510
1613 4293
7035 2783
3954 5214
31 5859
2574 1788
5555 5285
6922 5602
5791 2023
3684 2099
4923 6423
2752 3163
6949 3986
3387 5689
1199 3858
5215 1095
3638 3253
5235 6888
4524 108
6794 2221
4759 476
3740 2628
1843 5332
3825 1822
2002 4843
2041 731
5380 5558
1946 1045
2322 4420
6785 5925
3939 118
5945 2997
6401 5885
6873 6340
5558 2353
2647 6831
2001 5740
730 546
1893 2081
5486 1659
6128 3484
6097 3287
5720 2712
5418 347
1521 6391
4121 6369
2908 1729
2249 4925
6218 5371
6274 1611
3326 2435
5596 6583
5808 6439
5037 4425
4493 7071
4131 1451
2460 2093
6766 312
5436 4943
180 5602
3625 30
2504 4736
5405 3911
821 5971
370 5572
3924 1651
838 1462
6941 4666
4664 2944
5561 3629
5967 7107
950 1091
90 4466
660 1811
2002 4689
5789 4190
4347 6319
1234 6550
4073 1213
576 3626
6528 810
5297 175
3028 1948
1278 2316
2766 5005
4258 962
2832 2080
6410 4790
559 1790
4393 3581
3391 850
3048 99
4046 733
5083 2487
2598 4662
4430 6774
3990 770
3262 5651
1354 2028
2468 5664
438 3073
44 4796
50 3850
4388 2745
1823 6407
2927 40
6984 1989
6714 2404
5411 6011
5478 6904
1207 423
2884 4109
3512 6912
1407 3155
6509 6647
6802 6091
179 6191
4922 1200
3418 5174
70 928
2829 2079
5292 10
4719 926
2549 6262
4769 3903
2328 5579
3520 6371
5317 3073
1227 632
2167 2564
2690 3123
908 3873
6698 4493
6673 1264
4845 951
1590 7006
5438 3164
4482 246
602 3634
3807 4652
170 987
5589 1062
7141 286
1589 6247
370 4701
2635 184
6923 5556
87 1525
7038 3757
1877 5554
1517 3458
6872 648
4469 1712
2165 6400
6795 4980
5531 3003
1986 1573
5697 5148
6474 6317
2904 3186
1810 3781
6208 4709
206 5804
4310 4860
5683 2148
3242 7113
5855 6346
4046 5650
1559 816
2795 6653
616 5848
686 4855
7150 5071
3584 1249
4915 3299
2387 1143
335 35
4215 3070
3086 3058
2029 6026
2703 4295
6099 6889
3368 3395
3550 5199
7143 4272
2214 5055
5171 4211
5275 1459
6802 5742
3189 5321
3268 2357
1161 3690
2892 6602
6007 3959
1230 2007
4512 2002
1235 1896
6486 5030
6122 6018
5643 1525
2506 804
107 124
1938 3864
6374 3364
4817 1878
37 3080
5793 150
1790 4926
6637 6127
5347 3044
4020 2161
84 1001
6950 5436
5077 789
3083 6458
6394 2965
1987 2016
6718 711
6152 2620
4915 6686
7055 795
6004 1650
6926 6522
87 840
5079 1095
4574 2970
3522 3412
7084 4610
298 6422
4692 3240
4365 4320
5581 3174
5367 1207
6499 1940
6968 4306
1511 4532
7089 2769
6406 5372
5583 3510
6966 1852
2094 1476
5581 2923
1470 2098
5004 83
4707 1964
5081 4021
6294 6119
4138 4410
1065 4767
1373 4983
2888 47
6501 3227
3643 3435
6846 1209
776 541
2818 2157
1525 5083
2644 4013
3339 1218
569 141
4758 4497
1862 4079
4841 6212
4149 3749
1406 3274
3089 1572
3579 6822
241 5319
4976 6911
546 4061
829 5124
5340 6160
209 1216
5174 3059
2285 4981
5654 4007
6886 6489
4992 2442
1865 4266
1776 6236
2905 5230
4387 6575
2677 1611
2543 3531
4213 2720
2964 4732
6290 6718
874 2809
837 3847
281 1777
6407 2529
3399 4659
5336 5687
3147 6394
668 6445
2657 4755
5311 5405
3447 3213
7193 5139
5732 4188
6829 897
344 2794
1355 5472
2959 6555
86 4772
95 3739
2943 6522
6160 2662
6992 2496
3531 4723
2373 33
6923 3998
2036 3757
4400 305
6125 433
2035 6094
5373 823
84 348
7085 2269
4239 5131
5895 6058
3501 5125
4536 3155
4662 2067
849 1769
2788 490
103 6428
6098 4592
5627 3216
6100 239
340 5434
801 628
4648 439
714 6116
3578 3145
2030 7197
6301 3375
4294 1412
5110 6400
4764 1648
767 3044
6009 2641
40 4431
5755 830
4185 4891
1061 2523
882 2432
2192 4803
3443 4211
3168 6392
343 3225
4049 4644
2779 2886
4592 2474
3005 3766
4550 6542
2367 70
1423 62
5739 5840
6249 7164
5969 2050
136 5321
5547 2298
3910 4783
1953 2016
5816 3691
7176 6624
1499 245
6790 3202
2253 301
1905 2472
793 7145
5827 746
6276 6900
2802 6240
2589 2247
4761 7008
621 6979
5338 5894
3307 4503
3954 4566
657 5842
3858 2577
579 2369
5400 66
5472 4694
5674 4151
5892 2820
15 909
6967 6567
2666 1157
3958 544
4659 5075
4252 638
2292 5909
4044 2425
6685 5760
3614 2487
4484 5813
5476 2993
3773 1011
3223 560
3569 2630
2851 4177
510 2142
171 4488
3435 410
6363 5568
6790 1731
6888 1632
6012 7093
1382 4969
6389 2616
4390 2493
6697 5453
3177 4186
3363 3908
2406 6659
6768 6410
3764 959
1380 6495
3669 5787
6090 1862
1823 4042
2853 1397
6279 4237
5735 5804
108 2094
2957 1955
7006 838
2902 828
3113 2879
4895 5048
5314 2227
2012 1125
876 5011
5012 309
7015 4644
3738 4522
3127 3523
2627 6925
76 3657
2025 5182
3475 3658
3163 3461
216 151
3134 6439
4502 3780
4005 4436
4957 676
1416 1149
383 4944
2116 3524
4503 902
3599 6668
1974 366
2134 2702
5867 5144
725 5837
4047 961
4690 2
2250 3829
2326 4401
1509 2702
1897 6588
2317 5466
1545 2230
6752 3483
518 431
4728 5032
1470 686
3633 624
7024 222
3289 2398
6911 2783
947 6393
6661 3965
4807 5283
3761 1150
5546 6241
5534 5396
229 4857
6162 4466
4580 1143
4592 3132
3134 1259
4058 3735
348 5452
6886 2239
104 7072
7067 1623
3380 3763
4425 2747
259 4132
6915 6610
4600 256
506 2303
4953 3110
2231 6231
1855 5545
6836 1517
1053 3252
407 4872
3051 6887
3084 4630
4270 4768
7167 6042
1893 3445
2579 5280
3634 4990
449 4114
3876 3407
5744 3043
1629 2051
3821 872
5957 1876
7175 4870
842 4647
4490 6023
2929 2341
5942 1959
6686 3235
6460 202
2779 5859
1013 1808
6793 4851
5982 1184
2817 660
5843 6594
3269 6389
3303 3017
3881 6173
3325 5581
1783 1800
295 6103
5059 4009
6680 5333
5867 2605
6632 1133
4810 3264
3876 1167
6811 5001
1871 4579
1572 5264
2297 6593
5670 992
1049 1855
7135 5000
5706 1637
3418 4987
1920 412
4180 503
2982 3621
6892 6371
3254 4999
1414 5329
5780 160
1499 2851
1959 5244
2913 5578
980 2115
5683 6121
1080 3085
1757 1656
4994 4977
326 7044
4524 5979
2681 5300
372 1755
6354 6279
3067 4634
4386 1337
5369 1832
5759 2788
4794 6129
5483 7107
6105 5454
383 4882
504 5911
53 5329
3609 2966
3823 5896
6428 1175
998 6596
3478 4507
306 2046
906 2412
1779 4637
2918 3979
5850 178
413 5701
4152 1538
412 4836
6816 3712
6955 6433
635 6072
5347 6296
2793 3369
3622 1812
2702 2698
5343 4937
4257 1133
2999 7104
6348 256
4113 2445
2048 1520
5987 380
5401 2184
1489 5034
586 5304
1544 1520
2340 5585
2035 890
5448 1996
3326 1110
3015 1514
1573 1960
5713 7158
1015 3642
4514 1447
5741 6801
2566 3586
5089 283
3461 3676
1836 1540
1455 412
6880 4039
4772 6303
2399 2337
1152 2869
6550 3170
3010 4777
2298 3517
1656 4063
733 1535
4777 3893
4077 92
3774 5100
1578 6917
6190 5728
3489 3605
2820 6386
4265 2251
1327 2503
5849 6898
4454 1065
4229 5851
3030 2315
4403 2124
5385 3018
2110 4498
3157 6063
2982 2642
6622 3666
4850 5246
5193 3928
1604 3555
3518 6396
6775 5726
568 3180
4311 1422
6893 6474
3324 2629
7157 819
3077 5049
440 6525
6221 4759
3833 6649
1485 6455
2617 1303
6894 4106
1833 4169
5640 6192
2512 6336
7132 2822
3860 3603
6251 5180
5513 158
4465 5221
4787 198
3842 5959
3674 5818
2399 211
5097 5878
3732 335
2147 1793
2289 4590
547 3446
4419 33
1678 4704
1647 6374
3095 2175
5322 3487
5646 3559
2776 5342
6470 6119
1727 2300
6977 4103
5543 7017
4283 2346
176 6205
2512 3091
2992 1325
6187 2148
7111 5145
3660 2434
1377 3523
3924 5365
4232 6010
6160 2987
5668 1716
6432 4955
1552 6650
1699 2151
985 413
1889 6426
4373 5830
1460 3345
4158 235
2420 919
3114 6910
6814 6185
1416 4159
6624 3832
1657 4082
5571 300
361 6027
2134 6469
4936 4934
6451 6333
1162 6387
4368 2602
23 7054
420 3263
1071 2285
2355 3602
3358 4722
6232 6136
6008 1952
5038 6285
4529 1003
3324 176
2299 3784
859 5930
6461 1347
3525 3695
301 3824
2587 2717
1226 441
5586 3873
4344 3061
6940 4762
4536 1242
111 3157
4163 3082
340 3671
3140 2984
7118 4569
6287 6158
5828 1037
1634 2103
1101 4544
470 2295
2743 4312
962 4618
3668 1052
332 4938
866 5298
236 922
2837 2851
4288 1023
3012 4219
6150 2191
1292 6861
6041 6337
997 4083
3178 964
4287 4659
3834 2956
6488 2814
3762 1382
3677 434
5120 1869
4698 3967
2030 4565
4128 6246
32 3781
5170 2844
1770 5122
5772 4847
4748 5670
1137 1792
299 591
335 6766
4269 3155
721 1779
7184 4401
865 1352
5063 4932
4824 3652
2226 1297
4131 609
6169 607
3795 863
6598 2694
6274 6210
4476 5951
2141 4183
5047 4124
722 4596
3841 3377
2487 5629
334 5391
340 6242
6357 2386
5711 1157
4812 3792
4530 1754
6847 5105
4891 3272
4620 6206
2592 748
2686 2675
412 7036
1635 3182
1051 393
1548 4105
3198 3229
3746 3076
6251 5636
1023 283
6356 2984
2928 6167
1922 2868
549 2880
4222 7034
337 2768
4187 2160
5701 1603
2692 5044
3396 4938
6078 5969
1410 7135
3545 890
2206 2579
5848 1331
5497 2051
2266 5774
177 6090
2629 5331
4447 4783
2127 825
1034 542
4296 4913
581 4757
6503 515
6764 3285
4111 3504
2134 4280
3005 1525
5335 2945
3185 1969
6101 15
1847 2110
2405 4396
4849 4763
5314 7042
643 2154
1129 13
5946 309
4947 2348
7033 1996
4400 2640
1026 1289
6780 2903
1470 5909
6209 5490
6185 5123
3177 7106
1821 954
4382 4770
537 816
3873 1726
2925 3025
6435 2977
3205 3967
7011 1900
47 3828
3556 3426
7051 6018
2345 6464
4175 540
7152 6250
6388 2829
5929 4801
3104 1222
2450 4688
1169 6678
5936 5670
3874 5073
2476 5790
3325 3379
711 6777
637 94
1723 4174
2687 1918
2544 5623
5509 3822
1400 5677
2278 2420
6696 3246
1813 3527
7155 1882
2989 6929
4676 4222
4246 1359
5272 5991
5814 117
2549 6904
631 4910
5003 4695
976 385
2918 4193
3859 1648
1805 2206
6387 1562
4218 7023
3568 4256
1366 2244
5345 3621
4144 2186
3676 6126
3034 2497
2917 6825
6593 5932
5360 810
5447 3650
5268 2864
4638 385
4655 2278
2339 3074
5776 197
7156 5639
5093 4534
3631 7025
4513 5846
1737 2063
3849 3059
1288 1968
764 595
3358 1305
2941 5267
1346 2259
2334 6061
2732 7131
875 1395
5261 5885
5392 5431
2537 5403
3559 6605
5650 2118
3778 6728
674 2672
2865 3969
1685 2872
6033 4983
7168 3524
1490 2224
1682 4525
1122 2365
7013 1236
1467 155
2273 7154
4902 3670
3150 5550
1611 4552
595 6471
887 5759
4944 5969
807 7133
596 5405
1079 3033
4860 2800
962 4034
6601 2645
6709 772
3068 5199
3988 3939
4177 2375
1864 2980
2678 7076
100 1196
1798 1656
6803 6911
838 5910
3713 5930
5466 5890
1474 1405
2341 321
98 5936
6588 432
5353 4070
4614 880
746 5487
2290 1182
4809 5863
5333 5633
1960 2172
4895 5501
6476 5133
6936 3940
1680 7021
5724 524
166 679
752 6396
1957 2332
3807 5823
3348 5671
4406 2523
2449 6754
7161 4188
2366 3969
6016 394
5704 4636
6417 4633
4054 1131
2043 1438
2347 3753
5068 5983
6103 2619
6736 3459
1824 6986
4294 5513
1801 2636
2113 1429
4284 1440
6328 5093
5401 7192
1130 4993
2651 209
5650 1649
3971 5182
1410 7145
5892 2307
3455 2143
4426 5149
57 3868
5671 4799
2245 6705
635 2935
1049 1793
640 1103
36 3996
4752 4719
6887 7085
1459 5375
1300 5065
4488 4426
5825 7143
4911 2431
6153 1775
6257 4849
3936 1195
5805 1086
4400 4442
6721 7181
565 419
5360 4368
2353 3015
3669 2377
492 2191
2181 1705
6604 6820
3546 6004
7085 7006
3330 4448
2814 2964
4386 3259
4312 2322
1256 3084
5659 617
5356 274
1958 5280
4386 4650
5683 1864
6302 4652
5389 525
5892 3508
3119 2312
4364 1758
4410 7057
6607 2826
3058 4978
3088 6304
1045 3031
2025 3021
2874 5090
4497 4971
3074 4731
4775 4062
2589 5828
1694 5435
5373 3274
4325 5859
6543 311
2866 5389
5435 5317
3658 5602
3320 877
3183 418
1644 3933
1639 3748
3936 1864
2533 1370
6845 1624
4886 3379
7013 7006
5034 3930
1072 2474
6140 1819
1569 22
4704 5670
260 6428
5417 3724
902 1385
6388 5862
4209 6313
468 6550
5571 1153
5498 4037
3466 1883
2913 3691
1086 1660
6548 1964
2650 3922
3389 6464
6329 3337
2090 6923
3081 2140
2686 1195
3855 1417
3057 2769
1879 2589
325 2118
309 6735
4262 5262
3389 425
1341 5066
1403 7104
4754 5911
3312 4421
4475 2068
4394 3763
3941 1250
3551 6473
2013 4036
5062 3698
1468 4037
434 2367
2605 4184
4267 4599
6460 5435
7083 5189
5501 4213
1554 5423
5366 4734
6342 551
1162 3198
650 6746
6979 269
3098 6117
4795 2266
5536 4936
679 7111
2551 5043
5441 6482
1018 6237
3184 4846
1895 7059
5110 6927
6581 877
1654 4517
1391 892
5056 800
2956 4832
5754 6866
6924 6390
1932 722
3794 1615
3656 5148
1401 379
3765 3317
500 4580
6519 2349
5381 7160
2652 3549
665 733
293 3120
1503 521
4559 798
5923 7114
2493 499
6732 3423
3396 4559
366 5354
3410 7078
4428 1181
2364 615
2382 4913
4899 5850
1690 1686
7170 67
2290 1381
5783 4163
5034 6833
4235 4157
6565 4667
6944 2710
5515 37
6486 4662
3753 1854
2202 5899
4005 5052
4747 6924
764 1896
3914 315
2553 3795
3742 1220
6676 2471
1664 5026
5606 6872
6250 4577
1316 4025
1111 1598
4927 4811
5783 554
471 2639
7154 6669
3255 4765
6934 5992
4081 3181
1247 6803
2807 147
1441 4996
1299 1352
6773 241
6564 1027
5374 5165
3702 4486
3895 750
2524 6004
6363 7120
5324 6081
6192 5074
183 5858
1168 5661
5091 836
3862 6053
5895 3160
2786 3336
3779 76
1225 4852
6618 2164
2108 6
5677 4711
5106 428
1973 4295
5653 1611
3132 5688
2342 6204
6648 1361
4462 3538
6917 5456
2403 3927
7006 2152
4019 2068
5144 4982
1775 847
3323 3506
4375 975
4510 1216
670 59
542 2981
3130 4832
2874 4663
5290 49
4046 334
1540 6953
874 5207
1818 1420
2351 3398
2632 2571
4069 6027
3101 4134
4156 30
1380 4876
1085 5141
6254 6047
555 3860
2141 5202
4252 6787
2511 6644
4558 5915
7077 7174
4808 5562
943 3400
2030 1687
1431 2258
6208 3535
6822 5470
5040 5310
6934 6467
3390 1161
6902 1179
3633 6103
1043 4486
3604 4256
4969 4008
6123 5886
2310 4110
1105 5408
2679 2862
5520 7134
4370 620
2267 2630
3487 5241
2091 4341
5059 501
2901 5985
1162 1301
6884 5075
3568 6368
1400 7058
5069 3059
250 3802
891 3045
6170 6188
1509 1156
4456 1791
1741 5022
6892 4052
2490 4796
4482 5351
1693 2569
6773 3553
3006 4336
5591 2634
1128 6403
4826 6844
6829 5080
5262 1235
4151 1934
2936 2945
3725 1389
3307 862
4094 3947
3653 5852
2029 6283
6824 1784
1976 1344
4596 1645
615 528
3358 5730
4654 5715
815 3300
1983 2619
2044 4270
1327 6221
1661 3972
2339 2029
2124 6432
6839 3320
5275 5283
6570 6731
5458 6349
2154 7137
5988 5000
4663 6329
2286 3647
5367 5526
1899 2700
3062 2079
2359 6734
5527 2023
2942 5657
2491 1160
6719 5032
6988 3368
3874 141
4903 3390
723 6057
5092 301
3227 1623
5828 6607
1018 2371
5622 1069
6370 5913
3333 5450
403 3831
7170 3424
2607 2084
3017 930
4505 2362
6899 5536
5294 1726
6071 521
3328 5841
669 299
3659 510
1889 5206
1206 7124
2208 1886
4168 3950
7075 2719
1029 2830
2565 1595
6403 2568
2690 6783
3341 5690
3869 4836
6195 1946
3278 5841
4460 6919
6823 6461
2185 3137
962 1202
1303 5461
105 3629
6353 3409
6177 3042
2560 4022
5811 6237
2288 2826
3480 2307
5776 2765
4865 4823
3141 5188
769 6808
1035 3025
87 3911
6794 2660
2651 2343
3632 7178
7076 6365
4881 3556
2100 5879
5464 3923
3489 4521
6249 6446
801 2514
1589 2966
1041 2781
6488 993
6146 4771
786 4754
6113 2350
3104 3274
6561 6329
1814 3896
5574 1555
4252 3308
4017 6434
386 6665
6819 1764
5793 408
6992 2064
6288 3385
5730 1755
7071 3829
2663 6071
948 47
3000 2774
768 4600
6566 6796
4540 258
4995 2130
6757 4108
3691 4583
2577 4893
3821 1617
4302 3564
6073 3393
1430 6779
1608 5077
4656 6339
6179 4726
4389 2507
1361 1922
4477 3058
3136 2276
4343 5484
111 2495
1410 2890
2997 42
4282 1457
1970 1717
514 5005
2321 6281
730 4255
3638 46
5917 7121
6570 1702
3418 3018
2623 1110
2029 5692
4578 645
4314 5051
6237 4925
69 5288
389 5007
1680 2540
2183 1907
2610 1440
5194 1517
4657 937
2817 1610
3292 2785
1232 3689
5895 1168
439 4087
6595 4250
3776 499
2521 5585
1217 2993
4195 1195
2895 3418
776 5807
831 6736
6642 4713
3034 4559
5422 3197
6844 2830
1919 2456
2601 2981
5086 6882
525 6569
1907 4047
398 4019
1769 820
273 1535
6097 6519
2565 975
6357 6176
3984 1999
662 1580
1460 340
5829 7136
3741 2270
5435 3386
5417 1661
5398 2626
6101 1263
1584 3776
6208 4007
6269 1224
1855 4649
5921 6512
4093 5266
2187 2754
3179 5173
3730 2636
1611 6624
6347 725
789 5949
1572 4874
229 372
1568 6711
1218 6766
1839 3633
1195 6228
1737 6927
5183 4246
5128 6169
5001 6631
671 2201
5991 5606
2490 7087
310 3192
6675 1728
4635 3088
1902 1742
2736 1968
4434 6946
1545 4585
4069 6310
290 5599
3714 5999
2343 6504
1946 4856
543 4563
5604 6122
1654 421
6914 1815
2918 542
3282 2118
2593 58
3885 5512
3390 3028
3648 681
6269 5061
68 7138
1016 2954
6716 299
4137 2339
1834 2831
6610 4984
5007 5464
5837 6998
4670 5672
6448 4279
6299 7145
316 3360
3669 6397
2083 1316
444 79
5171 4485
3841 5674
6787 5754
1834 5224
7065 556
2414 4418
2518 3547
5171 1511
2143 1118
2049 3240
3625 5096
6434 6960
1791 2341
4889 6192
1619 1699
4925 3160
319 5038
2832 5602
4407 6260
6336 361
5485 2471
1657 4375
4895 385
1604 1915
1729 2369
4385 1305
2083 3347
5724 4540
3776 5358
3471 1287
98 3063
6164 1865
1620 5123
645 494
5990 4410
2674 7154
5239 887
1086 3088
4898 876
87 3289
5575 7074
3408 6145
2068 6078
1468 1171
112 4095
2729 804
3493 4227
2135 2053
5863 649
788 3154
6341 5010
5973 7143
2859 6945
51 6034
6033 6145
1727 164
294 7011
3041 1327
3147 1815
4984 5990
2970 3421
780 4942
3563 4378
3440 6796
2436 2065
5137 1577
4126 3229
557 7103
3912 6602
4417 5794
389 5521
4800 4269
432 142
6112 3400
6240 3008
431 3988
2758 6301
6819 979
4275 175
2062 6903
3159 431
176 6629
4644 5948
5638 5092
4017 5144
4865 2920
5210 2016
4946 278
1221 6758
5537 6516
6623 2092
4988 911
997 5726
2188 2631
3007 4909
5188 4731
3206 5892
1523 3340
2822 3945
121 6161
4703 7185
4309 2263
6277 2688
5181 5555
520 957
6279 2661
14 1134
388 2602
635 4660
5485 1502
7187 6053
1205 1292
7030 3586
2910 3925
1674 6517
6727 4888
6839 6762
6307 5475
6283 3046
5157 1879
1470 72
5719 4273
2415 6042
426 1498
6861 5683
6184 2733
4787 1165
837 1280
6827 3839
5652 4337
435 1302
6038 5742
4988 4981
2221 5857
4431 485
1390 4502
5994 5242
2421 4011
6632 5669
3250 4979
2943 1391
130 1926
6659 7129
6009 3913
2792 5261
2490 2197
3652 3488
6313 167
1299 5958
2327 1219
5876 7090
4829 1766
2481 7049
2469 2823
700 5442
3777 1288
1940 2620
3294 3327
3367 2460
6835 3227
2449 4673
2580 3734
4675 7014
4196 5270
991 4787
1927 4767
4288 1344
5813 2361
662 3176
1034 5177
6830 1893
4730 5006
5201 4238
5378 4843
5411 6890
3898 12
1483 559
742 1670
5267 1788
4972 5616
325 4911
6047 6440
5365 6500
2586 803
4542 874
1961 4661
7140 707
769 697
729 4217
5232 6525
2171 3160
2511 2638
2522 7115
3732 1435
951 3222
3587 2152
6152 1069
4837 5330
3993 2192
1553 6714
556 5829
1990 911
2337 16
7195 1052
6417 6640
4973 6220
435 3929
4760 6933
4417 1705
6273 520
6293 5257
6160 5107
6861 3939
3515 2097
5967 411
4636 1200
677 5355
5381 5852
2089 5982
1610 1516
6812 73
573 265
3887 705
4440 4343
5957 3389
4850 705
2064 3529
820 1669
952 259
4293 4217
4186 3830
1218 4697
4173 49
4649 2063
1600 5604
4596 3453
3999 5206
1028 5225
3348 3685
4115 2790
5289 5883
6155 2235
1132 5545
5045 2322
1996 3363
5161 5631
1760 1239
4548 4362
135 331
2936 572
618 2067
4093 290
6909 2348
1861 4641
4964 6168
1421 5526
6354 4950
5520 3112
5101 1309
4502 3085
846 5109
5257 6965
5028 7122
6984 3927
5975 3886
788 4407
2506 129
5255 4464
2811 415
965 3203
4356 6639
651 6076
1763 4740
36 5342
1111 2074
6939 1643
1857 6350
5738 2321
4842 5754
6385 4052
3747 6188
5090 6132
4294 5985
1304 4091
7004 2915
1608 4677
3801 7101
5872 2572
3137 2519
4909 4688
1646 6067
3880 1375
1321 5346
5584 2822
4213 5539
3203 4340
108 5689
933 6343
33 1928
595 1526
4261 3404
5042 1114
3941 4695
5025 3194
6160 2949
301 3889
406 4604
5442 1502
3915 3301
2207 5128
4779 3362
6914 1708
6552 5035
259 1349
3935 4329
317 2614
25 4366
5318 3543
3821 3823
6272 4633
3955 7168
1064 4536
5715 6890
1804 5852
5707 3211
6490 3916
2575 4330
1907 1104
3531 6933
7070 5152
5284 473
5817 5231
3389 3517
170 4334
4246 3996
4563 414
6318 4733
1060 4598
5225 3536
7115 1004
364 6568
3750 1828
2981 5743
6361 4787
584 6059
123 6734
3060 6411
6507 5236
5045 141
5376 4340
1026 3088
4893 5853
3942 80
6467 2368
6684 7011
833 4516
2099 2095
295 2630
721 2790
6520 3370
4148 2720
4350 2722
6227 4307
2903 6362
3268 401
6413 926
6135 671
547 1065
959 1613
3627 971
5552 7094
4436 149
6691 4022
5729 4580
3383 2723
5333 904
6610 3657
2090 3056
2118 3974
6978 3476
2446 767
7188 7103
1559 4701
6568 6455
1788 4232
3166 3401
6441 3038
1575 6710
801 5295
3863 84
6011 408
3251 1922
1415 5435
6117 1069
5903 6135
462 696
5624 681
5691 3819
3656 2687
2032 1914
2369 5845
2336 720
6347 302
2911 2969
3376 6384
5935 4585
6689 4924
1270 3500
3542 3080
3377 4235
19 2427
1153 4984
134 549
3396 2550
268 7160
831 6247
4083 3559
5655 5203
154 2458
6271 3346
4373 523
75 4695
3469 3808
2627 954
1156 5029
403 544
5078 6085
1823 616
5019 5893
2580 2292
6825 4221
762 3698
1142 4596
5253 199
4475 6839
7051 6839
2900 2581
1104 5875
2435 7162
5180 5759
3061 5990
1262 5438
284 6922
2731 2877
1628 2846
1391 4762
705 2849
4579 1679
1261 3310
1519 2910
2736 5528
6855 6490
3248 4290
6945 7183
6696 2718
2407 3824
3340 1887
2472 4987
6890 828
2089 4331
4780 5668
6264 6586
3162 2329
1313 4017
2429 4715
409 4301
1374 1746
5240 3184
4461 1894
5604 5697
3998 4734
6216 6048
1997 6564
4739 810
1250 6674
3037 102
1008 1483
5460 5866
3319 3896
5781 1677
3817 6909
7 3913
3242 2551
2625 2700
2000 1845
6715 4444
938 7088
1697 676
1021 4905
6084 2048
5321 5469
811 1665
3019 5799
6952 3517
6204 1490
1829 4790
1366 6073
5628 2277
214 2814
1766 1411
4764 2339
6123 3636
3696 2024
4184 912
5824 6593
5231 79
2948 755
2520 49
6178 6348
2069 4583
6508 7196
3060 5121
6919 4211
4541 149
2663 5209
1963 5640
1943 4580
3000 6845
884 1145
6736 3224
3385 3266
3528 621
117 5928
3175 6057
3384 5005
5794 2044
6765 4969
2246 3778
801 64
5006 2349
1090 4796
949 6001
706 1995
2277 3915
7067 5175
4302 6383
3372 3006
7186 12
6530 5391
2173 734
882 1184
3730 1680
6562 2158
5632 5356
263 3953
2963 1953
1897 4347
3687 4656
5475 1934
5048 4819
3367 6871
5940 5577
2174 6347
2002 5986
1037 412
1436 2020
4147 2360
3048 5080
4623 4222
6949 5108
382 4669
752 4454
1250 6731
3493 3705
7038 2655
6931 5991
7133 524
680 4060
1651 6043
6956 2402
2620 6788
3146 4590
5344 2760
73 3207
3480 5933
1209 2702
6058 1783
2824 1774
463 4384
3956 6050
5142 692
2619 5277
6722 3435
7150 4314
558 771
3524 2001
3578 2891
2225 3548
6341 6297
4976 1601
6576 6624
4333 5069
1235 3136
2991 6070
685 2999
5117 2832
6431 3475
392 2680
4135 5704
3832 4276
5495 4221
5105 274
4338 609
6177 1964
5635 3323
4617 2925
4986 4319
5478 6190
324 348
6012 3641
3430 178
3582 4815
3253 321
6140 869
4757 2812
3881 4872
1643 5533
7015 3457
1921 2738
5874 3188
1079 2197
3302 2434
2080 3481
6477 1199
1408 3872
329 1854
447 5929
4442 920
4682 4071
1773 171
519 5037
5090 2767
4019 1094
4888 4004
187 1473
5047 3479
6707 105
4921 2243
4821 5682
2390 3604
601 3759
1802 3080
4717 2049
581 1230
6802 4458
1520 2448
3604 5856
3735 428
7171 6525
3319 3357
3570 4114
5060 2458
5484 4828
4311 980
4846 4847
3156 4067
740 1326
2036 5882
740 5565
6995 6326
2689 6606
1239 6710
749 3831
5979 3364
5295 2213
1496 1554
6108 138
2671 7136
53 2097
1493 1626
3005 3698
5787 6333
5910 7009
3577 4154
3191 5697
5111 1683
2859 3894
5272 4771
4584 4184
6179 1818
6379 4644
367 4806
4589 4396
426 557
4868 4462
6246 5751
2425 2
4065 6568
2753 1324
5711 4587
5594 178
4102 3434
6564 4968
3526 4537
985 1959
7075 5939
4458 4636
176 957
3544 6492
1642 5574
5196 1557
1150 3152
7027 4960
1720 6600
5722 1139
5129 4784
4865 179
307 3551
3871 4230
2709 990
115 1734
14 6803
1602 1522
6255 4602
1809 2846
4034 4591
448 6283
3377 4201
2977 1746
4468 1056
2709 953
5435 1583
4386 2664
1556 7061
3346 6261
5689 1909
1930 4539
409 6781
5797 3337
2721 835
5005 2071
5671 7179
6134 1748
2579 3430
4247 5659
1770 6677
1893 4867
4889 2987
6542 1653
1274 1712
943 1785
6022 1921
5843 1449
5111 341
3176 551
4953 3963
2655 7146
4717 1823
3744 1492
280 2987
3176 5119
910 4106
5856 1973
6327 2760
539 1855
2460 2517
4779 6869
721 4520
5377 6804
2686 9743
46 6923
1734 2140
2044 263
5134 4915
6446 533
5021 2728
1314 7188
6564 729
1939 874
3114 2140
1961 2444
3336 5147
1998 2924
6381 6440
2401 2592
2402 158
1507 4331
5000 3991
4719 4106
1341 4
5287 2557
4638 2444
489 1583
3302 2627
4896 2628
5333 2278
1911 1055
3980 5905
1096 1453
4660 3485
6643 5873
5022 2265
810 5773
5541 3108
2793 4489
6352 2501
291 3300
499 2567
5975 5140
3477 116
4642 5691
5517 2540
3118 5992
1733 482
4743 6247
7041 2995
5742 1959
6873 6788
6343 4517
4609 2680
6637 4314
489 3275
6054 1982
6625 5485
145 1911
1173 7102
5339 6978
822 3362
464 828
3128 2690
5839 3406
5464 3807
151 1843
2230 211
1853 3112
2144 870
3776 943
4655 3722
3411 5663
1994 1043
6361 5579
6536 2870
6512 3053
1876 733
4963 4879
5225 1605
803 1206
892 7188
913 812
5337 4090
4178 1352
5670 4611
4868 444
3556 3413
3024 6299
5459 1261
6805 741
4853 336
1764 16
3179 4017
5035 3573
4123 3454
73 5620
4883 1735
640 3588
1672 3084
6728 3195
87 1346
4127 6679
3468 802
3807 4999
5441 4077
5736 6264
3742 2496
4445 1856
3935 6800
6091 3745
307 323
2402 6970
2624 2603
1352 2960
3172 2751
3875 4404
4471 2967
405 1841
172 1572
5125 5845
5398 5865
6647 3354
1095 3450
1053 847
5076 5328
5350 71
2836 4679
6389 7070
775 6260
1262 4740
4884 3525
2537 2311
6346 919
904 1793
744 6798
5093 4411
536 2901
4837 3900
6837 5106
6569 627
5902 4485
1763 1213
2851 2045
5061 3059
5004 6775
4340 51
2137 3252
6012 6857
532 693
3390 1625
2947 86
4581 1324
2313 5604
5686 1333
3212 2428
1988 2559
6769 418
5539 6485
4995 3802
3701 77
6739 1735
257 6610
4026 5694
65 1740
6905 3270
6554 1102
4769 2798
4519 4796
5615 3402
1806 3095
1455 3852
7028 5927
4609 1531
2316 516
2745 1395
10 5632
4640 1688
6486 5460
4505 6968
3164 3206
6590 5181
5025 3764
2472 3339
6576 2943
4364 1244
7026 247
2051 2037
1787 5311
3619 4101
6721 6653
6793 6906
6120 4096
2680 415
1593 5774
5466 6390
3121 329
1061 366
3637 6334
3961 5985
580 7018
838 3757
4356 6216
3307 1165
6878 1563
345 2451
4710 1429
5462 3940
755 1410
4189 5040
4333 1300
5922 1388
4068 1611
5363 6158
4060 3297
1882 2468
3590 4079
4544 5842
1611 2592
2668 294
5313 1936
456 2234
1824 5312
4452 5829
3726 1209
724 2846
1782 2362
1012 2798
6200 2687
3276 1264
6874 7184
2255 5512
6299 1540
5533 4606
2280 4464
2505 5526
4008 3729
5684 2636
1298 1265
6232 5937
1374 5848
2433 4861
633 6931
917 7120
1618 5274
309 2665
7185 2720
3099 4065
3271 2332
2083 5445
4865 1903
6535 4367
3542 1393
3650 3712
1056 3965
2262 6492
3015 5173
1608 321
3961 1939
1353 3141
5654 2126
5808 1772
1031 6885
227 387
3790 1419
4917 764
1529 6575
3977 870
6096 38
2388 2536
5902 888
1441 6425
13 5220
6126 1663
5274 4048
4883 3491
6663 1169
451 5197
6495 2483
2954 1442
4564 2309
727 438
5204 6469
1524 3663
7034 2403
4240 2424
5441 1685
4669 2526
1012 4855
4373 6955
6720 6332
6328 1500
3819 6741
6288 2977
2013 4733
6453 7025
7196 1119
1709 5064
3607 2052
3659 638
3064 3933
5176 2500
860 6025
5263 1054
2399 2819
2178 984
6928 2764
7163 2342
2980 4432
6428 5820
1798 3704
712 4070
1548 2059
1242 4261
4805 4321
1395 455
142 5574
3570 6689
5924 5607
1339 524
5075 349
6266 410
4109 4595
6080 5939
7159 4469
2220 6640
157 6935
6662 2163
422 4735
5220 2049
3970 1200
2543 3101
1311 4404
3488 2243
4283 3109
4196 2749
6260 2232
95 3749
5851 5766
3308 1688
4679 1880
739 3283
2118 4495
659 1965
3087 6542
5934 785
4850 7172
2212 2550
4240 1754
968 3229
6567 6645
3823 2246
1190 1576
6614 5742
2303 6297
5859 1353
3386 4942
1092 6937
4902 6068
5908 4425
170 2924
1756 2632
7098 4178
4790 5285
2629 811
6732 2147
4715 3467
2815 6009
6220 5793
6180 4649
2364 4191
5032 4986
6418 6025
2709 5013
4064 1945
2573 2649
1404 3373
6386 4763
1309 1326
552 29
5570 2045
434 4073
4492 3420
4889 2443
3307 2039
267 4265
22 4013
6304 1215
3764 6335
5240 987
3864 5587
4609 6322
6282 4197
7124 2973
6367 4715
4350 4980
5930 4388
1180 3460
2668 6140
5728 4912
6695 5790
5937 6530
6673 343
559 2636
1732 2307
4627 3200
4018 1878
3572 4520
950 5417
582 2370
1413 1246
637 4604
995 1074
5200 5128
1105 959
2169 1244
5444 5899
1272 6057
4466 1200
3159 5653
4454 1129
5545 2519
627 1717
4395 2991
5796 6443
5804 1759
4945 2683
6057 6730
7023 6237
1681 1672
4671 248
3719 1571
1702 4208
4870 241
6716 3885
479 4910
2813 37
573 1460
1182 1253
2250 4922
1050 5025
234 3079
266 3541
6181 6770
4306 1175
2499 2488
4600 4028
2063 2296
1264 2691
1054 5102
179 2
3241 5866
2446 1931
3669 2316
2295 2138
2260 4767
3226 1438
3140 5359
2545 6433
5366 872
18 2454
1033 5229
7106 5214
7061 1169
5639 3191
195 949
4124 1506
6041 2175
2621 911
6932 6707
6274 7143
5070 5808
3497 2134
6079 842
2092 3155
1791 448
2929 5197
2697 2778
416 4916
1564 480
4047 5089
2363 1081
4697 6146
3924 1183
5934 4134
5022 4219
4452 5441
5403 2499
6091 4285
6333 525
6686 158
1925 5198
5588 6704
1478 5299
950 3983
3592 5051
4620 5619
4169 1615
6737 2774
7038 4063
7045 6435
55 635
3168 3132
320 6026
2083 6888
3875 4267
7115 6327
1035 805
4575 2260
4484 6957
5513 5254
5182 276
3490 6786
432 6282
1733 5841
3290 403
5669 7194
4674 1988
5498 6155
4736 4795
6807 2761
1557 5816
4727 338
598 475
6838 4715
5895 955
188 4107
3362 2272
1972 4195
22 4126
1787 2920
396 1711
5171 6239
2533 5612
2807 4195
5920 1800
457 7062
5880 1289
6439 514
5929 3779
4637 1323
2131 18
6963 4755
4343 403
2503 2793
1150 160
3062 2127
3225 3815
51 1958
4355 2279
6330 2264
3811 3014
4958 4226
5582 6289
2558 3932
5449 4624
4343 4230
4716 165
2611 1137
417 4513
6303 3944
3724 2308
5690 633
7013 5551
4937 643
2752 5447
4519 5629
3662 6857
5786 5953
2268 2372
3553 5364
4921 1463
969 530
3510 328
6591 6618
3301 6366
2495 4596
5284 5180
4267 5211
3155 2939
472 3691
384 5635
6146 5415
6404 6085
1152 3495
4455 3543
2450 1309
2238 3469
2743 6979
6197 3792
1819 2338
2727 6814
4269 6529
3082 1727
7054 4360
1512 6175
5413 4752
7175 4396
7056 2666
2794 6222
3733 5992
6737 5501
5079 2924
3004 612
2052 3307
1677 6449
6891 3197
2250 2709
3435 3811
5794 3358
5862 950
2823 1198
820 7112
345 4792
4564 5561
2564 1783
1822 1273
3103 2827
2675 1204
3542 1297
2358 6207
2466 125
4244 3102
1907 1207
5918 7023
3727 1967
6199 4470
4149 5662
6089 2086
2778 2459
6226 5161
5077 2070
508 4396
3798 5812
2155 5034
3280 8
2703 4116
5912 3594
2201 2266
1957 6743
3210 3544
6263 5861
1958 5887
4181 3393
6856 3646
5199 6439
495 5838
5217 1405
5558 4951
344 3469
4482 5218
1071 6365
4308 3868
6259 2348
3774 1444
6853 875
2738 5650
1149 6581
2742 4643
4108 6509
6580 5957
6266 1971
3278 347
5997 5954
4302 6957
2955 5801
6812 1008
2039 5475
6953 6989
4727 5846
935 6225
310 3429
4571 145
2854 6290
6155 4279
4957 5556
7090 941
864 6544
1779 2341
4349 1783
1674 5218
6610 5148
1437 1319
2859 2352
6897 1274
1192 188
4601 4181
445 314
618 1481
6452 3569
5578 4302
909 2827
3526 2412
6917 2708
3490 4895
2708 5777
6668 2827
1776 5787
1482 1404
5360 791
6193 3352
1035 4915
6487 995
6174 5567
4864 910
3052 2949
1141 1758
1919 2534
4180 1684
2477 2899
2144 5566
6679 6340
1528 1530
3179 2457
6629 6850
713 4491
4269 921
5282 1518
1670 1712
4412 2566
3620 4501
5362 3810
6802 4920
5304 6009
991 5147
1085 6464
528 2582
1705 485
2388 4677
1637 1099
2389 5934
154 706
681 1234
2578 3138
3784 3728
1307 420
4344 3408
746 4541
261 4819
6364 4632
2636 5012
343 4015
3222 6523
3919 6918
5858 7198
6180 3556
187 3060
3273 2126
4713 1912
5439 4226
3203 3318
3104 653
5122 4629
3160 681
272 5889
750 1303
2175 2580
3968 6324
3927 4288
5484 3131
7175 507
3083 1656
6397 1608
4343 2692
2352 4478
6382 3426
5722 343
5999 6420
1732 6295
6305 6587
3577 2167
6610 5065
92 6189
6205 2596
1366 6746
3877 58
2119 431
1150 1340
3806 4893
1035 1592
4228 6552
1409 5943
7026 6119
1483 6831
1762 6762
6023 6694
3491 2248
5613 484
2343 373
2480 7027
3863 1436
4221 1142
1414 1327
288 3427
6018 6760
6439 2590
4551 4154
1150 2772
1293 1817
6360 2321
3266 4835
5231 830
2579 6985
5411 6234
6243 2142
5438 4660
446 3579
729 3458
2855 3853
1207 4482
1486 1980
143 1290
477 2104
295 1645
6257 4642
1723 461
358 3924
4861 3896
5548 1422
1495 225
1813 1438
2700 155
4048 6411
2780 3540
6832 3646
38 7052
4133 4078
6728 4272
6124 7
6882 5175
2338 4278
1432 1369
2068 4371
1910 5127
1362 1546
1614 2539
4577 4168
2588 3325
5552 7168
4107 7134
163 7063
6289 5525
395 2066
4885 3332
3318 6457
7025 4294
674 4360
6674 1831
621 7122
2300 736
329 4531
1899 6285
2603 6640
4020 269
4802 6733
2122 246
2180 4235
6972 1906
5380 3803
4187 6170
5824 4900
7066 5933
1303 4525
6606 1740
6776 4935
181 6038
2805 4154
563 4635
4247 1643
5431 4223
107 5510
6300 4590
7129 1582
651 598
6773 4926
1406 6501
6926 7003
5439 4416
1668 6584
2287 1500
4504 6533
1699 989
635 150
6921 2153
5000 3371
1608 7080
5357 289
3749 1787
5316 2324
2434 1558
6849 783
1345 6811
3428 6226
5766 4883
4974 4063
250 44
1744 641
3980 3434
6142 2841
2226 331
5283 454
301 252
2990 2736
3402 5713
6474 6641
6021 5477
3468 1857
3624 3822
5509 477
3697 379
6232 6227
5650 6702
4741 1677
5234 592
6915 1847
6161 3413
2188 2575
5544 2509
7154 6792
975 6756
4015 3450
1400 3159
3547 3689
4216 2675
7159 1585
6726 5420
6950 1227
6012 4758
2683 3359
5019 4868
6796 1030
267 2459
5478 5882
1919 4913
1083 4380
951 3464
5015 6401
5087 6785
3024 5179
1685 1246
5148 6272
1288 3833
2652 4121
1147 4250
4469 5481
265 3897
6655 1816
227 1712
5527 955
3157 5084
6927 5281
2950 2448
678 5884
2846 1622
2706 1706
1442 4003
1240 960
3643 5814
1150 3154
3124 6637
3193 4097
5762 5059
832 6401
2462 5002
225 1414
1294 1345
4369 1771
5954 2546
831 414
2169 4427
3938 1451
2692 2838
4241 1348
2146 6968
3057 650
5963 5986
2697 3834
7080 1335
6545 5335
1215 6107
6665 4975
1773 2516
6470 4557
4012 3361
7 6491
3796 3539
5638 4018
6046 5227
1289 32
3843 658
7128 2132
771 4111
1290 5896
2977 3881
1624 4236
6379 6937
3891 5643
6328 2026
6545 6748
4682 5680
4802 3207
820 4610
4673 6290
2133 342
5670 3112
2305 3736
2200 6053
6560 998
895 416
144 6539
