987 4749
3670 4947
3977 201
1438 2327
1463 3748
1569 7135
6223 3179
6233 2483
5249 805
7161 4307
6570 5874
5801 1342
3513 73
6492 4155
2799 2537
4911 5572
1011 137
3681 2251
3695 4579
34 1405
6242 6099
113 267
5443 6869
7261 7071
6310 6476
5136 4587
1687 2447
5811 6277
6504 3487
642 7166
6752 5139
4550 5194
1203 3084
2960 3211
5800 908
7225 4774
1491 1193
4883 5767
574 6336
2530 6263
2766 4165
3333 3219
3849 4606
1484 3097
1487 4855
3061 4028
3092 5513
750 4902
88 3379
7313 7077
6480 890
1543 782
4365 5572
1562 7294
390 1441
6740 2592
1133 2010
2029 5376
2948 4852
1589 4286
362 2470
5159 5223
1133 341
5765 1349
7005 2385
3934 774
2875 3840
7305 5010
2749 6160
532 4109
5743 250
5341 2661
5247 2290
6733 5566
6452 227
3388 7273
6020 1895
1765 3643
2297 5916
2999 5729
6919 186
236 4834
4821 3705
6258 5173
5662 7192
4859 6560
4779 1200
5836 3090
5311 1359
2127 873
3446 6856
5892 6285
4546 255
3299 926
2955 1250
431 4096
5898 5764
1791 3220
5163 4387
6486 3595
2253 681
1821 4403
7280 5279
3466 7156
7257 7181
3312 620
6964 2815
7346 6174
423 2634
1413 4194
103 7388
497 1702
2546 1984
6051 6817
4152 1409
3890 6384
4838 6902
1452 7330
1952 3252
1965 574
4915 4041
5124 100
6668 548
6777 6369
3192 5603
1438 2436
1889 4156
6650 4157
3002 3980
2204 5078
7216 5142
1074 6369
524 5068
2221 6008
4129 721
4352 5820
6351 4775
1558 6277
3561 6867
5502 5137
1769 5254
5172 2400
630 5319
1301 1331
6607 1988
4734 2764
2711 680
1 1849
1893 4478
4461 1579
4638 2603
6464 6587
3233 7034
6564 1707
2887 1497
4884 3786
5173 5712
1474 7121
6336 978
1198 6875
1260 1220
4732 618
2049 4914
675 1292
2402 1897
2302 4437
4907 2919
1808 6949
6246 6222
4441 874
4234 3000
7383 1368
7346 349
2779 5821
5525 2399
3202 122
422 5190
6820 1811
4154 4816
2772 5063
5114 5616
4716 482
1604 3823
3533 4448
282 5328
1560 445
5159 1501
7292 576
4297 1632
4484 2838
2528 6212
7076 1466
593 4257
5600 3074
3743 3662
2561 6237
3975 5048
1813 6096
6126 7025
178 1576
3001 4404
295 3497
5769 1197
2478 493
1433 6781
5562 1969
5053 5891
2681 2177
2633 6831
7182 468
1683 4319
7366 1490
1838 2732
5052 1257
5179 4423
2643 2359
6790 493
4016 4570
1083 7202
3634 331
6812 4346
7079 4098
3032 3178
1140 1426
2025 2012
1592 5669
3937 633
606 6794
6578 3857
6349 6842
1657 4191
6181 5667
4710 5352
3192 20
3539 7338
5331 1175
3534 1736
1496 5148
3029 707
601 5514
1709 2005
5795 6752
7271 5199
6821 5122
4640 971
259 7127
3379 4587
6707 2471
3853 2744
371 7354
5636 5911
2421 364
517 5302
6881 3164
281 5932
3477 4452
5427 1046
6011 6099
7304 4669
2319 6205
1900 4797
6244 4900
7285 6553
2802 7352
638 4826
5006 3242
5666 327
5453 2334
6835 2493
6646 5294
2230 727
5276 6940
69 6922
132 6336
417 6375
4289 5367
4953 4579
6114 3596
1747 3532
3253 4120
6478 4433
354 2870
7250 6252
5231 7089
6501 3820
4555 542
5538 458
1456 5070
3904 6933
6146 2948
4668 1329
5847 5845
2604 6843
3818 7085
1330 6839
2360 413
1713 6866
2694 6594
3886 2996
6637 4290
2094 5805
7244 1944
1344 4832
3192 343
103 3420
457 6946
47 407
3564 3338
2737 4198
201 2129
7116 3656
4872 259
6722 2808
7245 6852
268 1857
4205 4068
5675 2164
7364 2711
4564 796
4133 4538
2223 2179
3253 3440
6653 5357
900 4658
6955 4122
1401 6548
3135 1946
232 7132
222 2088
555 1918
4327 5297
995 3107
6936 5206
5657 6177
4507 5644
901 1739
2276 6869
1738 2904
4146 880
4476 897
2879 2059
1119 4
4566 1328
5221 4918
2264 966
3955 4581
3307 2990
2570 2460
7032 902
7173 5975
5807 2899
1371 7054
1873 3727
1547 3127
4034 3786
6775 4084
1873 420
895 5835
821 5960
7338 6148
1085 6613
5875 1381
308 238
2590 1066
6728 5905
1190 6888
5590 3253
5180 5296
275 1044
4726 6441
4185 344
6505 5734
5628 994
7276 7375
2416 469
2844 3731
153 6481
6517 6714
4630 1860
2700 3905
5707 7163
526 3631
5186 2350
1731 1468
2662 2153
1757 6826
6755 3134
4239 5771
7029 2600
4572 201
1683 5107
5686 1733
5472 1847
7159 1528
1398 1660
5063 6477
3623 7023
1186 3847
3001 4418
3581 6350
6989 4305
637 6557
573 7344
6004 3887
5127 5715
274 1440
3507 1198
7044 4896
3221 1251
291 6490
4639 2417
2819 4339
5118 6177
1926 4989
2966 5388
709 379
4605 5577
3402 2519
6106 3731
5701 3007
2080 7230
5729 5935
6586 6258
5194 1735
7205 672
1206 37
4180 177
2181 5230
532 3606
3238 5077
4349 4866
5719 7302
6874 6716
1560 2372
461 5873
1733 7190
122 6142
479 3377
3758 4403
4542 2991
851 834
2572 181
67 2711
1592 6850
6343 754
6646 7267
7155 199
1896 5115
303 3607
67 2672
756 4335
7161 2977
2185 3022
2142 4955
6426 893
4401 3419
300 4055
6721 5789
831 5295
2737 7035
7384 4152
4882 6810
2522 5335
3763 5767
6057 422
1111 4454
5523 5370
4956 5418
5362 2811
1571 1297
2690 2108
313 5911
5060 4024
625 5531
2349 245
4147 5430
6238 3093
5725 1735
816 3526
5909 5804
852 1819
1640 1612
5476 588
898 5319
1761 449
3346 4662
6498 844
5017 6375
2838 6523
4104 1793
3823 6821
1331 3998
4723 780
2221 7390
624 6632
3977 2088
1539 301
6458 7148
428 2315
6152 4507
1394 3283
2303 6800
3599 2417
870 88
2647 6172
1625 2628
5291 5651
2436 3096
3444 2186
2300 2987
6286 122
7107 4143
3883 1910
6184 115
928 2713
3457 3491
3984 2653
5582 2913
6651 3975
4059 4253
243 2134
2890 1888
4523 355
6034 7326
3797 3690
5096 3642
4678 5406
4144 4219
7063 6130
4864 6524
1755 5892
5385 2938
3232 4764
5923 5398
3700 7010
5229 5834
4358 2174
5557 5968
1613 5993
5490 1214
5721 5817
6643 5214
2300 5985
6651 7370
7020 1727
1388 1509
3721 2334
3557 6212
7013 3332
4234 1435
4757 5694
6374 6996
3915 6984
5568 4138
3164 2329
55 4387
621 5866
4594 3052
2341 2079
1193 55
5694 2550
4938 488
3782 1509
6793 2069
925 7352
5399 403
3634 4455
1269 3421
5942 1622
5285 7360
396 2151
6805 4858
884 2074
5954 1936
1603 6404
4061 1375
7137 2677
1212 1394
6982 3051
3055 210
5721 3973
4053 2436
1303 3978
356 731
3941 503
2841 1311
6578 6967
825 998
4955 4244
4429 3518
1828 2300
7235 1140
3568 904
935 4903
7022 4134
2934 6446
4104 2022
6970 5824
6936 1641
2823 4738
2250 365
5672 1346
1248 7197
5167 6555
6718 3381
1768 7265
3147 2052
528 5900
624 4186
5175 4018
16 4193
7223 6325
5588 2824
384 1643
938 4993
5434 1540
57 4932
6078 6655
4540 3357
5042 2085
3281 7305
1734 3703
5156 750
3567 2130
2532 4136
1448 7368
6906 1751
392 2811
3026 598
6253 3379
1560 255
7002 3911
5872 5193
7135 4352
2425 4619
222 656
2879 2331
4293 3458
963 959
3557 1011
3338 6045
6606 6109
23 7158
4893 3637
4261 2493
1947 5083
4085 3997
5323 2678
377 2800
7087 6690
6019 732
1215 4521
4708 6159
1720 6806
845 2964
6685 370
4235 5846
6581 7373
5171 6561
2408 6742
3794 7328
2463 7366
2023 232
3927 2638
3752 6916
4282 4073
2566 10
3562 2371
5142 2842
1082 1105
1244 7135
2708 6427
4542 4174
2424 692
6978 4644
1104 6050
3421 844
3045 1945
6562 4141
980 4114
2579 3625
5195 3816
6606 6818
5859 1603
5679 6064
185 6797
5374 7214
2116 1786
3141 1722
5109 5453
4537 4010
3054 6382
2378 2212
2297 5048
7120 4430
2270 2966
7156 6869
888 6293
7304 3313
6628 1212
6324 332
1239 6752
3646 7067
1804 6580
3373 6157
6863 7142
3618 3921
2928 2941
3420 4485
879 5390
622 6489
5192 5974
5407 3665
5955 4282
742 2937
7300 7306
592 7043
202 1508
6120 2412
901 4980
6825 1468
1529 457
3259 2276
1394 7251
6855 7162
6274 5104
6473 1696
3702 1719
2801 3275
6818 4860
3222 4895
1428 3945
552 3024
2476 7365
1536 4563
358 5302
5566 6731
3456 6267
4591 2671
2142 4212
2065 2416
6264 1395
5796 4801
741 2907
6798 6391
5647 7166
6003 2032
3690 3597
4192 16
2 6641
4738 7158
4952 1855
1736 4853
4200 3039
6226 5318
4779 3757
5860 907
3500 5488
3227 6198
976 3241
1218 4472
3023 414
6625 4022
5506 4771
3971 6958
7336 3146
5771 1679
5297 4713
2338 1286
1966 5850
3336 3453
3522 1321
2341 310
3985 6070
5362 3325
3724 5410
2192 2715
2750 1470
3772 3495
4199 7062
758 1151
4186 4093
2573 3076
6364 531
4810 4619
6068 1297
3301 4880
4081 7276
3903 5213
4229 6904
3981 5841
2244 4596
4085 2499
3136 5955
6385 4989
2877 291
2981 678
3332 390
2678 2136
3166 6702
5937 288
6574 6950
4197 2411
2044 3315
1967 3485
2130 5393
1312 2253
5100 6306
3037 589
3033 1321
2250 4766
2344 6989
1979 5312
2489 5833
5009 5390
2546 1744
1350 1360
266 2037
4237 3522
1326 1249
6233 2034
3205 934
6408 7063
4905 6800
3027 6701
5493 4235
7237 3436
4590 2568
2821 4808
6839 6097
5402 5220
3485 411
1059 304
635 4764
624 1505
1851 3122
2840 4447
1770 3195
391 6394
2375 354
3780 7365
3040 695
4381 6445
1216 568
5263 4099
1265 395
5262 5069
4858 5238
5972 4707
3941 5949
4042 1460
4984 474
4601 6649
2901 3899
1851 6969
7264 1429
475 4132
1205 3095
3742 2548
2532 4017
3276 4773
4618 459
6311 7380
5165 2858
4215 245
6011 1261
5767 6959
6536 4470
2415 1451
3826 3572
4695 1298
6026 4356
5741 5252
962 2944
6812 3204
3429 6912
5073 8
215 245
5355 1095
3659 2893
2310 5212
1259 5776
1267 5999
4087 633
528 1226
1085 6056
1871 7120
2441 6188
2678 6345
1905 6350
3411 4939
5552 3136
1346 6787
2973 6876
564 5145
4695 3946
2277 7369
6175 265
2803 2358
6578 1047
5078 6313
6106 4940
6936 4407
6416 4376
938 2512
4151 6940
6232 5420
4920 478
5490 552
3606 4894
5280 7078
4829 5389
5882 7379
6052 726
2201 5705
2452 2612
4149 2701
772 83
6084 2075
6859 5187
2156 4221
1697 3935
6349 5043
2905 1436
5670 5964
4447 3941
7050 6250
1690 1507
2519 99
183 3769
3203 4468
946 1701
755 1745
1465 6779
4753 2456
486 180
1425 3347
4505 1739
3904 2931
5072 696
3354 4746
6532 1726
262 89
4146 7351
5624 7120
7074 3871
436 4284
1911 4397
418 5458
3683 6006
4162 2514
431 1140
5572 5423
6724 3820
4148 1058
2305 877
377 7022
7217 4260
5185 4679
5048 7237
2787 6100
1906 4884
6280 1475
5224 273
7398 6643
2311 5513
1971 693
4999 6089
6394 5156
6766 2286
3093 6531
6502 3888
2648 6245
3994 5357
4781 7264
6968 5201
6282 4099
6298 6579
1435 7102
5007 5331
1260 2985
7114 1552
1152 3301
5124 1862
6967 2206
2595 2188
1999 522
2173 2836
5626 5371
1954 5475
5408 1120
6966 2160
6161 3970
3072 881
393 2706
723 6265
7232 2000
7342 2975
5973 6614
3865 4688
94 363
5630 1499
3855 2499
642 717
3533 523
1191 4627
7261 707
4543 925
1461 7276
6759 6083
3615 1649
366 3270
6310 6483
2760 905
6814 1132
915 4145
6404 3300
4221 5711
1279 626
5984 167
6386 2346
2851 4513
6464 5677
5831 4004
4210 6894
3923 2978
5407 5057
3740 5663
5857 1766
5668 459
4832 3251
3541 4839
6005 4584
4619 1028
6349 7275
2907 5711
3440 563
2428 3680
7173 4466
6569 6842
3260 4572
975 5293
6599 1436
249 4319
5294 1534
1782 1585
3150 5383
6284 4181
3581 3640
6827 14
1076 6762
3840 3640
3961 2811
1804 5566
1536 950
4361 5522
4726 3369
4233 2838
1826 3896
1898 514
24 6335
4578 5367
3923 1436
4594 5040
5183 1387
2610 5184
56 5267
6962 3062
2938 5525
4680 4445
1254 2517
1075 7104
5885 3482
1155 5195
1420 2431
5762 3772
6876 5852
1787 6032
2365 1614
7142 1811
3391 6923
4261 7327
4589 3618
6670 2677
1726 2622
1261 6882
3433 5876
4716 6896
5340 1818
2338 6486
1233 1647
6574 5130
1462 5081
6199 1234
920 10
7330 1250
3203 5636
3390 2135
2056 1491
2951 3818
5003 3362
3021 1176
3879 6709
3408 1191
5849 6317
162 2523
2798 2939
5481 4663
2538 5468
6424 3247
1846 5410
5802 5473
4277 915
922 916
4555 5354
4305 1120
3138 6812
7333 6813
4603 3629
4722 4144
5054 2641
2783 2840
6645 6030
2216 2551
2723 2126
3316 4348
5676 3011
7066 3869
5985 2571
357 313
124 2059
4041 4451
402 4152
4768 5515
5401 3672
3134 4023
4935 4911
7085 11023
2398 5430
734 886
3150 1693
3660 6215
1650 87
4928 1757
385 2403
1659 5958
6115 5146
5536 3149
219 1620
7335 4453
7291 2089
4689 1665
4318 6224
3101 3374
3470 695
5105 6894
1941 2672
6005 2458
369 1901
3097 7267
5889 2800
3926 4093
2252 3737
1578 2040
249 3388
6061 5500
6144 358
6649 5848
5207 2628
5582 5199
1097 3584
4419 4200
4674 3313
4257 6953
69 4110
3881 4343
2038 3391
5766 5773
6179 6697
3813 6486
4501 6291
6913 4232
4477 281
6747 1479
6673 349
7150 2707
3661 3500
5608 2464
38 412
1141 5000
5155 752
6182 3143
1876 126
3455 1610
1868 286
397 2980
5187 1655
6198 7007
5452 6047
3923 2412
5654 2558
3056 263
4445 3328
1621 4233
2464 1509
2653 2427
2725 3775
5883 2213
3417 6192
5220 6872
5052 4429
7095 6198
6288 6242
2401 6780
2522 3203
5262 3656
458 7157
4522 5101
7197 2359
6397 5905
314 3248
3180 5551
6705 3454
1164 3565
5982 4760
618 380
6277 529
1950 1151
4608 2594
4046 2619
2460 6066
1111 6954
5274 20
1430 1291
2305 4581
4028 4977
584 6449
5000 1326
5305 1473
4278 7141
313 6491
2261 2929
7237 4479
4038 3548
4974 1097
5937 1976
4749 4439
3130 1004
1937 5456
1624 5036
261 6519
1950 1464
3599 6036
3931 6222
6155 7077
3036 4518
1478 7254
4865 755
6798 1626
2020 3697
4287 4660
6365 143
2424 743
3363 1163
2228 1310
3654 7100
4797 4072
2176 1632
411 2564
1346 4386
3833 2805
6826 695
3848 6411
6225 5294
2661 1086
4987 7042
1894 6631
408 1669
1707 2316
4055 2946
3647 2168
2234 223
2037 4133
2557 581
775 7367
1304 2894
4425 2334
1068 1234
1292 2559
4506 6134
2127 4024
2415 2018
1432 1902
6476 404
24 3765
1425 6254
3709 7011
1369 385
4905 7257
4577 5197
5247 2903
4651 5478
5309 4211
1727 5596
6661 2302
1592 439
7214 6123
1700 2549
1680 1869
2774 1410
5133 2123
3190 4787
7258 4587
3703 2039
1821 6369
7297 1850
4416 7313
2205 7343
2683 4241
3046 2841
7256 6060
5679 5094
2328 6476
855 3377
5043 7023
193 1698
1789 2277
3792 2404
371 1547
1168 4627
5157 503
8 1480
318 1729
6187 4867
6222 7362
6477 2692
1401 6916
2099 4406
4344 2406
5747 2104
7333 5914
2915 1888
163 3500
4533 5414
1908 5129
960 6219
749 6866
3994 4101
6524 2748
3401 7328
7162 2189
2865 6858
3410 268
1759 2266
801 2069
4076 4534
1736 5217
6118 1929
5445 5750
6104 4597
568 2744
3722 5578
401 5587
2315 3051
3711 1308
1370 4929
5530 1219
5805 286
850 5783
2056 7056
6177 790
2863 4593
4739 1231
2823 6151
3206 518
5582 276
2740 7011
7051 4804
6597 5576
6976 1646
426 5669
3948 5138
1740 3482
949 973
2123 4584
2994 5628
2298 4668
4431 2771
3672 1249
5850 1240
6034 4049
2410 5768
6499 1400
5399 5925
6413 5757
3484 2668
3897 6765
2433 6679
3243 4094
6101 4635
2897 3293
2897 6672
4346 6668
672 6144
219 1148
5218 2318
1597 914
1856 1221
5210 6961
7377 3266
6982 7149
3091 6591
362 6791
2998 1700
6387 3890
6714 2108
6073 1824
552 105
52 2681
2630 4693
1401 1178
3100 2119
6370 94
1196 2886
5764 1628
1831 4157
202 5700
1713 5171
1247 3111
3438 7318
528 6986
1551 2611
1023 3414
3421 116
6876 4888
6862 2982
3222 4456
3076 2862
5583 1832
6931 5240
3046 1043
3947 4572
6422 2087
2547 1701
5596 2984
2375 3911
3414 7155
5568 4461
542 5843
5170 60
2278 1916
867 2191
6429 5602
6382 3015
6639 2580
5127 4975
1347 3107
2402 7066
2238 3833
708 4833
6670 7368
2075 2333
3761 2776
3914 4269
3203 5491
5756 701
1981 1865
4937 195
3051 2204
7070 63
958 7231
3135 1438
3888 5672
4784 2187
1783 3854
1761 1131
7024 3857
3079 3067
5349 917
95 6016
2577 4690
5518 1995
7375 7124
1428 5263
2235 705
1351 160
1984 1476
2844 5258
4889 2286
6040 2515
3683 6147
6332 4270
3871 3016
3599 6965
614 1423
7245 1386
7220 1892
134 4746
743 5344
817 5263
4977 4159
3463 3256
2969 1912
404 4551
921 2728
3719 3374
2400 6220
2563 1775
5118 1721
1975 2463
5216 3897
4728 6151
3306 4413
5550 5823
6305 3833
1851 1350
6899 1697
5464 5418
7173 7070
2634 2368
5540 6268
2833 3681
6040 219
5730 4666
1098 1456
3594 4894
3239 1888
4498 4450
6492 1481
2379 7100
6273 1420
3959 5193
5146 3026
5782 3410
7232 3994
3602 4434
5031 6797
4666 1511
48 3838
2723 1522
7103 5529
5021 1508
1831 7159
369 919
3921 7387
6473 6503
4115 917
2447 931
309 752
1391 1468
463 1441
1 160
6230 6342
6990 1547
6173 481
6140 868
6680 576
4996 4671
7316 5819
2217 3124
4306 2929
3403 6731
2555 6582
2193 6793
2661 6693
7037 1356
860 3870
3162 5264
7324 4597
3336 1211
5906 2703
6032 3923
2530 2137
43 6594
3602 4151
4372 835
670 5837
1518 5876
2045 7053
3696 2535
3409 1750
1318 6191
5844 1430
5761 4900
1221 4636
5038 3362
3914 5708
1355 2828
1304 3432
6533 1489
3813 2031
2168 5064
6879 2084
1222 2078
7253 5910
3561 313
5915 519
7363 3687
451 3604
3322 2800
5598 5704
2498 3829
7227 6069
3602 1579
2822 2800
4928 2232
306 600
1448 2233
569 2947
4559 6333
2119 4564
591 3370
3479 3188
4067 3930
1525 780
4490 945
3363 4477
1552 1966
367 5365
1416 6780
321 943
6566 2083
6771 4325
6504 1960
2105 7340
4181 2014
2967 6939
5574 5495
2306 7049
1417 4659
2095 5859
3340 6859
2247 2151
2502 947
2796 4529
4329 4626
4085 2719
1676 4607
5813 5730
4421 3226
818 4660
5531 5715
2538 5656
506 6699
5815 1178
5672 3886
355 1892
6644 1562
5127 1666
6286 5022
45 1868
4121 7346
5653 3757
4501 6671
76 996
1530 2770
6345 4735
1839 714
6770 5534
5831 3795
6835 6139
549 6319
6486 7076
5559 5497
6502 2834
3877 6205
5517 4098
3109 4055
6166 7366
1223 1182
5533 6879
5203 6389
2586 5304
4939 726
236 2026
4466 4491
1170 4304
6892 6971
4733 4190
5079 4541
7369 6467
319 5859
3178 3952
4872 3894
7171 4260
6668 6594
426 1669
5228 5342
912 997
3267 5555
3284 1031
6462 4815
4255 140
7120 2132
458 6775
2194 665
803 5569
3432 6221
5999 3833
5622 5571
6889 4588
5161 5975
5025 3597
786 3395
7152 3729
4453 1686
6551 833
4640 1834
4871 1133
2991 6720
7354 594
3044 3770
1161 3455
6515 245
2904 2714
3148 3529
6780 3066
3602 4671
6132 7288
1056 5526
6317 5167
2363 6305
4791 933
4051 6184
6885 2349
1499 2786
5810 2763
31 68
4279 4243
2317 5385
2921 3230
2541 5781
4703 4226
5890 4943
1361 2020
4930 1619
1811 1797
2282 978
113 2182
4739 1407
237 6601
689 2166
3396 4606
6185 6090
5463 4831
1946 3243
1182 3801
2917 6859
6614 2559
3487 7260
2498 6972
5949 312
5783 7069
7230 4843
4994 777
3508 6377
5885 4062
3556 2984
126 1849
5278 2946
3936 3241
206 4457
5026 216
6872 2238
1926 4535
1963 5689
109 7021
2188 6951
2453 3692
4251 4530
6980 3361
578 7211
5062 5502
2362 884
587 4629
152 493
6380 1043
1221 1006
507 1630
2907 5620
5658 1653
427 2553
1356 5490
2187 6276
6832 1406
3356 4730
3845 2010
2738 7064
1607 2054
5733 5431
4534 2384
5789 4594
5167 3906
5282 6646
1092 4336
601 846
1719 276
3706 2907
7277 7144
2166 628
4181 1752
6399 5736
3759 4305
2303 3877
6009 4442
6474 3987
3821 3813
4040 6091
4366 1226
4186 3221
7169 2249
2070 3515
713 6153
5958 5752
218 3178
7330 1387
3407 1515
6918 5750
32 873
414 5654
883 4670
7069 806
5930 6801
2149 2732
1765 2967
4497 5320
3870 6757
3455 5733
2523 6617
2657 4373
73 5269
2570 5173
7371 7086
382 306
6858 2615
2282 6414
4926 3005
794 3699
4547 1943
5209 6243
3359 4101
3539 3922
2167 6985
3039 4616
7138 7110
592 6031
5189 3243
402 1133
5933 2124
4138 2806
6683 806
1431 6978
4697 1509
3228 4518
6227 2332
2871 306
2193 6255
4779 6814
3745 2784
6466 2530
4041 6301
4439 1768
1866 2139
1199 3744
7016 3889
2087 2664
7037 635
6345 590
6558 3240
1752 7172
662 3971
7155 2310
294 7091
535 2402
2158 31
4820 6325
6092 7386
4465 2910
6635 1014
1156 1945
1928 6288
2770 4387
4926 7008
4100 6501
4169 1044
466 1399
1847 4968
5394 2210
5595 6860
1465 1521
7203 689
5770 5517
6945 913
332 2340
6822 2898
1461 4350
2050 535
3829 3635
5241 2500
3509 5964
3935 1091
5294 2428
6476 176
3566 4947
6075 1037
3790 2960
6140 4059
4015 4703
561 2038
586 6222
486 4011
1934 3808
2377 1024
2876 141
2273 3464
3887 79
2780 2547
4040 3040
5200 1254
4365 1781
82 4627
3193 3217
3053 1856
4591 2183
6403 4476
2080 5097
1351 5988
3788 5430
5282 513
4469 3251
4316 842
2999 3089
1371 1462
5651 6518
3775 6126
1443 4531
3670 7195
2312 4490
2779 7196
4447 209
1312 6921
4178 4263
2517 4569
298 3554
625 972
5634 3467
6453 1334
871 6095
6984 5721
124 1714
253 1573
522 1442
6961 631
5397 7381
3032 7372
4361 2192
4551 4304
3819 4798
5004 4207
2236 6649
6393 3550
4192 72
6024 1511
5581 2012
5216 528
3567 7328
5718 55
1352 1589
3735 7380
2917 1944
4273 5355
5299 4745
3346 7332
6096 3001
4976 1945
3479 846
5975 7299
4387 2053
361 3001
5308 3046
6175 2695
5560 3477
2622 5967
3080 4770
7149 358
2531 6294
6194 4061
1233 5968
1989 610
781 7179
5253 5035
7222 1838
2134 4111
7271 3513
4579 1153
1873 1110
4384 2313
4906 6059
5969 5497
7367 4587
1406 4681
1853 7355
7040 5135
5277 5128
7341 7095
6790 2827
303 2506
3421 805
346 4934
6735 6357
6932 386
6479 5507
5456 940
3754 2672
2379 145
3752 5612
5783 6041
4141 1084
597 2500
5077 3686
1237 2333
783 4858
114 4025
6840 2767
1801 5916
6984 6646
287 2609
946 5615
7330 3347
4748 5367
3568 4748
5287 7043
4044 33
5176 5067
5519 1377
7365 1357
1162 4977
2603 3109
5762 3013
1612 3159
7260 5108
1358 5817
2760 3976
5502 3231
3987 2497
7092 1852
12 678
6808 4281
4760 7079
4410 302
7160 6217
4263 1131
3704 6135
4103 5841
1243 3401
2684 4825
474 3396
5429 4105
6267 1718
856 2967
2406 6996
6062 1859
2451 1130
4415 5485
687 6709
6055 640
2622 545
6257 1714
1890 4955
6655 6512
4353 242
4604 6899
6021 3558
272 3945
6988 5757
5083 2146
3528 2350
5813 6864
6609 4988
4713 6001
2662 3793
154 237
1979 3588
1486 2374
60 1240
5959 3648
944 5411
2688 951
697 1792
3909 7039
4399 4641
4587 1821
4 6300
6142 2016
730 552
6145 594
6737 2765
7072 3649
7125 3750
6306 7196
6003 5396
75 3068
764 5272
2205 4906
6171 2692
4246 6279
712 2766
6940 6131
3719 2930
2749 4093
3995 1259
6780 1716
6027 3214
2741 4072
2558 5564
6322 3896
6243 5610
198 3897
6586 7214
3118 4895
2446 847
6016 4275
2235 5233
6787 1825
6092 340
5750 1917
6942 2025
3365 6242
1985 6657
6757 662
1332 5905
6713 1253
3431 309
2437 2689
1004 8
2447 5227
4047 1109
2062 1737
2693 6462
6923 435
4840 7334
1132 1667
5832 5205
5263 1921
1598 576
6628 376
3098 5834
6283 1081
3852 6411
5900 4057
2135 7002
1893 4330
4745 1410
6406 4627
1816 4503
4344 4853
7295 4740
1020 4675
5509 6995
6417 3892
6511 1808
5053 6881
3243 6834
3156 6189
117 7246
6895 1886
3783 4777
3787 1679
169 6754
818 4407
1833 4835
5727 1978
4812 5738
3843 5185
5098 1960
2092 4496
2871 6420
6229 5973
3453 2133
5593 3336
3927 5211
2649 6859
2849 817
845 4079
4651 6065
2687 7280
2852 859
59 1398
1179 7012
2034 5842
4313 3863
38 5473
2195 6858
6680 3728
6651 4640
4413 4572
4085 22
431 284
319 7076
6048 702
1914 6059
5017 3170
1470 7261
5624 295
4297 7229
3456 1344
3447 6564
6698 451
5414 317
7242 2374
1905 6486
5468 4894
116 923
7005 1661
183 5497
6070 7207
691 1811
1235 5593
6929 3677
7226 2191
5778 979
599 1721
5521 5516
4181 6161
3141 5601
2790 6907
626 5100
5899 4969
1783 5254
663 2306
995 5457
3205 1183
1977 4663
435 5410
5370 4797
4662 2267
5113 6472
5412 1984
4913 282
1513 7048
6051 441
1145 6012
3532 5077
317 5714
1027 27
2408 5944
3505 5002
6369 769
1176 6713
5059 3287
3854 3692
7295 566
6651 3249
5547 2345
7245 5963
7028 4467
4757 602
1375 2483
3994 1845
1230 1869
5484 3654
4022 1953
3635 2632
7100 4691
5278 2343
5392 7222
999 1635
6265 4277
6107 6003
1232 352
3007 4370
4473 4815
3990 769
4092 6702
3656 3873
4450 6309
333 5090
2467 4211
1631 1765
4708 1783
3620 6251
6325 5586
3530 6632
4321 2252
5022 768
1087 4713
5589 1036
5653 1248
4411 832
324 1960
1386 6444
1782 6655
5186 2229
5828 5177
7399 3240
5148 4521
5392 5746
992 5287
2996 3695
4210 6038
3703 6605
5075 5617
1986 6756
6947 1889
7344 5588
3634 6349
1996 5123
5501 767
3336 657
4988 2039
2921 1522
2449 398
1222 5856
5963 329
2143 5434
3104 616
123 2462
6329 298
5529 2710
3703 3271
384 2585
1099 2282
5802 4457
5467 1744
3355 564
2305 5225
4871 1585
4221 1402
2442 5353
2771 2565
4913 7296
1447 2502
445 6102
2309 4706
5880 839
4813 2966
2832 1659
6939 3633
6488 3210
4213 3207
2654 3208
1853 4012
5831 3433
2926 3945
4654 5985
4156 6181
4700 1106
6164 4627
5906 3211
5866 1908
2898 5874
5522 1849
3195 5094
1758 1984
3682 5371
3630 6736
1893 5642
4973 3298
5180 6868
5400 5726
6881 1084
162 3335
2318 518
554 7116
173 2504
3110 2500
4378 2795
4505 4909
4669 5702
391 1498
1116 3311
3034 5630
2854 406
4805 3097
3729 2057
1357 4126
6181 718
3424 3870
442 6264
4749 4877
1963 4176
7267 1006
4070 4575
1174 430
6987 4638
5364 3978
946 5067
3653 4982
5250 7352
193 516
2372 3249
1211 3069
4078 3282
4011 2374
5555 5811
2594 1577
7239 1809
4006 3735
4641 7258
773 776
353 5236
3487 4503
6793 834
3228 6092
5567 6948
1804 1159
2088 1186
1293 4646
6913 3222
4695 1331
5863 1323
148 3365
3758 4645
7139 4113
2791 5222
6891 2350
6226 618
132 3930
6891 3600
3914 307
5881 6182
5819 1742
3801 6816
4112 2646
681 1052
6528 3913
1825 1773
6271 1141
4956 4841
2445 7386
659 6233
3107 7052
1267 4038
4305 2392
3381 5754
2899 1728
2603 1778
7154 3805
6363 2846
6350 1072
1308 1465
953 3357
4844 2708
3711 7196
676 1882
5738 2997
1579 7239
7209 3559
6007 6290
6568 2054
339 3052
3724 4495
18 5451
7037 5937
322 1208
5109 4969
1859 5818
4671 1489
3222 628
1529 2551
1243 1874
4772 1134
6482 2267
210 6555
5299 5659
4079 6166
7201 1368
6871 515
3530 455
815 5516
4114 955
1488 6741
2596 4265
4943 1227
794 2314
792 4946
2228 6998
912 5497
5180 3809
5057 4196
7330 1525
3880 926
4788 5140
2410 7345
1013 4040
3893 4300
358 4018
3860 119
4251 6579
2674 2790
3140 5497
336 7192
1395 5786
5305 2179
1965 7086
3458 7197
4769 1612
2847 433
1758 260
4545 4653
1218 2116
2764 1532
6612 5401
2324 4845
6803 2364
135 7030
3312 854
4597 2726
21 5873
4741 3790
3041 4901
2402 3131
4436 4156
1346 4308
621 3187
3478 2986
1483 1181
3885 5800
5679 4237
6220 176
881 4144
4112 3720
178 892
1988 127
3862 465
310 5480
860 827
5491 5050
2774 905
4787 7153
6643 1333
7239 2365
1044 192
6831 4404
6732 425
4672 2215
1760 5258
3715 4262
4509 4488
7152 2377
4953 3117
5641 3492
1690 2627
571 4381
1395 2670
7103 5725
1869 415
4568 5945
3066 2369
1484 245
6533 4530
717 6068
1885 5624
1034 166
871 3845
390 1133
579 5392
2042 3990
2247 6921
7254 4393
736 1601
2458 6357
6232 6852
2339 4700
3161 5612
4778 1949
383 323
6086 1580
2987 4309
817 6482
435 687
5168 2458
3495 3048
1940 1250
5599 4010
1174 1914
537 3533
5344 3924
270 3321
3438 5599
6764 3781
6002 3978
3646 1569
2223 4930
391 4628
1726 4848
4989 5259
2876 1058
4482 3767
6181 5732
1247 1033
4361 5011
5321 4045
5948 5678
5301 6936
7156 5801
4127 7336
227 5327
1574 2359
5789 1619
5644 3882
5691 5779
2881 4948
1189 466
4007 3682
6559 561
2817 1403
946 2889
5852 2390
819 4319
6639 1672
1113 6060
7207 112
328 2888
5291 3761
858 1523
2887 3636
6661 1815
6020 3791
5760 85
3411 1309
823 3643
1474 2779
4502 1447
3320 2485
2993 3435
714 2491
6242 3397
6752 4987
4444 5377
3033 7084
5316 4813
3475 988
5056 209
7080 5439
5336 6801
6106 5700
4552 6296
3518 3533
5647 3346
5742 388
1618 6879
505 4141
5626 999
6917 4068
524 7014
2957 2571
7383 2822
4013 7271
984 5451
594 928
489 1471
495 819
2024 6043
5481 5038
5099 2038
3740 3664
4954 4749
1655 6322
93 4983
5099 918
4356 3764
4033 2674
3189 4106
5745 3649
2744 3283
1582 3719
1375 4406
854 542
577 1696
1616 658
782 1911
654 6693
2748 1795
6762 5119
7383 4521
5413 4118
1592 6638
3586 3430
380 3108
4058 1894
2837 2308
2264 7
2814 6920
7188 3809
1976 4339
6733 4547
1178 4144
6703 5887
5005 4692
6893 1192
6717 5841
7200 4648
803 4695
2541 2083
4879 81
6204 1314
2091 6426
836 2172
5739 1666
949 168
3793 7361
3982 871
4213 3670
6204 4521
25 44
2732 495
3810 5298
495 4473
5538 6821
3532 5763
2971 3733
4228 6352
5670 889
4391 6555
5122 5159
124 5022
2416 1572
525 3282
1746 204
3472 4633
7388 6327
1090 5707
1578 1001
3647 1427
4233 7139
2669 7101
4195 4355
5398 7046
186 1749
1235 2360
1965 4812
5837 4361
3568 4930
1071 4591
1917 5791
1344 306
1849 1489
3725 381
5722 6977
963 3315
2316 3358
3962 6746
2115 7328
7213 5351
2746 1155
3037 7038
3978 2181
1229 3395
5478 806
3633 3978
6547 6595
6272 2631
6181 2247
288 4699
2389 5527
3072 6228
983 5560
1248 6480
6639 6984
3861 4222
2099 5325
922 4905
2052 6253
4336 3025
502 5196
2141 1936
6279 3124
3243 6342
204 4652
5695 6065
839 6239
434 4892
3573 999
1436 4939
5468 6358
3644 2024
5169 1729
6396 725
2335 4554
3153 6215
4740 5584
4209 2396
1757 949
5429 3017
5122 1627
5846 5794
7020 5564
2564 998
5931 6470
4505 4565
4908 7215
299 1386
1952 386
5817 6439
760 3101
357 762
2403 2998
3735 4690
4506 5650
2891 2773
6563 2898
6025 2674
6801 5427
3346 6773
3005 2272
5450 2325
2742 4894
3665 1182
1723 4476
3955 2363
1801 6877
2951 844
7289 6707
5453 6655
1720 5257
5184 6326
5394 2541
3596 4853
6121 6288
6625 5375
1527 5243
5509 3204
4075 5129
1511 6721
2823 7027
2887 1212
2000 5980
3068 2434
5544 3177
774 4862
406 1412
1058 3776
6468 3542
6891 4136
2840 7334
3629 6774
4740 5339
924 6328
2393 1593
3228 4607
4464 1644
7242 5718
3121 2766
3647 5095
4492 6710
7037 5684
2069 6048
4754 5271
5693 2282
4762 4039
4459 7082
3065 959
6857 434
2677 6149
6827 1173
3737 3644
7042 1281
1663 5806
1015 73
2437 6425
7051 3037
5432 860
5275 5176
4814 2503
601 3342
4733 3477
7133 3704
5649 6839
3962 5678
1027 3661
2205 2559
6541 3627
3089 504
6329 2871
4022 503
1593 3995
3295 858
2346 1323
978 2521
2610 2316
6227 1525
6392 862
2114 3267
5978 112
3595 5761
4897 6335
6500 4116
4618 4434
4568 5092
5366 6917
4978 260
1864 6728
2894 5321
3982 6236
201 1295
6113 2505
2144 2235
3151 1463
2790 5296
1056 3031
6072 3377
541 5228
5602 1976
5132 5636
1612 5025
936 1285
5167 5718
4342 5838
2562 7
2786 795
6017 6405
5320 2628
6957 1252
542 4731
2638 3747
318 1536
7204 3817
3698 3466
509 2806
1160 2012
2313 3667
6413 6554
6162 6695
3262 6783
2199 2502
3761 7333
2880 1600
6402 5151
5779 6612
137 6254
5885 2407
5937 6038
1836 6645
4460 6997
1769 755
2122 2840
3643 5438
3368 729
2326 2283
5444 6304
4099 2372
3191 6445
5425 6452
3948 3776
2473 5087
6989 5421
31 4961
1396 2119
5548 3866
6255 416
3761 2210
7173 3194
2886 3927
21 1445
4056 2351
4093 4526
1320 6484
3088 7208
5792 4572
361 2017
5217 4122
6756 1443
977 717
6652 3910
6616 3714
5479 6919
5569 248
717 4255
3045 6136
5047 4667
1962 7071
4253 6011
1771 7066
760 2632
6594 3781
7334 1551
513 7320
6795 6453
7069 3062
4924 2078
2531 1331
2191 4183
741 545
5111 4387
6757 1831
7268 3901
6714 3087
6895 964
7064 5218
2851 7300
4090 131
6198 1334
1018 5981
6599 6622
6897 2081
2465 6269
651 1735
7013 1291
2697 4169
607 6178
4594 5911
3375 6506
3867 554
576 5836
1851 2281
6893 6286
5212 4153
5206 250
3963 4245
2386 6435
3457 6794
607 4133
3034 3964
5396 5671
5466 4835
5880 1136
7215 5548
5900 955
2698 5317
3339 1953
1639 5177
346 4922
2196 4316
7017 7199
5359 1188
5785 6391
7015 1452
4792 4915
3460 406
2624 3184
6331 2763
3183 4113
1354 1826
6879 2711
26 6212
1916 558
3114 7016
942 4132
3471 3232
6932 1873
1601 2566
1193 4558
7041 3132
1339 1924
2511 663
757 4881
393 6423
6255 2225
1757 4814
2740 6751
4791 4650
65 2439
4814 4593
6853 6769
3080 6496
1075 3756
7166 768
5500 5765
2043 3053
570 1938
4701 3396
752 191
350 6577
5901 1756
4661 4738
4903 3385
3677 340
5155 5807
3799 1680
3483 4973
7091 2673
6873 6763
3722 6612
3760 6383
4719 5652
3385 6650
3876 4466
2707 3141
2144 1798
2668 4253
222 7180
188 1304
1977 629
4985 5059
35 1065
5988 5827
1773 6494
4690 2828
1121 1312
2015 1448
1115 3909
4917 5279
3390 4539
2315 4280
5418 2849
5889 6506
4875 4135
847 6249
5606 787
1756 4856
2396 1136
5940 935
953 1380
2547 4945
1246 6567
263 4789
7338 7092
6250 831
1311 789
7220 939
5793 7343
2047 4021
4657 5031
3652 3167
4672 2703
6683 6216
5711 3418
6351 350
2211 311
3960 120
6206 4989
5450 5818
6488 4964
4235 3021
7389 4835
1530 106
1416 1836
3531 7027
7149 4032
1607 1647
5027 888
5984 328
2672 5993
1177 3123
7039 5915
2356 4747
3589 654
4734 2697
1186 7130
4277 7108
6274 3402
593 3234
4259 4027
4176 4528
4584 3022
812 6468
2484 7088
6839 1700
7011 483
2223 2402
1842 419
556 2575
231 3671
973 1569
2483 7273
7251 1626
4107 4524
5982 758
6806 6601
291 3729
1089 4542
4799 458
1054 4580
2421 3248
1379 3163
99 1048
6551 1164
5235 3136
3031 98
1605 6995
4303 438
1154 3281
7388 830
5923 146
1430 5778
3416 3024
6523 5267
788 7246
117 911
1869 536
3014 733
1562 6760
6434 1521
5910 5058
27 765
6385 877
1514 6501
677 5799
2561 3261
5909 1123
6853 1753
682 6698
5753 2800
1487 75
6854 6454
2068 4864
6366 581
4969 207
6968 3536
2696 5745
3469 5291
4164 4826
1449 6290
3025 4190
5773 3220
4593 4109
3474 6203
6029 6538
5440 299
4181 5166
6452 3957
2062 2835
3080 6640
3746 5024
1604 6218
3686 4841
4674 4360
5540 1871
4951 2192
2289 6755
2141 5063
3609 2730
942 2812
4406 1614
796 5544
5464 6738
5939 2952
3046 1391
4007 7392
5738 1575
6842 3854
955 2469
5053 1008
3028 303
2448 2667
5530 4322
6469 5258
7090 2673
4079 4287
689 3313
5056 1889
6853 2283
5879 4074
241 767
5993 4331
3334 953
6758 3534
5092 1995
7276 6688
568 1671
6777 5033
63 4655
6905 5505
6849 5627
3280 2577
2961 4854
2681 2467
2457 3438
5357 87
154 4558
1240 3996
6784 4321
5485 3823
2700 4013
1417 1314
156 3562
1077 6060
3645 2318
7125 5257
5816 4990
309 1190
3266 5899
2164 6123
1502 2726
1008 1053
4085 2529
1593 6375
2982 3892
194 468
5672 1113
3377 1292
2252 6277
880 3761
6871 2347
20 6100
685 5550
3347 7209
6746 1730
5162 6892
3641 3680
1100 518
2848 5012
2111 5248
3066 5677
2833 1498
5092 1073
3448 6057
108 2594
1878 3851
5978 1161
6355 3256
6970 7389
1557 1711
7170 5960
1354 1106
1815 2343
518 2855
2972 1900
7192 2715
4442 5489
814 2245
5755 2474
394 4965
3087 4784
924 3639
1546 22
4278 7072
2213 2426
5319 3179
6593 3521
1759 4473
322 2655
3625 6003
2536 3347
3798 2941
4936 5267
7310 7376
2113 2600
1130 6636
5443 6448
3181 5921
2554 4700
5409 3584
401 4990
2821 1971
360 753
1268 6853
1568 5005
945 4919
1805 4237
4638 5072
4642 895
2452 1185
5755 2047
2213 3050
6491 3712
1829 2900
4054 5793
6567 940
4401 3119
1388 6329
6246 5780
2166 3610
715 3332
1226 2335
3530 1488
932 4978
5075 3154
725 5945
2637 771
3943 3836
5739 3668
3641 5125
6779 1215
3445 7177
195 6945
2991 97
2661 5510
7393 5725
609 6681
2313 3014
936 1399
652 7310
6958 4103
5819 7031
2810 6368
2004 6140
5120 6279
4908 3344
7133 2571
1655 4745
3170 6014
2066 936
825 3099
1008 680
5004 2911
6145 4377
6654 5742
1785 1776
5121 2554
3196 3093
1454 3362
4631 408
4620 3565
5530 1224
2647 6369
1129 1370
5617 1829
2250 4178
3303 7327
5337 2697
6322 2514
6334 116
2638 3112
6672 5708
775 4680
2491 4399
2599 1325
5429 4707
1060 4250
7119 6946
1590 909
3743 3343
6102 5271
4034 1755
3730 4789
3470 6107
3302 2079
1109 6026
1580 5203
4925 71
3092 2101
6629 635
6462 540
3082 2177
6740 4508
4552 3522
7285 4099
1484 5844
6524 1074
7382 4334
7047 1987
1508 1810
2443 5970
4577 6592
7125 3185
860 5763
4283 6923
1389 3275
3105 5965
3394 2190
672 3756
6040 6499
2417 615
6813 1901
1943 7250
3610 6160
4522 6763
3686 787
679 4341
5918 1122
309 6431
6073 1982
6826 4337
1127 4899
4428 3234
5065 5463
2660 6792
6211 1482
1325 6189
406 1286
1467 5458
4947 4484
22 5019
5610 1976
4149 2286
688 547
6263 4889
2319 6971
1364 3424
3847 2241
4618 5792
834 4078
3357 4059
5742 5931
1710 4768
5723 4788
940 3030
7180 2351
5255 2053
4178 4423
2152 5105
3612 5376
1831 2435
6387 3958
1133 2094
2530 6727
4696 4139
7178 7201
1845 5266
6403 2545
4535 6030
4247 6969
1597 6579
1865 3541
1210 5086
2795 891
2846 6553
77 4140
3818 3793
1881 4259
4761 1246
1906 3801
6258 5063
2021 5291
2281 2888
1176 5369
4005 1401
2672 6419
6164 1668
5943 1186
2283 6210
3881 4280
6082 234
5023 1669
1588 5623
6245 3511
4124 173
6550 6885
2819 2800
1479 5136
4350 377
2105 606
4363 3335
56 7173
2132 3221
624 7217
4165 3237
832 274
4432 641
4774 1149
3488 585
4698 4404
2186 758
3359 5077
3207 2554
844 6828
3950 6738
4432 1606
7286 1850
204 1883
3777 787
6506 1694
6069 6491
4811 6893
2548 2913
3031 4552
5899 3811
4301 3528
2311 3646
7395 1437
651 2313
2695 6531
2710 3671
7035 1066
42 263
4583 5153
3191 593
729 7287
822 1264
4391 661
5818 3838
1189 4059
1376 112
3602 3126
2975 1952
2677 458
3618 4929
1285 1122
1675 1130
1758 3961
2938 1954
6479 5876
6627 3108
3919 2750
6365 647
5048 1895
1510 5765
1629 7058
6348 2294
4245 2594
5430 504
1777 5232
1201 2773
6522 171
7359 6362
5283 2181
6850 2007
2894 3086
1535 3183
1786 6064
2581 5566
4634 4406
5204 666
4633 7017
1690 495
4970 3432
608 3235
3924 3835
1612 4227
5569 2076
4264 7032
7280 3739
2871 3786
7377 5325
1936 3871
6790 3656
4899 6927
449 4606
3512 7151
1911 3043
3647 441
4428 1124
2017 3588
1649 6262
4702 6893
632 352
5624 5002
1936 3695
6157 3695
6699 2100
5722 4359
3029 4987
3306 6392
7120 5203
2734 6347
1266 2629
102 1182
4216 5691
2950 5928
804 4606
7260 873
3425 5875
165 4995
3095 2860
1071 4521
7154 6415
4129 5331
4533 2629
4471 1195
5196 3129
3922 4711
3263 2314
5836 2131
3106 807
4801 5666
3553 1606
5281 4641
5777 2570
3769 5544
834 855
3202 4158
6256 3010
177 3352
4577 5385
2229 6037
1225 316
1648 7081
1537 3543
5124 1388
2126 5702
3887 495
1709 6844
6609 1226
6452 4711
2986 700
6484 7339
5673 1752
2474 4145
4447 2465
5573 3380
3025 2650
6978 6313
2252 4932
5764 2792
2275 5221
4487 5163
4348 985
6627 5522
10 6528
3573 2968
6891 2364
1473 2269
4808 1853
4156 4217
6781 4186
5446 2330
2023 6998
821 378
6698 5245
2604 1985
4429 2682
4370 4938
701 1943
4191 2036
4645 1663
5858 1111
6103 6571
4213 2505
6501 6175
6130 957
3288 6688
6415 414
3018 5477
828 485
1239 3823
2565 4229
4421 6823
7347 6319
5340 4818
5974 2575
2304 4019
5797 4210
3060 6557
677 210
5097 3051
2607 616
6253 4887
2260 5565
174 4995
1028 2893
1797 6303
2956 449
6911 1847
6622 6999
4526 4840
6826 2463
1935 6712
1355 5044
821 5439
6780 3542
5323 573
1009 832
6158 3682
5921 2131
7208 3644
5321 6430
2769 1848
6221 328
3088 5328
1855 1988
4240 3253
1545 1439
998 4745
2023 3506
4350 4796
2790 1134
5773 4993
2050 1976
5112 5733
755 2355
3892 1459
1854 3653
5391 6214
7202 6311
3436 2588
3193 7268
244 6052
4167 4821
2311 156
5119 1918
2635 4441
6736 6785
3347 2795
2534 45
6032 5092
5709 7002
4213 5670
1833 4596
1700 5390
1921 5650
214 3865
657 6162
5192 305
4391 4858
5057 5891
1253 197
3511 3937
4517 5313
3554 2151
1411 3969
7144 84
1515 2228
4752 5679
228 1873
5538 6227
2173 5460
3115 6673
7323 6202
7126 1913
4284 6869
2806 1892
2054 3516
5136 4152
1401 5091
4013 4153
7059 5178
3430 681
298 2756
2912 1948
924 5150
2054 2346
1810 1298
878 3409
843 1624
3372 6535
6813 2520
4482 1633
238 622
1817 6707
6936 5930
5097 701
2403 1074
988 3221
1941 1647
2721 4503
973 2385
6469 5966
3981 2920
3484 5261
6093 808
3340 1639
6891 2584
6490 3855
392 6567
4142 2509
5127 3907
2314 1078
4431 159
5304 591
5384 7121
5233 3741
1970 4717
5161 6267
152 857
6552 249
1740 519
2500 2934
5036 5696
2466 6603
4418 1571
4563 6339
5921 3786
5099 866
3787 3836
7325 4136
6319 4733
5145 3722
6600 4047
1968 1390
2697 1954
6511 1473
1189 3199
3431 895
611 4381
7149 2959
974 4958
5220 6520
3482 5218
4312 5387
2210 6446
2638 886
1767 2336
5384 5138
1859 6353
2140 4595
3412 1551
5092 7185
5700 6086
3976 1719
4644 4939
3647 5743
5577 4373
6437 4832
2223 4568
6686 2270
4258 5439
1481 157
3459 4557
4336 3145
4471 3752
5523 2116
292 2427
5188 7293
2540 4711
6845 4217
2124 2989
189 5545
1415 1826
1802 1112
4131 6888
3281 4071
3061 3933
865 5032
2343 7217
5005 1259
1160 3849
448 3999
5797 3851
6666 4561
1243 1054
3809 994
774 6440
7347 2008
4707 3723
3855 2012
4970 2237
1452 2699
2183 4642
7257 5907
4848 2248
4124 6451
6457 5223
3534 5144
5179 179
5219 1256
763 31
3135 4053
7214 2752
2284 2640
978 5147
6528 7070
240 3332
1252 1092
5046 468
2831 2610
1713 6406
3280 287
3695 4054
3803 3058
6674 1670
2218 4040
5793 3647
5981 6510
177 3016
5565 5036
6184 254
4042 812
6682 217
6468 5270
3860 134
6350 4602
5350 4598
7094 5594
4574 2746
5425 3057
1735 5449
2492 1595
6913 776
166 1362
2137 5421
1465 2490
2401 4960
5439 3450
1507 1487
1777 4527
2734 2740
394 3887
595 5493
2970 6815
5778 5184
3454 6274
2221 7232
4869 1670
6558 6208
2758 3268
6780 1035
7221 2820
1913 5990
2292 5667
3183 4003
1846 786
6728 283
4503 7300
4845 694
5751 7275
1630 6482
6493 3872
2121 3742
2632 6885
1014 6410
1537 1489
5294 6741
4436 3887
555 3618
2189 6099
2723 4752
3600 4011
4534 2461
168 5029
5207 2846
2241 5995
5008 6374
370 5663
1429 6504
3009 6068
5195 3330
4467 1196
1385 416
1083 672
676 6626
591 3559
3793 3636
2826 2573
5804 4720
1955 5599
453 5961
1277 833
5474 5934
2632 620
6671 5674
4254 663
3234 1196
3263 6777
6627 4368
3397 833
792 6297
3772 2946
5471 4937
2849 142
2165 4526
5691 6669
5660 2475
6175 3946
6336 2616
6245 458
1130 4135
7072 1330
1054 6405
3491 4717
2943 1496
4239 5551
2851 2475
1185 5296
5225 5027
2808 952
4566 4973
2116 7179
6039 7263
178 4986
6016 4583
3164 214
5747 1948
5437 1561
5477 4175
2730 6971
7162 7013
2876 5933
5368 4916
3603 4742
3633 1479
7084 2504
4515 4080
490 2942
6762 5810
5723 6645
6845 3536
4361 6571
3309 6556
4553 6224
4529 6976
5568 1368
2239 5507
4441 4009
2189 1961
4932 5880
3389 6857
6825 10
4663 4564
2697 1377
2273 1367
1509 334
4866 3525
3088 6006
940 645
7359 6898
503 5715
946 7111
1082 205
6826 1238
4636 3828
2417 624
2945 2621
2002 1602
5704 5451
2629 5209
4489 859
5941 2955
7276 4404
4213 4018
3828 6209
1412 5677
7219 516
6858 7188
6335 752
3314 4104
6546 5395
3255 5500
6223 4438
5787 7244
4136 3219
2251 3841
2053 866
3158 4198
1262 927
1276 4283
1762 2468
491 7331
3832 4199
2269 4852
2498 1551
6837 4522
1978 5456
4440 3488
1237 1841
969 1948
1796 830
1453 4046
3809 3759
2917 4541
2286 2780
649 7302
3753 3259
4561 954
956 3400
1319 1402
7224 2016
4609 3802
1154 297
202 5295
6670 1473
736 1910
7288 242
528 1939
2489 4631
5285 1186
1646 3758
816 3998
317 6402
7057 6372
7145 7148
3484 1635
6844 2477
4415 3186
6932 4666
2896 3725
2318 7116
2507 3534
1543 6146
2800 5420
4378 1494
6635 4875
4955 1370
4373 175
7194 6453
5888 5814
1492 4613
256 7194
6419 5418
3997 1575
669 2445
6437 151
4730 843
5174 4135
6078 6506
3505 1134
4415 5351
82 1202
7209 2906
2868 6638
3165 1687
2354 172
2008 7193
6608 4235
1224 6756
4351 269
6497 6031
303 1312
1581 4173
687 6831
4482 919
1136 5660
1948 3191
1279 5964
5820 323
6553 4095
5273 5061
3882 2210
6707 3099
662 6115
3455 3695
5000 3736
6555 1213
272 6405
4571 156
3919 4448
7036 1699
2951 5570
2678 6210
6742 1749
3191 5282
5289 3485
730 5106
7284 6060
5247 7223
2695 4509
5276 31
2237 5620
625 4714
7174 2329
2120 6021
3948 7343
5891 6188
4075 165
5280 2907
2962 1801
6296 5570
414 7196
5285 4699
4173 4870
7113 5481
6895 1926
4171 2183
6849 7149
2277 6305
4780 4464
1193 6347
2282 5217
3113 7133
2033 7177
4134 751
295 3052
369 7119
5501 6504
573 6428
457 3395
7157 5374
4611 905
5705 5068
5513 6295
5268 5969
4518 5031
5505 3643
2613 6288
2772 4514
2899 4393
2477 2834
7362 6705
1838 1157
6450 1638
1478 4960
2339 4329
5086 2704
749 90
3537 2465
4104 990
4849 2219
2807 1369
1772 7105
5191 3593
2422 4063
4214 4969
4967 6079
3647 2094
7205 2048
5010 2930
2580 324
1391 1138
5994 7301
3163 2750
2720 1299
395 3741
4434 4404
325 1427
431 5889
4735 3216
4171 5032
6303 5189
1922 835
1025 7246
6456 7141
7255 6646
6356 3596
4506 7284
5203 2720
1743 6529
2944 5590
1773 6938
6305 4297
4451 1816
6957 5950
1079 1841
2329 5090
3584 7130
6754 354
3437 5812
3228 726
6694 3089
4569 236
6640 2833
2206 2157
1799 5333
1831 357
1115 4575
3107 1044
989 6236
7010 6996
1587 911
2194 5511
5127 2260
441 4015
7230 117
173 2161
4468 4284
4623 2135
1348 7190
5695 1552
6285 1848
2776 4942
6017 1361
4868 3971
4959 5420
4018 6425
6504 6696
4699 7341
5174 549
6757 2111
3561 4758
5455 7177
2283 3893
1395 5513
4571 5439
5457 6077
4271 6958
6568 4434
7210 4349
3743 7025
6973 4739
546 2359
5233 255
2704 343
4803 2076
313 6822
6561 1129
285 1810
2849 1320
1320 736
5104 904
5409 6657
1223 4770
6522 5976
338 1733
4002 4338
2331 5622
2189 1162
3403 871
3173 2641
2417 6418
1018 6039
5603 2811
2733 7304
5136 1808
7282 6062
5968 3245
1188 2982
3003 960
5010 6202
6430 2038
5047 7035
853 5656
6111 6024
1346 3085
5349 79
2435 1861
1354 6855
2946 7360
6689 1168
3286 3721
3437 5527
6950 5402
4283 2722
4990 3573
3908 2572
962 5332
803 782
4679 133
1477 6051
129 7294
646 6934
3039 3337
2527 4817
4875 3924
5853 6156
6397 6104
1102 3105
1231 3531
7093 1144
1723 1780
1221 588
977 4394
2697 5169
53 2282
1738 5640
6845 5140
3050 4040
6480 129
5165 6683
1913 4322
855 3610
3075 2904
2968 3294
1150 5787
5140 2700
5224 6857
2896 2244
1704 3694
5423 6910
5771 2402
4186 6410
745 3028
1398 5467
4593 7249
1638 718
6233 6968
5817 7109
5538 1853
6287 4498
4160 2600
5030 1658
2216 2009
3401 1425
4522 1507
1415 5619
2725 930
3769 3462
6297 738
845 3226
1264 1141
4968 2289
494 3841
961 5609
5448 3644
5472 3779
6889 100
981 319
5391 6416
3692 766
1467 4644
5542 4171
1407 6149
356 695
4627 4098
1212 6345
3624 3666
4614 7174
6933 1184
7112 3010
5544 5968
934 3131
3476 3373
6717 1389
2928 3936
5654 6896
3561 2575
5840 739
1454 6296
5126 3243
128 56
5848 6756
1221 5180
6901 1202
762 1547
6405 1724
3645 4854
7029 1606
2213 637
4556 4802
1641 216
2970 1707
2949 3854
2313 6405
3892 2301
2995 196
3327 7387
5983 6579
3478 3159
3104 3432
3812 2811
1484 4629
5961 3081
3658 921
4185 1852
4121 5893
513 165
3418 4830
2246 5236
1703 4958
27 7136
4910 2145
2181 4033
5751 6493
7220 6874
1614 5307
5120 7029
828 3003
3573 2431
5608 6580
6893 586
2606 4784
4937 6393
3930 4749
1612 6462
131 4784
4347 2615
767 1069
5293 4408
3838 49
7011 306
6557 1808
5771 5920
3202 4403
6759 5050
6167 2025
7261 3954
2917 2462
1635 5084
3159 1817
3522 6843
2759 1823
1812 478
4120 4629
6602 7154
1698 3442
3926 5977
1804 2899
4969 120
6761 7057
3315 1478
2361 1925
1205 6656
1363 939
3548 5577
1060 2004
5701 5503
3838 2141
4559 3873
2696 5725
2881 2052
6790 300
5593 213
4909 4295
3510 561
3061 7160
787 4991
5555 163
5689 3847
602 4355
1927 885
5238 1802
4257 309
6108 2783
1618 2282
3873 3322
7055 5506
5510 3579
1657 625
6413 6641
646 830
3442 4558
1429 1578
2449 2439
1061 1612
4384 1178
209 7034
3848 6376
2153 6267
2382 2298
960 583
6464 2879
3230 2783
4942 3547
3306 2425
4479 3180
5709 884
3837 7110
2221 5898
6406 2599
4868 6075
5096 5164
5197 4678
5680 2009
7299 59
6734 6072
718 5644
1089 1553
979 5929
907 5144
6734 7186
896 4453
2847 6079
96 1596
6886 2116
5719 6860
1532 6424
1190 3797
2815 3349
4671 362
3938 4042
906 783
7279 6995
5039 4596
5794 7274
31 3647
5667 4647
3412 5743
4415 4179
425 4708
3676 1138
2095 1781
55 6719
22 2385
5404 681
980 7111
5169 603
349 4529
4744 306
3591 155
7183 4431
1264 618
2021 5700
582 2703
2555 2835
7139 3138
6948 1594
5076 7219
6795 19
6684 1796
6144 4464
1617 7155
1646 876
1923 4580
4196 4820
3452 2794
4573 2180
5457 3606
6111 2782
6011 1008
1709 3669
6578 3146
5097 4679
6295 2893
3594 2033
1068 5043
1477 1869
3739 7203
6507 6247
7256 4674
3687 1549
163 3303
3434 4228
3358 2967
2069 3431
4543 815
818 443
5786 6432
1992 6118
1607 2365
545 5509
5355 2112
1753 6621
5662 2474
6813 6241
5296 3609
2606 2282
5832 5355
1153 4485
6059 5809
2444 2725
1301 887
4966 2434
3968 2520
5724 5202
550 4583
1876 4883
6012 5640
6264 818
109 4636
792 6150
823 2500
236 2446
5415 2756
5253 1241
1844 3289
1615 2716
2178 7125
5566 389
6750 2823
3401 6055
2697 4576
1543 4206
3531 5631
3812 3370
7277 1055
368 1713
5802 6070
757 5381
6995 5806
1348 6909
4270 2633
3491 3886
4930 1565
212 2290
450 1895
1348 2105
4915 6347
3054 7156
5164 4722
4076 7025
289 1324
1313 6271
6860 613
2542 4675
5601 636
5016 7396
275 2734
7010 3385
2808 618
4005 443
3431 6325
3608 5205
6041 7069
6253 5119
1251 2299
5585 1049
334 10
3831 2661
2441 492
4835 4557
3708 6555
678 5316
4329 5700
3395 1752
2657 4264
4236 1085
6801 6029
410 5637
1199 5570
7183 2187
7012 6743
5761 7280
5304 5090
4206 6468
1077 4198
6439 5750
1457 2886
978 5119
5307 1264
1344 2040
7289 4052
2223 3556
6692 1611
5621 2832
6777 3693
5562 5398
2052 4547
6768 1601
6195 4187
3842 2547
1364 4257
2718 3330
2596 5618
4728 5250
853 1740
925 6276
5339 658
6737 1747
4148 3940
773 4375
1674 6835
3336 4034
2550 1849
4321 856
226 351
3958 4141
2682 3192
4828 2262
768 2915
4908 5497
6188 2110
3230 152
6180 2917
2853 5168
7173 674
5727 6208
1870 5887
3143 6109
1358 3991
5256 5282
2818 4498
2984 3301
5124 1527
1294 7205
4042 6459
2162 3223
1874 5344
1552 2280
5080 2858
5913 4317
4452 6738
4206 734
4051 2549
1497 5121
3784 4735
2410 2770
526 793
5762 6920
6917 7066
1328 1131
7158 6689
6230 945
4141 6000
1031 1409
4674 6100
5951 4143
4388 3473
6815 3317
2827 5419
4603 3890
1736 6375
4210 2916
2995 1871
5234 1882
2312 885
5589 5460
4520 2895
5043 2580
4431 2160
1686 2813
2855 4904
4124 1913
4545 5921
2277 6226
2819 2426
1585 1606
6242 1041
3028 6685
2725 6977
2298 4790
2923 6628
6681 2477
3435 7257
31 6857
4934 6398
5753 6739
803 7105
6932 6801
4415 976
2380 3279
4902 4216
671 5319
7283 4995
5541 6064
7383 1891
2007 586
3346 1243
6305 2945
4203 5868
1476 3695
1197 7228
7268 3876
3177 7180
811 4089
490 5736
3809 835
5137 4777
4873 490
7213 6383
1849 841
2862 1848
6669 6592
559 3334
6280 5292
1822 4164
4936 4833
1729 248
1996 2638
4790 2148
3133 2262
6318 687
3239 3479
5384 1233
2467 1531
3286 2771
4210 4308
6702 7324
392 2837
2119 6705
5282 3795
3934 4020
5461 3322
2084 2493
5349 2908
6645 5366
4982 1580
6400 5287
299 657
3246 2074
3801 6054
6865 3938
2030 3550
4626 6252
1100 6876
2247 2408
2700 6833
2655 1889
4032 4807
3028 46
2682 5962
220 1349
4722 1966
1667 5662
4808 5860
4336 1691
4414 6814
4338 5943
1777 4753
3295 7396
7268 6659
2674 5447
905 4090
63 3646
101 1724
1939 713
6495 7037
6645 5942
4109 6074
4018 3439
6450 548
7090 2222
5848 3456
2773 4880
870 6844
6401 2175
1398 5580
5348 3330
7246 3130
2456 5447
5528 4908
6199 5553
1920 6135
6380 4356
2226 2146
7380 1109
4174 781
2295 2231
2993 5560
6431 7320
2729 5520
460 1530
3605 2500
4977 5269
4542 14
5334 5786
541 7181
747 3354
6931 5134
5606 2164
4183 2091
4114 4838
5319 6588
308 6339
3287 2138
3706 6555
2791 6187
67 5192
284 2759
5645 2388
6765 945
2599 2000
7392 3713
1403 2992
1969 614
295 5962
1470 6513
3913 5269
6826 3588
3149 5838
1812 7377
3436 3893
4115 4336
3626 5454
1064 5320
3604 6483
1824 4015
4701 3399
2437 4405
6084 3574
3696 4050
2795 2337
541 7231
1637 797
5370 6610
325 5803
6277 2691
232 2938
626 5355
623 679
222 1637
5499 3231
1419 1757
348 6531
839 2468
6136 5498
1067 5622
3301 6797
4390 1706
3491 6660
4484 3496
6049 4846
3102 6810
330 773
4639 3353
4219 6416
3328 6504
5261 6146
4160 3509
4185 1656
6276 5476
6989 4831
2591 6238
4993 315
1502 30
5590 2989
2243 628
5116 2812
3291 1539
2526 3932
5126 7325
6165 6524
3075 4854
293 6649
2813 4597
7376 4632
3606 727
4485 5473
4183 782
1253 6079
4729 255
4914 5324
2203 1673
6572 1761
7008 3689
2001 4474
7164 4347
4655 4464
5219 3915
3121 6329
4646 4713
3325 1506
4883 1322
4510 156
5871 3211
4651 2060
4355 169
3507 301
4489 2900
7075 5504
3537 4242
5405 3051
5764 6279
6926 4280
4012 1306
3421 756
3454 6459
1451 7200
1997 601
1843 6220
1108 4736
6664 3079
4240 3255
4309 7339
5640 3016
1709 4926
4802 5328
2240 6467
243 4830
478 6487
3898 3577
3787 1311
5345 4009
4999 3558
5393 7288
2097 3629
7114 3354
3959 5155
6124 5966
4093 1860
812 281
1007 2294
6606 2192
2213 2390
2276 5963
6794 7345
1640 1010
1408 4391
6300 3511
2437 6401
4739 466
6842 1971
5083 7003
7205 2741
6450 858
7317 5251
1826 4147
3485 3221
2403 230
3976 4449
3091 2266
7391 2611
124 3817
7097 6542
4834 567
1056 4733
447 5388
4612 1778
2829 1137
2118 5192
3992 6063
3843 3116
6078 507
3371 6862
2323 2541
7021 790
637 2672
513 1241
4784 5212
6369 26
7191 4167
165 2597
1761 4586
6593 199
7180 4359
3509 4177
1440 6713
4874 4115
7250 1820
1996 558
4371 3275
6856 6066
893 3264
507 6886
3666 2318
5516 6901
4896 6530
6167 3749
3141 2648
3151 5532
4371 3218
6335 2963
3728 3787
5550 4836
980 3322
2789 1072
1312 6930
3845 1977
5576 1678
778 6214
3692 2746
2006 4741
3929 2948
2243 6426
1215 4153
2041 3566
1638 5085
144 811
5938 1386
1915 7084
6472 1289
2737 7305
5796 5303
2833 207
2753 7206
6257 5590
6787 629
2459 2077
101 2258
4317 3568
5034 1235
5691 6985
6554 3228
2572 5269
43 4810
1341 3109
1977 2638
77 4084
84 2486
4023 904
3676 5797
6421 890
4796 850
5496 1512
6576 2463
4921 1058
1332 7080
138 4465
4922 4419
4694 299
1455 5631
2281 6484
1819 588
2621 6254
4164 5114
2987 7161
4670 2574
3026 3389
2945 5647
6415 5116
4870 247
3346 3797
5839 3173
5176 243
1699 5839
5362 4540
1538 2692
618 2869
6531 4199
4469 2195
1968 5224
4649 1220
2322 4141
5068 5564
3431 1254
310 4404
3964 238
1653 1652
6968 2413
6411 5689
1792 1371
5862 754
6432 7078
6099 1244
5628 4684
7136 1214
579 5588
1581 3470
1165 4407
7278 7234
6081 6460
2944 4371
4030 2089
1605 4852
2644 750
4382 2544
5525 7235
892 3465
1941 1609
3866 2325
5667 3094
1875 5179
6427 4826
3379 7180
3266 6599
2757 7156
5933 3325
3569 2935
5422 1795
4359 984
7037 6858
4269 5949
6831 5907
3872 4878
1085 2185
4122 3973
3171 3865
473 3663
2099 6550
4504 7376
2085 4193
1756 3573
4758 7245
2317 4523
4003 4912
135 2501
2976 1502
1044 3242
6417 6200
5728 189
6771 3826
6680 1118
5144 7305
983 54
5966 6315
6847 5736
2851 5329
2472 242
4183 527
1105 7107
5454 1485
5352 4782
4233 1206
1295 3821
1191 2245
5093 5521
1269 2399
6222 1317
2063 1187
5577 1771
6634 6670
2964 5494
5512 5508
5405 7239
5678 5729
6151 1706
3837 1333
4183 1144
1259 6061
3291 5200
4190 4966
4838 3815
2653 1101
930 1159
6587 2562
6890 1739
2913 6259
2987 1232
4406 3357
2031 2734
6821 3741
5277 4326
5092 5100
520 5023
5132 4945
2874 3433
3346 5600
2877 5386
265 176
4511 3830
4521 3522
4191 4113
3256 5662
3648 6624
4923 5432
6833 3686
4234 2479
5070 3954
77 5958
4166 2678
4647 4948
5442 5090
5894 3782
4543 2983
4771 676
3016 1816
676 3144
2732 5202
1267 2714
4527 6716
1947 3841
695 2329
4463 6397
2806 6362
4455 5032
5190 2497
7343 7011
1214 5745
254 1660
3296 865
3712 2924
3556 439
6792 6639
2380 3321
3326 189
285 166
1137 6061
2807 6795
257 6833
2609 954
3907 5365
4860 7109
354 2641
1722 3576
6886 3166
1747 1541
5284 4013
5380 2888
2210 107
2684 4699
2693 3161
940 6460
5337 55
2435 3817
3052 2433
27 4862
7063 4809
4724 486
6538 1364
2594 4805
5451 5161
509 3366
2715 4699
3877 2840
3045 6624
4408 3075
5724 6851
2290 497
3896 1500
248 3039
196 7358
3553 4762
3551 4873
4433 6583
5309 5566
4426 5675
7121 4472
5778 97
4369 4802
2404 1410
622 6931
2067 6734
503 6878
3650 4544
73 3166
5913 3312
5597 983
2149 1162
7342 7128
5863 2988
125 1276
3519 3053
6635 4935
781 2873
3306 7174
843 2001
1008 5031
5874 2335
201 616
4400 7311
1440 6099
4747 161
5091 1911
6725 6482
5648 6610
3572 6682
2375 3378
468 3473
1653 6563
2147 4227
4961 6938
7016 195
4160 5712
2777 6931
6864 6787
3872 353
114 998
6130 3925
6593 5721
820 735
298 3211
3850 6885
3399 2523
1133 2106
6916 5863
6863 2354
1476 4203
6782 6770
6000 339
2875 5397
1142 6124
5991 3777
4467 2316
5833 2769
7069 6714
2134 563
2919 6104
4373 80
2769 6717
1174 4164
5835 487
5398 139
1118 5485
4521 2820
7335 1827
2317 4818
4417 3663
1095 2189
1990 2440
517 6720
1537 1774
3567 731
3891 3732
5994 1784
6993 7002
4651 5291
598 5135
3396 5242
3418 764
3862 5956
1190 5868
1971 4302
4483 4799
1086 3544
2719 790
770 3534
1347 3608
2900 6251
6419 5419
7013 608
6202 4679
3784 3330
3562 5292
6453 5458
4285 2835
207 5550
3580 1858
5840 868
5009 2297
3183 4286
2866 1570
4075 2473
1725 7134
991 4391
810 3626
4370 1005
6210 2752
7057 6087
1250 3097
2212 3615
2068 7160
1274 5317
3698 5962
1153 2176
4951 5882
3254 3083
3476 4617
3741 5219
7060 6090
7222 852
333 4379
2852 4034
6131 536
2947 109
35 1674
5390 6167
3889 2957
1266 1535
6006 3383
2722 2264
2617 5547
1335 6307
569 5758
1636 5096
1396 6265
5532 3324
6543 3996
5064 2916
843 132
1801 408
4296 3428
62 755
3337 4231
4635 2311
2483 1781
5702 4453
2963 7059
4191 4466
4771 4757
4979 6189
3129 4735
2429 2620
1901 4377
6178 5511
3524 944
1983 5860
1533 6409
849 5673
6576 6761
7129 4273
3206 776
2522 3317
1489 4709
1824 6876
2529 5050
1615 613
5095 6463
5581 1137
2242 4708
6237 1230
379 6688
4569 2605
2527 7047
7195 5109
522 1921
1096 6665
5018 6413
33 3492
1383 4268
4088 6325
6204 1682
4076 5821
6466 5878
2976 2093
3234 5171
5046 2925
6741 1584
251 5495
7154 4282
6399 370
2274 1193
4052 5371
3724 2567
5673 253
3512 4989
2778 2497
5322 5848
5421 1273
597 6952
6075 4838
4722 2162
3352 3713
4 2091
5314 3918
6072 3492
3154 2661
2462 6830
1026 5691
3158 43
5612 5077
7050 6364
1746 6668
6079 2400
4079 6644
6222 4297
4416 2198
7117 6667
5585 5022
5957 3726
2800 4870
1455 2451
4864 4569
1616 612
5637 3685
1287 5923
1030 6903
1495 6972
1580 1874
5653 6079
7061 7394
3000 1933
6837 2243
4383 6116
6162 3767
2219 3525
2899 1876
115 7187
741 4523
2582 4646
2641 5133
2985 4221
6884 3920
6956 5890
4460 2855
6747 3488
5980 6864
6510 5367
4773 3623
557 4304
3522 6976
1132 6076
1742 5194
3575 582
7164 5998
3922 705
1082 5663
2552 4676
4882 4819
1710 3899
6934 4247
3914 783
1584 250
7165 6325
4036 3352
4307 5731
1363 1062
5827 2119
7101 797
3999 2594
3529 2991
4810 3521
2260 4223
7296 2381
7372 4165
1511 2976
5367 7287
2520 1192
1093 691
7290 7281
4631 5792
6899 7042
610 4301
668 4401
3148 545
6352 6802
4714 7258
6848 3458
1075 753
5102 2635
4773 4986
4092 2368
354 4385
2089 3720
1518 5896
391 1959
368 1237
4188 3224
4650 480
3730 343
975 2578
5029 4410
1409 5850
2153 192
5164 833
2982 922
5474 4325
777 230
6307 5114
1536 5578
816 5828
449 6373
4797 1458
5959 1329
3825 3284
2626 3437
2331 5909
1211 6215
4242 5235
5793 2278
2985 4323
1690 1542
3982 66
866 2789
1326 2342
1841 6834
2526 972
1828 5693
4376 3986
4258 281
6856 1740
3233 2070
442 1828
637 4644
3819 1650
4444 6314
4424 1707
993 3244
4230 1470
570 6050
327 1250
4544 4509
4366 2875
4524 6804
607 2011
6512 4573
3174 3573
3033 312
5474 4612
511 261
774 4994
5270 1494
5220 1750
188 4750
4382 5637
6511 3249
1442 3296
490 3477
1777 558
6620 6374
5461 1168
5846 3840
5629 3810
3263 3853
3574 258
4566 1486
319 7305
290 1710
1089 4110
6881 2827
105 3426
2828 2061
540 1894
6403 5673
1494 5400
7154 2279
3614 341
4943 4774
2010 3144
4767 5570
6842 488
5365 3420
2804 1120
5542 3304
91 248
4012 7108
940 3001
2972 756
1688 2862
6038 5250
2423 2902
5057 5386
1183 1453
2528 3276
1440 7098
5757 1499
3851 4060
1960 7210
2951 5381
4885 7142
3183 3609
3295 6615
5931 1743
4260 48
5898 4582
6287 2286
929 4915
5276 5893
4466 5470
4420 1229
4372 949
5381 6115
4523 4240
3548 6748
3668 516
1122 7109
1152 4699
4401 767
3402 1216
945 270
86 7200
5051 656
4191 1452
2529 6826
3485 699
4607 4165
5138 5404
2003 1832
4328 6770
5421 1423
1432 816
1994 2377
3417 7355
4051 840
4204 623
517 58
5712 7178
3709 2140
5214 1916
5162 4077
3923 3592
1318 4976
2621 4124
4274 6612
2076 5820
2406 2046
4999 5886
2378 1830
984 1054
3315 7335
2909 3513
5461 6823
5276 2126
1817 3158
6250 5304
3612 4836
5080 3153
2389 6987
6490 4425
4296 1492
3221 3060
1075 3533
3493 4745
4644 4224
6072 3254
5205 1974
1659 6409
6053 906
6767 3602
2948 6283
638 4588
1171 3177
3512 2034
2262 33
3709 2654
3487 5611
3590 3580
6280 2977
757 3358
6149 3850
157 481
139 460
3120 4756
1249 6983
3475 680
2962 822
6712 1363
4147 5105
5943 2407
3943 2062
5657 1039
965 415
5940 3338
2602 5836
2940 4240
6017 1537
2780 4353
3740 5722
2944 6533
4773 4818
2558 5798
3805 3099
4041 2674
24 3560
1162 6916
5180 5175
3731 498
1692 1466
2561 4529
2989 708
2510 3028
4796 3737
503 2396
5353 6614
7097 441
1645 6783
35 2911
2971 2439
3776 2564
2990 6522
179 781
3647 2295
5447 7184
1001 4865
1650 1108
2988 3197
3678 3205
5377 5477
4772 5244
2264 3211
3965 5339
1116 153
2438 430
4104 4053
2767 4797
5337 3931
2440 2030
7119 3330
4976 7295
4416 88
1076 6737
2691 1657
3505 6728
6478 5491
2438 7183
3317 3445
5848 4424
6280 725
6467 4825
3887 7233
1018 4458
84 6150
588 6795
7077 2516
4587 1155
1749 5635
6634 4403
663 2062
4090 1545
1342 4789
6001 6080
235 1848
4688 4956
2435 1015
6119 2587
6964 2696
6943 6863
6301 6656
3315 6592
5575 1642
3764 863
5268 589
4064 5486
7323 7359
5566 5682
1732 1040
3713 7106
4558 3937
503 4506
7211 179
2740 440
2652 5180
6192 5663
5870 1157
1401 4682
1473 6863
2438 2080
6073 1451
2130 4757
4883 4128
4537 4738
4926 3079
5954 4147
267 6443
4001 5734
5306 6061
1600 2940
6786 1395
2721 1703
5109 1704
6659 3939
734 7295
5046 5457
1424 1009
3404 3550
3556 5678
6879 1795
478 576
6169 4398
6733 1091
3612 3765
541 4208
230 266
5435 3881
1752 3370
636 3119
1027 1832
802 4847
1592 3975
6772 4955
5467 6924
4705 2068
4819 4730
1289 5629
4305 1158
1288 1131
7258 203
1512 2929
4242 1176
1890 5208
2319 4749
7352 60
3183 893
2474 4041
5087 5021
2523 684
7354 307
4095 4302
5586 250
3859 1267
1301 553
897 5857
407 587
5319 4148
1672 1833
5443 4750
1138 715
1405 1124
3818 239
3457 451
3464 448
5263 1433
2020 7175
2033 5977
2239 2375
1712 6694
3347 4154
6780 6528
4400 1489
3806 2877
4925 3345
4939 2382
6687 2553
3119 722
1128 6752
4731 3953
591 4411
142 4150
423 508
1915 5848
7223 6254
2740 970
1350 1133
787 837
7273 5867
6633 4207
7259 2492
6677 5869
2056 4323
914 3644
3781 1261
5893 4829
1567 2083
1674 815
3782 2534
866 3823
5694 1411
3411 338
4475 1262
4740 427
5182 1682
1707 6383
7192 5102
5294 4766
2033 2588
282 3644
1517 5571
5587 3885
2493 3460
920 6888
4542 5105
2338 1906
4607 4977
3169 5659
4388 3441
6411 2550
1890 6101
6346 5561
2263 1571
3673 6053
695 3688
2971 7319
2973 4740
2591 4477
4980 3769
860 5940
1593 4257
1525 870
2416 3021
6338 6665
5039 5178
267 2826
4418 6037
137 6465
2980 1927
7106 118
1758 2348
3352 1065
3928 3574
5544 1743
6473 5094
4738 944
3757 3298
1185 5630
1994 4410
641 4632
4926 6901
2008 5804
1873 1385
4499 6995
1539 3647
6870 2125
6042 4004
255 3758
4641 1099
5687 153
3640 3904
158 7072
3228 4488
6730 4254
3484 5589
4628 2971
503 1358
783 5855
4021 4314
2885 3946
4600 4005
4960 5807
4254 3563
546 7073
5454 3265
7242 2814
4925 5819
6732 3360
7012 2392
4195 7162
3776 2329
7285 1648
5437 6209
6619 6935
183 3471
380 5411
2703 4382
5941 1903
263 173
559 1839
7282 1570
1940 6378
4787 6802
5039 7340
2152 2820
2536 1175
1346 883
1473 3705
1684 410
6353 1320
6550 6810
1586 1650
7285 3862
1488 4498
3416 1880
224 2612
4866 4716
4722 5026
7231 1698
3349 4415
628 6657
6686 4192
4088 5447
6268 6963
2833 7181
7268 5759
5356 1383
5660 1843
2341 2921
4173 1611
2991 7397
6306 6740
3672 2938
3999 7337
284 3278
136 830
6797 515
7200 1162
5900 1584
5939 4593
1414 3118
4032 1359
1550 6363
5302 3153
4339 476
3177 3006
174 6754
5081 11
3602 3703
3200 3043
1967 7027
3174 5173
2061 4823
203 7359
6618 1322
6448 49
1913 7137
3850 932
831 6009
6020 450
3011 4353
2383 4231
4041 323
2073 3620
6242 4369
5752 2284
1348 412
7161 7360
7282 3151
5890 4725
4144 2498
1711 5229
5069 6715
4301 5067
5532 5270
1513 5048
7369 2085
6668 3578
3669 6803
5494 5028
286 5763
2963 1505
1103 6382
5726 1114
6807 2664
5809 2279
1136 2060
2038 994
7214 1318
3549 4879
1809 6494
6123 5095
1889 573
5419 5940
3774 903
2428 1007
7081 3896
1646 4341
3419 4380
6473 4136
2456 5615
1269 6594
1630 2203
1400 3172
2704 1119
4199 6172
2194 4964
6501 1165
312 219
241 1520
7 6522
558 1601
1160 4158
6172 2292
477 1067
6503 2950
2921 4710
1153 1384
232 6891
9 2006
1487 2194
4703 4078
5146 1645
4114 1828
6481 628
496 5547
6422 921
626 1925
1693 6024
7234 6219
1136 238
3913 6648
5958 219
5585 3815
2288 3601
2204 7206
5160 2988
3280 5578
6214 1396
5743 2514
5680 389
3631 2591
76 864
4098 4408
1718 3058
2579 4789
7169 402
3342 3322
1564 4360
90 371
2874 2985
3567 7078
2221 3519
230 1667
193 6405
5169 5120
3609 6112
2735 42
3488 3522
3580 846
6165 5024
2459 6686
2980 6514
2241 2567
4733 523
736 4046
412 3726
5036 3667
3012 5832
1813 2830
1856 6349
5922 2885
72 5443
4742 567
2612 2627
930 1355
2720 1286
351 6434
2012 6419
3710 7252
1647 4518
3566 2054
6815 621
4480 6272
4944 1044
4179 5397
5671 3792
1463 5588
2593 2265
1760 6811
6005 6864
929 939
1666 5728
5826 4174
3462 1681
7152 4549
3709 6871
6072 2334
6402 7169
5263 1331
1165 4949
4081 2870
4737 41
7156 720
4241 7229
1288 3657
2990 516
6701 4209
847 2314
2465 4501
2030 3743
6725 670
7091 5784
3722 4451
231 6119
1637 2518
1127 6961
5285 1916
4371 4885
2349 3046
5650 5957
5618 2221
3492 6725
5378 5858
4924 1248
4815 6515
7 2873
4295 970
1141 6295
6937 6135
3475 7074
6670 3214
5475 746
7042 5683
6105 2720
1382 6770
4178 1371
6027 2835
6475 6908
3572 98
6635 7342
6416 2325
2470 5516
1219 4574
799 3063
3105 4360
1802 6727
6134 2207
547 1990
6389 5752
822 2588
5306 4000
5468 6821
3902 896
1998 527
5247 5053
7354 2784
5817 4174
7 1172
4006 6798
5518 6579
2309 6418
5239 81
2457 5133
3301 3608
1697 3934
3079 2928
1343 5355
6108 6918
1536 3943
5482 2618
2191 4390
163 4914
574 1754
4485 4044
5354 4942
949 1529
1937 5719
5815 1445
6627 7019
3380 3339
5770 2169
5552 302
5432 5240
1726 5594
2443 3428
7187 3128
6632 1043
2964 928
3793 4005
2629 5769
1596 5002
5327 676
5402 4709
6621 6143
6031 2574
4276 5797
1101 3822
308 1434
872 4603
3799 5084
2718 5243
5700 1710
981 6302
6160 2822
6568 156
6619 3742
3336 1525
7082 368
4555 6351
6039 2226
1987 6554
2185 480
1285 5272
2128 4609
5524 4000
185 1778
6915 241
4794 4207
2684 3948
7060 4800
4015 4626
4050 6504
5465 6956
2586 2800
792 618
6166 450
4545 6195
4231 6698
2383 2451
5032 415
1641 2762
5778 5231
2142 1537
5281 5488
2415 1608
3570 5059
3681 3347
1375 3618
5413 5763
2777 2850
1214 4704
1641 3668
1519 5020
7315 2422
3334 2787
159 3663
5097 5367
1637 4215
3795 2320
4948 884
2691 1392
816 4761
1258 2084
7142 5265
3175 6414
6732 3833
5736 2359
3602 1572
2247 2259
5071 1136
5639 3421
962 5117
1113 137
4574 3878
1335 4608
4336 2216
3516 2926
2376 4375
2343 5871
5426 2240
1530 3024
7160 5961
5739 6979
4230 4909
550 994
6737 5011
3924 5052
3948 2654
1133 5077
6777 5872
1142 5935
5897 1335
6934 2799
3608 2841
7019 4154
2264 6404
2428 5151
3384 1526
3474 5158
1448 5203
1792 3309
6892 2893
3932 6756
4579 70
6633 470
5651 809
2450 4656
650 894
6245 3998
3147 2124
3906 1897
2555 4136
631 3933
5504 5004
6009 2230
5261 3131
4881 4986
4108 3345
5849 2561
4473 480
5081 2506
3022 3533
4186 7272
3256 136
4445 177
4925 6674
825 942
1393 5249
2408 1798
5500 2127
6581 7142
761 129
5229 6683
77 5467
7351 472
7274 4057
2792 2091
2224 664
4071 7161
1207 3410
2946 6706
1787 2641
2075 983
5396 4699
4795 4784
2464 3187
3538 1026
7104 6232
384 6022
6580 4879
5138 2084
1763 772
828 3422
700 262
2479 1913
7362 2256
4928 3398
4855 2339
237 3200
5832 2961
3548 869
5617 924
2834 615
1125 205
4741 6357
7291 7201
1791 4546
432 310
695 5391
2478 1059
6062 308
4822 6477
3250 5521
2703 5205
7138 3595
3738 1951
6071 363
2753 3462
6323 1328
6860 2203
1578 6140
1640 6973
7265 732
6109 1850
623 1761
10 1171
6518 1396
2438 3765
1758 2391
3582 5980
6479 3702
5166 410
6640 3620
6534 493
2145 4785
5411 6383
3385 1641
7046 7215
4645 1040
797 813
3606 5482
6100 66
3654 4407
800 5517
6446 1747
3184 458
1383 3788
2352 1830
6835 1108
3251 5342
111 6767
3412 7180
1272 3494
5945 675
3710 5657
3061 5826
4977 6404
2880 3116
7111 1480
6630 2961
1872 4554
2841 5229
2262 6137
5995 3606
2228 241
1428 3907
2697 7060
6899 3831
777 3248
7117 6517
2793 2204
3272 414
6237 5252
3827 854
1103 4460
1436 2076
710 744
4637 1080
5801 4066
716 2175
7190 3773
5101 5753
2268 5502
5574 3092
2201 2619
7295 5641
1449 2444
4507 6732
4860 2781
7392 3026
2570 3757
3391 5203
1429 6177
1304 1286
2947 3522
3214 5012
4791 7157
2506 1764
2811 1353
7015 7078
852 6811
3705 2211
6674 973
714 5953
6515 6509
3851 6085
619 4945
5499 5673
145 2353
6399 2925
3977 4677
3166 7337
5161 3117
4208 1537
5267 1375
3651 6393
1742 6963
177 5496
4889 2475
913 1241
2621 3470
3528 4427
966 4820
3452 2611
6894 5827
4949 320
4286 1095
3176 1636
3314 1633
953 370
5903 5094
517 3402
2715 768
602 5026
5009 451
5467 7207
6800 5893
3691 5937
3040 1104
3165 6452
5296 7236
142 3042
7174 5493
352 2950
4572 1180
4739 3172
6539 2193
1826 7333
6927 5238
3776 6566
2887 6063
6709 4775
1319 366
6216 5609
996 827
19 2617
5123 6984
5918 5881
2366 4170
4089 374
4796 1747
1161 7252
820 3165
2670 13
3342 4873
87 5952
2142 2926
4170 230
5381 6605
7276 480
5886 6472
4065 4501
1362 1627
6465 3384
1937 4946
7047 1853
5494 6002
711 5748
1933 4349
2796 7054
2739 6317
6787 1437
658 6929
6959 1208
1616 6573
898 3907
6899 4659
3276 2605
651 216
2219 4627
2172 2410
2864 4986
5094 6581
4490 1650
5731 4045
6553 2405
4844 2253
5368 6751
432 4174
3216 4632
6706 1547
6142 4220
5758 7017
7048 2876
1728 6452
4217 4278
2514 3421
1454 5887
7072 2280
2468 4824
6240 5441
4568 3606
5851 5206
5907 6891
1219 1552
1136 5091
3769 2691
1004 4553
4164 4157
1064 5279
2823 4739
4053 1100
2455 7135
2878 4296
4655 366
1131 3260
5883 158
799 620
4094 1524
2463 3006
2632 3163
596 252
215 1369
1984 3492
5920 5507
4514 5394
3914 953
6221 6731
3928 4220
5171 2154
7193 3604
1537 6016
430 5414
2240 4604
1287 4971
416 3650
5666 7044
3096 5880
6873 2624
6190 835
5558 3192
6039 2424
2158 4058
196 1838
2576 4697
4298 5913
3489 1638
3740 4418
6717 7296
3039 1121
5771 4342
1250 1861
7045 1725
3375 4938
5747 1086
4587 3889
2075 3423
1630 741
1367 3129
1574 537
2876 129
5871 432
6826 6392
6127 5684
2148 6101
4857 472
1942 3291
3097 2089
4150 1765
1734 5935
4961 2005
6297 6865
3019 492
3793 3350
3082 4251
6800 72
3687 6240
2829 3739
274 2821
4335 2940
3153 1147
1818 284
2764 2844
4273 7004
680 1285
1361 5962
5527 2754
750 4177
6160 2851
4356 2431
648 2788
3180 1127
4421 6011
6057 5199
4323 3402
4366 6197
3733 3445
2022 1026
1873 5053
6943 5896
184 4011
99 232
6520 1320
4461 2668
705 2729
5381 2139
6592 1248
2248 6058
3115 3213
3751 2472
3850 2755
2033 6794
1174 2839
6352 6949
1777 4260
1886 4667
737 4354
4849 6684
7026 2157
5634 1149
4863 1065
7238 5446
1901 3066
3543 6566
628 6442
3010 7241
1683 2444
1829 2193
135 3358
1333 6890
4183 6779
1545 5615
3127 174
6951 4827
3024 4315
4033 5874
1752 5375
1124 302
3 3936
7277 565
709 606
495 1943
4762 7097
6493 2477
3845 6140
5480 2829
2321 895
5718 2546
1535 5683
1984 3672
6061 6007
4223 6118
3583 5599
5034 1964
2749 7100
1718 2980
969 1182
2266 5445
579 965
1093 1218
6403 4824
4111 3713
2298 3948
1137 7287
6685 2742
465 5248
1526 2188
4334 85
3025 318
3597 5550
737 6698
3414 63
6093 3373
1662 1136
6810 3677
4521 5491
1365 2291
4243 4090
1845 6
1044 6473
3027 3298
5414 1943
6872 2216
4492 7186
1473 4911
1513 6424
3001 2272
5329 1130
5483 6639
6784 19
3250 6373
437 4510
6136 6635
163 5549
2167 3097
7148 1758
1455 6236
2914 5336
2213 3629
3988 987
5476 6278
3465 4693
7346 7264
3876 1097
2954 4065
3812 6659
4377 1729
5982 4806
6959 4811
6857 1286
6045 3312
726 1857
93 5958
4282 1823
5802 912
6338 2475
429 3312
290 3138
6824 408
250 2913
3867 3109
2965 5379
6498 5572
1383 71
495 3263
4634 2856
5369 5328
4621 2446
7160 2734
1690 3201
3115 2077
6002 5094
3320 912
7104 4563
528 3266
3222 2900
5861 4009
5816 5128
4864 5524
1291 4213
4667 6011
3521 4415
2672 1597
3365 6384
5684 1719
5205 4658
5908 2680
1432 4760
298 1370
4398 6019
6868 1746
2382 2543
5905 1225
6880 4333
648 1595
1712 4268
6528 4468
6859 297
7390 4914
1002 5837
1966 6342
3920 1349
5849 492
4585 2237
286 1202
5097 7150
3520 654
2030 5383
4173 2775
5571 3375
23 3310
5393 1856
1648 4045
3164 6775
3270 341
4256 1384
1297 4430
4743 4831
6109 1271
6720 2833
6361 6717
1860 921
3058 64
7176 3454
5484 5505
522 7297
2791 3616
4731 4925
4194 59
4872 3663
998 1000
2076 4709
4689 3835
7053 6763
7046 6291
2889 128
406 726
4285 351
7093 4893
3185 4186
6195 3035
5228 6096
5429 2287
5928 3815
7399 5016
186 5997
3905 1552
176 1152
6443 1705
6351 1774
6470 1404
3143 4758
201 4913
3773 3549
13 273
6334 2645
5141 1543
5707 800
5349 2461
3270 5066
7286 3210
582 3956
5954 5425
474 2565
5843 3149
3912 5851
6019 5928
1961 5431
239 691
2147 5487
2477 1600
4618 5085
3151 1539
5772 2644
291 4567
1839 1706
6688 4324
4858 3177
3079 1622
1957 1144
4683 7106
5517 4447
2927 4753
4736 4808
4355 5639
2209 3624
5251 3061
1897 1900
972 6322
3491 1225
298 3088
1817 4620
4771 6211
3176 3336
3850 493
5749 2725
3714 4508
3050 3149
1871 6476
1657 5851
146 409
5668 6605
209 4901
1271 6168
568 7064
6883 5594
1784 6766
1415 3098
7090 5090
1261 7083
4937 832
550 976
433 6287
1451 770
1791 3925
2297 6549
3727 4229
2928 6057
6124 5764
6328 1467
4936 5634
2913 5451
7320 2235
2245 5233
7170 6949
3604 817
6854 836
4796 6037
190 6232
5923 5802
2676 4424
6219 866
1774 15244
3888 6208
3214 2169
3019 2527
3611 3440
6009 7205
404 3416
7181 6350
5176 5354
2068 5550
6884 3628
6137 6228
7146 2591
4992 1711
7273 1267
2447 700
3845 7201
6544 3313
4047 2868
2155 5745
2471 2781
1400 7181
317 5666
5267 5355
3688 2211
1600 5525
1542 5112
5750 5104
7393 3426
4784 6271
6875 1365
4406 6668
3096 6454
3986 1483
1922 551
5966 4115
7170 5556
2995 3114
6258 4545
13 1196
6496 5978
5482 5655
1732 3262
4761 4741
2802 6665
6431 2495
1451 4541
6380 1331
1238 1948
4964 4690
1788 6957
730 601
457 6584
2519 1521
6742 3944
6120 3533
972 7252
1046 5928
5259 4233
5390 1048
4400 2944
5713 3867
5925 2135
3510 676
1738 4999
1034 5290
473 474
6650 7310
5111 110
5079 2070
6542 4603
6009 4571
3544 2965
4583 5851
6135 3717
1081 1132
5119 626
433 7342
7340 56
5574 1932
6680 6443
1664 4671
3333 6106
4890 5846
2784 4754
744 3613
5902 1510
5506 1865
2785 4936
6977 1470
5187 5423
4311 4781
2876 757
635 3206
1894 6171
3369 2533
5588 5011
6120 4860
3843 7113
4181 453
7057 5856
6038 1906
7042 877
64 4372
2346 5306
4721 3132
4116 5545
4762 5336
2009 5690
5324 3997
4197 875
2236 6894
2163 4860
1313 6063
7064 4388
1193 5688
701 2763
6460 7209
1102 5156
2056 2191
5479 934
6827 1000
2855 7385
6551 624
4916 3616
4520 849
1518 6270
2721 2048
5504 2625
325 1730
1352 3494
3345 5355
1000 7071
3006 1670
4261 6376
5068 1366
6853 738
4658 2391
1846 1745
3531 4738
3929 4993
6706 2156
2092 1664
4206 5946
359 2415
7160 5098
6775 5299
1145 1369
430 4898
3593 5285
716 3484
1258 7166
3599 3088
2915 6711
